Song Name	7colors memories (Hard) by Reku Mochizuki feat. Seyaka
Title	7colors memories (Hard)
Artist	Reku Mochizuki feat. Seyaka
Description	A 2021 track by Japanese producer Reku Mochizuki, featuring vocals by Seyaka (@syousantarooo) - remember? (Promise of that day) You already (have you forgotten) / I want to hear the same words again. Map by Fritzy.
Difficulty	24
Primary Color	Vibe
Secondary Color	Chill
Cover Image ID	10969644537
Audio Asset ID	rbxassetid://10176954712
Audio File	10176954712.ogg
Last Note Time	128.195
Total Notes	1463
Fever Fill	370
Fever Time	19.229250
Long Notes	353
BPM	135
Song Length	129.195000000

Timing Points
1.751	444.444444


Song Data
1.306	1	2	1
1.528	2	4	1
1.751	3	3	1
1.751	4	1	2
2.195	5	1	3
1.751	6	4	1
2.195	7	4	1
2.195	8	2	1
2.417	9	3	1
2.528	10	2	1
2.639	11	1	1
2.639	12	4	2
2.862	13	4	3
2.862	14	2	1
2.973	15	3	1
3.084	16	2	1
3.084	17	1	1
3.195	18	3	1
3.306	19	4	1
3.528	20	1	2
3.639	21	1	3
3.750	22	4	2
3.862	23	4	3
3.973	24	1	1
3.973	25	4	2
4.084	26	4	3
4.195	27	3	1
4.417	28	4	1
4.417	29	2	2
4.639	30	2	3
4.639	31	1	2
4.862	32	1	3
4.750	33	3	1
4.862	34	4	2
5.084	35	4	3
4.862	36	2	1
4.973	37	3	1
5.084	38	1	1
5.306	39	2	1
5.306	40	3	2
5.528	41	3	3
5.528	42	4	1
5.750	43	2	1
5.750	44	3	2
5.973	45	3	3
5.973	46	1	1
6.195	47	2	1
6.195	48	4	2
6.417	49	4	3
6.417	50	3	2
6.639	51	3	3
6.528	52	1	1
6.639	53	2	1
6.639	54	4	1
6.750	55	3	1
6.862	56	2	2
7.084	57	2	3
7.084	58	3	1
7.084	59	1	2
7.195	60	1	3
7.306	61	4	2
7.417	62	4	3
7.528	63	1	1
7.528	64	4	2
7.639	65	4	3
7.750	66	3	1
7.973	67	2	2
8.306	68	2	3
7.973	69	4	1
8.195	70	1	1
8.306	71	4	2
8.639	72	4	3
8.417	73	1	1
8.417	74	3	1
8.528	75	2	1
8.639	76	3	1
8.639	77	1	1
8.862	78	2	2
9.084	79	2	3
8.862	80	4	1
8.973	81	3	1
9.084	82	1	1
9.306	83	4	1
9.306	84	2	2
9.528	85	2	3
9.417	86	3	1
9.528	87	1	1
9.750	88	2	1
9.750	89	4	2
9.973	90	4	3
9.862	91	1	1
9.973	92	3	2
10.195	93	3	3
10.084	94	4	1
10.195	95	2	2
10.417	96	2	3
10.195	97	1	1
10.306	98	3	1
10.417	99	1	2
10.639	100	1	3
10.639	101	4	2
10.862	102	4	3
10.639	103	3	1
10.750	104	2	1
10.862	105	1	2
10.973	106	1	3
11.084	107	3	1
11.084	108	1	2
11.195	109	1	3
11.195	110	4	1
11.306	111	2	2
11.528	112	2	3
11.528	113	1	1
11.528	114	3	2
11.750	115	3	3
11.639	116	4	1
11.750	117	2	2
11.973	118	2	3
11.862	119	3	1
11.973	120	1	2
12.195	121	1	3
11.973	122	4	1
12.084	123	3	1
12.195	124	4	2
12.417	125	4	3
12.417	126	1	2
13.306	127	1	3
12.417	128	2	1
12.639	129	3	1
12.639	130	4	1
12.862	131	2	1
13.084	132	4	1
13.084	133	3	1
13.306	134	3	1
13.306	135	2	1
13.528	136	4	2
13.750	137	4	3
13.528	138	1	1
13.639	139	2	1
13.750	140	3	2
13.973	141	3	3
13.750	142	1	1
13.862	143	4	1
13.973	144	1	1
13.973	145	2	2
14.195	146	2	3
14.195	147	1	1
14.195	148	3	1
14.195	149	4	1
14.417	150	3	1
14.417	151	2	1
14.639	152	1	1
14.639	153	4	1
14.750	154	3	1
14.862	155	2	1
14.973	156	1	1
15.084	157	4	1
15.084	158	3	1
15.306	159	2	1
15.306	160	3	1
15.306	161	4	1
15.528	162	2	1
15.528	163	1	1
15.528	164	4	1
15.750	165	1	1
15.750	166	3	1
15.973	167	2	1
15.973	168	4	2
16.195	169	4	3
16.195	170	3	1
16.417	171	2	2
16.639	172	2	3
16.417	173	3	1
16.639	174	1	1
16.750	175	2	1
16.862	176	4	2
17.084	177	4	3
16.862	178	3	1
17.084	179	2	1
17.195	180	3	2
17.306	181	3	3
17.306	182	1	1
17.306	183	2	1
17.417	184	3	2
17.528	185	3	3
17.528	186	4	1
17.639	187	1	2
17.973	188	1	3
17.750	189	3	1
17.750	190	4	1
17.973	191	2	1
18.195	192	3	1
18.195	193	1	1
18.417	194	4	1
18.528	195	2	2
19.528	196	2	3
18.639	197	4	1
18.639	198	3	1
18.862	199	1	1
18.973	200	3	1
19.084	201	3	1
19.195	202	1	1
19.306	203	3	1
19.528	204	4	2
19.750	205	4	3
19.528	206	1	1
19.750	207	3	1
19.973	208	3	1
19.973	209	2	2
20.195	210	2	3
20.195	211	1	1
20.306	212	2	1
20.417	213	3	1
20.417	214	4	2
20.639	215	4	3
20.639	216	2	1
20.750	217	1	2
20.862	218	1	3
20.862	219	4	1
20.862	220	3	1
20.973	221	2	2
21.084	222	2	3
21.084	223	1	1
21.195	224	4	2
21.528	225	4	3
21.306	226	1	1
21.306	227	3	1
21.528	228	3	2
21.750	229	3	3
21.528	230	2	2
21.750	231	2	3
21.750	232	1	1
21.750	233	4	1
21.973	234	4	2
22.195	235	4	3
21.973	236	3	2
22.195	237	3	3
22.084	238	1	2
23.084	239	1	3
22.195	240	2	1
22.417	241	4	2
22.639	242	4	3
22.417	243	2	2
22.639	244	2	3
22.639	245	3	1
22.862	246	3	2
23.084	247	3	3
22.862	248	2	2
23.084	249	2	3
23.084	250	4	2
23.306	251	4	3
23.306	252	2	1
23.528	253	2	1
23.528	254	3	2
23.750	255	3	3
23.750	256	1	1
23.862	257	2	1
23.973	258	3	1
23.973	259	4	2
24.195	260	4	3
24.195	261	2	1
24.306	262	3	2
24.417	263	3	3
24.417	264	1	1
24.417	265	2	1
24.528	266	3	2
24.639	267	3	3
24.639	268	4	1
24.750	269	1	2
25.084	270	1	3
24.862	271	4	1
24.862	272	3	1
24.973	273	2	1
25.084	274	3	2
25.195	275	3	3
25.195	276	4	1
25.306	277	1	1
25.306	278	2	2
25.417	279	2	3
25.417	280	3	1
25.528	281	1	1
25.639	282	4	2
26.639	283	4	3
25.750	284	3	1
25.750	285	2	1
25.862	286	1	1
25.973	287	2	1
26.084	288	3	1
26.195	289	1	1
26.306	290	1	1
26.417	291	3	1
26.639	292	1	1
26.639	293	3	1
26.750	294	2	1
26.862	295	1	1
26.862	296	4	1
26.973	297	3	1
27.084	298	2	1
27.084	299	4	1
27.195	300	3	1
27.306	301	1	1
27.306	302	2	1
27.417	303	3	1
27.417	304	4	1
27.528	305	1	1
27.639	306	2	1
27.750	307	1	1
27.750	308	3	1
27.862	309	2	1
27.973	310	4	1
27.973	311	3	1
28.084	312	2	1
28.084	313	1	1
28.195	314	4	1
28.195	315	3	1
28.306	316	1	2
28.639	317	1	3
28.417	318	3	1
28.417	319	4	1
28.417	320	2	1
28.639	321	4	1
28.639	322	2	1
28.862	323	1	1
28.862	324	3	2
29.084	325	3	3
28.973	326	2	1
29.084	327	4	1
29.195	328	1	1
29.306	329	2	2
29.528	330	2	3
29.306	331	3	1
29.417	332	4	1
29.528	333	3	1
29.528	334	1	1
29.750	335	1	2
29.973	336	1	3
29.750	337	2	1
29.750	338	4	1
29.862	339	3	1
29.973	340	2	1
30.195	341	3	1
30.195	342	1	1
30.195	343	4	1
30.417	344	2	1
30.639	345	3	2
30.862	346	3	3
30.639	347	2	1
30.862	348	1	1
30.973	349	4	2
31.306	350	4	3
31.084	351	2	1
31.084	352	1	1
31.306	353	1	1
31.417	354	3	1
31.528	355	2	1
31.639	356	2	1
31.750	357	3	1
31.973	358	2	1
31.973	359	1	1
32.195	360	4	2
32.306	361	4	3
32.417	362	4	2
32.528	363	4	3
32.417	364	2	1
32.639	365	1	2
32.750	366	1	3
32.862	367	3	1
32.862	368	4	1
33.084	369	2	1
33.195	370	3	1
33.306	371	1	1
33.417	372	1	1
33.528	373	3	1
33.750	374	4	1
33.750	375	2	1
33.973	376	3	2
34.195	377	3	3
34.195	378	4	1
34.195	379	2	2
34.417	380	2	3
34.417	381	1	2
34.639	382	1	3
34.639	383	3	1
34.639	384	4	1
34.862	385	2	2
35.084	386	2	3
34.973	387	4	1
35.084	388	1	2
35.306	389	1	3
35.084	390	3	1
35.195	391	3	1
35.306	392	2	2
36.417	393	2	3
35.528	394	4	1
35.528	395	3	1
35.750	396	4	2
35.862	397	4	3
35.973	398	4	2
36.084	399	4	3
35.973	400	1	1
36.195	401	3	2
36.306	402	3	3
36.417	403	4	1
36.417	404	1	1
36.639	405	2	1
36.750	406	3	1
36.862	407	2	1
36.973	408	2	1
37.084	409	3	1
37.306	410	4	1
37.306	411	2	1
37.306	412	1	1
37.528	413	3	2
37.750	414	3	3
37.750	415	2	2
37.973	416	2	3
37.750	417	4	1
37.973	418	1	1
38.084	419	4	2
38.417	420	4	3
38.195	421	2	1
38.195	422	1	1
38.417	423	3	2
38.639	424	3	3
38.528	425	2	1
38.639	426	4	2
38.862	427	4	3
38.639	428	1	1
38.750	429	1	1
38.862	430	3	2
39.084	431	3	3
39.084	432	2	1
39.084	433	1	1
39.306	434	4	2
39.417	435	4	3
39.528	436	2	1
39.528	437	3	2
39.639	438	3	3
39.528	439	1	2
39.750	440	1	3
39.750	441	3	1
39.862	442	4	2
40.195	443	4	3
39.973	444	1	1
39.973	445	2	1
40.195	446	3	2
40.417	447	3	3
40.306	448	2	1
40.417	449	1	1
40.417	450	4	2
40.639	451	4	3
40.528	452	1	1
40.639	453	3	2
40.862	454	3	3
40.639	455	2	1
40.862	456	1	1
40.862	457	4	1
41.084	458	4	2
41.306	459	4	3
41.306	460	1	2
41.528	461	1	3
41.306	462	3	1
41.528	463	2	1
41.639	464	3	1
41.750	465	2	2
41.973	466	2	3
41.750	467	4	1
41.973	468	3	2
42.195	469	3	3
42.084	470	2	1
42.195	471	4	2
42.417	472	4	3
42.195	473	1	1
42.306	474	1	1
42.417	475	3	2
42.639	476	3	3
42.639	477	1	1
42.639	478	2	1
42.862	479	4	1
42.862	480	1	1
42.973	481	2	1
43.028	482	3	1
43.084	483	4	1
43.195	484	2	1
43.306	485	3	1
43.417	486	1	1
43.528	487	4	1
43.528	488	2	1
43.750	489	3	1
43.750	490	1	1
43.973	491	2	1
43.973	492	1	1
43.973	493	4	1
44.195	494	2	1
44.195	495	4	1
44.417	496	3	2
44.639	497	3	3
44.417	498	1	2
44.862	499	1	3
44.417	500	4	1
44.639	501	2	1
44.862	502	2	2
45.084	503	2	3
44.862	504	4	2
45.306	505	4	3
45.084	506	1	1
45.306	507	3	2
45.528	508	3	3
45.306	509	2	1
45.528	510	1	1
45.639	511	3	1
45.750	512	2	1
45.750	513	4	2
45.973	514	4	3
45.862	515	2	1
45.973	516	3	2
46.195	517	3	3
46.195	518	1	1
46.195	519	2	1
46.417	520	4	2
46.528	521	4	3
46.639	522	4	2
46.750	523	4	3
46.639	524	2	2
46.750	525	2	3
46.862	526	1	1
46.973	527	3	2
47.306	528	3	3
47.084	529	2	1
47.084	530	1	1
47.306	531	2	2
47.528	532	2	3
47.417	533	4	1
47.528	534	3	1
47.528	535	1	2
47.750	536	1	3
47.639	537	3	1
47.750	538	2	2
47.973	539	2	3
47.973	540	1	2
48.417	541	1	3
47.973	542	4	2
48.195	543	4	3
48.195	544	3	1
48.417	545	2	2
48.639	546	2	3
48.417	547	4	2
48.862	548	4	3
48.639	549	1	1
48.862	550	3	2
49.084	551	3	3
48.862	552	2	1
49.084	553	1	1
49.195	554	3	1
49.306	555	2	1
49.306	556	4	2
49.528	557	4	3
49.417	558	2	1
49.528	559	3	2
49.750	560	3	3
49.750	561	2	1
49.750	562	1	1
49.973	563	4	2
50.084	564	4	3
50.195	565	2	2
50.306	566	2	3
50.195	567	4	2
50.306	568	4	3
50.417	569	1	1
50.528	570	3	2
50.862	571	3	3
50.639	572	2	1
50.639	573	1	1
50.862	574	4	1
50.862	575	2	1
50.973	576	1	1
51.084	577	4	1
51.084	578	3	1
51.306	579	1	1
51.306	580	2	1
51.528	581	2	2
51.750	582	2	3
51.528	583	3	2
51.973	584	3	3
51.973	585	4	2
52.417	586	4	3
51.973	587	1	2
52.195	588	1	3
52.417	589	3	2
52.639	590	3	3
52.417	591	2	2
52.862	592	2	3
52.750	593	4	2
53.084	594	4	3
52.862	595	1	2
53.084	596	1	3
52.862	597	3	1
53.084	598	2	1
53.084	599	3	1
53.306	600	1	1
53.306	601	2	1
53.306	602	3	1
53.306	603	4	1
53.528	604	1	2
53.750	605	1	3
53.528	606	4	2
53.639	607	4	3
53.750	608	3	2
53.862	609	3	3
53.750	610	2	2
53.973	611	2	3
53.973	612	1	1
53.973	613	4	1
54.195	614	3	1
54.195	615	4	1
54.195	616	2	1
54.195	617	1	1
54.417	618	2	2
54.528	619	2	3
54.417	620	4	2
54.639	621	4	3
54.639	622	3	2
54.862	623	3	3
54.639	624	1	2
54.750	625	1	3
54.862	626	4	2
55.084	627	4	3
54.862	628	2	2
54.973	629	2	3
55.084	630	3	1
55.084	631	1	1
55.195	632	2	1
55.306	633	3	1
55.417	634	4	1
55.528	635	2	1
55.528	636	1	1
55.639	637	4	1
55.750	638	3	1
55.862	639	2	1
55.973	640	1	1
55.973	641	4	1
56.084	642	3	1
56.195	643	2	1
56.306	644	4	1
56.417	645	3	1
56.417	646	1	1
56.528	647	2	1
56.639	648	1	1
56.639	649	4	1
56.750	650	3	1
56.862	651	1	1
56.862	652	2	1
56.862	653	4	1
57.084	654	3	1
57.084	655	2	1
57.195	656	1	1
57.250	657	2	1
57.306	658	4	1
57.417	659	3	1
57.528	660	2	1
57.639	661	4	1
57.750	662	1	1
57.862	663	4	1
57.973	664	3	1
57.973	665	2	1
58.195	666	3	1
58.195	667	2	1
58.195	668	1	1
58.417	669	1	1
58.417	670	3	1
58.417	671	4	1
58.639	672	4	2
58.862	673	4	3
58.639	674	1	1
58.639	675	2	1
58.862	676	3	1
59.084	677	2	2
59.306	678	2	3
59.084	679	4	1
59.306	680	1	1
59.528	681	4	2
59.750	682	4	3
59.528	683	3	1
59.750	684	2	2
59.973	685	2	3
59.862	686	4	1
59.973	687	1	2
60.195	688	1	3
59.973	689	3	1
60.084	690	3	1
60.195	691	2	2
60.417	692	2	3
60.417	693	1	1
60.417	694	4	1
60.639	695	3	2
60.750	696	3	3
60.862	697	2	2
60.973	698	2	3
60.862	699	3	1
61.084	700	1	2
61.306	701	1	3
61.306	702	3	1
61.306	703	4	2
61.528	704	4	3
61.528	705	1	2
61.750	706	1	3
61.639	707	4	1
61.750	708	3	1
61.750	709	2	2
61.973	710	2	3
61.862	711	3	1
61.973	712	1	2
62.195	713	1	3
62.195	714	4	2
62.417	715	4	3
62.195	716	2	1
62.417	717	3	1
62.639	718	2	2
62.862	719	2	3
62.639	720	4	1
62.862	721	1	1
62.973	722	3	2
63.084	723	3	3
63.084	724	1	1
63.084	725	2	1
63.306	726	3	1
63.306	727	4	2
63.528	728	4	3
63.417	729	1	1
63.528	730	2	1
63.528	731	3	2
63.750	732	3	3
63.639	733	2	1
63.750	734	1	2
64.417	735	1	3
63.973	736	3	1
63.973	737	2	1
64.195	738	3	2
64.417	739	3	3
64.195	740	4	2
64.417	741	4	3
64.417	742	2	1
64.639	743	1	2
64.862	744	1	3
64.639	745	2	2
64.862	746	2	3
64.639	747	4	2
64.862	748	4	3
64.862	749	3	1
65.084	750	4	2
65.195	751	4	3
65.084	752	1	2
65.195	753	1	3
65.084	754	3	2
65.195	755	3	3
65.306	756	1	1
65.306	757	3	1
65.306	758	4	1
65.528	759	3	2
65.750	760	3	3
65.528	761	4	2
65.750	762	4	3
65.528	763	2	2
65.750	764	2	3
65.750	765	1	2
66.195	766	1	3
65.973	767	3	1
66.195	768	4	1
66.195	769	2	1
66.417	770	4	2
66.639	771	4	3
66.639	772	1	1
66.639	773	3	2
66.862	774	3	3
66.862	775	4	2
67.084	776	4	3
66.973	777	1	1
67.084	778	3	2
67.306	779	3	3
67.084	780	2	1
67.195	781	2	1
67.306	782	1	2
67.528	783	1	3
67.528	784	3	2
67.750	785	3	3
67.528	786	2	1
67.750	787	1	2
67.862	788	1	3
67.750	789	4	2
67.973	790	4	3
67.973	791	2	2
68.195	792	2	3
67.973	793	3	2
68.084	794	3	3
68.195	795	1	2
68.417	796	1	3
68.417	797	3	1
68.417	798	4	2
68.639	799	4	3
68.639	800	1	1
68.750	801	2	1
68.862	802	3	1
68.862	803	1	2
69.084	804	1	3
68.973	805	3	1
69.084	806	2	2
69.306	807	2	3
69.306	808	3	2
69.750	809	3	3
69.306	810	1	1
69.528	811	2	1
69.750	812	4	2
69.973	813	4	3
69.750	814	1	1
69.973	815	1	2
70.417	816	1	3
70.195	817	4	1
70.195	818	3	1
70.417	819	4	2
70.639	820	4	3
70.528	821	2	1
70.639	822	1	1
70.639	823	3	2
70.862	824	3	3
70.750	825	1	1
70.862	826	2	1
70.862	827	4	2
71.084	828	4	3
71.084	829	2	1
71.084	830	1	1
71.195	831	3	1
71.306	832	1	1
71.417	833	4	1
71.473	834	3	1
71.528	835	2	1
71.639	836	4	1
71.750	837	2	1
71.862	838	3	1
71.973	839	2	1
71.973	840	1	1
72.195	841	1	1
72.195	842	4	1
72.306	843	4	1
72.417	844	2	1
72.417	845	1	1
72.528	846	4	1
72.639	847	4	1
72.862	848	1	1
72.862	849	2	1
72.862	850	4	2
73.084	851	4	3
73.084	852	3	1
73.306	853	2	2
73.528	854	2	3
73.306	855	3	1
73.528	856	1	1
73.639	857	2	1
73.750	858	3	1
73.750	859	4	2
73.973	860	4	3
73.973	861	2	1
74.084	862	3	2
74.195	863	3	3
74.195	864	2	1
74.195	865	1	1
74.306	866	3	2
74.417	867	3	3
74.417	868	4	1
74.528	869	1	2
74.862	870	1	3
74.639	871	3	1
74.639	872	4	1
74.862	873	2	1
75.084	874	1	1
75.084	875	3	1
75.306	876	4	1
75.417	877	2	2
76.417	878	2	3
75.528	879	4	1
75.528	880	3	1
75.750	881	1	1
75.862	882	3	1
75.973	883	3	1
76.084	884	1	1
76.195	885	3	1
76.417	886	4	2
76.639	887	4	3
76.417	888	1	1
76.639	889	3	1
76.862	890	2	2
77.084	891	2	3
76.862	892	3	1
77.084	893	1	1
77.195	894	2	1
77.306	895	3	1
77.306	896	4	2
77.528	897	4	3
77.528	898	2	1
77.639	899	1	2
77.750	900	1	3
77.750	901	3	1
77.750	902	4	1
77.862	903	2	2
77.973	904	2	3
77.973	905	1	1
78.084	906	4	2
78.417	907	4	3
78.195	908	3	1
78.195	909	2	1
78.195	910	1	1
78.417	911	1	2
78.639	912	1	3
78.639	913	3	2
78.862	914	3	3
78.639	915	4	1
78.750	916	2	1
78.862	917	4	2
79.084	918	4	3
78.973	919	2	1
79.084	920	1	2
79.306	921	1	3
79.195	922	4	1
79.250	923	3	1
79.306	924	2	2
79.528	925	2	3
79.417	926	1	1
79.528	927	4	1
79.528	928	3	2
79.750	929	3	3
79.639	930	2	1
79.750	931	1	2
79.973	932	1	3
79.973	933	2	1
79.973	934	3	1
79.973	935	4	1
80.195	936	1	1
80.417	937	3	2
80.639	938	3	3
80.639	939	2	1
80.750	940	4	2
81.084	941	4	3
81.084	942	3	2
81.306	943	3	3
81.084	944	1	2
81.306	945	1	3
81.306	946	4	2
81.528	947	4	3
81.306	948	2	2
81.528	949	2	3
81.528	950	1	2
81.750	951	1	3
81.973	952	3	2
82.195	953	3	3
82.195	954	2	2
82.417	955	2	3
82.417	956	3	1
82.528	957	4	2
82.862	958	4	3
82.862	959	1	2
83.084	960	1	3
82.862	961	3	1
83.084	962	3	1
83.084	963	2	2
83.306	964	2	3
83.306	965	3	1
83.306	966	4	2
83.528	967	4	3
83.528	968	1	1
83.750	969	3	2
83.973	970	3	3
83.973	971	2	2
84.195	972	2	3
84.195	973	1	2
84.417	974	1	3
84.417	975	3	1
84.639	976	2	1
84.750	977	4	2
85.084	978	4	3
84.862	979	2	1
84.973	980	2	1
85.084	981	3	2
85.973	982	3	3
85.306	983	1	2
85.417	984	1	3
85.528	985	2	2
85.639	986	2	3
85.750	987	2	2
85.862	988	2	3
85.973	989	1	1
86.195	990	4	2
86.417	991	4	3
86.417	992	2	1
86.528	993	4	1
86.639	994	2	1
86.750	995	2	1
86.862	996	4	2
87.084	997	4	3
87.084	998	3	1
87.084	999	1	1
87.084	1000	2	1
87.195	1001	4	1
87.306	1002	1	2
87.528	1003	1	3
87.528	1004	3	2
87.750	1005	3	3
87.639	1006	2	1
87.750	1007	4	1
87.862	1008	1	2
88.195	1009	1	3
87.973	1010	3	1
88.084	1011	2	1
88.195	1012	4	1
88.306	1013	3	1
88.417	1014	4	2
88.639	1015	4	3
88.528	1016	2	1
88.639	1017	1	2
88.862	1018	1	3
88.862	1019	4	1
88.862	1020	3	1
88.973	1021	2	1
89.084	1022	3	2
89.306	1023	3	3
89.306	1024	1	2
89.528	1025	1	3
89.306	1026	4	2
89.417	1027	4	3
89.528	1028	2	1
89.639	1029	4	2
89.973	1030	4	3
89.750	1031	2	2
89.973	1032	2	3
89.973	1033	3	2
90.195	1034	3	3
90.084	1035	2	1
90.195	1036	4	2
90.417	1037	4	3
90.195	1038	1	1
90.306	1039	1	1
90.417	1040	3	2
90.639	1041	3	3
90.417	1042	2	1
90.639	1043	1	1
90.639	1044	4	1
90.750	1045	2	1
90.862	1046	3	2
91.084	1047	3	3
91.084	1048	1	2
91.306	1049	1	3
91.195	1050	4	1
91.306	1051	2	2
91.417	1052	2	3
91.417	1053	3	1
91.528	1054	4	1
91.528	1055	1	1
91.750	1056	2	1
91.862	1057	3	1
91.973	1058	1	1
92.084	1059	1	1
92.195	1060	4	2
93.306	1061	4	3
92.417	1062	2	1
92.417	1063	1	1
92.639	1064	1	1
92.639	1065	3	1
92.806	1066	2	1
92.862	1067	3	1
92.973	1068	1	1
93.084	1069	2	1
93.195	1070	1	1
93.306	1071	2	1
93.306	1072	3	1
93.528	1073	4	1
93.528	1074	2	1
93.750	1075	3	1
93.750	1076	4	1
93.750	1077	1	1
93.973	1078	1	1
93.973	1079	2	1
94.195	1080	4	1
94.195	1081	3	2
94.417	1082	3	3
94.195	1083	1	2
94.639	1084	1	3
94.417	1085	2	1
94.639	1086	4	2
95.084	1087	4	3
94.639	1088	2	2
94.862	1089	2	3
94.862	1090	1	1
95.084	1091	3	2
95.306	1092	3	3
95.084	1093	2	1
95.306	1094	1	1
95.417	1095	3	1
95.528	1096	4	2
95.750	1097	4	3
95.528	1098	2	1
95.639	1099	2	1
95.750	1100	3	2
95.973	1101	3	3
95.973	1102	1	1
95.973	1103	2	1
96.195	1104	4	2
96.306	1105	4	3
96.417	1106	4	2
96.528	1107	4	3
96.417	1108	2	2
96.528	1109	2	3
96.639	1110	1	1
96.750	1111	3	2
97.084	1112	3	3
96.862	1113	1	1
96.862	1114	2	1
97.084	1115	2	2
97.306	1116	2	3
97.195	1117	4	1
97.306	1118	3	1
97.306	1119	1	2
97.528	1120	1	3
97.417	1121	3	1
97.528	1122	2	2
97.750	1123	2	3
97.750	1124	1	2
98.195	1125	1	3
97.750	1126	4	2
97.973	1127	4	3
97.973	1128	3	1
98.195	1129	2	2
98.417	1130	2	3
98.195	1131	4	2
98.639	1132	4	3
98.417	1133	1	1
98.639	1134	3	2
98.862	1135	3	3
98.639	1136	2	1
98.862	1137	1	1
98.973	1138	3	1
99.084	1139	2	1
99.084	1140	4	2
99.306	1141	4	3
99.195	1142	2	1
99.306	1143	3	2
99.528	1144	3	3
99.528	1145	2	1
99.528	1146	1	1
99.750	1147	4	2
99.862	1148	4	3
99.973	1149	4	2
100.084	1150	4	3
99.973	1151	2	2
100.084	1152	2	3
100.195	1153	1	1
100.306	1154	3	2
100.639	1155	3	3
100.417	1156	2	1
100.417	1157	1	1
100.639	1158	2	1
100.639	1159	4	1
100.750	1160	1	1
100.862	1161	4	1
100.862	1162	3	1
101.084	1163	1	1
101.084	1164	2	1
101.306	1165	3	2
101.750	1166	3	3
101.306	1167	2	2
101.528	1168	2	3
101.750	1169	1	2
101.973	1170	1	3
101.750	1171	4	2
102.195	1172	4	3
102.195	1173	3	2
102.417	1174	3	3
102.195	1175	2	2
102.639	1176	2	3
102.528	1177	4	2
102.862	1178	4	3
102.639	1179	3	1
102.639	1180	1	2
102.862	1181	1	3
102.862	1182	3	1
102.862	1183	2	1
103.084	1184	4	1
103.084	1185	3	1
103.084	1186	1	1
103.084	1187	2	1
103.306	1188	1	2
103.528	1189	1	3
103.306	1190	4	2
103.417	1191	4	3
103.528	1192	2	2
103.750	1193	2	3
103.528	1194	3	2
103.639	1195	3	3
103.750	1196	4	1
103.750	1197	1	1
103.973	1198	3	1
103.973	1199	1	1
103.973	1200	4	1
103.973	1201	2	1
104.195	1202	2	2
104.306	1203	2	3
104.195	1204	4	2
104.417	1205	4	3
104.417	1206	1	2
104.528	1207	1	3
104.417	1208	3	2
104.639	1209	3	3
104.639	1210	2	2
104.750	1211	2	3
104.639	1212	4	2
104.862	1213	4	3
104.862	1214	3	1
104.862	1215	1	1
104.973	1216	2	1
105.084	1217	3	1
105.195	1218	4	1
105.306	1219	2	1
105.306	1220	1	1
105.417	1221	4	1
105.528	1222	3	1
105.639	1223	2	1
105.750	1224	1	1
105.750	1225	4	1
105.862	1226	3	1
105.973	1227	2	1
106.084	1228	4	1
106.195	1229	3	1
106.195	1230	1	1
106.306	1231	2	1
106.417	1232	4	1
106.417	1233	1	1
106.528	1234	3	1
106.639	1235	1	1
106.639	1236	4	1
106.639	1237	2	1
106.862	1238	3	1
106.862	1239	2	1
106.973	1240	1	1
107.028	1241	2	1
107.084	1242	4	1
107.195	1243	3	1
107.306	1244	2	1
107.417	1245	4	1
107.528	1246	1	1
107.639	1247	4	1
107.750	1248	2	1
107.750	1249	3	1
107.973	1250	2	1
107.973	1251	1	1
107.973	1252	3	1
108.195	1253	4	1
108.195	1254	1	1
108.195	1255	3	1
108.417	1256	1	1
108.417	1257	4	2
108.639	1258	4	3
108.417	1259	2	1
108.639	1260	3	1
108.862	1261	2	2
109.084	1262	2	3
108.862	1263	4	1
109.084	1264	1	1
109.195	1265	3	2
109.528	1266	3	3
109.306	1267	2	1
109.306	1268	1	1
109.528	1269	2	2
109.750	1270	2	3
109.639	1271	4	1
109.750	1272	3	1
109.750	1273	1	2
109.973	1274	1	3
109.862	1275	3	1
109.973	1276	2	2
110.195	1277	2	3
110.195	1278	4	1
110.195	1279	1	1
110.417	1280	3	2
110.528	1281	3	3
110.639	1282	2	2
110.750	1283	2	3
110.639	1284	3	1
110.862	1285	1	2
111.084	1286	1	3
111.084	1287	3	1
111.084	1288	4	2
111.306	1289	4	3
111.306	1290	1	2
111.528	1291	1	3
111.417	1292	4	1
111.528	1293	2	2
111.750	1294	2	3
111.528	1295	3	1
111.639	1296	3	1
111.750	1297	1	2
111.973	1298	1	3
111.973	1299	4	2
112.195	1300	4	3
111.973	1301	2	1
112.195	1302	3	1
112.417	1303	2	2
112.639	1304	2	3
112.417	1305	4	1
112.639	1306	1	1
112.750	1307	3	2
112.862	1308	3	3
112.862	1309	1	1
112.862	1310	2	1
113.084	1311	3	1
113.084	1312	4	2
113.306	1313	4	3
113.195	1314	1	1
113.306	1315	3	2
113.528	1316	3	3
113.306	1317	2	1
113.417	1318	2	1
113.528	1319	1	2
114.195	1320	1	3
113.750	1321	2	1
113.750	1322	3	1
113.973	1323	4	2
114.195	1324	4	3
113.973	1325	3	2
114.195	1326	3	3
114.195	1327	2	1
114.417	1328	1	2
114.639	1329	1	3
114.417	1330	4	2
114.639	1331	4	3
114.417	1332	2	2
114.639	1333	2	3
114.639	1334	3	1
114.862	1335	1	2
114.973	1336	1	3
114.862	1337	4	2
114.973	1338	4	3
114.862	1339	3	2
114.973	1340	3	3
115.084	1341	4	1
115.084	1342	3	1
115.084	1343	1	1
115.306	1344	2	2
115.528	1345	2	3
115.306	1346	4	2
115.528	1347	4	3
115.306	1348	3	2
115.528	1349	3	3
115.528	1350	1	2
115.973	1351	1	3
115.750	1352	3	1
115.973	1353	4	1
115.973	1354	2	1
116.195	1355	4	2
116.417	1356	4	3
116.417	1357	1	1
116.417	1358	3	2
116.639	1359	3	3
116.639	1360	4	2
116.862	1361	4	3
116.750	1362	1	1
116.862	1363	3	2
117.084	1364	3	3
116.862	1365	2	1
116.973	1366	2	1
117.084	1367	1	2
117.306	1368	1	3
117.306	1369	2	1
117.306	1370	3	2
117.528	1371	3	3
117.528	1372	1	2
117.639	1373	1	3
117.528	1374	4	2
117.750	1375	4	3
117.750	1376	3	2
117.862	1377	3	3
117.750	1378	2	2
117.973	1379	2	3
117.973	1380	1	2
118.195	1381	1	3
118.195	1382	4	2
118.417	1383	4	3
118.195	1384	3	1
118.417	1385	1	1
118.528	1386	2	1
118.639	1387	3	1
118.639	1388	1	2
118.862	1389	1	3
118.750	1390	3	1
118.862	1391	2	2
119.084	1392	2	3
119.084	1393	1	1
119.084	1394	3	2
119.528	1395	3	3
119.306	1396	2	1
119.528	1397	1	1
119.528	1398	4	2
119.750	1399	4	3
119.750	1400	1	2
120.195	1401	1	3
119.973	1402	4	1
119.973	1403	3	1
120.195	1404	4	2
120.417	1405	4	3
120.306	1406	2	1
120.417	1407	3	2
120.639	1408	3	3
120.417	1409	1	1
120.528	1410	1	1
120.639	1411	4	2
120.862	1412	4	3
120.639	1413	2	1
120.862	1414	1	1
120.862	1415	2	1
120.973	1416	3	1
121.084	1417	1	1
121.195	1418	4	1
121.250	1419	3	1
121.306	1420	2	1
121.417	1421	4	1
121.528	1422	2	1
121.639	1423	3	1
121.750	1424	1	1
121.750	1425	2	1
121.862	1426	3	1
121.973	1427	4	2
122.195	1428	4	3
122.084	1429	2	1
122.195	1430	3	1
122.195	1431	1	1
122.306	1432	3	1
122.417	1433	2	1
122.639	1434	3	1
122.639	1435	1	1
123.084	1436	2	1
123.306	1437	3	1
123.417	1438	4	1
123.528	1439	2	1
123.750	1440	4	1
123.862	1441	1	1
124.195	1442	4	1
124.639	1443	2	1
124.862	1444	2	1
125.084	1445	4	1
125.195	1446	1	1
125.306	1447	3	1
125.528	1448	1	1
125.639	1449	2	1
125.750	1450	3	1
125.973	1451	4	1
126.195	1452	4	1
126.195	1453	1	1
126.417	1454	2	1
126.639	1455	3	1
126.862	1456	2	1
126.973	1457	3	1
127.084	1458	4	1
127.306	1459	2	1
127.417	1460	3	1
127.750	1461	1	1
127.973	1462	4	1
128.195	1463	1	1