Song Name	a lonely stella (Hard) by AAAA
Difficulty	31
Primary Color	Chill
Secondary Color	Chill
Last Note Time	219.841
Total Notes	3306
Fever Fill	818
Fever Time	32.976150
Long Notes	852
BPM	190
Song Length	220.454263039

Timing Points
0.052	315.789474


Song Data
0.052	1	2	1
0.052	2	3	1
0.210	3	4	1
0.368	4	1	1
0.525	5	3	2
0.604	6	3	3
0.683	7	3	2
0.762	8	4	2
0.802	9	3	3
0.841	10	1	1
0.999	11	2	2
0.999	12	4	3
1.078	13	2	3
1.157	14	2	2
1.315	15	3	1
1.473	16	4	2
1.473	17	2	3
1.631	18	2	1
1.631	19	4	3
1.789	20	1	2
1.868	21	3	2
1.907	22	1	3
2.104	23	2	2
2.104	24	3	3
2.183	25	2	3
2.262	26	1	2
2.420	27	3	1
2.578	28	2	2
2.578	29	4	1
2.578	30	1	3
2.736	31	1	1
2.894	32	4	2
2.894	33	2	3
2.973	34	4	3
3.052	35	1	2
3.368	36	2	2
3.368	37	1	3
3.466	38	1	2
3.466	39	2	3
3.565	40	2	2
3.565	41	1	3
3.664	42	3	2
3.664	43	2	3
3.762	44	1	2
3.762	45	3	3
3.861	46	3	2
3.861	47	1	3
3.960	48	2	2
3.960	49	3	3
4.058	50	1	2
4.058	51	2	3
4.157	52	2	2
4.157	53	1	3
4.256	54	4	2
4.256	55	2	3
4.354	56	1	2
4.354	57	4	3
4.453	58	1	3
4.631	59	4	1
4.789	60	3	1
4.947	61	1	1
5.104	62	2	1
5.104	63	3	1
5.262	64	4	1
5.420	65	1	1
5.578	66	3	2
5.657	67	3	3
5.736	68	3	2
5.815	69	4	2
5.854	70	3	3
5.894	71	1	1
6.052	72	2	2
6.052	73	4	3
6.131	74	2	3
6.210	75	2	2
6.368	76	1	1
6.368	77	4	1
6.525	78	3	2
6.525	79	2	3
6.683	80	2	1
6.683	81	3	3
6.841	82	1	2
6.920	83	4	2
6.960	84	1	3
7.157	85	3	2
7.157	86	4	3
7.236	87	3	3
7.315	88	1	2
7.473	89	2	1
7.631	90	3	2
7.631	91	4	1
7.631	92	1	3
7.789	93	2	1
7.947	94	1	2
7.947	95	3	3
8.025	96	1	3
8.104	97	4	2
8.420	98	3	2
8.420	99	4	3
8.519	100	4	2
8.519	101	3	3
8.618	102	3	2
8.618	103	4	3
8.716	104	2	2
8.716	105	3	3
8.815	106	4	1
8.815	107	2	3
8.894	108	1	1
8.894	109	2	1
9.052	110	4	1
9.210	111	2	2
9.289	112	3	2
9.328	113	2	3
9.525	114	1	2
9.525	115	3	3
9.683	116	3	1
9.841	117	4	2
9.841	118	1	3
9.999	119	2	1
10.157	120	1	2
10.157	121	3	1
10.157	122	4	3
10.236	123	4	1
10.315	124	2	1
10.315	125	1	3
10.394	126	4	1
10.473	127	1	1
10.473	128	3	1
10.631	129	2	2
10.710	130	2	3
10.789	131	2	2
10.868	132	1	1
10.947	133	3	1
10.947	134	4	1
10.947	135	2	3
11.104	136	1	2
11.104	137	4	2
11.183	138	1	3
11.262	139	1	2
11.262	140	4	3
11.341	141	3	1
11.420	142	4	1
11.420	143	1	3
11.499	144	3	1
11.578	145	2	1
11.657	146	4	1
11.736	147	1	2
11.736	148	3	2
11.815	149	3	3
11.894	150	3	2
11.894	151	1	3
11.973	152	2	1
12.052	153	1	1
12.052	154	4	1
12.052	155	3	3
12.210	156	3	1
12.289	157	2	1
12.368	158	4	2
12.447	159	4	3
12.525	160	1	2
12.525	161	4	2
12.604	162	1	3
12.683	163	2	1
12.683	164	3	1
12.683	165	4	3
12.762	166	1	1
12.841	167	3	1
12.920	168	4	1
12.999	169	1	1
12.999	170	2	2
13.078	171	2	3
13.157	172	2	1
13.157	173	3	2
13.236	174	3	3
13.315	175	3	1
13.315	176	4	2
13.394	177	1	1
13.394	178	4	3
13.473	179	3	1
13.552	180	2	1
13.631	181	1	2
13.631	182	4	1
13.789	183	3	1
13.868	184	2	1
13.947	185	3	2
13.947	186	4	1
13.947	187	1	3
14.104	188	1	1
14.183	189	4	1
14.262	190	1	1
14.262	191	2	2
14.262	192	3	3
14.420	193	4	1
14.499	194	3	1
14.578	195	1	1
14.578	196	4	2
14.578	197	2	3
14.736	198	2	1
14.815	199	1	1
14.894	200	2	2
14.894	201	4	3
14.973	202	3	2
15.012	203	2	3
15.052	204	4	1
15.131	205	2	1
15.210	206	1	2
15.210	207	4	1
15.210	208	3	3
15.368	209	3	1
15.368	210	1	3
15.447	211	1	1
15.525	212	2	1
15.525	213	4	1
15.683	214	2	1
15.762	215	1	1
15.841	216	3	1
15.999	217	4	2
16.157	218	2	2
16.157	219	3	2
16.157	220	4	3
16.236	221	2	3
16.315	222	2	2
16.315	223	3	3
16.473	224	1	2
16.473	225	4	2
16.473	226	2	3
16.631	227	3	1
16.631	228	4	3
16.710	229	2	1
16.789	230	3	1
16.789	231	4	1
16.789	232	1	3
16.947	233	1	1
17.025	234	3	1
17.104	235	2	1
17.183	236	4	1
17.262	237	2	1
17.341	238	1	1
17.420	239	3	2
17.499	240	3	3
17.578	241	3	2
17.657	242	4	2
17.697	243	3	3
17.736	244	1	1
17.736	245	2	1
17.894	246	1	2
17.894	247	4	3
17.973	248	1	3
18.052	249	1	2
18.131	250	2	1
18.210	251	3	1
18.210	252	4	1
18.289	253	1	3
18.368	254	3	1
18.447	255	1	1
18.525	256	2	1
18.525	257	4	1
18.604	258	3	1
18.683	259	2	2
18.762	260	1	2
18.762	261	2	3
18.841	262	3	2
18.841	263	1	3
18.920	264	4	2
18.920	265	3	3
18.999	266	1	2
18.999	267	2	2
18.999	268	4	3
19.157	269	3	1
19.157	270	1	3
19.157	271	2	3
19.236	272	2	1
19.315	273	1	1
19.315	274	4	1
19.354	275	3	1
19.473	276	3	1
19.552	277	2	1
19.631	278	4	1
19.683	279	1	1
19.736	280	3	1
19.789	281	2	1
19.868	282	3	1
19.947	283	1	1
19.986	284	4	1
20.025	285	2	1
20.065	286	3	1
20.104	287	1	1
20.104	288	4	1
20.262	289	1	2
20.262	290	2	2
20.262	291	4	2
20.341	292	2	3
20.420	293	3	1
20.420	294	1	3
20.420	295	4	3
20.499	296	4	1
20.578	297	1	1
20.578	298	2	1
20.736	299	4	2
20.815	300	2	1
20.815	301	4	3
20.894	302	4	2
20.973	303	2	1
21.052	304	1	1
21.052	305	3	1
21.052	306	4	3
21.131	307	4	1
21.210	308	1	1
21.210	309	2	2
21.289	310	2	3
21.368	311	2	2
21.368	312	4	1
21.447	313	3	1
21.525	314	4	1
21.525	315	2	3
21.604	316	2	1
21.683	317	3	2
21.841	318	1	1
21.841	319	2	1
21.841	320	3	3
21.999	321	3	2
21.999	322	4	1
22.078	323	2	1
22.157	324	1	1
22.157	325	3	3
22.236	326	3	1
22.315	327	1	2
22.315	328	4	1
22.394	329	2	1
22.394	330	1	3
22.473	331	1	2
22.473	332	3	1
22.552	333	4	1
22.631	334	3	1
22.631	335	1	3
22.710	336	2	1
22.789	337	3	2
22.789	338	4	1
22.868	339	2	1
22.947	340	1	1
22.947	341	3	3
23.025	342	3	1
23.104	343	2	1
23.104	344	4	2
23.183	345	4	3
23.262	346	2	2
23.341	347	1	1
23.420	348	3	1
23.499	349	4	1
23.499	350	2	3
23.578	351	1	2
23.578	352	2	1
23.657	353	4	1
23.657	354	1	3
23.736	355	2	2
23.736	356	3	1
23.815	357	2	3
23.894	358	3	1
23.894	359	4	2
23.973	360	1	1
23.973	361	4	3
24.052	362	3	2
24.131	363	2	1
24.131	364	3	3
24.210	365	3	1
24.262	366	1	1
24.315	367	4	1
24.368	368	1	1
24.368	369	2	2
24.447	370	2	3
24.525	371	1	2
24.525	372	4	1
24.604	373	3	1
24.604	374	1	3
24.683	375	4	1
24.762	376	2	1
24.841	377	1	2
24.841	378	4	1
24.920	379	2	1
24.920	380	1	3
24.999	381	3	1
24.999	382	4	2
25.078	383	1	1
25.078	384	4	3
25.157	385	3	2
25.236	386	2	1
25.236	387	3	3
25.315	388	1	2
25.315	389	4	1
25.394	390	3	1
25.394	391	1	3
25.473	392	4	1
25.552	393	1	1
25.631	394	3	1
25.631	395	4	1
25.789	396	1	2
25.868	397	3	1
25.868	398	1	3
25.947	399	1	2
26.025	400	3	1
26.104	401	2	1
26.104	402	4	1
26.104	403	1	3
26.183	404	1	1
26.262	405	3	2
26.262	406	4	1
26.341	407	3	3
26.420	408	1	1
26.420	409	3	2
26.499	410	2	1
26.578	411	1	1
26.578	412	3	3
26.657	413	3	1
26.736	414	2	2
26.894	415	3	1
26.894	416	4	1
26.894	417	2	3
27.052	418	1	1
27.052	419	2	2
27.131	420	3	1
27.210	421	4	1
27.210	422	2	3
27.289	423	2	1
27.368	424	1	1
27.368	425	4	2
27.447	426	3	1
27.447	427	4	3
27.525	428	2	1
27.525	429	4	2
27.604	430	1	1
27.683	431	2	1
27.683	432	4	3
27.762	433	3	1
27.841	434	1	1
27.841	435	2	2
27.920	436	3	1
27.999	437	4	1
27.999	438	2	3
28.078	439	2	1
28.157	440	1	2
28.157	441	3	1
28.236	442	1	3
28.315	443	3	2
28.394	444	4	1
28.473	445	2	1
28.552	446	1	1
28.552	447	3	3
28.631	448	3	1
28.631	449	4	1
28.710	450	1	1
28.789	451	2	1
28.789	452	3	1
28.947	453	1	1
28.947	454	2	1
29.025	455	4	1
29.104	456	2	1
29.183	457	3	1
29.262	458	1	1
29.341	459	2	1
29.420	460	1	2
29.420	461	4	1
29.499	462	2	1
29.499	463	1	3
29.578	464	1	1
29.578	465	4	1
29.657	466	3	1
29.736	467	4	2
29.815	468	3	1
29.815	469	4	3
29.894	470	1	1
29.894	471	2	1
29.973	472	4	1
30.052	473	2	1
30.052	474	3	2
30.131	475	1	1
30.131	476	3	3
30.210	477	4	1
30.289	478	3	1
30.368	479	1	2
30.368	480	2	1
30.368	481	4	1
30.525	482	3	1
30.525	483	1	3
30.604	484	1	1
30.683	485	2	1
30.683	486	3	1
30.841	487	4	2
30.920	488	2	1
30.920	489	4	3
30.999	490	4	2
31.078	491	3	1
31.157	492	1	1
31.157	493	2	1
31.157	494	4	3
31.315	495	1	2
31.315	496	4	2
31.394	497	1	3
31.473	498	1	2
31.473	499	2	2
31.473	500	4	3
31.552	501	3	1
31.631	502	4	1
31.631	503	1	3
31.631	504	2	3
31.710	505	2	1
31.789	506	3	1
31.868	507	2	1
31.947	508	1	2
31.947	509	4	2
32.025	510	4	3
32.104	511	3	2
32.104	512	4	2
32.104	513	1	3
32.183	514	2	1
32.183	515	4	3
32.262	516	1	1
32.262	517	3	3
32.341	518	4	1
32.420	519	2	1
32.420	520	3	1
32.499	521	1	1
32.578	522	3	2
32.578	523	4	1
32.657	524	3	3
32.736	525	1	2
32.815	526	4	2
32.894	527	2	1
32.894	528	3	1
32.973	529	1	3
32.973	530	4	3
33.052	531	4	1
33.131	532	1	1
33.210	533	3	1
33.210	534	4	1
33.368	535	2	1
33.447	536	1	1
33.525	537	2	1
33.604	538	3	1
33.683	539	1	1
33.683	540	2	1
33.841	541	1	2
33.841	542	4	1
33.999	543	2	1
33.999	544	3	1
33.999	545	1	3
34.078	546	4	1
34.157	547	2	2
34.236	548	1	1
34.315	549	4	1
34.315	550	2	3
34.394	551	2	1
34.473	552	3	2
34.473	553	4	1
34.631	554	1	1
34.631	555	2	1
34.631	556	3	3
34.710	557	3	1
34.789	558	4	2
34.868	559	2	1
34.947	560	1	1
34.947	561	3	1
34.947	562	4	3
35.025	563	4	1
35.104	564	1	2
35.104	565	2	2
35.262	566	3	1
35.262	567	1	3
35.262	568	2	3
35.341	569	2	1
35.420	570	1	2
35.420	571	4	2
35.499	572	3	1
35.499	573	4	3
35.578	574	4	1
35.578	575	1	3
35.657	576	1	1
35.736	577	3	1
35.736	578	4	1
35.894	579	2	1
35.973	580	3	1
36.052	581	2	1
36.131	582	1	1
36.210	583	3	2
36.210	584	4	1
36.368	585	2	2
36.368	586	4	2
36.368	587	3	3
36.447	588	2	3
36.525	589	1	1
36.525	590	2	2
36.525	591	4	3
36.604	592	3	2
36.683	593	4	1
36.683	594	2	3
36.762	595	1	1
36.841	596	2	1
36.841	597	3	3
36.920	598	3	1
36.999	599	1	1
36.999	600	4	1
37.157	601	1	1
37.157	602	2	1
37.236	603	3	1
37.315	604	2	1
37.394	605	4	1
37.473	606	2	1
37.473	607	3	1
37.552	608	1	1
37.631	609	3	2
37.631	610	4	1
37.710	611	3	3
37.789	612	2	2
37.868	613	4	2
37.947	614	1	1
37.947	615	3	1
37.947	616	2	3
38.025	617	2	1
38.104	618	1	2
38.104	619	4	3
38.183	620	2	1
38.183	621	1	3
38.262	622	1	2
38.262	623	4	1
38.341	624	3	1
38.420	625	4	1
38.499	626	3	1
38.499	627	1	3
38.578	628	2	1
38.657	629	1	1
38.736	630	2	1
38.736	631	4	1
38.815	632	1	1
38.894	633	3	2
38.894	634	4	2
38.973	635	2	1
38.973	636	3	3
38.973	637	4	3
39.052	638	1	1
39.052	639	3	1
39.131	640	2	1
39.210	641	3	2
39.210	642	4	1
39.289	643	1	1
39.289	644	3	3
39.368	645	4	1
39.447	646	1	1
39.525	647	3	1
39.525	648	4	1
39.604	649	2	1
39.683	650	1	2
39.683	651	3	2
39.762	652	2	1
39.841	653	4	1
39.841	654	1	3
39.841	655	3	3
39.920	656	1	1
39.999	657	2	1
39.999	658	4	1
40.078	659	1	1
40.157	660	3	1
40.157	661	4	2
40.236	662	2	1
40.236	663	4	3
40.315	664	3	1
40.394	665	1	1
40.473	666	2	2
40.473	667	3	2
40.473	668	4	1
40.552	669	2	3
40.552	670	3	3
40.631	671	2	1
40.710	672	3	1
40.789	673	1	1
40.947	674	3	2
40.947	675	4	2
41.025	676	3	3
41.025	677	4	3
41.104	678	4	1
41.183	679	2	1
41.262	680	3	1
41.420	681	1	2
41.420	682	3	2
41.499	683	1	3
41.499	684	3	3
41.578	685	2	1
41.657	686	4	1
41.736	687	2	1
41.894	688	4	2
41.973	689	3	2
42.052	690	1	2
42.052	691	2	1
42.052	692	3	3
42.052	693	4	3
42.131	694	4	2
42.210	695	2	2
42.210	696	1	3
42.210	697	4	3
42.289	698	1	2
42.368	699	4	2
42.368	700	1	3
42.368	701	2	3
42.447	702	2	1
42.447	703	4	3
42.525	704	3	2
42.604	705	4	1
42.604	706	3	3
42.683	707	2	2
42.762	708	3	1
42.762	709	2	3
42.841	710	1	2
42.920	711	2	1
42.920	712	1	3
42.999	713	1	2
42.999	714	4	2
43.078	715	1	3
43.078	716	4	3
43.157	717	4	1
43.236	718	2	1
43.315	719	3	1
43.473	720	2	2
43.473	721	3	2
43.552	722	2	3
43.552	723	3	3
43.631	724	2	1
43.710	725	4	1
43.789	726	1	1
43.947	727	1	2
43.947	728	3	2
44.025	729	1	3
44.025	730	3	3
44.104	731	2	1
44.183	732	4	1
44.262	733	2	1
44.420	734	4	2
44.499	735	3	2
44.499	736	4	3
44.578	737	1	1
44.578	738	2	2
44.578	739	3	3
44.657	740	4	2
44.657	741	2	3
44.736	742	3	2
44.815	743	2	2
44.894	744	1	2
44.894	745	2	3
44.894	746	3	3
44.894	747	4	3
44.973	748	3	1
44.973	749	1	3
45.052	750	2	2
45.131	751	1	1
45.131	752	2	3
45.210	753	3	2
45.289	754	2	1
45.289	755	3	3
45.368	756	4	2
45.447	757	3	1
45.447	758	4	3
45.525	759	1	2
45.525	760	4	2
45.604	761	1	3
45.604	762	4	3
45.683	763	1	1
45.762	764	3	1
45.841	765	2	1
45.999	766	3	2
45.999	767	4	2
46.078	768	3	3
46.078	769	4	3
46.157	770	4	1
46.236	771	2	1
46.315	772	3	1
46.473	773	1	2
46.473	774	3	2
46.552	775	1	3
46.552	776	3	3
46.631	777	2	1
46.710	778	4	1
46.789	779	2	1
46.947	780	1	2
47.025	781	4	2
47.025	782	1	3
47.104	783	2	1
47.104	784	3	1
47.104	785	4	3
47.183	786	4	1
47.262	787	1	1
47.341	788	3	1
47.368	789	4	1
47.394	790	2	1
47.420	791	1	2
47.578	792	2	2
47.578	793	1	3
47.657	794	2	3
47.736	795	4	2
47.789	796	3	1
47.841	797	1	1
47.894	798	3	2
47.894	799	4	3
47.947	800	2	1
47.973	801	3	3
47.999	802	4	1
48.052	803	1	2
48.052	804	2	2
48.210	805	3	1
48.210	806	2	3
48.289	807	2	1
48.368	808	3	1
48.368	809	4	1
48.525	810	4	2
48.525	811	1	3
48.604	812	4	3
48.683	813	3	2
48.683	814	4	2
48.841	815	1	1
48.841	816	2	1
48.841	817	3	3
48.999	818	1	1
48.999	819	3	1
49.157	820	1	2
49.157	821	2	1
49.157	822	4	3
49.236	823	1	3
49.315	824	2	2
49.315	825	3	2
49.473	826	4	1
49.473	827	3	3
49.552	828	3	1
49.631	829	1	1
49.631	830	4	1
49.789	831	3	2
49.789	832	4	1
49.789	833	2	3
49.868	834	3	3
49.947	835	3	2
49.947	836	4	2
50.104	837	1	1
50.104	838	2	1
50.104	839	4	3
50.262	840	1	1
50.262	841	4	1
50.262	842	3	3
50.420	843	4	2
50.499	844	4	3
50.578	845	2	2
50.578	846	3	2
50.736	847	1	1
50.736	848	2	3
50.815	849	2	1
50.894	850	1	1
50.894	851	4	1
51.052	852	1	2
51.052	853	3	3
51.131	854	1	3
51.210	855	1	2
51.289	856	3	1
51.368	857	2	1
51.368	858	4	1
51.447	859	3	1
51.525	860	2	1
51.525	861	4	1
51.683	862	3	1
51.683	863	4	1
51.762	864	2	1
51.841	865	3	1
51.841	866	1	3
51.999	867	4	1
52.078	868	2	1
52.157	869	1	2
52.157	870	3	1
52.315	871	2	1
52.315	872	3	1
52.473	873	4	2
52.473	874	1	3
52.552	875	2	1
52.578	876	4	3
52.631	877	1	1
52.683	878	4	2
52.710	879	2	1
52.789	880	1	1
52.789	881	3	1
52.894	882	4	3
52.947	883	2	2
53.025	884	2	3
53.104	885	1	2
53.104	886	2	2
53.262	887	3	1
53.262	888	1	3
53.341	889	1	1
53.420	890	3	1
53.420	891	4	1
53.578	892	4	2
53.631	893	3	1
53.657	894	4	3
53.683	895	1	1
53.736	896	4	2
53.736	897	2	3
53.894	898	1	1
53.894	899	2	1
54.052	900	1	1
54.052	901	3	1
54.210	902	1	1
54.210	903	2	1
54.368	904	2	1
54.525	905	2	1
54.683	906	1	1
54.683	907	3	1
54.841	908	2	1
54.841	909	3	1
54.999	910	1	1
54.999	911	4	3
55.078	912	3	1
55.157	913	1	1
55.157	914	2	1
55.236	915	4	1
55.315	916	2	1
55.315	917	3	1
55.473	918	2	1
55.631	919	4	2
55.670	920	3	2
55.710	921	1	2
55.749	922	2	2
55.828	923	3	3
55.828	924	4	3
55.907	925	1	3
55.907	926	2	3
55.947	927	3	2
55.986	928	4	2
56.025	929	2	2
56.065	930	1	2
56.815	931	1	3
56.815	932	2	3
56.815	933	3	3
56.815	934	4	3
56.894	935	3	1
56.894	936	4	1
56.973	937	2	1
57.052	938	1	1
57.052	939	4	1
57.131	940	2	1
57.210	941	1	1
57.210	942	3	1
57.289	943	4	1
57.368	944	2	1
57.368	945	3	1
57.447	946	4	1
57.525	947	1	1
57.525	948	2	1
57.604	949	3	1
57.683	950	2	1
57.683	951	4	1
57.762	952	3	1
57.841	953	1	1
57.841	954	4	1
57.920	955	2	1
57.999	956	1	1
57.999	957	4	1
58.078	958	3	1
58.157	959	1	1
58.157	960	2	1
58.157	961	4	1
58.315	962	3	1
58.394	963	4	1
58.473	964	1	2
58.473	965	2	1
58.631	966	3	1
58.631	967	1	3
58.710	968	2	1
58.789	969	4	2
58.868	970	1	1
58.868	971	4	3
58.947	972	3	1
58.947	973	4	1
59.104	974	1	2
59.104	975	4	1
59.183	976	1	3
59.262	977	1	1
59.262	978	2	1
59.341	979	3	1
59.420	980	2	2
59.578	981	4	1
59.578	982	2	3
59.657	983	3	1
59.736	984	1	2
59.736	985	4	1
59.815	986	1	3
59.894	987	1	1
59.894	988	2	1
59.973	989	3	1
60.052	990	4	2
60.131	991	2	1
60.131	992	4	3
60.210	993	3	1
60.210	994	4	1
60.368	995	1	2
60.368	996	4	2
60.525	997	2	1
60.525	998	1	3
60.525	999	4	3
60.604	1000	1	1
60.683	1001	3	2
60.683	1002	4	2
60.841	1003	2	1
60.841	1004	3	3
60.841	1005	4	3
60.920	1006	3	1
60.999	1007	1	1
60.999	1008	4	1
61.157	1009	2	2
61.157	1010	4	2
61.236	1011	1	1
61.236	1012	2	3
61.315	1013	2	2
61.315	1014	4	3
61.394	1015	3	1
61.473	1016	1	1
61.473	1017	4	1
61.473	1018	2	3
61.552	1019	3	1
61.631	1020	1	1
61.631	1021	2	1
61.710	1022	4	1
61.789	1023	2	1
61.789	1024	3	2
61.868	1025	1	1
61.868	1026	3	3
61.947	1027	3	2
61.986	1028	4	2
62.104	1029	2	1
62.104	1030	3	3
62.104	1031	4	3
62.183	1032	3	1
62.262	1033	1	2
62.262	1034	4	1
62.341	1035	1	3
62.420	1036	1	1
62.420	1037	2	1
62.499	1038	4	1
62.578	1039	3	2
62.657	1040	2	1
62.657	1041	3	3
62.736	1042	3	1
62.736	1043	4	1
62.815	1044	1	1
62.894	1045	2	2
62.894	1046	4	2
62.973	1047	1	1
62.973	1048	4	3
63.052	1049	4	1
63.052	1050	2	3
63.131	1051	3	1
63.210	1052	1	2
63.210	1053	2	2
63.368	1054	4	1
63.368	1055	1	3
63.368	1056	2	3
63.447	1057	2	1
63.525	1058	1	1
63.525	1059	3	1
63.683	1060	4	1
63.762	1061	1	1
63.841	1062	3	1
63.920	1063	4	1
63.999	1064	1	1
63.999	1065	2	2
64.078	1066	2	3
64.157	1067	1	1
64.157	1068	4	2
64.236	1069	2	1
64.236	1070	4	3
64.315	1071	3	2
64.315	1072	4	1
64.394	1073	1	1
64.394	1074	3	3
64.473	1075	4	2
64.631	1076	2	1
64.631	1077	4	3
64.710	1078	3	1
64.789	1079	1	2
64.789	1080	4	1
64.868	1081	1	3
64.947	1082	1	1
64.947	1083	3	1
65.025	1084	2	1
65.104	1085	1	2
65.104	1086	4	2
65.183	1087	4	3
65.262	1088	3	1
65.262	1089	4	1
65.262	1090	1	3
65.420	1091	1	2
65.420	1092	4	1
65.578	1093	3	1
65.578	1094	1	3
65.657	1095	2	1
65.736	1096	3	2
65.736	1097	4	1
65.815	1098	1	1
65.894	1099	2	1
65.894	1100	3	3
65.973	1101	3	1
66.052	1102	1	2
66.052	1103	4	1
66.131	1104	3	1
66.210	1105	2	1
66.210	1106	1	3
66.289	1107	1	1
66.368	1108	2	1
66.368	1109	4	2
66.447	1110	3	1
66.447	1111	4	3
66.525	1112	1	1
66.525	1113	4	1
66.604	1114	3	1
66.683	1115	1	1
66.683	1116	2	2
66.762	1117	4	1
66.762	1118	2	3
66.841	1119	2	1
66.841	1120	3	1
66.920	1121	1	1
66.999	1122	4	2
67.078	1123	2	1
67.078	1124	4	3
67.157	1125	3	1
67.236	1126	2	1
67.315	1127	1	1
67.315	1128	3	1
67.394	1129	4	1
67.473	1130	1	2
67.473	1131	2	1
67.552	1132	4	1
67.552	1133	1	3
67.631	1134	1	2
67.710	1135	3	1
67.789	1136	2	1
67.789	1137	4	1
67.789	1138	1	3
67.868	1139	1	1
67.947	1140	3	1
67.992	1141	4	1
68.037	1142	2	1
68.082	1143	3	1
68.127	1144	1	1
68.172	1145	4	1
68.217	1146	2	1
68.262	1147	1	2
68.262	1148	3	2
68.341	1149	3	3
68.420	1150	3	2
68.420	1151	1	3
68.578	1152	2	2
68.736	1153	3	3
68.894	1154	1	2
68.894	1155	3	2
68.894	1156	2	3
68.973	1157	1	3
69.052	1158	1	2
69.210	1159	4	2
69.210	1160	3	3
69.368	1161	1	3
69.525	1162	2	2
69.525	1163	3	2
69.525	1164	4	3
69.604	1165	3	3
69.683	1166	3	2
69.841	1167	1	2
69.841	1168	4	2
69.999	1169	2	3
69.999	1170	3	3
70.157	1171	2	1
70.157	1172	3	1
70.157	1173	1	3
70.157	1174	4	3
70.236	1175	4	1
70.315	1176	1	1
70.315	1177	3	1
70.394	1178	2	1
70.473	1179	1	1
70.473	1180	4	1
70.552	1181	3	1
70.631	1182	2	1
70.631	1183	4	1
70.710	1184	1	1
70.789	1185	2	1
70.789	1186	3	2
70.789	1187	4	2
70.947	1188	3	3
70.947	1189	4	3
71.104	1190	1	1
71.104	1191	4	1
71.183	1192	3	1
71.262	1193	2	2
71.262	1194	4	2
71.341	1195	1	1
71.341	1196	2	3
71.420	1197	2	2
71.420	1198	4	3
71.499	1199	3	1
71.578	1200	1	1
71.578	1201	4	1
71.578	1202	2	3
71.657	1203	3	1
71.736	1204	1	1
71.736	1205	2	1
71.815	1206	4	1
71.894	1207	2	1
71.894	1208	3	2
71.973	1209	1	1
71.973	1210	3	3
72.052	1211	3	2
72.052	1212	4	2
72.210	1213	2	1
72.210	1214	3	3
72.210	1215	4	3
72.289	1216	3	1
72.368	1217	1	2
72.368	1218	4	2
72.447	1219	1	3
72.525	1220	1	1
72.525	1221	2	1
72.525	1222	4	3
72.604	1223	4	1
72.683	1224	3	2
72.762	1225	1	1
72.841	1226	2	1
72.841	1227	3	3
72.920	1228	3	2
72.999	1229	1	1
72.999	1230	4	1
72.999	1231	3	3
73.157	1232	4	2
73.236	1233	2	1
73.236	1234	4	3
73.315	1235	1	1
73.315	1236	4	2
73.354	1237	3	2
73.473	1238	2	1
73.473	1239	3	3
73.473	1240	4	3
73.552	1241	3	1
73.631	1242	2	1
73.631	1243	4	1
73.789	1244	1	2
73.868	1245	3	1
73.868	1246	1	3
73.947	1247	1	2
73.947	1248	4	2
74.025	1249	2	1
74.025	1250	4	3
74.104	1251	3	1
74.104	1252	4	1
74.104	1253	1	3
74.183	1254	2	1
74.262	1255	1	1
74.262	1256	3	2
74.341	1257	3	3
74.420	1258	3	2
74.420	1259	4	1
74.499	1260	2	1
74.578	1261	1	2
74.578	1262	4	2
74.578	1263	3	3
74.736	1264	2	1
74.736	1265	1	3
74.736	1266	4	3
74.815	1267	3	1
74.894	1268	1	2
74.894	1269	4	1
75.052	1270	2	1
75.052	1271	3	1
75.052	1272	1	3
75.131	1273	1	1
75.210	1274	3	2
75.289	1275	4	1
75.368	1276	1	1
75.368	1277	2	1
75.368	1278	3	3
75.447	1279	3	1
75.525	1280	2	2
75.525	1281	4	2
75.683	1282	1	1
75.683	1283	2	3
75.683	1284	4	3
75.762	1285	2	1
75.841	1286	3	2
75.881	1287	4	2
75.999	1288	2	1
75.999	1289	3	3
75.999	1290	4	3
76.078	1291	3	1
76.157	1292	1	1
76.157	1293	4	1
76.315	1294	2	2
76.315	1295	4	2
76.394	1296	3	1
76.394	1297	2	3
76.473	1298	2	2
76.473	1299	4	3
76.552	1300	1	1
76.631	1301	3	1
76.631	1302	4	1
76.631	1303	2	3
76.789	1304	1	2
76.789	1305	4	1
76.868	1306	1	3
76.947	1307	1	2
76.947	1308	2	1
76.986	1309	4	2
77.104	1310	3	1
77.183	1311	1	3
77.183	1312	4	3
77.262	1313	3	2
77.341	1314	4	1
77.341	1315	3	3
77.420	1316	1	2
77.420	1317	2	2
77.499	1318	1	3
77.578	1319	1	1
77.578	1320	4	1
77.578	1321	2	3
77.736	1322	2	2
77.736	1323	3	2
77.815	1324	2	3
77.894	1325	1	1
77.894	1326	2	1
77.894	1327	3	3
78.052	1328	3	2
78.052	1329	4	2
78.131	1330	3	3
78.210	1331	3	1
78.210	1332	4	3
78.368	1333	3	2
78.368	1334	4	2
78.525	1335	1	1
78.525	1336	3	3
78.525	1337	4	3
78.604	1338	2	1
78.683	1339	1	2
78.762	1340	4	1
78.762	1341	1	3
78.841	1342	1	2
78.841	1343	2	2
78.999	1344	4	1
78.999	1345	1	3
78.999	1346	2	3
79.078	1347	3	1
79.157	1348	4	2
79.236	1349	1	1
79.236	1350	4	3
79.315	1351	3	2
79.315	1352	4	2
79.473	1353	1	2
79.473	1354	3	3
79.473	1355	4	3
79.552	1356	3	1
79.631	1357	4	1
79.631	1358	1	3
79.710	1359	1	1
79.789	1360	3	1
79.868	1361	2	1
79.947	1362	1	2
79.947	1363	4	2
79.986	1364	3	1
80.025	1365	1	3
80.104	1366	1	2
80.144	1367	2	1
80.183	1368	4	3
80.262	1369	4	2
80.262	1370	1	3
80.302	1371	3	1
80.341	1372	1	1
80.499	1373	2	2
80.499	1374	4	3
80.578	1375	3	1
80.578	1376	4	1
80.657	1377	1	1
80.657	1378	2	3
80.736	1379	2	2
80.815	1380	3	1
80.815	1381	2	3
80.894	1382	1	2
80.894	1383	4	2
80.973	1384	3	2
81.052	1385	1	3
81.210	1386	1	1
81.210	1387	2	1
81.210	1388	3	3
81.210	1389	4	3
81.368	1390	1	2
81.447	1391	3	1
81.447	1392	1	3
81.525	1393	1	2
81.525	1394	4	2
81.604	1395	2	1
81.604	1396	4	3
81.683	1397	4	1
81.683	1398	1	3
81.762	1399	3	1
81.841	1400	1	1
81.841	1401	2	2
81.920	1402	2	3
81.999	1403	2	2
81.999	1404	3	2
82.157	1405	1	1
82.157	1406	4	1
82.157	1407	2	3
82.157	1408	3	3
82.236	1409	2	1
82.315	1410	3	1
82.394	1411	1	1
82.473	1412	3	1
82.473	1413	4	1
82.631	1414	2	1
82.710	1415	3	1
82.789	1416	1	1
82.789	1417	4	1
82.868	1418	3	1
82.947	1419	1	2
83.025	1420	2	1
83.104	1421	3	1
83.104	1422	4	2
83.104	1423	1	3
83.183	1424	4	3
83.262	1425	1	2
83.262	1426	3	2
83.341	1427	1	3
83.420	1428	1	2
83.420	1429	2	1
83.420	1430	3	3
83.499	1431	4	1
83.578	1432	2	1
83.657	1433	3	1
83.657	1434	1	3
83.736	1435	1	1
83.736	1436	4	2
83.815	1437	2	1
83.815	1438	4	3
83.894	1439	4	1
83.973	1440	1	2
84.052	1441	3	2
84.052	1442	4	2
84.052	1443	1	3
84.131	1444	3	3
84.210	1445	3	2
84.210	1446	4	3
84.289	1447	3	3
84.368	1448	1	2
84.368	1449	2	2
84.368	1450	4	1
84.447	1451	2	3
84.525	1452	2	2
84.525	1453	3	2
84.525	1454	4	2
84.525	1455	1	3
84.604	1456	2	3
84.683	1457	3	3
84.762	1458	4	3
84.841	1459	1	2
84.841	1460	2	2
84.841	1461	3	2
84.920	1462	3	3
84.999	1463	4	1
84.999	1464	2	3
85.078	1465	3	1
85.078	1466	1	3
85.157	1467	1	2
85.157	1468	2	1
85.157	1469	4	2
85.236	1470	3	1
85.236	1471	1	3
85.315	1472	1	1
85.315	1473	4	3
85.394	1474	4	1
85.473	1475	1	1
85.473	1476	2	2
85.473	1477	3	2
85.552	1478	4	1
85.552	1479	2	3
85.631	1480	1	1
85.631	1481	3	3
85.710	1482	3	1
85.789	1483	1	2
85.789	1484	2	2
85.789	1485	4	2
85.947	1486	4	3
86.104	1487	3	1
86.104	1488	4	1
86.104	1489	1	3
86.104	1490	2	3
86.262	1491	1	1
86.262	1492	3	1
86.420	1493	4	1
86.499	1494	2	1
86.578	1495	1	1
86.578	1496	4	1
86.657	1497	3	1
86.736	1498	1	1
86.815	1499	2	1
86.894	1500	3	2
86.894	1501	4	1
86.973	1502	3	3
87.052	1503	2	2
87.052	1504	3	2
87.210	1505	1	1
87.210	1506	4	1
87.210	1507	2	3
87.210	1508	3	3
87.289	1509	3	1
87.368	1510	2	1
87.447	1511	4	1
87.525	1512	1	1
87.525	1513	2	1
87.683	1514	3	1
87.762	1515	2	1
87.841	1516	1	1
87.841	1517	4	1
87.920	1518	2	1
87.999	1519	4	2
88.078	1520	3	1
88.157	1521	1	2
88.157	1522	2	1
88.157	1523	4	3
88.236	1524	1	3
88.315	1525	2	2
88.315	1526	4	2
88.394	1527	4	3
88.473	1528	3	1
88.473	1529	4	2
88.473	1530	2	3
88.631	1531	2	1
88.710	1532	3	1
88.710	1533	4	3
88.789	1534	1	2
88.789	1535	4	1
88.868	1536	2	1
88.868	1537	1	3
88.947	1538	1	1
89.025	1539	2	2
89.104	1540	1	1
89.104	1541	4	1
89.104	1542	2	3
89.183	1543	3	1
89.262	1544	4	2
89.341	1545	3	1
89.341	1546	4	3
89.420	1547	1	1
89.420	1548	2	1
89.499	1549	4	1
89.578	1550	1	2
89.578	1551	2	2
89.578	1552	3	2
89.736	1553	1	3
89.815	1554	2	3
89.894	1555	1	1
89.894	1556	3	3
89.973	1557	2	1
90.052	1558	3	1
90.052	1559	4	1
90.131	1560	2	1
90.210	1561	1	1
90.210	1562	3	2
90.210	1563	4	2
90.289	1564	3	3
90.368	1565	2	1
90.368	1566	4	3
90.420	1567	3	1
90.473	1568	4	1
90.525	1569	1	1
90.578	1570	2	1
90.631	1571	3	1
90.683	1572	1	1
90.736	1573	4	1
90.789	1574	3	1
90.841	1575	2	1
90.894	1576	4	1
90.947	1577	1	1
90.999	1578	3	2
90.999	1579	4	1
91.078	1580	3	3
91.157	1581	2	1
91.473	1582	4	2
91.552	1583	4	3
91.631	1584	1	1
91.631	1585	4	2
91.947	1586	1	2
91.947	1587	4	3
92.025	1588	1	3
92.104	1589	1	2
92.420	1590	3	2
92.420	1591	1	3
92.578	1592	4	1
92.578	1593	3	3
92.736	1594	3	2
92.894	1595	1	1
93.052	1596	2	2
93.052	1597	3	3
93.131	1598	2	3
93.210	1599	1	2
93.525	1600	3	2
93.525	1601	1	3
93.841	1602	4	2
93.841	1603	3	3
93.920	1604	4	3
93.999	1605	1	2
93.999	1606	2	1
94.157	1607	4	1
94.473	1608	3	1
94.631	1609	2	1
94.947	1610	3	1
95.104	1611	4	1
95.420	1612	2	1
95.420	1613	1	3
95.736	1614	3	1
96.052	1615	1	1
96.525	1616	4	2
96.604	1617	4	3
96.683	1618	1	1
96.683	1619	4	2
96.999	1620	1	2
96.999	1621	4	3
97.078	1622	1	3
97.157	1623	1	2
97.473	1624	3	2
97.473	1625	1	3
97.631	1626	4	1
97.631	1627	3	3
97.789	1628	3	2
97.947	1629	1	1
98.104	1630	2	2
98.104	1631	3	3
98.183	1632	2	3
98.262	1633	1	2
98.578	1634	3	2
98.578	1635	1	3
98.894	1636	1	2
98.894	1637	3	3
98.973	1638	1	3
99.052	1639	3	1
99.052	1640	4	2
99.210	1641	1	1
99.525	1642	2	1
99.683	1643	3	1
99.841	1644	4	3
99.999	1645	1	1
100.157	1646	3	2
100.473	1647	1	1
100.473	1648	2	2
100.473	1649	3	3
100.631	1650	3	1
100.789	1651	1	2
100.789	1652	4	1
100.789	1653	2	3
100.947	1654	2	1
101.104	1655	3	2
101.104	1656	4	1
101.104	1657	1	3
101.262	1658	1	1
101.420	1659	2	1
101.578	1660	1	2
101.578	1661	4	1
101.578	1662	3	3
101.657	1663	1	3
101.736	1664	1	2
101.894	1665	3	1
101.894	1666	1	3
102.052	1667	2	2
102.052	1668	4	2
102.131	1669	2	3
102.210	1670	2	2
102.210	1671	4	3
102.368	1672	3	1
102.368	1673	4	1
102.604	1674	2	3
102.683	1675	1	2
102.683	1676	3	2
102.762	1677	3	3
102.841	1678	3	2
102.841	1679	1	3
102.999	1680	1	1
103.315	1681	2	2
103.315	1682	3	3
103.473	1683	4	2
103.473	1684	2	3
103.631	1685	1	1
103.631	1686	2	1
103.947	1687	3	1
104.104	1688	2	1
104.104	1689	4	3
104.262	1690	3	2
104.262	1691	4	1
104.578	1692	1	2
104.894	1693	2	2
104.894	1694	4	2
104.894	1695	1	3
104.894	1696	3	3
105.210	1697	1	2
105.210	1698	4	3
105.525	1699	3	2
105.525	1700	4	2
105.525	1701	1	3
105.525	1702	2	3
105.841	1703	1	2
105.841	1704	3	3
106.157	1705	2	2
106.157	1706	3	2
106.157	1707	1	3
106.157	1708	4	3
106.789	1709	1	1
106.789	1710	3	3
106.947	1711	3	2
107.104	1712	4	2
107.104	1713	2	3
107.104	1714	3	3
107.262	1715	2	2
107.262	1716	4	3
107.420	1717	1	2
107.420	1718	3	2
107.420	1719	2	3
107.736	1720	4	1
108.052	1721	2	1
108.052	1722	3	3
108.368	1723	4	2
108.368	1724	1	3
108.447	1725	4	3
108.525	1726	4	2
108.683	1727	1	1
108.841	1728	2	2
108.841	1729	4	3
108.920	1730	2	3
108.999	1731	2	2
109.157	1732	3	2
109.315	1733	4	1
109.947	1734	1	2
109.947	1735	4	2
109.947	1736	2	3
109.947	1737	3	3
110.104	1738	1	3
110.104	1739	4	3
110.578	1740	3	1
110.578	1741	4	1
110.657	1742	1	1
110.736	1743	2	1
110.736	1744	4	1
110.815	1745	1	1
110.894	1746	3	1
110.894	1747	4	1
110.973	1748	2	1
111.052	1749	1	1
111.052	1750	4	1
111.131	1751	3	1
111.210	1752	1	2
111.210	1753	2	2
111.210	1754	4	2
111.289	1755	2	3
111.368	1756	3	1
111.368	1757	1	3
111.368	1758	4	3
111.447	1759	4	1
111.525	1760	1	1
111.525	1761	2	1
111.683	1762	4	2
111.762	1763	2	1
111.762	1764	4	3
111.841	1765	4	2
111.920	1766	2	1
111.999	1767	1	1
111.999	1768	3	1
111.999	1769	4	3
112.078	1770	4	1
112.157	1771	1	1
112.157	1772	2	2
112.236	1773	2	3
112.315	1774	2	2
112.315	1775	4	1
112.394	1776	3	1
112.473	1777	4	1
112.473	1778	2	3
112.552	1779	2	1
112.631	1780	3	2
112.789	1781	1	1
112.789	1782	2	1
112.789	1783	3	3
112.947	1784	3	2
112.947	1785	4	1
113.025	1786	2	1
113.104	1787	1	1
113.104	1788	3	3
113.183	1789	3	1
113.262	1790	1	2
113.262	1791	4	1
113.341	1792	2	1
113.341	1793	1	3
113.420	1794	1	2
113.420	1795	3	1
113.499	1796	2	1
113.539	1797	3	1
113.578	1798	4	1
113.578	1799	1	3
113.657	1800	2	1
113.736	1801	3	2
113.736	1802	4	1
113.775	1803	1	1
113.815	1804	2	1
113.894	1805	1	1
113.894	1806	3	3
113.973	1807	3	1
114.052	1808	2	1
114.052	1809	4	2
114.131	1810	4	3
114.210	1811	2	2
114.289	1812	1	1
114.368	1813	3	1
114.447	1814	4	1
114.447	1815	2	3
114.525	1816	1	2
114.525	1817	2	1
114.604	1818	4	1
114.604	1819	1	3
114.683	1820	2	2
114.683	1821	3	1
114.762	1822	2	3
114.841	1823	3	1
114.841	1824	4	2
114.920	1825	1	1
114.920	1826	4	3
114.999	1827	3	2
115.078	1828	2	1
115.078	1829	3	3
115.157	1830	3	1
115.210	1831	1	1
115.262	1832	4	1
115.315	1833	1	1
115.315	1834	2	2
115.394	1835	2	3
115.473	1836	1	2
115.473	1837	4	1
115.552	1838	3	1
115.552	1839	1	3
115.631	1840	4	1
115.710	1841	2	1
115.789	1842	1	2
115.789	1843	4	1
115.868	1844	2	1
115.868	1845	1	3
115.947	1846	3	1
115.947	1847	4	2
116.025	1848	2	1
116.025	1849	4	3
116.065	1850	1	1
116.104	1851	3	2
116.183	1852	2	1
116.183	1853	3	3
116.262	1854	1	2
116.262	1855	4	1
116.302	1856	3	1
116.341	1857	2	1
116.341	1858	1	3
116.420	1859	4	1
116.499	1860	1	1
116.578	1861	3	1
116.578	1862	4	1
116.736	1863	1	2
116.815	1864	3	1
116.815	1865	1	3
116.894	1866	1	2
116.973	1867	3	1
117.052	1868	2	1
117.052	1869	4	1
117.052	1870	1	3
117.131	1871	1	1
117.210	1872	3	2
117.210	1873	4	1
117.289	1874	3	3
117.368	1875	1	1
117.368	1876	3	2
117.447	1877	2	1
117.525	1878	1	1
117.525	1879	3	3
117.604	1880	3	1
117.683	1881	2	2
117.841	1882	3	1
117.841	1883	4	1
117.841	1884	2	3
117.999	1885	1	1
117.999	1886	2	2
118.078	1887	3	1
118.157	1888	4	1
118.157	1889	2	3
118.236	1890	2	1
118.315	1891	1	1
118.315	1892	4	2
118.394	1893	3	1
118.394	1894	4	3
118.473	1895	2	1
118.473	1896	4	2
118.552	1897	3	1
118.591	1898	2	1
118.631	1899	1	1
118.631	1900	4	3
118.710	1901	3	1
118.789	1902	1	1
118.789	1903	2	2
118.828	1904	4	1
118.868	1905	3	1
118.947	1906	4	1
118.947	1907	2	3
119.025	1908	2	1
119.104	1909	1	2
119.104	1910	3	1
119.183	1911	1	3
119.262	1912	3	2
119.341	1913	4	1
119.420	1914	2	1
119.499	1915	1	1
119.499	1916	3	3
119.578	1917	3	1
119.578	1918	4	1
119.657	1919	1	1
119.736	1920	2	1
119.736	1921	3	1
119.894	1922	1	1
119.894	1923	2	1
119.973	1924	4	1
120.052	1925	2	1
120.131	1926	3	1
120.210	1927	1	1
120.289	1928	2	1
120.368	1929	1	2
120.368	1930	4	1
120.447	1931	2	1
120.447	1932	1	3
120.525	1933	1	1
120.525	1934	4	1
120.604	1935	3	1
120.683	1936	4	2
120.762	1937	3	1
120.841	1938	1	1
120.841	1939	2	1
120.841	1940	4	3
120.920	1941	4	1
120.999	1942	2	1
120.999	1943	3	2
121.078	1944	1	1
121.157	1945	2	1
121.236	1946	4	1
121.315	1947	1	2
121.315	1948	3	3
121.473	1949	3	1
121.631	1950	3	1
121.789	1951	3	2
121.789	1952	1	3
121.947	1953	4	2
121.947	1954	3	3
122.104	1955	1	1
122.262	1956	2	1
122.420	1957	2	1
122.578	1958	3	1
122.736	1959	1	1
122.736	1960	4	3
122.894	1961	2	2
123.052	1962	4	1
123.210	1963	3	2
123.210	1964	2	3
123.289	1965	4	2
123.368	1966	2	1
123.525	1967	1	2
123.525	1968	3	3
123.525	1969	4	3
123.683	1970	3	1
123.841	1971	4	2
123.841	1972	1	3
123.920	1973	3	2
123.999	1974	2	1
124.157	1975	2	1
124.315	1976	1	2
124.315	1977	3	3
124.315	1978	4	3
124.394	1979	1	3
124.473	1980	1	2
124.631	1981	3	1
124.789	1982	4	1
124.947	1983	4	1
125.104	1984	2	1
125.262	1985	3	1
125.420	1986	2	1
125.420	1987	1	3
125.578	1988	2	2
125.736	1989	4	2
125.736	1990	2	3
125.894	1991	1	1
125.973	1992	3	2
125.973	1993	4	3
126.052	1994	1	1
126.210	1995	2	1
126.210	1996	3	3
126.368	1997	1	2
126.368	1998	3	2
126.368	1999	4	2
126.841	2000	2	2
126.841	2001	3	3
126.920	2002	2	3
126.999	2003	2	2
128.736	2004	2	3
128.894	2005	2	2
128.894	2006	1	3
130.157	2007	4	3
130.789	2008	3	1
130.789	2009	2	3
130.841	2010	4	1
130.894	2011	3	1
130.947	2012	2	1
130.999	2013	4	1
131.052	2014	1	1
131.104	2015	3	1
131.157	2016	4	1
131.210	2017	2	1
131.262	2018	1	1
131.315	2019	2	1
131.368	2020	3	1
131.578	2021	1	1
131.795	2022	4	1
132.012	2023	1	1
132.249	2024	4	1
132.486	2025	1	1
132.723	2026	4	1
136.473	2027	4	2
136.789	2028	1	2
137.104	2029	2	2
137.104	2030	1	3
137.420	2031	3	2
137.420	2032	2	3
137.736	2033	1	2
137.736	2034	3	3
137.736	2035	4	3
138.052	2036	3	2
138.368	2037	2	2
138.368	2038	3	3
138.683	2039	4	2
138.683	2040	2	3
138.999	2041	2	2
138.999	2042	1	3
138.999	2043	4	3
139.473	2044	3	2
139.631	2045	1	2
139.631	2046	3	3
139.947	2047	1	3
140.104	2048	4	2
140.262	2049	3	2
140.262	2050	2	3
140.262	2051	4	3
140.578	2052	2	2
140.894	2053	1	2
140.894	2054	2	3
140.894	2055	3	3
141.210	2056	3	2
141.525	2057	4	2
141.525	2058	1	3
141.525	2059	3	3
142.315	2060	1	2
142.473	2061	2	2
142.473	2062	1	3
142.631	2063	1	2
142.631	2064	2	3
142.789	2065	2	2
142.789	2066	1	3
142.789	2067	4	3
143.104	2068	3	2
143.420	2069	4	2
143.420	2070	3	3
143.736	2071	3	2
143.736	2072	4	3
144.052	2073	1	2
144.052	2074	2	3
144.052	2075	3	3
144.368	2076	2	2
144.683	2077	3	2
144.683	2078	2	3
144.999	2079	4	2
144.999	2080	3	3
145.315	2081	2	2
145.315	2082	1	3
145.315	2083	4	3
145.789	2084	4	2
145.868	2085	4	3
145.947	2086	4	2
145.947	2087	2	3
146.578	2088	1	1
146.578	2089	4	3
146.736	2090	2	1
146.815	2091	3	1
146.894	2092	1	2
146.894	2093	2	1
146.973	2094	1	3
147.052	2095	4	1
147.131	2096	3	1
147.210	2097	4	2
147.289	2098	2	1
147.289	2099	4	3
147.368	2100	3	1
147.368	2101	4	1
147.525	2102	2	2
147.604	2103	2	3
147.683	2104	3	1
147.762	2105	1	1
147.841	2106	3	2
147.920	2107	3	3
147.999	2108	3	1
148.157	2109	1	1
148.157	2110	2	2
148.236	2111	2	3
148.315	2112	4	1
148.394	2113	3	1
148.473	2114	1	2
148.552	2115	3	1
148.552	2116	1	3
148.631	2117	4	1
148.789	2118	1	1
148.789	2119	4	2
148.868	2120	4	3
148.947	2121	3	1
149.025	2122	4	1
149.104	2123	2	2
149.183	2124	2	3
149.262	2125	2	1
149.341	2126	3	1
149.420	2127	1	1
149.420	2128	2	1
149.578	2129	3	2
149.657	2130	1	1
149.657	2131	3	3
149.736	2132	2	2
149.815	2133	4	1
149.815	2134	2	3
149.894	2135	2	1
149.894	2136	3	1
150.052	2137	4	1
150.210	2138	1	2
150.289	2139	3	1
150.289	2140	1	3
150.368	2141	1	2
150.447	2142	1	3
150.525	2143	3	1
150.683	2144	3	2
150.683	2145	4	1
150.762	2146	3	3
150.841	2147	1	1
150.920	2148	3	1
150.999	2149	4	2
151.078	2150	2	1
151.157	2151	1	1
151.157	2152	4	3
151.236	2153	4	2
151.315	2154	2	1
151.315	2155	3	1
151.315	2156	4	3
151.473	2157	1	2
151.552	2158	4	1
151.552	2159	1	3
151.631	2160	1	2
151.710	2161	1	3
151.789	2162	3	1
151.868	2163	2	1
151.947	2164	1	1
151.947	2165	4	1
152.104	2166	3	2
152.183	2167	4	1
152.183	2168	3	3
152.262	2169	3	2
152.341	2170	1	1
152.341	2171	3	3
152.420	2172	2	2
152.420	2173	3	1
152.578	2174	1	2
152.578	2175	2	3
152.736	2176	3	2
152.736	2177	1	3
152.815	2178	4	1
152.894	2179	2	2
152.894	2180	3	3
153.052	2181	3	1
153.210	2182	3	2
153.210	2183	4	1
153.210	2184	2	3
153.368	2185	2	1
153.447	2186	1	1
153.525	2187	4	2
153.525	2188	3	3
153.604	2189	2	1
153.683	2190	3	1
153.841	2191	1	2
153.841	2192	2	1
153.841	2193	4	3
153.999	2194	4	1
154.078	2195	3	1
154.157	2196	2	2
154.157	2197	1	3
154.315	2198	3	1
154.394	2199	1	1
154.473	2200	3	1
154.473	2201	4	1
154.631	2202	4	2
154.631	2203	2	3
154.710	2204	1	1
154.789	2205	3	2
154.789	2206	4	3
154.868	2207	2	1
154.947	2208	1	1
154.947	2209	4	1
155.104	2210	1	2
155.104	2211	3	3
155.262	2212	4	2
155.262	2213	1	3
155.302	2214	3	2
155.341	2215	1	1
155.420	2216	2	1
155.578	2217	2	2
155.578	2218	3	3
155.578	2219	4	3
155.736	2220	1	2
155.736	2221	4	1
155.736	2222	2	3
155.894	2223	2	1
155.973	2224	4	1
156.052	2225	3	2
156.052	2226	1	3
156.131	2227	2	1
156.210	2228	1	1
156.368	2229	1	1
156.368	2230	4	2
156.368	2231	3	3
156.525	2232	3	1
156.604	2233	2	1
156.604	2234	4	3
156.683	2235	1	2
156.683	2236	4	2
156.920	2237	1	3
156.999	2238	1	2
156.999	2239	2	1
156.999	2240	4	3
157.078	2241	1	3
157.157	2242	1	2
157.157	2243	4	2
157.394	2244	4	3
157.473	2245	3	1
157.473	2246	4	2
157.552	2247	1	3
157.552	2248	4	3
157.631	2249	2	2
157.631	2250	4	2
157.789	2251	3	2
157.789	2252	4	3
157.947	2253	4	1
157.947	2254	2	3
158.104	2255	2	1
158.262	2256	1	2
158.262	2257	4	2
158.262	2258	3	3
158.578	2259	2	1
158.578	2260	1	3
158.657	2261	1	1
158.736	2262	2	1
158.815	2263	3	1
158.894	2264	1	1
158.894	2265	2	1
159.052	2266	3	1
159.131	2267	1	2
159.525	2268	2	2
159.525	2269	3	2
160.394	2270	1	3
160.394	2271	2	3
160.394	2272	3	3
160.394	2273	4	3
160.473	2274	3	1
160.473	2275	4	1
160.552	2276	2	1
160.631	2277	1	1
160.631	2278	4	1
160.710	2279	2	1
160.789	2280	1	1
160.789	2281	3	1
160.868	2282	4	1
160.947	2283	2	1
160.947	2284	3	1
161.025	2285	4	1
161.104	2286	1	1
161.104	2287	2	1
161.183	2288	3	1
161.262	2289	2	1
161.262	2290	4	1
161.341	2291	3	1
161.420	2292	1	1
161.420	2293	4	1
161.499	2294	2	1
161.578	2295	1	1
161.578	2296	4	1
161.657	2297	3	1
161.736	2298	1	1
161.736	2299	2	1
161.736	2300	4	1
161.894	2301	3	1
161.973	2302	2	1
162.052	2303	3	1
162.052	2304	4	2
162.210	2305	1	1
162.210	2306	4	3
162.289	2307	2	1
162.368	2308	1	2
162.368	2309	3	1
162.447	2310	4	1
162.525	2311	3	1
162.525	2312	1	3
162.604	2313	2	1
162.683	2314	1	1
162.683	2315	3	2
162.841	2316	4	1
162.841	2317	3	3
162.920	2318	1	1
162.999	2319	2	2
162.999	2320	4	1
163.157	2321	3	1
163.157	2322	2	3
163.236	2323	2	1
163.315	2324	1	1
163.315	2325	4	2
163.473	2326	1	1
163.473	2327	4	3
163.552	2328	2	1
163.631	2329	3	2
163.631	2330	4	1
163.710	2331	2	1
163.789	2332	1	1
163.789	2333	3	3
163.868	2334	4	1
163.947	2335	1	2
163.947	2336	2	2
164.104	2337	3	1
164.104	2338	1	3
164.104	2339	2	3
164.183	2340	2	1
164.262	2341	1	2
164.262	2342	4	2
164.341	2343	4	3
164.420	2344	4	1
164.420	2345	1	3
164.499	2346	3	1
164.578	2347	1	2
164.578	2348	2	2
164.657	2349	1	3
164.657	2350	2	3
164.736	2351	2	2
164.815	2352	4	1
164.894	2353	1	2
164.894	2354	3	2
164.894	2355	2	3
164.973	2356	2	1
164.973	2357	3	3
165.052	2358	3	1
165.052	2359	1	3
165.131	2360	4	1
165.210	2361	1	1
165.210	2362	2	1
165.368	2363	4	2
165.447	2364	2	1
165.447	2365	4	3
165.525	2366	1	1
165.525	2367	3	2
165.565	2368	4	2
165.683	2369	2	1
165.683	2370	3	3
165.683	2371	4	3
165.762	2372	1	1
165.841	2373	2	2
165.841	2374	3	1
165.999	2375	4	1
165.999	2376	2	3
166.078	2377	2	1
166.157	2378	1	1
166.157	2379	3	2
166.236	2380	4	1
166.315	2381	1	1
166.315	2382	3	3
166.394	2383	3	1
166.473	2384	2	2
166.473	2385	4	2
166.631	2386	1	1
166.631	2387	2	3
166.631	2388	4	3
166.710	2389	3	1
166.789	2390	1	2
166.789	2391	2	2
166.947	2392	4	1
166.947	2393	1	3
166.947	2394	2	3
167.025	2395	3	1
167.104	2396	2	1
167.104	2397	4	1
167.262	2398	1	1
167.341	2399	2	1
167.420	2400	3	1
167.420	2401	4	1
167.499	2402	1	1
167.578	2403	3	2
167.657	2404	4	1
167.657	2405	3	3
167.736	2406	2	2
167.736	2407	3	1
167.815	2408	2	3
167.894	2409	4	2
167.973	2410	2	1
167.973	2411	4	3
168.052	2412	1	2
168.052	2413	4	1
168.210	2414	3	1
168.210	2415	1	3
168.289	2416	2	1
168.368	2417	3	2
168.368	2418	4	1
168.525	2419	1	1
168.525	2420	3	3
168.604	2421	2	1
168.683	2422	1	2
168.683	2423	4	2
168.762	2424	3	1
168.762	2425	1	3
168.841	2426	2	1
168.841	2427	4	3
168.920	2428	3	1
168.999	2429	1	2
168.999	2430	4	1
169.157	2431	2	1
169.157	2432	1	3
169.236	2433	3	1
169.315	2434	1	1
169.315	2435	2	2
169.394	2436	4	1
169.473	2437	3	1
169.473	2438	2	3
169.552	2439	2	1
169.631	2440	1	1
169.631	2441	4	2
169.710	2442	2	1
169.789	2443	3	1
169.789	2444	4	3
169.868	2445	4	1
169.947	2446	1	2
169.947	2447	3	1
170.025	2448	2	1
170.025	2449	1	3
170.104	2450	1	1
170.104	2451	4	1
170.183	2452	2	1
170.262	2453	3	2
170.262	2454	4	1
170.341	2455	1	1
170.341	2456	3	3
170.420	2457	2	1
170.420	2458	3	1
170.499	2459	4	1
170.578	2460	1	2
170.657	2461	3	1
170.657	2462	1	3
170.736	2463	2	1
170.815	2464	3	1
170.894	2465	2	1
170.894	2466	4	1
170.973	2467	1	1
171.052	2468	3	1
171.052	2469	4	2
171.131	2470	1	1
171.131	2471	4	3
171.210	2472	4	2
171.289	2473	2	1
171.368	2474	1	1
171.368	2475	3	1
171.368	2476	4	3
171.447	2477	4	1
171.525	2478	2	1
171.571	2479	1	1
171.616	2480	3	1
171.661	2481	2	1
171.706	2482	4	1
171.751	2483	1	1
171.796	2484	3	1
171.841	2485	2	2
171.841	2486	4	2
171.920	2487	2	3
171.999	2488	2	2
171.999	2489	4	3
172.157	2490	3	2
172.315	2491	2	3
172.473	2492	2	2
172.473	2493	4	2
172.473	2494	3	3
172.552	2495	4	3
172.631	2496	4	2
172.789	2497	1	2
172.789	2498	2	3
172.947	2499	4	3
173.104	2500	2	2
173.104	2501	3	2
173.104	2502	1	3
173.183	2503	2	3
173.262	2504	2	2
173.420	2505	1	2
173.420	2506	4	2
173.578	2507	2	3
173.578	2508	3	3
173.736	2509	2	1
173.736	2510	3	1
173.736	2511	1	3
173.736	2512	4	3
173.815	2513	1	1
173.894	2514	2	1
173.894	2515	4	1
173.973	2516	3	1
174.052	2517	1	1
174.052	2518	4	1
174.131	2519	2	1
174.210	2520	1	1
174.210	2521	3	1
174.289	2522	4	1
174.368	2523	1	2
174.368	2524	2	2
174.368	2525	3	1
174.525	2526	1	3
174.525	2527	2	3
174.683	2528	1	1
174.683	2529	4	1
174.762	2530	2	1
174.841	2531	1	2
174.841	2532	3	2
174.920	2533	4	1
174.920	2534	3	3
174.999	2535	2	1
174.999	2536	3	2
174.999	2537	1	3
175.078	2538	1	1
175.157	2539	4	1
175.157	2540	3	3
175.236	2541	2	1
175.315	2542	3	1
175.315	2543	4	1
175.394	2544	1	1
175.473	2545	2	2
175.552	2546	4	1
175.552	2547	2	3
175.631	2548	1	2
175.631	2549	2	2
175.789	2550	3	1
175.789	2551	1	3
175.789	2552	2	3
175.868	2553	2	1
175.947	2554	1	2
175.947	2555	4	2
176.025	2556	4	3
176.104	2557	4	1
176.104	2558	1	3
176.183	2559	1	1
176.262	2560	2	2
176.262	2561	3	1
176.341	2562	4	1
176.420	2563	3	1
176.420	2564	2	3
176.499	2565	2	2
176.578	2566	1	1
176.578	2567	4	1
176.578	2568	2	3
176.736	2569	1	2
176.815	2570	3	1
176.815	2571	1	3
176.894	2572	1	2
176.894	2573	4	1
176.933	2574	2	2
177.052	2575	3	1
177.052	2576	1	3
177.052	2577	2	3
177.131	2578	2	1
177.210	2579	1	1
177.210	2580	3	1
177.368	2581	4	2
177.447	2582	2	1
177.447	2583	4	3
177.525	2584	1	2
177.525	2585	4	2
177.604	2586	3	1
177.604	2587	1	3
177.683	2588	1	1
177.683	2589	4	3
177.762	2590	3	1
177.841	2591	2	2
177.841	2592	4	1
177.920	2593	2	3
177.999	2594	2	2
178.078	2595	3	1
178.157	2596	1	2
178.157	2597	4	2
178.157	2598	2	3
178.315	2599	3	1
178.315	2600	1	3
178.315	2601	4	3
178.394	2602	2	1
178.473	2603	1	1
178.473	2604	4	2
178.631	2605	2	1
178.631	2606	4	3
178.710	2607	4	1
178.789	2608	2	2
178.789	2609	3	1
178.868	2610	1	1
178.947	2611	4	1
178.947	2612	2	3
179.025	2613	2	1
179.104	2614	1	2
179.104	2615	3	2
179.262	2616	4	1
179.262	2617	1	3
179.262	2618	3	3
179.341	2619	3	1
179.420	2620	2	2
179.460	2621	1	2
179.578	2622	3	1
179.578	2623	1	3
179.578	2624	2	3
179.657	2625	2	1
179.736	2626	1	1
179.736	2627	4	1
179.894	2628	1	2
179.894	2629	3	2
179.973	2630	2	1
179.973	2631	3	3
180.052	2632	3	2
180.052	2633	4	1
180.052	2634	1	3
180.131	2635	1	1
180.210	2636	2	1
180.210	2637	3	3
180.368	2638	1	1
180.368	2639	4	2
180.447	2640	4	3
180.525	2641	4	2
180.565	2642	1	2
180.683	2643	2	1
180.683	2644	3	1
180.762	2645	1	3
180.762	2646	4	3
180.841	2647	2	2
180.920	2648	1	1
180.920	2649	2	3
180.999	2650	3	2
180.999	2651	4	2
181.078	2652	4	3
181.157	2653	4	1
181.157	2654	3	3
181.236	2655	1	1
181.315	2656	2	2
181.315	2657	3	2
181.394	2658	3	3
181.473	2659	3	1
181.473	2660	2	3
181.552	2661	4	1
181.631	2662	1	2
181.631	2663	2	2
181.710	2664	2	3
181.789	2665	2	1
181.789	2666	1	3
181.868	2667	3	1
181.947	2668	1	2
181.986	2669	2	2
182.104	2670	4	1
182.104	2671	1	3
182.104	2672	2	3
182.183	2673	1	1
182.183	2674	2	1
182.262	2675	1	1
182.262	2676	3	2
182.341	2677	3	3
182.420	2678	3	2
182.420	2679	4	2
182.578	2680	2	1
182.578	2681	3	3
182.578	2682	4	3
182.657	2683	3	1
182.657	2684	4	1
182.736	2685	1	2
182.815	2686	1	3
182.894	2687	1	2
182.894	2688	4	2
182.973	2689	4	3
183.052	2690	3	1
183.052	2691	4	1
183.052	2692	1	3
183.131	2693	3	1
183.131	2694	4	1
183.210	2695	1	1
183.210	2696	2	1
183.368	2697	1	1
183.447	2698	3	1
183.447	2699	4	1
183.525	2700	2	1
183.525	2701	4	1
183.683	2702	3	2
183.683	2703	4	1
183.762	2704	3	3
183.841	2705	3	2
183.920	2706	1	1
183.920	2707	2	2
184.078	2708	4	2
184.078	2709	2	3
184.078	2710	3	3
184.157	2711	2	1
184.157	2712	3	1
184.315	2713	1	1
184.315	2714	2	1
184.315	2715	4	3
184.394	2716	1	1
184.394	2717	2	1
184.473	2718	3	2
184.473	2719	4	1
184.552	2720	3	3
184.631	2721	4	1
184.710	2722	1	1
184.710	2723	2	1
184.789	2724	1	1
184.789	2725	3	2
184.868	2726	3	3
184.947	2727	3	2
184.947	2728	4	2
185.104	2729	2	1
185.104	2730	3	3
185.104	2731	4	3
185.183	2732	3	1
185.183	2733	4	1
185.262	2734	1	2
185.341	2735	1	3
185.420	2736	1	2
185.420	2737	4	2
185.499	2738	4	3
185.578	2739	3	1
185.578	2740	4	1
185.578	2741	1	3
185.657	2742	3	1
185.657	2743	4	1
185.736	2744	1	1
185.736	2745	2	1
185.894	2746	1	1
185.973	2747	3	1
185.973	2748	4	1
186.052	2749	2	1
186.052	2750	4	1
186.131	2751	3	1
186.210	2752	1	1
186.210	2753	4	1
186.289	2754	2	1
186.368	2755	1	2
186.447	2756	2	1
186.447	2757	3	1
186.525	2758	4	1
186.604	2759	3	2
186.604	2760	1	3
186.683	2761	1	1
186.683	2762	4	1
186.841	2763	1	1
186.841	2764	2	1
186.841	2765	3	3
186.920	2766	3	1
186.920	2767	4	1
186.999	2768	1	2
187.039	2769	2	2
187.157	2770	3	1
187.157	2771	4	1
187.157	2772	1	3
187.157	2773	2	3
187.315	2774	1	1
187.315	2775	3	2
187.394	2776	3	3
187.473	2777	1	1
187.473	2778	2	1
187.552	2779	1	1
187.552	2780	2	1
187.631	2781	3	1
187.631	2782	4	1
187.789	2783	1	2
187.789	2784	3	1
187.868	2785	1	3
187.947	2786	1	2
187.947	2787	2	2
187.947	2788	4	2
188.025	2789	4	3
188.104	2790	3	1
188.104	2791	4	1
188.104	2792	1	3
188.104	2793	2	3
188.183	2794	3	1
188.183	2795	4	1
188.262	2796	1	1
188.262	2797	2	1
188.420	2798	1	1
188.420	2799	4	1
188.578	2800	2	1
188.578	2801	3	1
188.736	2802	1	1
188.736	2803	2	1
188.815	2804	1	1
188.815	2805	2	1
188.894	2806	3	1
188.894	2807	4	2
189.052	2808	1	1
189.052	2809	2	1
189.052	2810	4	3
189.104	2811	3	1
189.157	2812	2	1
189.210	2813	1	1
189.210	2814	4	1
189.368	2815	3	1
189.368	2816	4	1
189.420	2817	2	1
189.473	2818	3	1
189.525	2819	1	2
189.525	2820	4	2
189.683	2821	2	1
189.683	2822	1	3
189.683	2823	4	3
189.762	2824	1	1
189.841	2825	2	2
189.920	2826	4	1
189.920	2827	2	3
189.999	2828	1	2
189.999	2829	2	2
190.157	2830	3	1
190.157	2831	1	3
190.157	2832	2	3
190.236	2833	4	1
190.315	2834	3	2
190.394	2835	1	1
190.394	2836	3	3
190.473	2837	3	2
190.473	2838	4	2
190.631	2839	1	2
190.631	2840	3	3
190.631	2841	4	3
190.710	2842	4	1
190.789	2843	3	1
190.789	2844	1	3
190.841	2845	2	1
190.894	2846	1	1
190.947	2847	4	1
190.999	2848	2	1
191.052	2849	3	1
191.104	2850	1	2
191.104	2851	2	2
191.104	2852	4	2
192.052	2853	2	3
193.157	2854	1	3
194.262	2855	1	2
194.262	2856	4	3
194.315	2857	2	2
194.368	2858	3	2
194.420	2859	4	1
194.420	2860	1	3
194.420	2861	2	3
194.420	2862	3	3
194.578	2863	1	2
194.578	2864	4	2
194.657	2865	3	2
194.736	2866	1	3
194.894	2867	1	1
194.894	2868	2	1
194.894	2869	3	3
194.894	2870	4	3
195.052	2871	3	1
195.131	2872	2	1
195.210	2873	3	1
195.289	2874	1	1
195.368	2875	4	2
195.525	2876	1	1
195.525	2877	2	2
195.525	2878	4	3
195.604	2879	2	3
195.683	2880	1	2
195.683	2881	3	2
195.841	2882	3	3
195.999	2883	3	1
195.999	2884	1	3
196.157	2885	3	1
196.157	2886	4	1
196.315	2887	2	1
196.394	2888	3	1
196.473	2889	1	1
196.552	2890	4	1
196.631	2891	1	2
196.789	2892	3	2
196.789	2893	4	1
196.789	2894	1	3
196.868	2895	3	3
196.947	2896	2	2
196.947	2897	4	2
197.104	2898	2	3
197.262	2899	2	1
197.262	2900	4	3
197.420	2901	1	1
197.420	2902	2	1
197.578	2903	1	1
197.736	2904	3	2
197.736	2905	4	2
197.815	2906	2	1
197.815	2907	3	3
197.894	2908	3	2
197.894	2909	4	3
197.973	2910	4	1
197.973	2911	3	3
198.052	2912	1	2
198.052	2913	2	2
198.131	2914	2	3
198.210	2915	2	2
198.210	2916	3	2
198.210	2917	4	2
198.210	2918	1	3
198.289	2919	2	3
198.368	2920	3	3
198.447	2921	4	3
198.525	2922	1	2
198.525	2923	2	2
198.525	2924	3	2
198.604	2925	3	3
198.683	2926	4	1
198.683	2927	2	3
198.762	2928	3	1
198.762	2929	1	3
198.841	2930	1	2
198.841	2931	2	1
198.841	2932	4	2
198.920	2933	3	1
198.920	2934	1	3
198.999	2935	1	1
198.999	2936	4	3
199.078	2937	4	1
199.157	2938	1	1
199.157	2939	2	2
199.157	2940	3	2
199.236	2941	4	1
199.236	2942	2	3
199.315	2943	1	1
199.315	2944	3	3
199.394	2945	3	1
199.473	2946	1	2
199.473	2947	2	2
199.473	2948	4	2
199.631	2949	4	3
199.789	2950	3	1
199.789	2951	4	1
199.789	2952	1	3
199.789	2953	2	3
199.947	2954	1	1
199.947	2955	3	1
200.104	2956	4	1
200.183	2957	2	1
200.262	2958	1	1
200.262	2959	4	1
200.341	2960	3	1
200.420	2961	1	2
200.499	2962	2	1
200.578	2963	3	2
200.578	2964	4	1
200.578	2965	1	3
200.657	2966	3	3
200.736	2967	2	2
200.736	2968	3	2
200.894	2969	1	1
200.894	2970	4	1
200.894	2971	2	3
200.894	2972	3	3
200.973	2973	2	1
201.052	2974	3	1
201.131	2975	1	1
201.210	2976	3	1
201.210	2977	4	1
201.368	2978	2	1
201.447	2979	3	1
201.525	2980	1	1
201.525	2981	4	1
201.604	2982	3	1
201.683	2983	1	2
201.762	2984	2	1
201.841	2985	3	1
201.841	2986	4	2
201.841	2987	1	3
201.920	2988	4	3
201.999	2989	1	2
201.999	2990	3	2
202.157	2991	2	1
202.157	2992	4	1
202.157	2993	1	3
202.157	2994	3	3
202.236	2995	1	1
202.315	2996	3	1
202.394	2997	2	1
202.473	2998	1	1
202.473	2999	4	2
202.552	3000	2	1
202.552	3001	4	3
202.631	3002	4	1
202.710	3003	1	2
202.789	3004	3	2
202.789	3005	4	2
202.789	3006	1	3
202.868	3007	3	3
202.947	3008	3	2
202.947	3009	4	3
203.025	3010	3	3
203.104	3011	1	2
203.104	3012	2	2
203.104	3013	4	1
203.183	3014	2	3
203.262	3015	2	2
203.262	3016	3	2
203.262	3017	4	2
203.262	3018	1	3
203.341	3019	2	3
203.420	3020	3	3
203.499	3021	4	3
203.578	3022	1	2
203.578	3023	2	2
203.578	3024	3	2
203.657	3025	3	3
203.736	3026	4	1
203.736	3027	2	3
203.815	3028	3	1
203.815	3029	1	3
203.894	3030	1	2
203.894	3031	2	1
203.894	3032	4	2
203.973	3033	3	1
203.973	3034	1	3
204.052	3035	1	1
204.052	3036	4	3
204.131	3037	4	1
204.210	3038	1	1
204.210	3039	2	2
204.210	3040	3	2
204.289	3041	4	2
204.289	3042	2	3
204.368	3043	2	1
204.368	3044	3	3
204.368	3045	4	3
204.447	3046	3	1
204.525	3047	1	2
204.525	3048	2	1
204.525	3049	4	1
204.604	3050	3	1
204.604	3051	1	3
204.683	3052	1	1
204.683	3053	4	1
204.762	3054	2	1
204.841	3055	1	1
204.841	3056	3	1
204.920	3057	2	1
204.999	3058	1	2
204.999	3059	3	2
204.999	3060	4	2
205.078	3061	3	3
205.157	3062	3	1
205.157	3063	1	3
205.157	3064	4	3
205.236	3065	2	1
205.315	3066	1	1
205.315	3067	4	1
205.394	3068	3	1
205.473	3069	1	2
205.552	3070	2	1
205.631	3071	3	2
205.631	3072	4	1
205.631	3073	1	3
205.710	3074	3	3
205.789	3075	2	2
205.789	3076	3	2
205.947	3077	1	1
205.947	3078	4	1
205.947	3079	2	3
205.947	3080	3	3
206.025	3081	3	1
206.104	3082	2	1
206.183	3083	4	1
206.262	3084	1	1
206.262	3085	2	1
206.341	3086	3	1
206.420	3087	4	1
206.499	3088	2	1
206.578	3089	1	1
206.578	3090	3	1
206.657	3091	2	1
206.736	3092	4	1
206.815	3093	3	1
206.894	3094	1	1
206.894	3095	2	2
206.973	3096	2	3
207.052	3097	2	2
207.052	3098	3	2
207.210	3099	1	1
207.210	3100	4	1
207.210	3101	2	3
207.210	3102	3	3
207.368	3103	4	1
207.447	3104	3	1
207.525	3105	1	2
207.525	3106	2	1
207.604	3107	4	1
207.604	3108	1	3
207.683	3109	1	1
207.762	3110	4	2
207.841	3111	1	2
207.841	3112	2	2
207.841	3113	3	2
207.841	3114	4	3
207.920	3115	2	3
207.999	3116	2	2
207.999	3117	1	3
207.999	3118	3	3
208.078	3119	2	3
208.157	3120	1	2
208.157	3121	3	2
208.157	3122	4	2
208.236	3123	1	3
208.236	3124	4	3
208.315	3125	1	2
208.315	3126	2	2
208.315	3127	4	2
208.315	3128	3	3
208.394	3129	2	3
208.473	3130	1	3
208.552	3131	4	3
208.631	3132	1	2
208.631	3133	2	2
208.631	3134	3	2
208.710	3135	3	3
208.789	3136	4	1
208.789	3137	2	3
208.868	3138	3	1
208.868	3139	1	3
208.947	3140	1	2
208.947	3141	2	2
208.947	3142	4	2
209.025	3143	3	1
209.025	3144	1	3
209.104	3145	1	1
209.104	3146	2	3
209.104	3147	4	3
209.183	3148	4	1
209.262	3149	1	2
209.262	3150	2	2
209.262	3151	3	2
209.341	3152	4	1
209.341	3153	2	3
209.420	3154	2	1
209.420	3155	1	3
209.420	3156	3	3
209.499	3157	3	2
209.578	3158	1	2
209.578	3159	2	2
209.578	3160	4	2
209.815	3161	1	3
209.815	3162	2	3
209.815	3163	3	3
209.815	3164	4	3
209.894	3165	1	2
209.894	3166	2	2
209.894	3167	3	2
209.894	3168	4	2
209.973	3169	1	3
209.973	3170	2	3
209.973	3171	3	3
209.973	3172	4	3
210.052	3173	1	1
210.052	3174	2	1
210.052	3175	3	1
210.052	3176	4	1
210.210	3177	4	1
210.289	3178	2	1
210.368	3179	1	1
210.368	3180	4	1
210.447	3181	3	1
210.525	3182	1	2
210.525	3183	4	2
210.604	3184	2	1
210.604	3185	4	3
210.683	3186	3	2
210.683	3187	4	1
210.762	3188	1	3
210.762	3189	3	3
210.841	3190	1	2
210.841	3191	2	2
210.841	3192	3	2
210.920	3193	1	3
210.999	3194	1	1
210.999	3195	4	1
210.999	3196	2	3
210.999	3197	3	3
211.157	3198	3	1
211.236	3199	3	1
211.315	3200	1	2
211.315	3201	2	2
211.315	3202	4	2
211.394	3203	4	3
211.473	3204	3	1
211.473	3205	1	3
211.473	3206	2	3
211.552	3207	2	1
211.631	3208	1	1
211.631	3209	4	1
211.710	3210	2	1
211.789	3211	4	2
211.868	3212	3	1
211.947	3213	1	2
211.947	3214	2	1
211.947	3215	4	3
212.025	3216	1	3
212.104	3217	2	2
212.104	3218	3	2
212.262	3219	1	1
212.262	3220	4	1
212.262	3221	2	3
212.262	3222	3	3
212.420	3223	2	1
212.499	3224	3	1
212.578	3225	1	2
212.578	3226	4	1
212.657	3227	2	1
212.657	3228	1	3
212.736	3229	1	1
212.815	3230	2	2
212.894	3231	1	1
212.894	3232	4	1
212.894	3233	2	3
212.973	3234	3	1
213.052	3235	4	2
213.131	3236	3	1
213.131	3237	4	3
213.210	3238	1	1
213.210	3239	2	1
213.289	3240	4	1
213.368	3241	1	2
213.368	3242	2	2
213.368	3243	3	2
213.525	3244	1	3
213.604	3245	2	3
213.683	3246	1	1
213.683	3247	3	3
213.762	3248	2	1
213.841	3249	3	1
213.841	3250	4	1
213.920	3251	2	1
213.999	3252	1	2
213.999	3253	3	2
213.999	3254	4	2
214.078	3255	3	3
214.157	3256	2	1
214.157	3257	1	3
214.157	3258	4	3
214.236	3259	3	1
214.315	3260	1	2
214.315	3261	2	2
214.315	3262	4	2
214.394	3263	4	3
214.473	3264	3	1
214.473	3265	4	1
214.473	3266	1	3
214.473	3267	2	3
214.552	3268	3	1
214.631	3269	1	2
214.631	3270	2	1
214.631	3271	4	2
214.947	3272	2	1
214.947	3273	4	3
215.104	3274	3	1
215.262	3275	4	1
215.578	3276	3	1
215.736	3277	2	1
215.894	3278	3	1
215.894	3279	4	1
216.210	3280	2	1
216.368	3281	3	1
216.525	3282	4	1
216.683	3283	3	1
216.841	3284	2	1
216.999	3285	4	1
217.157	3286	3	1
217.315	3287	3	1
217.315	3288	4	1
217.473	3289	2	1
217.631	3290	3	1
217.789	3291	4	1
218.104	3292	3	1
218.262	3293	2	1
218.420	3294	3	1
218.420	3295	4	1
218.736	3296	2	1
218.894	3297	3	1
219.052	3298	4	1
219.210	3299	3	1
219.368	3300	2	2
219.525	3301	3	2
219.683	3302	4	2
219.841	3303	1	3
219.841	3304	2	3
219.841	3305	3	3
219.841	3306	4	3