Song Name	About U by Aiobahn & Vin [Monstercat]
Title	About U
Artist	Aiobahn & Vin [Monstercat]
Description	This song was featured with the launch of the Rocket League x Monstercat Vol. 3 EP, its a very popular track with bouncy future house sounds! Map by CyphonPlus.
Difficulty	16
Primary Color	Beat
Secondary Color	Flow
Cover Image ID	7166146361
Audio Asset ID	rbxassetid://9065299057
Audio File	9065299057.ogg
Last Note Time	174.971
Total Notes	1126
Fever Fill	264
Fever Time	26.245650
Long Notes	334
BPM	126
Song Length	175.971000000

Timing Points
0.210	476.190476
45.924	476.190476
74.495	476.190476
141.162	476.190476
169.733	476.190476


Song Data
0.210	1	1	2
2.114	2	1	3
0.210	3	4	1
2.114	4	2	2
4.019	5	2	3
4.019	6	3	2
5.924	7	3	3
5.924	8	4	2
7.829	9	4	3
7.829	10	1	2
9.733	11	1	3
9.733	12	2	2
11.638	13	2	3
11.638	14	3	2
13.543	15	3	3
13.543	16	4	2
15.209	17	4	3
14.971	18	1	1
15.448	19	3	1
15.448	20	4	2
15.686	21	4	3
15.686	22	2	2
15.924	23	2	3
15.924	24	4	1
15.924	25	3	2
16.162	26	3	3
16.162	27	1	2
16.400	28	1	3
16.400	29	4	2
16.876	30	4	3
16.876	31	1	1
16.876	32	2	2
17.352	33	2	3
17.352	34	4	2
17.829	35	4	3
17.829	36	3	1
17.829	37	2	2
18.305	38	2	3
18.305	39	4	1
18.781	40	1	1
19.257	41	4	2
19.495	42	4	3
19.495	43	2	2
19.733	44	2	3
19.733	45	4	1
19.733	46	3	2
19.971	47	3	3
19.971	48	1	2
20.209	49	1	3
20.209	50	4	2
20.686	51	4	3
20.686	52	1	1
20.686	53	2	2
21.162	54	2	3
21.162	55	1	2
21.559	56	1	3
21.559	57	4	2
21.876	58	4	3
21.638	59	2	1
21.876	60	3	2
22.273	61	3	3
22.114	62	1	1
22.273	63	2	2
22.590	64	2	3
22.590	65	4	1
22.590	66	1	2
22.908	67	1	3
23.067	68	4	2
23.305	69	4	3
23.305	70	2	2
23.543	71	2	3
23.543	72	4	1
23.543	73	3	2
23.781	74	3	3
23.781	75	1	2
24.019	76	1	3
24.019	77	4	2
24.495	78	4	3
24.495	79	1	1
24.495	80	2	2
24.971	81	2	3
24.971	82	4	2
25.448	83	4	3
25.448	84	3	1
25.448	85	2	2
25.924	86	2	3
25.924	87	4	1
26.400	88	1	1
26.876	89	4	2
27.114	90	4	3
27.114	91	2	2
27.352	92	2	3
27.352	93	4	1
27.352	94	3	2
27.590	95	3	3
27.590	96	1	2
27.829	97	1	3
27.829	98	4	2
28.305	99	4	3
28.305	100	1	1
28.305	101	2	2
28.781	102	2	3
28.781	103	1	2
29.178	104	1	3
29.178	105	4	2
29.495	106	4	3
29.257	107	2	1
29.495	108	3	2
29.892	109	3	3
29.733	110	1	1
29.892	111	2	2
30.209	112	2	3
30.209	113	4	1
30.209	114	1	2
30.527	115	1	3
30.686	116	3	1
31.162	117	1	2
31.400	118	1	3
31.638	119	4	1
32.114	120	1	2
32.352	121	1	3
32.590	122	3	1
33.067	123	1	2
33.305	124	1	3
33.543	125	2	1
34.019	126	1	2
34.257	127	1	3
34.495	128	4	1
34.971	129	1	2
35.209	130	1	3
35.448	131	3	1
35.924	132	1	2
36.162	133	1	3
36.400	134	2	1
36.876	135	1	2
37.114	136	1	3
37.352	137	4	1
37.829	138	4	2
38.146	139	4	3
37.829	140	1	2
38.146	141	1	3
38.305	142	2	2
38.543	143	2	3
38.543	144	1	1
38.781	145	3	2
39.019	146	3	3
39.019	147	2	1
39.257	148	4	2
39.495	149	4	3
39.495	150	3	1
39.733	151	1	2
39.971	152	1	3
39.971	153	2	1
40.090	154	3	1
40.209	155	2	2
40.448	156	2	3
40.448	157	1	1
40.686	158	3	2
40.924	159	3	3
40.924	160	2	1
41.162	161	4	2
41.400	162	4	3
41.400	163	3	1
41.638	164	1	2
41.876	165	1	3
41.876	166	2	1
41.995	167	3	1
42.114	168	4	1
42.233	169	2	1
42.352	170	1	1
42.471	171	3	1
42.590	172	4	1
42.709	173	2	1
42.829	174	1	1
42.948	175	3	1
43.067	176	4	1
43.186	177	2	1
43.305	178	1	1
43.424	179	3	1
43.543	180	4	1
43.662	181	2	1
43.781	182	1	1
43.900	183	3	1
44.019	184	4	1
44.495	185	4	1
44.971	186	4	1
45.209	187	1	1
45.329	188	2	1
45.448	189	3	1
45.448	190	4	1
45.686	191	1	1
45.924	192	3	1
46.321	193	4	2
46.559	194	4	3
46.400	195	2	1
46.400	196	1	1
46.638	197	3	2
46.876	198	3	3
46.797	199	1	1
46.876	200	2	1
47.035	201	2	1
47.035	202	1	2
47.273	203	1	3
47.352	204	3	1
47.352	205	4	1
47.590	206	2	1
47.590	207	1	2
47.829	208	1	3
47.829	209	4	1
47.829	210	2	2
48.067	211	2	3
48.067	212	3	2
48.305	213	3	3
48.305	214	1	1
48.305	215	4	2
48.543	216	4	3
48.543	217	1	2
48.781	218	1	3
48.702	219	2	1
48.781	220	3	1
48.940	221	2	2
49.178	222	2	3
49.019	223	3	1
49.257	224	1	1
49.257	225	4	2
49.733	226	4	3
49.495	227	3	1
49.733	228	1	2
49.971	229	1	3
50.130	230	4	2
50.368	231	4	3
50.209	232	2	1
50.209	233	1	1
50.448	234	3	2
50.686	235	3	3
50.606	236	1	1
50.686	237	2	1
50.844	238	2	1
50.844	239	1	2
51.083	240	1	3
51.162	241	3	1
51.162	242	4	1
51.400	243	2	1
51.400	244	1	2
51.638	245	1	3
51.638	246	4	2
51.797	247	4	3
51.638	248	2	1
51.797	249	1	1
51.797	250	3	2
52.114	251	3	3
52.035	252	1	1
52.114	253	4	1
52.114	254	2	2
52.273	255	2	3
52.273	256	1	2
52.590	257	1	3
52.352	258	3	1
52.511	259	2	1
52.590	260	3	2
52.749	261	3	3
52.749	262	4	1
52.749	263	2	2
52.987	264	2	3
52.987	265	3	1
53.067	266	2	1
53.067	267	1	1
53.225	268	3	1
53.305	269	4	2
53.543	270	4	3
53.543	271	1	2
53.781	272	1	3
53.940	273	4	2
54.178	274	4	3
54.019	275	2	1
54.019	276	1	1
54.257	277	3	2
54.495	278	3	3
54.416	279	1	1
54.495	280	2	1
54.654	281	2	1
54.654	282	1	2
54.892	283	1	3
54.971	284	3	1
54.971	285	4	1
55.209	286	2	1
55.209	287	1	2
55.448	288	1	3
55.448	289	4	1
55.448	290	2	2
55.686	291	2	3
55.686	292	3	2
55.924	293	3	3
55.924	294	1	1
55.924	295	4	2
56.162	296	4	3
56.162	297	1	2
56.400	298	1	3
56.321	299	2	1
56.400	300	3	1
56.559	301	2	2
56.797	302	2	3
56.638	303	3	1
56.876	304	1	1
56.876	305	4	2
57.352	306	4	3
57.114	307	3	1
57.352	308	1	2
57.590	309	1	3
57.749	310	4	2
57.987	311	4	3
57.829	312	2	1
57.829	313	1	1
58.067	314	3	2
58.305	315	3	3
58.225	316	1	1
58.305	317	2	1
58.463	318	2	1
58.463	319	1	2
58.702	320	1	3
58.781	321	3	1
58.781	322	4	1
59.019	323	2	1
59.019	324	1	2
59.257	325	1	3
59.257	326	4	1
59.654	327	1	1
59.733	328	4	1
59.971	329	2	1
60.368	330	3	1
60.686	331	4	1
60.686	332	2	1
60.924	333	1	1
61.162	334	3	1
61.400	335	3	1
61.559	336	4	2
61.797	337	4	3
61.638	338	2	1
61.638	339	1	1
61.876	340	3	2
62.114	341	3	3
62.035	342	1	1
62.114	343	2	1
62.273	344	1	2
62.511	345	1	3
62.352	346	2	1
62.590	347	3	1
62.590	348	4	1
62.829	349	2	1
62.829	350	1	2
63.067	351	1	3
63.067	352	4	1
63.067	353	2	2
63.305	354	2	3
63.305	355	3	2
63.543	356	3	3
63.543	357	1	1
63.543	358	4	2
63.781	359	4	3
63.781	360	1	2
64.019	361	1	3
63.940	362	2	1
64.019	363	3	1
64.178	364	2	2
64.416	365	2	3
64.257	366	3	1
64.495	367	1	1
64.495	368	4	2
64.971	369	4	3
64.733	370	3	1
64.971	371	1	2
65.209	372	1	3
65.368	373	4	2
65.606	374	4	3
65.448	375	2	1
65.448	376	1	1
65.686	377	3	2
65.924	378	3	3
65.844	379	1	1
65.924	380	2	1
66.083	381	2	1
66.083	382	1	2
66.321	383	1	3
66.400	384	3	1
66.400	385	4	1
66.638	386	2	1
66.638	387	1	2
66.876	388	1	3
66.876	389	4	2
67.035	390	4	3
66.876	391	2	1
67.035	392	1	1
67.035	393	3	2
67.352	394	3	3
67.273	395	1	1
67.352	396	4	1
67.352	397	2	2
67.511	398	2	3
67.511	399	1	2
67.829	400	1	3
67.590	401	3	1
67.749	402	2	1
67.829	403	3	2
67.987	404	3	3
67.987	405	4	1
67.987	406	2	2
68.225	407	2	3
68.225	408	3	1
68.305	409	2	1
68.305	410	1	1
68.463	411	3	1
68.543	412	4	2
68.781	413	4	3
68.781	414	1	2
69.019	415	1	3
69.178	416	4	2
69.416	417	4	3
69.257	418	2	1
69.257	419	1	1
69.495	420	3	2
69.733	421	3	3
69.654	422	1	1
69.733	423	2	1
69.892	424	1	2
70.130	425	1	3
69.971	426	2	1
70.209	427	3	1
70.209	428	4	1
70.448	429	2	1
70.448	430	1	2
70.686	431	1	3
70.686	432	4	1
70.686	433	2	2
70.924	434	2	3
70.924	435	3	2
71.162	436	3	3
71.162	437	1	1
71.162	438	4	2
71.400	439	4	3
71.400	440	1	2
71.638	441	1	3
71.559	442	2	1
71.638	443	3	1
71.797	444	2	2
72.035	445	2	3
71.876	446	3	1
72.114	447	1	1
72.114	448	4	2
72.590	449	4	3
72.352	450	3	1
72.590	451	1	2
72.829	452	1	3
72.987	453	4	2
73.225	454	4	3
73.067	455	2	1
73.067	456	1	1
73.305	457	3	2
73.543	458	3	3
73.463	459	1	1
73.543	460	2	1
73.702	461	2	1
73.702	462	1	2
73.940	463	1	3
74.019	464	3	1
74.019	465	4	1
74.257	466	2	1
74.257	467	1	2
74.495	468	1	3
74.495	469	4	2
74.654	470	4	3
74.892	471	1	2
75.051	472	1	3
74.971	473	4	1
75.209	474	2	2
75.368	475	2	3
75.606	476	3	2
75.765	477	3	3
75.924	478	4	2
76.162	479	4	3
75.924	480	2	1
76.162	481	3	1
76.162	482	2	2
76.400	483	2	3
76.400	484	1	2
79.257	485	1	3
80.209	486	1	2
82.114	487	1	3
80.209	488	3	1
82.114	489	3	2
85.924	490	3	3
84.019	491	2	2
87.829	492	2	3
85.924	493	1	2
89.733	494	1	3
89.733	495	3	2
93.067	496	3	3
91.638	497	2	2
94.495	498	2	3
93.067	499	4	2
93.305	500	4	3
93.305	501	3	2
95.448	502	3	3
94.971	503	4	1
95.448	504	1	1
95.924	505	4	1
96.400	506	2	1
96.876	507	4	1
96.876	508	1	1
97.114	509	2	1
97.233	510	3	1
97.352	511	4	2
97.709	512	4	3
97.709	513	1	2
98.067	514	1	3
97.829	515	3	1
98.067	516	2	2
98.424	517	2	3
98.305	518	4	1
98.424	519	3	2
98.781	520	3	3
98.781	521	2	1
98.781	522	1	2
99.019	523	1	3
99.019	524	4	2
100.924	525	4	3
99.257	526	2	1
99.733	527	3	1
100.209	528	1	1
100.686	529	1	1
100.686	530	3	1
100.924	531	2	1
101.043	532	1	1
101.162	533	4	2
101.519	534	4	3
101.519	535	3	2
101.876	536	3	3
101.638	537	1	1
101.876	538	2	2
102.233	539	2	3
102.114	540	4	1
102.233	541	3	2
102.590	542	3	3
102.590	543	2	1
102.590	544	1	2
102.829	545	1	3
102.829	546	2	2
104.733	547	2	3
103.067	548	4	1
103.543	549	1	1
104.019	550	3	1
104.495	551	3	1
104.495	552	4	1
104.733	553	1	2
104.971	554	1	3
104.971	555	2	2
105.329	556	2	3
105.329	557	3	2
105.686	558	3	3
105.448	559	4	1
105.686	560	1	2
106.043	561	1	3
105.924	562	3	1
106.043	563	2	2
106.400	564	2	3
106.400	565	1	1
106.400	566	3	2
106.757	567	3	3
106.757	568	4	2
108.543	569	4	3
106.876	570	1	1
107.352	571	3	1
107.829	572	2	1
108.305	573	1	1
108.305	574	2	1
108.543	575	3	1
108.662	576	4	1
108.781	577	3	2
109.019	578	3	3
109.019	579	2	2
109.257	580	2	3
109.257	581	4	1
109.257	582	1	2
109.495	583	1	3
109.495	584	3	2
109.971	585	3	3
109.733	586	1	1
109.971	587	2	2
110.686	588	2	3
110.090	589	1	1
110.209	590	3	1
110.209	591	4	1
110.448	592	1	1
110.686	593	3	1
110.686	594	4	2
110.924	595	4	3
110.924	596	2	2
111.162	597	2	3
111.162	598	4	1
111.162	599	3	2
111.400	600	3	3
111.400	601	1	2
111.638	602	1	3
111.638	603	4	2
112.114	604	4	3
111.876	605	3	1
112.114	606	1	1
112.114	607	2	2
112.590	608	2	3
112.352	609	3	1
112.590	610	4	2
113.067	611	4	3
113.067	612	3	1
113.067	613	2	2
113.543	614	2	3
113.305	615	1	1
113.543	616	4	1
113.781	617	3	1
114.019	618	2	1
114.019	619	1	1
114.257	620	3	1
114.495	621	4	2
114.733	622	4	3
114.733	623	2	2
114.971	624	2	3
114.971	625	4	1
114.971	626	3	2
115.209	627	3	3
115.209	628	1	2
115.448	629	1	3
115.448	630	4	2
115.924	631	4	3
115.686	632	3	1
115.924	633	1	1
115.924	634	2	2
116.400	635	2	3
116.162	636	3	1
116.400	637	1	2
116.797	638	1	3
116.797	639	4	2
117.114	640	4	3
116.876	641	2	1
117.114	642	3	2
117.511	643	3	3
117.352	644	1	1
117.511	645	2	2
117.829	646	2	3
117.829	647	4	1
117.829	648	1	2
118.146	649	1	3
118.305	650	4	2
118.543	651	4	3
118.543	652	2	2
118.781	653	2	3
118.781	654	4	1
118.781	655	3	2
119.019	656	3	3
119.019	657	1	2
119.257	658	1	3
119.257	659	4	2
119.733	660	4	3
119.495	661	3	1
119.733	662	1	1
119.733	663	2	2
120.209	664	2	3
119.971	665	3	1
120.209	666	4	2
120.686	667	4	3
120.686	668	3	1
120.686	669	2	2
121.162	670	2	3
120.924	671	1	1
121.162	672	4	1
121.400	673	3	1
121.638	674	2	1
121.638	675	1	1
122.114	676	4	2
122.352	677	4	3
122.352	678	2	2
122.590	679	2	3
122.590	680	4	1
122.590	681	3	2
122.829	682	3	3
122.829	683	1	2
123.067	684	1	3
123.067	685	4	2
123.543	686	4	3
123.305	687	3	1
123.543	688	1	1
123.543	689	2	2
124.019	690	2	3
123.781	691	3	1
124.019	692	1	2
124.416	693	1	3
124.257	694	3	1
124.416	695	4	2
124.733	696	4	3
124.495	697	2	1
124.733	698	3	2
125.130	699	3	3
124.971	700	1	1
125.130	701	2	2
125.448	702	2	3
125.329	703	3	1
125.448	704	4	1
125.448	705	1	2
125.765	706	1	3
125.924	707	3	1
125.924	708	4	2
126.162	709	4	3
126.162	710	2	2
126.400	711	2	3
126.400	712	4	1
126.400	713	3	2
126.638	714	3	3
126.638	715	1	2
126.876	716	1	3
126.876	717	2	1
126.876	718	4	2
127.352	719	4	3
127.352	720	3	1
127.352	721	2	2
127.829	722	2	3
127.829	723	1	1
127.829	724	4	2
128.305	725	4	3
128.305	726	3	1
128.305	727	2	2
128.781	728	2	3
128.781	729	4	1
129.257	730	1	1
129.733	731	3	1
129.733	732	4	2
129.971	733	4	3
129.971	734	2	2
130.209	735	2	3
130.209	736	4	1
130.209	737	3	2
130.448	738	3	3
130.448	739	1	2
130.686	740	1	3
130.686	741	2	1
130.686	742	4	2
131.162	743	4	3
131.162	744	3	1
131.162	745	2	2
131.638	746	2	3
131.638	747	4	1
131.638	748	1	2
132.035	749	1	3
132.035	750	4	2
132.352	751	4	3
132.114	752	2	1
132.352	753	3	2
132.749	754	3	3
132.590	755	1	1
132.749	756	2	2
133.067	757	2	3
133.067	758	4	2
133.384	759	4	3
133.067	760	3	1
133.067	761	1	2
133.384	762	1	3
133.543	763	3	1
133.543	764	4	2
133.781	765	4	3
133.781	766	1	1
133.781	767	2	2
134.019	768	2	3
134.019	769	4	1
134.019	770	3	2
134.257	771	3	3
134.257	772	2	1
134.257	773	1	2
134.495	774	1	3
134.495	775	3	1
134.495	776	4	2
134.971	777	4	3
134.733	778	1	1
134.971	779	3	1
134.971	780	2	2
135.448	781	2	3
135.209	782	1	1
135.329	783	3	1
135.448	784	1	1
135.448	785	4	2
135.924	786	4	3
135.686	787	3	1
135.924	788	1	1
135.924	789	2	2
136.400	790	2	3
136.162	791	4	1
136.400	792	3	1
136.638	793	1	1
136.876	794	4	1
137.114	795	2	1
137.233	796	3	1
137.352	797	4	1
137.471	798	2	1
137.590	799	1	1
137.709	800	3	1
137.829	801	4	1
137.948	802	2	1
138.067	803	1	1
138.186	804	3	1
138.305	805	4	1
138.424	806	2	1
138.543	807	1	1
138.662	808	3	1
138.781	809	4	1
138.900	810	2	1
139.019	811	1	1
139.138	812	3	1
139.257	813	1	2
139.654	814	1	3
139.654	815	4	2
139.971	816	4	3
139.971	817	3	2
140.368	818	3	3
140.368	819	2	2
140.686	820	2	3
140.448	821	1	1
140.686	822	3	1
140.686	823	4	1
140.686	824	1	2
140.924	825	1	3
140.924	826	2	1
141.162	827	4	2
141.400	828	4	3
141.162	829	1	2
141.400	830	1	3
141.162	831	3	1
141.559	832	4	2
141.797	833	4	3
141.638	834	2	1
141.638	835	1	1
141.876	836	3	2
142.114	837	3	3
142.035	838	1	1
142.114	839	2	1
142.273	840	2	1
142.273	841	1	2
142.511	842	1	3
142.590	843	3	1
142.590	844	4	1
142.829	845	2	1
142.829	846	1	2
143.067	847	1	3
143.067	848	4	1
143.067	849	2	2
143.305	850	2	3
143.305	851	3	2
143.543	852	3	3
143.543	853	1	1
143.543	854	4	2
143.781	855	4	3
143.781	856	1	2
144.019	857	1	3
143.940	858	2	1
144.019	859	3	1
144.178	860	2	2
144.416	861	2	3
144.257	862	3	1
144.495	863	1	1
144.495	864	4	2
144.971	865	4	3
144.733	866	3	1
144.971	867	1	2
145.209	868	1	3
145.368	869	4	2
145.606	870	4	3
145.448	871	2	1
145.448	872	1	1
145.686	873	3	2
145.924	874	3	3
145.844	875	1	1
145.924	876	2	1
146.083	877	2	1
146.083	878	1	2
146.321	879	1	3
146.400	880	3	1
146.400	881	4	1
146.638	882	2	1
146.638	883	1	2
146.876	884	1	3
146.876	885	4	2
147.035	886	4	3
146.876	887	2	1
147.035	888	1	1
147.035	889	3	2
147.352	890	3	3
147.273	891	1	1
147.352	892	4	1
147.352	893	2	2
147.511	894	2	3
147.511	895	1	2
147.829	896	1	3
147.590	897	3	1
147.749	898	2	1
147.829	899	3	2
147.987	900	3	3
147.987	901	4	1
147.987	902	2	2
148.225	903	2	3
148.225	904	3	1
148.305	905	2	1
148.305	906	1	1
148.463	907	3	1
148.543	908	4	2
148.781	909	4	3
148.781	910	1	2
149.019	911	1	3
149.178	912	4	2
149.416	913	4	3
149.257	914	2	1
149.257	915	1	1
149.495	916	3	2
149.733	917	3	3
149.654	918	1	1
149.733	919	2	1
149.892	920	2	1
149.892	921	1	2
150.130	922	1	3
150.209	923	3	1
150.209	924	4	1
150.448	925	2	1
150.448	926	1	2
150.686	927	1	3
150.686	928	4	1
150.686	929	2	2
150.924	930	2	3
150.924	931	3	2
151.162	932	3	3
151.162	933	1	1
151.162	934	4	2
151.400	935	4	3
151.400	936	1	2
151.638	937	1	3
151.559	938	2	1
151.638	939	3	1
151.797	940	2	2
152.035	941	2	3
151.876	942	3	1
152.114	943	1	1
152.114	944	4	2
152.590	945	4	3
152.352	946	3	1
152.590	947	1	2
152.829	948	1	3
152.987	949	4	2
153.225	950	4	3
153.067	951	2	1
153.067	952	1	1
153.305	953	3	2
153.543	954	3	3
153.463	955	1	1
153.543	956	2	1
153.702	957	2	1
153.702	958	1	2
153.940	959	1	3
154.019	960	3	1
154.019	961	4	1
154.257	962	2	1
154.257	963	1	2
154.495	964	1	3
154.495	965	4	1
154.892	966	3	1
154.971	967	4	1
155.209	968	1	1
155.606	969	2	1
155.924	970	4	1
155.924	971	3	1
156.162	972	1	1
156.400	973	3	1
156.638	974	3	1
156.797	975	4	2
157.035	976	4	3
156.876	977	1	1
156.876	978	2	1
157.114	979	3	2
157.352	980	3	3
157.273	981	1	1
157.352	982	2	1
157.511	983	1	2
157.749	984	1	3
157.511	985	2	1
157.829	986	4	1
157.829	987	3	1
158.067	988	1	2
158.305	989	1	3
158.067	990	2	1
158.305	991	2	2
158.543	992	2	3
158.305	993	4	1
158.543	994	3	2
158.781	995	3	3
158.781	996	4	2
159.019	997	4	3
158.781	998	1	1
159.019	999	1	2
159.257	1000	1	3
159.178	1001	2	1
159.257	1002	3	1
159.416	1003	2	2
159.654	1004	2	3
159.495	1005	3	1
159.733	1006	4	2
160.209	1007	4	3
159.733	1008	1	1
159.971	1009	3	1
160.209	1010	1	2
160.448	1011	1	3
160.448	1012	3	1
160.606	1013	4	2
160.844	1014	4	3
160.686	1015	1	1
160.686	1016	2	1
160.924	1017	3	2
161.162	1018	3	3
161.083	1019	1	1
161.162	1020	2	1
161.321	1021	1	2
161.559	1022	1	3
161.321	1023	2	1
161.638	1024	4	1
161.638	1025	3	1
161.876	1026	1	2
162.114	1027	1	3
161.876	1028	2	1
162.114	1029	2	1
162.114	1030	4	2
162.273	1031	4	3
162.273	1032	3	2
162.590	1033	3	3
162.273	1034	1	1
162.511	1035	1	1
162.590	1036	2	2
162.749	1037	2	3
162.590	1038	4	1
162.749	1039	1	2
163.067	1040	1	3
162.829	1041	3	1
162.987	1042	2	1
163.067	1043	3	2
163.225	1044	3	3
163.225	1045	2	2
163.463	1046	2	3
163.225	1047	4	1
163.463	1048	3	1
163.543	1049	1	1
163.543	1050	2	1
163.702	1051	3	1
163.781	1052	4	2
164.019	1053	4	3
164.019	1054	1	2
164.257	1055	1	3
164.257	1056	3	1
164.416	1057	4	2
164.654	1058	4	3
164.495	1059	1	1
164.495	1060	2	1
164.733	1061	3	2
164.971	1062	3	3
164.892	1063	1	1
164.971	1064	2	1
165.130	1065	1	2
165.368	1066	1	3
165.130	1067	2	1
165.448	1068	4	1
165.448	1069	3	1
165.686	1070	1	2
165.924	1071	1	3
165.686	1072	2	1
165.924	1073	2	2
166.162	1074	2	3
165.924	1075	4	1
166.162	1076	3	2
166.400	1077	3	3
166.400	1078	4	2
166.638	1079	4	3
166.400	1080	1	1
166.638	1081	1	2
166.876	1082	1	3
166.797	1083	2	1
166.876	1084	3	1
167.035	1085	2	2
167.273	1086	2	3
167.114	1087	3	1
167.352	1088	4	2
167.829	1089	4	3
167.352	1090	1	1
167.590	1091	3	1
167.829	1092	1	2
168.067	1093	1	3
168.067	1094	3	1
168.225	1095	4	2
168.463	1096	4	3
168.305	1097	1	1
168.305	1098	2	1
168.543	1099	3	2
168.781	1100	3	3
168.702	1101	1	1
168.781	1102	2	1
168.940	1103	1	2
169.178	1104	1	3
168.940	1105	2	1
169.257	1106	4	1
169.257	1107	3	1
169.495	1108	1	2
169.733	1109	1	3
169.495	1110	2	1
169.733	1111	4	2
169.892	1112	4	3
170.130	1113	1	2
170.289	1114	1	3
170.209	1115	4	1
170.448	1116	3	2
170.606	1117	3	3
170.844	1118	4	2
171.003	1119	4	3
171.162	1120	3	2
171.321	1121	3	3
171.162	1122	1	1
171.400	1123	2	2
171.559	1124	2	3
171.638	1125	2	2
174.971	1126	2	3