Song Name	Afflict (Hard) by Laur [LAUR1200] feat. Risa Yuzuki
Difficulty	35
Primary Color	Rush
Secondary Color	Beat
Last Note Time	175.598
Total Notes	2897
Fever Fill	944
Fever Time	26.339700
Long Notes	63
BPM	269
Song Length	176.783375000

Timing Points
0.151	206.8966
58.082	206.8966
71.323	206.8966
99.461	300.0000
99.461	300.0000
100.661	300.0000
100.661	300.0000
124.288	206.8966
124.288	206.8966
140.839	206.8966


Song Data
0.151	1	1	1
0.151	2	2	1
0.151	3	3	1
0.151	4	4	1
0.564	5	4	2
1.806	6	1	2
1.806	7	4	3
2.013	8	2	2
2.013	9	1	3
2.219	10	3	2
2.219	11	2	3
2.426	12	4	2
2.426	13	3	3
2.633	14	1	2
2.633	15	4	3
2.840	16	4	2
2.840	17	1	3
3.047	18	3	2
3.047	19	4	3
3.254	20	2	2
3.254	21	3	3
3.461	22	1	2
3.461	23	2	3
3.668	24	2	2
3.668	25	1	3
3.875	26	3	2
3.875	27	2	3
4.082	28	3	3
4.288	29	1	2
4.495	30	2	2
4.495	31	1	3
4.702	32	3	2
4.702	33	2	3
4.909	34	3	3
5.116	35	4	2
5.323	36	2	2
5.323	37	4	3
5.530	38	3	2
5.530	39	2	3
5.737	40	1	2
5.737	41	3	3
5.944	42	2	2
5.944	43	1	3
6.151	44	4	2
6.151	45	2	3
6.357	46	3	2
6.357	47	4	3
6.564	48	1	1
6.564	49	3	3
6.616	50	2	1
6.668	51	3	1
6.719	52	4	1
6.771	53	1	1
6.771	54	2	1
7.185	55	1	2
7.185	56	4	1
7.599	57	2	2
7.599	58	4	1
7.599	59	1	3
8.013	60	1	1
8.013	61	3	2
8.013	62	2	3
8.426	63	2	1
8.426	64	4	2
8.426	65	3	3
8.840	66	1	2
8.840	67	2	1
8.840	68	4	3
9.254	69	2	1
9.254	70	4	2
9.254	71	1	3
9.564	72	3	2
9.564	73	4	3
9.668	74	1	1
9.875	75	2	2
9.875	76	3	3
10.082	77	1	2
10.082	78	4	1
10.082	79	2	3
10.495	80	4	1
10.909	81	4	1
10.909	82	1	3
11.013	83	3	2
11.116	84	2	2
11.116	85	3	3
11.219	86	4	2
11.219	87	2	3
11.323	88	1	1
11.530	89	3	2
11.530	90	4	3
11.737	91	1	2
11.737	92	3	3
12.151	93	2	1
12.564	94	4	1
12.978	95	2	1
13.392	96	3	1
13.392	97	1	3
13.495	98	2	1
13.599	99	4	1
13.702	100	3	1
13.806	101	2	1
13.909	102	1	1
14.013	103	4	1
14.116	104	3	1
14.219	105	1	1
14.323	106	2	1
14.426	107	3	1
14.530	108	4	1
14.633	109	1	1
14.685	110	2	1
14.737	111	4	1
14.788	112	3	1
14.840	113	2	1
14.892	114	1	1
14.944	115	3	1
14.995	116	4	1
15.047	117	1	1
15.047	118	2	1
15.151	119	1	1
15.151	120	2	1
15.254	121	3	1
15.357	122	1	1
15.357	123	4	1
15.461	124	1	1
15.461	125	4	1
15.564	126	2	1
15.668	127	3	1
15.668	128	4	1
15.771	129	3	1
15.771	130	4	1
15.875	131	2	1
15.978	132	1	1
15.978	133	3	1
15.978	134	4	1
16.082	135	1	1
16.082	136	2	1
16.082	137	3	1
16.082	138	4	1
16.288	139	3	1
16.288	140	4	1
16.340	141	1	1
16.340	142	2	1
16.392	143	4	1
16.444	144	3	1
16.495	145	1	1
16.547	146	2	1
16.599	147	3	1
16.651	148	4	1
16.702	149	1	1
16.702	150	2	1
16.806	151	2	1
16.909	152	1	1
16.909	153	3	1
16.909	154	4	1
17.013	155	3	1
17.116	156	1	1
17.116	157	2	1
17.219	158	3	1
17.219	159	4	1
17.323	160	1	1
17.323	161	2	1
17.323	162	4	1
17.426	163	2	1
17.426	164	3	1
17.530	165	1	1
17.633	166	3	1
17.633	167	4	1
17.737	168	1	1
17.737	169	2	1
17.737	170	4	1
17.840	171	3	1
17.944	172	1	1
17.944	173	4	1
18.047	174	2	1
18.047	175	3	1
18.151	176	1	1
18.151	177	2	1
18.151	178	4	1
18.254	179	3	1
18.254	180	4	1
18.357	181	2	1
18.461	182	1	1
18.461	183	4	1
18.564	184	1	1
18.564	185	2	1
18.564	186	3	1
18.668	187	4	1
18.771	188	2	1
18.771	189	3	1
18.875	190	1	1
18.875	191	4	1
18.978	192	2	1
18.978	193	3	1
18.978	194	4	1
19.082	195	1	1
19.082	196	2	1
19.185	197	3	1
19.288	198	1	1
19.288	199	2	1
19.392	200	1	1
19.392	201	3	1
19.392	202	4	1
19.495	203	2	1
19.599	204	3	1
19.599	205	4	1
19.702	206	1	1
19.702	207	2	1
19.806	208	1	1
19.806	209	3	1
19.806	210	4	1
19.909	211	2	1
20.013	212	1	1
20.013	213	3	1
20.013	214	4	1
20.116	215	3	1
20.219	216	1	1
20.219	217	2	1
20.219	218	4	1
20.323	219	2	1
20.426	220	1	1
20.426	221	3	1
20.530	222	2	1
20.530	223	4	1
20.633	224	1	1
20.633	225	2	1
20.633	226	3	1
20.737	227	3	1
20.737	228	4	1
20.840	229	1	1
20.944	230	2	1
20.944	231	3	1
21.047	232	1	1
21.047	233	2	1
21.047	234	4	1
21.151	235	3	1
21.254	236	1	1
21.254	237	2	1
21.357	238	3	1
21.357	239	4	1
21.461	240	1	1
21.461	241	2	1
21.461	242	4	1
21.564	243	2	1
21.564	244	3	1
21.668	245	1	1
21.668	246	3	1
21.668	247	4	1
21.771	248	1	1
21.771	249	2	1
21.875	250	2	1
21.875	251	3	1
21.875	252	4	1
21.978	253	3	1
22.082	254	1	1
22.082	255	4	1
22.185	256	2	1
22.185	257	3	1
22.288	258	1	1
22.288	259	3	1
22.288	260	4	1
22.392	261	1	1
22.392	262	2	1
22.495	263	2	1
22.495	264	3	1
22.495	265	4	1
22.599	266	1	1
22.702	267	3	1
22.806	268	4	1
22.909	269	1	1
22.909	270	2	1
22.961	271	3	1
22.961	272	4	1
23.013	273	1	1
23.064	274	2	1
23.116	275	4	1
23.168	276	3	1
23.219	277	2	1
23.271	278	1	1
23.323	279	3	1
23.323	280	4	1
23.426	281	3	1
23.530	282	1	1
23.530	283	2	1
23.530	284	4	1
23.633	285	2	1
23.737	286	3	1
23.737	287	4	1
23.840	288	1	1
23.840	289	2	1
23.944	290	1	1
23.944	291	3	1
23.944	292	4	1
24.047	293	2	1
24.047	294	3	1
24.151	295	4	1
24.254	296	1	1
24.254	297	2	1
24.357	298	1	1
24.357	299	3	1
24.357	300	4	1
24.461	301	2	1
24.564	302	1	1
24.564	303	4	1
24.668	304	2	1
24.668	305	3	1
24.771	306	1	1
24.771	307	3	1
24.771	308	4	1
24.875	309	1	1
24.875	310	2	1
24.978	311	3	1
25.082	312	1	1
25.082	313	4	1
25.185	314	2	1
25.185	315	3	1
25.185	316	4	1
25.288	317	1	1
25.392	318	2	1
25.392	319	3	1
25.495	320	1	1
25.495	321	4	1
25.599	322	1	1
25.599	323	2	1
25.599	324	3	1
25.702	325	3	1
25.702	326	4	1
25.806	327	2	1
25.909	328	3	1
25.909	329	4	1
26.013	330	1	1
26.013	331	2	1
26.013	332	4	1
26.116	333	3	1
26.219	334	1	1
26.219	335	2	1
26.323	336	3	1
26.323	337	4	1
26.426	338	1	1
26.426	339	2	1
26.426	340	4	1
26.530	341	3	1
26.582	342	2	1
26.633	343	1	1
26.633	344	3	1
26.633	345	4	1
26.737	346	1	1
26.840	347	2	1
26.840	348	3	1
26.840	349	4	1
26.944	350	4	1
27.047	351	1	1
27.047	352	2	1
27.047	353	3	1
27.151	354	2	1
27.254	355	1	1
27.254	356	3	1
27.254	357	4	1
27.357	358	2	1
27.409	359	3	1
27.461	360	1	1
27.461	361	2	1
27.461	362	4	1
27.564	363	4	1
27.668	364	1	1
27.668	365	2	1
27.668	366	3	1
27.771	367	1	1
27.875	368	2	1
27.875	369	3	1
27.875	370	4	1
27.978	371	3	1
28.082	372	1	1
28.082	373	2	1
28.082	374	4	1
28.185	375	3	1
28.237	376	2	1
28.288	377	3	1
28.288	378	4	1
28.357	379	1	1
28.357	380	2	1
28.426	381	3	1
28.426	382	4	1
28.495	383	1	1
28.564	384	2	1
28.633	385	3	1
28.702	386	1	1
28.702	387	4	1
28.771	388	3	1
28.840	389	2	1
28.909	390	1	1
28.978	391	4	1
29.047	392	3	1
29.116	393	1	1
29.116	394	2	1
29.185	395	3	1
29.254	396	4	1
29.323	397	1	1
29.392	398	2	1
29.461	399	3	1
29.530	400	1	2
29.530	401	2	1
29.530	402	4	2
30.978	403	2	1
30.978	404	1	3
30.978	405	4	3
31.082	406	3	1
31.185	407	1	1
31.185	408	4	1
31.392	409	2	1
31.392	410	3	1
31.599	411	1	1
31.599	412	2	1
31.599	413	4	1
31.702	414	3	1
31.806	415	1	1
31.806	416	4	1
31.909	417	3	1
32.013	418	1	1
32.013	419	2	1
32.116	420	1	1
32.116	421	2	1
32.219	422	3	1
32.219	423	4	1
32.323	424	1	1
32.323	425	2	1
32.426	426	4	1
32.530	427	1	1
32.530	428	3	1
32.633	429	2	1
32.633	430	4	1
32.737	431	3	1
32.840	432	1	1
32.840	433	4	1
32.944	434	1	1
32.944	435	4	1
33.047	436	2	1
33.047	437	3	1
33.151	438	1	1
33.254	439	3	1
33.254	440	4	1
33.357	441	2	1
33.461	442	1	1
33.461	443	4	1
33.564	444	3	1
33.668	445	1	1
33.668	446	2	1
33.771	447	1	1
33.771	448	2	1
33.875	449	3	1
33.875	450	4	1
33.978	451	1	1
33.978	452	2	1
34.082	453	4	1
34.185	454	2	1
34.185	455	3	1
34.288	456	1	1
34.288	457	4	1
34.392	458	3	1
34.495	459	2	1
34.495	460	4	1
34.599	461	2	1
34.599	462	4	1
34.702	463	1	1
34.702	464	3	1
34.806	465	4	1
34.909	466	1	1
34.909	467	2	1
34.909	468	3	1
35.013	469	1	1
35.116	470	3	1
35.116	471	4	1
35.219	472	4	1
35.323	473	2	1
35.323	474	3	1
35.426	475	2	1
35.426	476	3	1
35.530	477	1	1
35.530	478	4	1
35.633	479	2	1
35.633	480	3	1
35.737	481	1	1
35.840	482	3	1
35.840	483	4	1
35.944	484	1	1
35.944	485	2	1
36.047	486	4	1
36.151	487	1	1
36.151	488	3	1
36.254	489	1	1
36.254	490	3	1
36.357	491	2	1
36.357	492	4	1
36.461	493	1	1
36.461	494	3	1
36.564	495	1	1
36.564	496	2	1
36.564	497	4	1
36.668	498	2	1
36.771	499	3	1
36.771	500	4	1
36.875	501	3	1
36.875	502	4	1
36.978	503	1	1
37.082	504	2	1
37.185	505	3	1
37.185	506	4	1
37.288	507	1	1
37.288	508	2	1
37.392	509	3	1
37.392	510	4	1
37.444	511	1	1
37.444	512	2	1
37.495	513	4	1
37.547	514	3	1
37.599	515	1	1
37.651	516	2	1
37.702	517	3	1
37.754	518	4	1
37.806	519	1	1
37.806	520	2	1
37.857	521	3	1
37.857	522	4	1
38.013	523	1	1
38.013	524	2	1
38.116	525	3	1
38.219	526	1	1
38.219	527	2	1
38.219	528	4	1
38.323	529	1	1
38.426	530	2	1
38.426	531	3	1
38.426	532	4	1
38.530	533	4	1
38.633	534	1	1
38.633	535	3	1
38.737	536	1	1
38.737	537	3	1
38.840	538	2	1
38.840	539	4	1
38.944	540	1	1
38.944	541	3	1
39.047	542	4	1
39.151	543	1	1
39.151	544	2	1
39.254	545	3	1
39.254	546	4	1
39.357	547	2	1
39.461	548	1	1
39.461	549	4	1
39.564	550	1	1
39.564	551	4	1
39.668	552	2	1
39.668	553	3	1
39.771	554	1	1
39.875	555	3	1
39.875	556	4	1
39.978	557	2	1
40.082	558	1	1
40.082	559	4	1
40.185	560	3	1
40.288	561	1	1
40.288	562	2	1
40.392	563	1	1
40.392	564	2	1
40.495	565	3	1
40.495	566	4	1
40.599	567	1	1
40.599	568	2	1
40.702	569	4	1
40.806	570	1	1
40.806	571	3	1
40.909	572	2	1
40.909	573	4	1
41.013	574	3	1
41.116	575	1	1
41.116	576	4	1
41.219	577	1	1
41.219	578	4	1
41.323	579	2	1
41.323	580	3	1
41.426	581	1	1
41.530	582	2	1
41.530	583	3	1
41.530	584	4	1
41.737	585	1	1
41.737	586	2	1
41.944	587	3	1
41.944	588	4	1
42.047	589	3	1
42.047	590	4	1
42.151	591	1	1
42.151	592	2	1
42.254	593	3	1
42.254	594	4	1
42.461	595	1	1
42.461	596	4	1
42.564	597	2	1
42.564	598	3	1
42.668	599	1	1
42.668	600	4	1
42.771	601	3	1
42.771	602	4	1
42.823	603	1	1
42.823	604	2	1
42.875	605	3	1
42.926	606	4	1
42.978	607	1	1
43.030	608	2	1
43.082	609	3	1
43.133	610	4	1
43.185	611	1	1
43.185	612	2	1
43.254	613	4	1
43.323	614	3	1
43.392	615	2	1
43.461	616	1	1
43.530	617	2	1
43.599	618	3	1
43.668	619	4	1
43.737	620	3	1
43.806	621	2	1
43.875	622	1	1
43.944	623	2	1
44.013	624	3	1
44.013	625	4	1
44.116	626	3	1
44.116	627	4	1
44.219	628	1	1
44.219	629	2	1
44.323	630	1	1
44.323	631	2	1
44.426	632	3	1
44.426	633	4	1
44.478	634	1	1
44.530	635	2	1
44.530	636	3	1
44.582	637	4	1
44.633	638	1	1
44.633	639	2	1
44.685	640	3	1
44.737	641	1	1
44.737	642	4	1
44.788	643	2	1
44.840	644	3	1
44.840	645	4	1
44.944	646	1	1
45.047	647	2	1
45.047	648	4	1
45.151	649	3	1
45.254	650	1	1
45.254	651	2	1
45.357	652	1	1
45.357	653	4	1
45.461	654	2	1
45.461	655	4	1
45.564	656	1	1
45.564	657	3	1
45.668	658	4	1
45.771	659	1	1
45.771	660	2	1
45.875	661	2	1
45.875	662	3	1
45.978	663	4	1
46.082	664	1	1
46.082	665	3	1
46.185	666	1	1
46.185	667	2	1
46.288	668	2	1
46.288	669	4	1
46.392	670	3	1
46.495	671	1	1
46.495	672	4	1
46.599	673	2	1
46.702	674	3	1
46.702	675	4	1
46.806	676	2	1
46.909	677	1	1
46.909	678	3	1
47.013	679	2	1
47.013	680	4	1
47.116	681	3	1
47.116	682	4	1
47.219	683	1	1
47.219	684	2	1
47.323	685	3	1
47.426	686	2	1
47.426	687	4	1
47.530	688	3	1
47.530	689	4	1
47.633	690	1	1
47.633	691	2	1
47.737	692	1	1
47.737	693	4	1
47.840	694	2	1
47.840	695	3	1
47.944	696	4	1
48.047	697	1	1
48.047	698	2	1
48.151	699	1	1
48.151	700	3	1
48.151	701	4	1
48.357	702	1	1
48.357	703	2	1
48.357	704	4	1
48.564	705	1	2
48.564	706	2	2
48.564	707	3	2
48.564	708	4	2
48.771	709	1	3
48.771	710	2	3
48.771	711	3	3
48.771	712	4	3
48.978	713	2	1
48.978	714	4	1
49.082	715	2	1
49.082	716	4	1
49.288	717	2	1
49.288	718	4	1
49.392	719	1	1
49.392	720	2	1
49.392	721	3	1
49.599	722	1	1
49.599	723	4	1
49.702	724	1	1
49.702	725	4	1
49.909	726	1	1
49.909	727	2	1
49.961	728	3	1
50.013	729	1	1
50.013	730	4	1
50.219	731	2	1
50.219	732	3	1
50.219	733	4	1
50.426	734	1	1
50.426	735	3	1
50.530	736	1	1
50.530	737	3	1
50.737	738	2	1
50.737	739	4	1
50.788	740	3	1
50.840	741	2	1
50.840	742	4	1
51.047	743	3	2
51.047	744	4	2
51.461	745	1	1
51.461	746	2	1
51.461	747	3	3
51.461	748	4	3
51.668	749	1	1
51.668	750	3	1
51.668	751	4	1
51.771	752	4	1
51.875	753	1	1
51.875	754	2	1
51.875	755	3	1
51.978	756	1	1
52.082	757	2	1
52.082	758	3	1
52.082	759	4	1
52.185	760	1	1
52.237	761	3	1
52.288	762	1	1
52.288	763	2	1
52.288	764	4	1
52.392	765	4	1
52.495	766	1	1
52.495	767	2	1
52.495	768	3	1
52.599	769	1	1
52.702	770	2	1
52.702	771	3	1
52.702	772	4	1
52.806	773	3	1
52.909	774	1	1
52.909	775	2	1
52.909	776	4	1
53.013	777	2	1
53.064	778	3	1
53.116	779	1	1
53.116	780	4	1
53.219	781	4	1
53.323	782	1	1
53.323	783	2	1
53.323	784	3	1
53.426	785	1	1
53.530	786	2	1
53.530	787	3	1
53.530	788	4	1
53.633	789	3	1
53.685	790	2	1
53.737	791	1	1
53.737	792	4	1
53.840	793	2	1
53.840	794	3	1
53.944	795	1	1
53.944	796	3	1
53.944	797	4	1
54.047	798	2	1
54.099	799	3	1
54.151	800	1	1
54.151	801	4	1
54.254	802	1	1
54.254	803	2	1
54.357	804	3	1
54.357	805	4	1
54.461	806	3	1
54.461	807	4	1
54.564	808	1	1
54.564	809	2	1
54.668	810	1	1
54.668	811	2	1
54.771	812	1	1
54.771	813	2	1
54.771	814	3	1
54.771	815	4	1
54.978	816	3	1
54.978	817	4	1
55.030	818	1	1
55.030	819	2	1
55.082	820	3	1
55.082	821	4	1
55.133	822	1	1
55.133	823	2	1
55.185	824	4	1
55.237	825	3	1
55.288	826	1	1
55.340	827	2	1
55.392	828	3	1
55.444	829	4	1
55.495	830	2	1
55.547	831	1	1
55.599	832	4	1
55.651	833	3	1
55.702	834	1	1
55.754	835	2	1
55.806	836	3	1
55.857	837	4	1
55.909	838	2	1
55.961	839	1	1
56.013	840	3	1
56.013	841	4	1
56.064	842	1	1
56.064	843	2	1
56.116	844	3	1
56.219	845	2	1
56.219	846	4	1
56.323	847	2	1
56.426	848	1	1
56.426	849	3	1
56.426	850	4	1
56.530	851	1	1
56.530	852	3	1
56.530	853	4	1
56.633	854	2	1
56.737	855	1	1
56.737	856	3	1
56.737	857	4	1
56.840	858	2	1
56.944	859	2	1
56.944	860	3	1
57.047	861	1	1
57.151	862	4	1
57.254	863	1	1
57.254	864	2	1
57.254	865	3	1
57.254	866	4	1
57.668	867	1	1
57.875	868	4	1
58.082	869	1	1
58.082	870	2	1
58.082	871	3	1
58.082	872	4	1
58.185	873	3	1
58.288	874	1	1
58.288	875	2	1
58.288	876	4	1
58.392	877	2	1
58.495	878	3	1
58.495	879	4	1
58.599	880	3	1
58.599	881	4	1
58.702	882	1	1
58.702	883	2	1
58.702	884	4	1
58.806	885	1	1
58.806	886	2	1
58.909	887	3	1
59.013	888	1	1
59.013	889	2	1
59.116	890	1	1
59.116	891	3	1
59.116	892	4	1
59.219	893	2	1
59.323	894	3	1
59.323	895	4	1
59.426	896	1	1
59.426	897	2	1
59.530	898	1	1
59.530	899	3	1
59.530	900	4	1
59.633	901	4	1
59.737	902	2	1
59.737	903	3	1
59.840	904	2	1
59.944	905	1	1
59.944	906	3	1
59.944	907	4	1
60.047	908	4	1
60.151	909	1	1
60.151	910	2	1
60.254	911	1	1
60.254	912	3	1
60.357	913	2	1
60.357	914	3	1
60.357	915	4	1
60.461	916	1	1
60.461	917	4	1
60.564	918	2	1
60.668	919	3	1
60.668	920	4	1
60.771	921	1	1
60.771	922	2	1
60.771	923	4	1
60.875	924	3	1
60.978	925	1	1
60.978	926	2	1
61.082	927	1	1
61.082	928	2	1
61.185	929	1	1
61.185	930	3	1
61.185	931	4	1
61.288	932	4	1
61.392	933	1	1
61.392	934	2	1
61.392	935	3	1
61.392	936	4	1
61.495	937	2	1
61.599	938	1	1
61.599	939	3	1
61.599	940	4	1
61.702	941	4	1
61.806	942	2	1
61.806	943	3	1
61.909	944	2	1
61.909	945	3	1
62.013	946	1	1
62.013	947	2	1
62.013	948	4	1
62.116	949	1	1
62.116	950	3	1
62.219	951	2	1
62.323	952	3	1
62.323	953	4	1
62.426	954	1	1
62.426	955	2	1
62.426	956	4	1
62.530	957	1	1
62.633	958	3	1
62.633	959	4	1
62.737	960	3	1
62.737	961	4	1
62.840	962	1	1
62.840	963	2	1
62.840	964	4	1
62.944	965	1	1
62.944	966	2	1
63.047	967	1	1
63.047	968	3	1
63.047	969	4	1
63.151	970	1	1
63.151	971	3	1
63.151	972	4	1
63.254	973	2	1
63.254	974	3	1
63.357	975	1	1
63.357	976	2	1
63.357	977	4	1
63.461	978	1	1
63.461	979	2	1
63.461	980	4	1
63.564	981	3	1
63.564	982	4	1
63.616	983	2	1
63.668	984	1	1
63.668	985	3	1
63.771	986	1	1
63.771	987	2	1
63.875	988	3	1
63.875	989	4	1
63.926	990	1	1
63.926	991	2	1
63.978	992	3	1
64.030	993	2	1
64.082	994	1	1
64.082	995	4	1
64.133	996	3	1
64.185	997	2	1
64.237	998	4	1
64.288	999	1	1
64.288	1000	3	1
64.495	1001	2	1
64.495	1002	4	1
64.599	1003	2	1
64.599	1004	4	1
64.702	1005	1	1
64.702	1006	2	1
64.702	1007	3	1
64.806	1008	3	1
64.909	1009	1	1
64.909	1010	2	1
64.909	1011	4	1
65.013	1012	1	1
65.116	1013	3	1
65.116	1014	4	1
65.219	1015	2	1
65.219	1016	3	1
65.323	1017	1	1
65.323	1018	2	1
65.323	1019	4	1
65.426	1020	1	1
65.426	1021	3	1
65.530	1022	4	1
65.633	1023	1	1
65.633	1024	3	1
65.737	1025	1	1
65.737	1026	2	1
65.737	1027	4	1
65.840	1028	3	1
65.944	1029	1	1
65.944	1030	2	1
66.047	1031	1	1
66.047	1032	2	1
66.151	1033	1	1
66.151	1034	3	1
66.151	1035	4	1
66.254	1036	4	1
66.357	1037	1	1
66.357	1038	2	1
66.461	1039	2	1
66.564	1040	1	1
66.564	1041	3	1
66.564	1042	4	1
66.668	1043	4	1
66.771	1044	1	1
66.771	1045	2	1
66.875	1046	1	1
66.875	1047	2	1
66.978	1048	1	1
66.978	1049	3	1
66.978	1050	4	1
67.082	1051	2	1
67.082	1052	4	1
67.185	1053	3	1
67.288	1054	1	1
67.288	1055	4	1
67.392	1056	2	1
67.392	1057	3	1
67.392	1058	4	1
67.495	1059	1	1
67.599	1060	3	1
67.599	1061	4	1
67.702	1062	1	1
67.702	1063	2	1
67.806	1064	1	1
67.806	1065	3	1
67.806	1066	4	1
67.909	1067	3	1
67.909	1068	4	1
68.013	1069	1	1
68.013	1070	2	1
68.013	1071	4	1
68.116	1072	3	1
68.219	1073	1	1
68.219	1074	2	1
68.219	1075	4	1
68.323	1076	1	1
68.323	1077	3	1
68.426	1078	2	1
68.426	1079	3	1
68.426	1080	4	1
68.530	1081	1	1
68.530	1082	2	1
68.633	1083	1	1
68.633	1084	3	1
68.633	1085	4	1
68.737	1086	2	1
68.737	1087	3	1
68.788	1088	1	1
68.840	1089	2	1
68.840	1090	4	1
68.944	1091	3	1
68.944	1092	4	1
69.047	1093	1	1
69.047	1094	2	1
69.047	1095	3	1
69.151	1096	2	1
69.151	1097	4	1
69.254	1098	1	1
69.254	1099	3	1
69.254	1100	4	1
69.357	1101	1	1
69.357	1102	2	1
69.409	1103	4	1
69.461	1104	3	1
69.564	1105	1	1
69.564	1106	2	1
69.668	1107	3	1
69.668	1108	4	1
69.771	1109	1	1
69.823	1110	2	1
69.875	1111	4	1
69.926	1112	3	1
69.978	1113	1	1
69.978	1114	2	1
70.030	1115	3	1
70.030	1116	4	1
70.082	1117	1	1
70.133	1118	2	1
70.185	1119	4	1
70.237	1120	3	1
70.288	1121	1	1
70.288	1122	2	1
70.340	1123	3	1
70.340	1124	4	1
70.392	1125	2	1
70.444	1126	1	1
70.495	1127	3	1
70.495	1128	4	1
70.547	1129	1	1
70.547	1130	2	1
70.599	1131	3	1
70.599	1132	4	1
70.651	1133	1	1
70.651	1134	2	1
70.702	1135	4	1
70.754	1136	3	1
70.806	1137	1	1
70.857	1138	2	1
70.909	1139	3	1
70.909	1140	4	1
71.116	1141	1	1
71.116	1142	2	1
71.323	1143	1	1
71.323	1144	3	1
71.323	1145	4	1
71.426	1146	3	1
71.530	1147	1	1
71.530	1148	2	1
71.530	1149	4	1
71.633	1150	2	1
71.737	1151	3	1
71.737	1152	4	1
71.840	1153	1	1
71.840	1154	2	1
71.944	1155	1	1
71.944	1156	3	1
71.944	1157	4	1
72.047	1158	2	1
72.047	1159	3	1
72.151	1160	4	1
72.254	1161	1	1
72.254	1162	2	1
72.357	1163	1	1
72.357	1164	3	1
72.357	1165	4	1
72.461	1166	2	1
72.564	1167	1	1
72.564	1168	4	1
72.668	1169	2	1
72.668	1170	3	1
72.771	1171	1	1
72.771	1172	3	1
72.771	1173	4	1
72.875	1174	1	1
72.875	1175	2	1
72.978	1176	3	1
73.082	1177	1	1
73.082	1178	4	1
73.185	1179	2	1
73.185	1180	3	1
73.185	1181	4	1
73.288	1182	1	1
73.392	1183	2	1
73.392	1184	3	1
73.495	1185	1	1
73.495	1186	4	1
73.599	1187	1	1
73.599	1188	2	1
73.599	1189	3	1
73.702	1190	3	1
73.702	1191	4	1
73.806	1192	2	1
73.909	1193	3	1
73.909	1194	4	1
74.013	1195	1	1
74.013	1196	2	1
74.013	1197	4	1
74.116	1198	3	1
74.219	1199	1	1
74.219	1200	2	1
74.323	1201	3	1
74.323	1202	4	1
74.426	1203	1	1
74.426	1204	2	1
74.426	1205	4	1
74.530	1206	3	1
74.633	1207	1	1
74.633	1208	2	1
74.633	1209	4	1
74.737	1210	2	1
74.840	1211	1	1
74.840	1212	3	1
74.840	1213	4	1
74.944	1214	3	1
75.047	1215	2	1
75.047	1216	4	1
75.151	1217	1	1
75.151	1218	3	1
75.254	1219	2	1
75.254	1220	3	1
75.254	1221	4	1
75.357	1222	1	1
75.357	1223	2	1
75.461	1224	4	1
75.564	1225	2	1
75.564	1226	3	1
75.668	1227	1	1
75.668	1228	3	1
75.668	1229	4	1
75.771	1230	2	1
75.875	1231	3	1
75.875	1232	4	1
75.978	1233	1	1
75.978	1234	2	1
76.082	1235	1	1
76.082	1236	3	1
76.082	1237	4	1
76.185	1238	2	1
76.185	1239	3	1
76.288	1240	1	1
76.288	1241	2	1
76.288	1242	4	1
76.392	1243	3	1
76.392	1244	4	1
76.495	1245	1	1
76.495	1246	2	1
76.495	1247	3	1
76.599	1248	2	1
76.702	1249	1	1
76.702	1250	4	1
76.806	1251	2	1
76.806	1252	3	1
76.909	1253	1	1
76.909	1254	2	1
76.909	1255	4	1
77.013	1256	3	1
77.013	1257	4	1
77.116	1258	1	1
77.116	1259	2	1
77.116	1260	3	1
77.219	1261	4	1
77.323	1262	2	1
77.426	1263	1	1
77.530	1264	3	1
77.530	1265	4	1
77.582	1266	1	1
77.582	1267	2	1
77.633	1268	4	1
77.685	1269	3	1
77.737	1270	1	1
77.788	1271	2	1
77.840	1272	3	1
77.892	1273	4	1
77.944	1274	1	1
77.944	1275	2	1
78.047	1276	2	1
78.151	1277	1	1
78.151	1278	3	1
78.151	1279	4	1
78.254	1280	3	1
78.357	1281	1	1
78.357	1282	2	1
78.461	1283	3	1
78.461	1284	4	1
78.564	1285	1	1
78.564	1286	2	1
78.564	1287	4	1
78.668	1288	2	1
78.668	1289	3	1
78.771	1290	1	1
78.875	1291	3	1
78.875	1292	4	1
78.978	1293	1	1
78.978	1294	2	1
78.978	1295	4	1
79.082	1296	3	1
79.185	1297	1	1
79.185	1298	4	1
79.288	1299	2	1
79.288	1300	3	1
79.392	1301	1	1
79.392	1302	2	1
79.392	1303	4	1
79.495	1304	3	1
79.495	1305	4	1
79.599	1306	2	1
79.702	1307	1	1
79.702	1308	4	1
79.806	1309	1	1
79.806	1310	2	1
79.806	1311	3	1
79.909	1312	4	1
80.013	1313	2	1
80.013	1314	3	1
80.116	1315	1	1
80.116	1316	4	1
80.219	1317	2	1
80.219	1318	3	1
80.219	1319	4	1
80.323	1320	1	1
80.323	1321	2	1
80.426	1322	3	1
80.530	1323	1	1
80.530	1324	2	1
80.633	1325	1	1
80.633	1326	3	1
80.633	1327	4	1
80.737	1328	2	1
80.840	1329	3	1
80.840	1330	4	1
80.944	1331	1	1
80.944	1332	2	1
81.047	1333	1	1
81.047	1334	3	1
81.047	1335	4	1
81.151	1336	2	1
81.202	1337	3	1
81.254	1338	1	1
81.254	1339	2	1
81.254	1340	4	1
81.357	1341	4	1
81.461	1342	1	1
81.461	1343	2	1
81.461	1344	3	1
81.564	1345	1	1
81.668	1346	2	1
81.668	1347	3	1
81.668	1348	4	1
81.771	1349	3	1
81.875	1350	1	1
81.875	1351	2	1
81.875	1352	4	1
81.978	1353	3	1
82.030	1354	2	1
82.082	1355	1	1
82.082	1356	3	1
82.082	1357	4	1
82.185	1358	1	1
82.288	1359	2	1
82.288	1360	3	1
82.288	1361	4	1
82.392	1362	4	1
82.495	1363	1	1
82.495	1364	2	1
82.495	1365	3	1
82.599	1366	2	1
82.702	1367	1	1
82.702	1368	3	1
82.702	1369	4	1
82.806	1370	2	1
82.857	1371	3	1
82.909	1372	1	1
82.909	1373	2	1
82.978	1374	3	1
82.978	1375	4	1
83.047	1376	1	1
83.047	1377	2	1
83.116	1378	4	1
83.185	1379	3	1
83.254	1380	2	1
83.323	1381	1	1
83.323	1382	4	1
83.392	1383	2	1
83.461	1384	3	1
83.530	1385	4	1
83.599	1386	1	1
83.668	1387	2	1
83.737	1388	3	1
83.737	1389	4	1
83.806	1390	2	1
83.875	1391	1	1
83.944	1392	4	1
84.013	1393	3	1
84.082	1394	2	1
84.151	1395	1	2
84.151	1396	3	1
84.151	1397	4	2
85.599	1398	3	1
85.599	1399	1	3
85.599	1400	4	3
85.702	1401	2	1
85.806	1402	1	1
85.806	1403	4	1
86.013	1404	2	1
86.013	1405	3	1
86.219	1406	1	1
86.219	1407	3	1
86.219	1408	4	1
86.323	1409	2	1
86.426	1410	1	1
86.426	1411	4	1
86.530	1412	2	1
86.633	1413	3	1
86.633	1414	4	1
86.737	1415	3	1
86.737	1416	4	1
86.840	1417	1	1
86.840	1418	2	1
86.944	1419	3	1
86.944	1420	4	1
87.047	1421	1	1
87.151	1422	2	1
87.151	1423	4	1
87.254	1424	1	1
87.254	1425	3	1
87.357	1426	2	1
87.461	1427	1	1
87.461	1428	4	1
87.564	1429	1	1
87.564	1430	4	1
87.668	1431	2	1
87.668	1432	3	1
87.771	1433	4	1
87.875	1434	1	1
87.875	1435	2	1
87.978	1436	3	1
88.082	1437	1	1
88.082	1438	4	1
88.185	1439	2	1
88.288	1440	3	1
88.288	1441	4	1
88.392	1442	3	1
88.392	1443	4	1
88.495	1444	1	1
88.495	1445	2	1
88.599	1446	3	1
88.599	1447	4	1
88.702	1448	1	1
88.806	1449	2	1
88.806	1450	3	1
88.909	1451	1	1
88.909	1452	4	1
89.013	1453	2	1
89.116	1454	1	1
89.116	1455	3	1
89.219	1456	1	1
89.219	1457	3	1
89.323	1458	2	1
89.323	1459	4	1
89.426	1460	1	1
89.530	1461	2	1
89.530	1462	3	1
89.530	1463	4	1
89.633	1464	4	1
89.737	1465	1	1
89.737	1466	2	1
89.840	1467	1	1
89.944	1468	2	1
89.944	1469	3	1
90.047	1470	2	1
90.047	1471	3	1
90.151	1472	1	1
90.151	1473	4	1
90.254	1474	2	1
90.254	1475	3	1
90.357	1476	4	1
90.461	1477	1	1
90.461	1478	2	1
90.564	1479	3	1
90.564	1480	4	1
90.668	1481	1	1
90.771	1482	2	1
90.771	1483	4	1
90.875	1484	2	1
90.875	1485	4	1
90.978	1486	1	1
90.978	1487	3	1
91.082	1488	2	1
91.082	1489	4	1
91.185	1490	1	1
91.185	1491	3	1
91.185	1492	4	1
91.288	1493	3	1
91.392	1494	1	1
91.392	1495	2	1
91.495	1496	1	1
91.495	1497	2	1
91.599	1498	4	1
91.702	1499	3	1
91.806	1500	1	1
91.806	1501	2	1
91.909	1502	3	1
91.909	1503	4	1
92.013	1504	1	1
92.013	1505	2	1
92.064	1506	3	1
92.064	1507	4	1
92.116	1508	1	1
92.168	1509	2	1
92.219	1510	4	1
92.271	1511	3	1
92.323	1512	2	1
92.375	1513	1	1
92.426	1514	3	1
92.426	1515	4	1
92.478	1516	1	1
92.478	1517	2	1
92.633	1518	3	1
92.633	1519	4	1
92.737	1520	2	1
92.840	1521	1	1
92.840	1522	3	1
92.840	1523	4	1
92.944	1524	4	1
93.047	1525	1	1
93.047	1526	2	1
93.047	1527	3	1
93.151	1528	1	1
93.254	1529	2	1
93.254	1530	4	1
93.357	1531	2	1
93.357	1532	4	1
93.461	1533	1	1
93.461	1534	3	1
93.564	1535	2	1
93.564	1536	4	1
93.668	1537	1	1
93.771	1538	3	1
93.771	1539	4	1
93.875	1540	1	1
93.875	1541	2	1
93.978	1542	3	1
94.082	1543	1	1
94.082	1544	4	1
94.185	1545	1	1
94.185	1546	4	1
94.288	1547	2	1
94.288	1548	3	1
94.392	1549	4	1
94.495	1550	1	1
94.495	1551	2	1
94.599	1552	3	1
94.702	1553	1	1
94.702	1554	4	1
94.806	1555	2	1
94.909	1556	3	1
94.909	1557	4	1
95.013	1558	3	1
95.013	1559	4	1
95.116	1560	1	1
95.116	1561	2	1
95.219	1562	3	1
95.219	1563	4	1
95.323	1564	1	1
95.426	1565	2	1
95.426	1566	4	1
95.530	1567	1	1
95.530	1568	3	1
95.633	1569	2	1
95.737	1570	1	1
95.737	1571	4	1
95.840	1572	1	1
95.840	1573	4	1
95.944	1574	2	1
95.944	1575	3	1
96.047	1576	4	1
96.151	1577	1	1
96.151	1578	2	1
96.151	1579	3	1
96.357	1580	3	1
96.357	1581	4	1
96.564	1582	1	1
96.564	1583	2	1
96.668	1584	1	1
96.668	1585	2	1
96.771	1586	3	1
96.771	1587	4	1
96.875	1588	1	1
96.875	1589	2	1
97.082	1590	1	1
97.082	1591	4	1
97.185	1592	2	1
97.185	1593	3	1
97.288	1594	1	1
97.288	1595	4	1
97.392	1596	1	1
97.392	1597	2	1
97.444	1598	3	1
97.444	1599	4	1
97.495	1600	2	1
97.547	1601	1	1
97.599	1602	4	1
97.651	1603	3	1
97.702	1604	2	1
97.754	1605	1	1
97.806	1606	3	1
97.806	1607	4	1
97.875	1608	1	1
97.944	1609	2	1
98.013	1610	3	1
98.082	1611	4	1
98.151	1612	3	1
98.219	1613	2	1
98.288	1614	1	1
98.357	1615	2	1
98.426	1616	3	1
98.495	1617	4	1
98.564	1618	3	1
98.633	1619	1	1
98.633	1620	2	1
98.737	1621	1	1
98.737	1622	2	1
98.840	1623	3	1
98.840	1624	4	1
98.944	1625	3	1
98.944	1626	4	1
99.047	1627	1	1
99.047	1628	2	1
99.099	1629	4	1
99.151	1630	2	1
99.151	1631	3	1
99.202	1632	1	1
99.254	1633	3	1
99.254	1634	4	1
99.306	1635	2	1
99.357	1636	1	1
99.357	1637	4	1
99.409	1638	3	1
99.461	1639	1	1
99.461	1640	2	1
99.911	1641	3	1
99.911	1642	4	1
99.986	1643	3	1
99.986	1644	4	1
100.061	1645	1	1
100.061	1646	2	1
100.286	1647	1	1
100.286	1648	3	1
100.511	1649	2	1
100.511	1650	4	1
100.661	1651	1	1
100.661	1652	2	1
100.661	1653	3	1
100.661	1654	4	1
100.811	1655	3	1
100.811	1656	4	1
100.961	1657	1	1
101.111	1658	3	1
101.111	1659	4	1
101.261	1660	1	1
101.261	1661	2	1
101.261	1662	3	1
101.261	1663	4	1
101.411	1664	2	1
101.561	1665	1	1
101.561	1666	3	1
101.711	1667	3	1
101.711	1668	4	1
101.861	1669	1	1
101.861	1670	2	1
101.861	1671	4	1
102.011	1672	1	1
102.011	1673	3	1
102.086	1674	1	1
102.086	1675	3	1
102.161	1676	2	1
102.161	1677	4	1
102.311	1678	3	1
102.311	1679	4	1
102.461	1680	1	1
102.461	1681	2	1
102.461	1682	3	1
102.461	1683	4	1
102.611	1684	1	1
102.611	1685	2	1
102.761	1686	3	1
102.911	1687	3	1
103.061	1688	1	1
103.061	1689	2	1
103.061	1690	4	1
103.211	1691	1	1
103.211	1692	4	1
103.361	1693	3	1
103.511	1694	1	1
103.511	1695	2	1
103.661	1696	1	1
103.661	1697	2	1
103.661	1698	3	1
103.661	1699	4	1
103.811	1700	4	1
103.961	1701	1	1
103.961	1702	3	1
104.111	1703	1	1
104.111	1704	2	1
104.261	1705	2	1
104.261	1706	3	1
104.261	1707	4	1
104.411	1708	3	1
104.411	1709	4	1
104.486	1710	3	1
104.486	1711	4	1
104.561	1712	1	1
104.561	1713	2	1
104.711	1714	3	1
104.711	1715	4	1
104.861	1716	1	1
104.861	1717	2	1
104.861	1718	3	1
104.861	1719	4	1
105.011	1720	1	1
105.011	1721	2	1
105.086	1722	4	1
105.161	1723	3	1
105.311	1724	2	1
105.461	1725	1	1
105.461	1726	2	1
105.461	1727	3	1
105.461	1728	4	1
105.611	1729	3	1
105.611	1730	4	1
105.761	1731	2	1
105.911	1732	1	1
105.911	1733	4	1
105.986	1734	1	1
105.986	1735	4	1
106.061	1736	2	1
106.061	1737	3	1
106.211	1738	1	1
106.211	1739	4	1
106.361	1740	1	1
106.361	1741	2	1
106.511	1742	3	1
106.511	1743	4	1
106.661	1744	1	1
106.661	1745	2	1
106.661	1746	3	1
106.661	1747	4	1
106.811	1748	1	1
106.811	1749	2	1
106.886	1750	1	1
106.886	1751	2	1
106.961	1752	3	1
106.961	1753	4	1
107.111	1754	1	1
107.111	1755	2	1
107.261	1756	3	1
107.261	1757	4	1
107.336	1758	3	1
107.336	1759	4	1
107.411	1760	1	1
107.411	1761	2	1
107.486	1762	3	1
107.561	1763	1	1
107.636	1764	2	1
107.636	1765	4	1
107.711	1766	3	1
107.786	1767	1	1
107.861	1768	2	1
107.861	1769	3	1
107.861	1770	4	1
108.011	1771	1	1
108.011	1772	2	1
108.161	1773	1	1
108.161	1774	4	1
108.311	1775	2	1
108.311	1776	3	1
108.461	1777	1	1
108.461	1778	2	1
108.461	1779	3	1
108.461	1780	4	1
108.611	1781	1	1
108.611	1782	4	1
108.761	1783	3	1
108.761	1784	4	1
108.911	1785	1	1
108.911	1786	2	1
109.061	1787	2	1
109.061	1788	3	1
109.061	1789	4	1
109.211	1790	1	1
109.211	1791	3	1
109.361	1792	1	1
109.361	1793	2	1
109.511	1794	3	1
109.511	1795	4	1
109.586	1796	3	1
109.586	1797	4	1
109.661	1798	1	1
109.661	1799	2	1
109.811	1800	1	1
109.811	1801	3	1
109.961	1802	2	1
109.961	1803	4	1
110.111	1804	3	1
110.111	1805	4	1
110.261	1806	1	1
110.261	1807	2	1
110.261	1808	3	1
110.411	1809	1	1
110.411	1810	2	1
110.561	1811	3	1
110.561	1812	4	1
110.711	1813	2	1
110.711	1814	4	1
110.861	1815	1	1
110.861	1816	2	1
110.861	1817	3	1
110.861	1818	4	1
111.011	1819	1	1
111.011	1820	3	1
111.161	1821	1	1
111.161	1822	2	1
111.311	1823	2	1
111.311	1824	4	1
111.461	1825	1	1
111.461	1826	3	1
111.461	1827	4	1
111.611	1828	2	1
111.611	1829	3	1
111.761	1830	1	1
111.761	1831	4	1
111.911	1832	1	1
111.911	1833	2	1
111.986	1834	1	1
111.986	1835	2	1
112.061	1836	3	1
112.061	1837	4	1
112.211	1838	3	1
112.211	1839	4	1
112.286	1840	3	1
112.286	1841	4	1
112.361	1842	1	1
112.361	1843	2	1
112.511	1844	3	1
112.511	1845	4	1
112.586	1846	1	1
112.586	1847	2	1
112.661	1848	3	1
112.661	1849	4	1
112.736	1850	1	1
112.811	1851	2	1
112.811	1852	3	1
112.886	1853	4	1
112.961	1854	1	1
112.961	1855	3	1
113.036	1856	2	1
113.111	1857	1	1
113.186	1858	3	1
113.261	1859	1	1
113.261	1860	2	1
113.261	1861	4	1
113.336	1862	3	1
113.411	1863	4	1
113.486	1864	1	1
113.561	1865	3	1
113.561	1866	4	1
113.636	1867	2	1
113.711	1868	1	1
113.786	1869	4	1
113.861	1870	1	1
113.861	1871	3	1
113.936	1872	2	1
114.011	1873	3	1
114.086	1874	4	1
114.161	1875	1	1
114.161	1876	2	1
114.236	1877	3	1
114.311	1878	1	1
114.386	1879	2	1
114.461	1880	3	1
114.461	1881	4	1
114.536	1882	1	1
114.536	1883	2	1
114.611	1884	4	1
114.686	1885	3	1
114.761	1886	1	1
114.836	1887	2	1
114.911	1888	3	1
114.986	1889	4	1
115.061	1890	1	1
115.061	1891	2	1
115.361	1892	1	1
115.511	1893	3	2
115.811	1894	2	2
115.811	1895	3	3
116.111	1896	1	1
116.111	1897	2	3
116.261	1898	4	2
116.411	1899	3	1
116.486	1900	2	1
116.561	1901	1	1
116.561	1902	4	3
116.711	1903	3	1
116.861	1904	1	1
116.861	1905	2	1
116.861	1906	3	1
116.861	1907	4	1
117.011	1908	1	1
117.011	1909	2	1
117.011	1910	3	1
117.011	1911	4	1
117.161	1912	1	1
117.161	1913	2	1
117.161	1914	3	1
117.161	1915	4	1
117.461	1916	4	2
117.761	1917	3	1
117.761	1918	4	3
117.911	1919	2	2
118.211	1920	1	1
118.211	1921	2	3
118.361	1922	2	1
118.436	1923	3	1
118.511	1924	4	1
118.661	1925	1	1
118.661	1926	2	1
118.661	1927	3	1
118.661	1928	4	1
118.961	1929	3	1
118.961	1930	4	1
119.061	1931	1	1
119.061	1932	2	1
119.161	1933	3	1
119.161	1934	4	1
119.261	1935	1	1
119.261	1936	2	1
119.411	1937	3	1
119.411	1938	4	1
119.561	1939	3	1
119.561	1940	4	1
119.711	1941	3	1
119.711	1942	4	1
119.861	1943	1	1
119.861	1944	2	1
119.861	1945	3	1
119.861	1946	4	1
120.161	1947	1	1
120.311	1948	3	2
120.611	1949	2	2
120.611	1950	3	3
120.911	1951	1	1
120.911	1952	2	3
121.061	1953	4	2
121.211	1954	3	1
121.286	1955	2	1
121.361	1956	1	1
121.361	1957	4	3
121.511	1958	1	1
121.511	1959	2	1
121.511	1960	3	1
121.511	1961	4	1
121.661	1962	1	1
121.661	1963	2	1
121.661	1964	3	1
121.661	1965	4	1
121.811	1966	1	1
121.811	1967	2	1
121.811	1968	3	1
121.811	1969	4	1
121.961	1970	1	1
121.961	1971	2	1
121.961	1972	3	1
121.961	1973	4	1
122.261	1974	4	2
122.561	1975	3	1
122.561	1976	4	3
122.711	1977	2	2
123.011	1978	1	1
123.011	1979	2	3
123.161	1980	2	1
123.461	1981	1	1
123.461	1982	2	1
123.461	1983	3	1
123.461	1984	4	1
123.661	1985	1	1
123.661	1986	2	1
123.661	1987	4	1
123.761	1988	1	1
123.761	1989	3	1
123.861	1990	2	1
123.911	1991	3	1
123.961	1992	4	1
124.011	1993	1	1
124.061	1994	2	1
124.061	1995	3	1
124.288	1996	1	1
124.288	1997	2	1
124.288	1998	3	1
124.288	1999	4	1
124.391	2000	2	1
124.494	2001	1	1
124.494	2002	3	1
124.494	2003	4	1
124.598	2004	3	1
124.701	2005	1	1
124.701	2006	2	1
124.805	2007	1	1
124.805	2008	2	1
124.908	2009	1	1
124.908	2010	3	1
124.908	2011	4	1
125.012	2012	3	1
125.012	2013	4	1
125.115	2014	2	1
125.219	2015	3	1
125.219	2016	4	1
125.322	2017	1	1
125.322	2018	2	1
125.322	2019	4	1
125.425	2020	3	1
125.529	2021	1	1
125.529	2022	2	1
125.632	2023	3	1
125.632	2024	4	1
125.736	2025	1	1
125.736	2026	2	1
125.736	2027	4	1
125.839	2028	1	1
125.943	2029	2	1
125.943	2030	3	1
126.046	2031	3	1
126.150	2032	1	1
126.150	2033	2	1
126.150	2034	4	1
126.253	2035	1	1
126.356	2036	3	1
126.356	2037	4	1
126.460	2038	2	1
126.460	2039	4	1
126.563	2040	1	1
126.563	2041	2	1
126.563	2042	3	1
126.667	2043	1	1
126.667	2044	4	1
126.770	2045	3	1
126.874	2046	1	1
126.874	2047	2	1
126.977	2048	1	1
126.977	2049	3	1
126.977	2050	4	1
127.081	2051	2	1
127.184	2052	3	1
127.184	2053	4	1
127.288	2054	3	1
127.288	2055	4	1
127.391	2056	1	1
127.391	2057	2	1
127.391	2058	4	1
127.494	2059	1	1
127.598	2060	1	1
127.598	2061	2	1
127.598	2062	3	1
127.598	2063	4	1
127.701	2064	3	1
127.805	2065	1	1
127.805	2066	2	1
127.805	2067	4	1
127.908	2068	1	1
128.012	2069	2	1
128.012	2070	3	1
128.115	2071	2	1
128.115	2072	3	1
128.219	2073	1	1
128.219	2074	3	1
128.219	2075	4	1
128.322	2076	2	1
128.322	2077	4	1
128.425	2078	3	1
128.529	2079	1	1
128.529	2080	2	1
128.632	2081	1	1
128.632	2082	3	1
128.632	2083	4	1
128.736	2084	4	1
128.839	2085	1	1
128.839	2086	2	1
128.943	2087	1	1
128.943	2088	2	1
129.046	2089	1	1
129.046	2090	3	1
129.046	2091	4	1
129.150	2092	3	1
129.150	2093	4	1
129.253	2094	1	1
129.253	2095	2	1
129.253	2096	4	1
129.356	2097	1	1
129.356	2098	2	1
129.356	2099	4	1
129.460	2100	2	1
129.460	2101	3	1
129.563	2102	1	1
129.563	2103	3	1
129.563	2104	4	1
129.667	2105	1	1
129.667	2106	3	1
129.667	2107	4	1
129.770	2108	1	1
129.770	2109	2	1
129.822	2110	3	1
129.874	2111	2	1
129.874	2112	4	1
129.977	2113	3	1
129.977	2114	4	1
130.081	2115	1	1
130.081	2116	2	1
130.132	2117	3	1
130.132	2118	4	1
130.184	2119	2	1
130.236	2120	3	1
130.288	2121	1	1
130.288	2122	4	1
130.339	2123	2	1
130.391	2124	3	1
130.443	2125	1	1
130.494	2126	2	1
130.494	2127	4	1
130.701	2128	1	1
130.701	2129	3	1
130.805	2130	1	1
130.805	2131	3	1
130.908	2132	2	1
130.908	2133	3	1
130.908	2134	4	1
131.012	2135	2	1
131.115	2136	1	1
131.115	2137	3	1
131.115	2138	4	1
131.219	2139	4	1
131.322	2140	1	1
131.322	2141	2	1
131.425	2142	2	1
131.425	2143	3	1
131.529	2144	1	1
131.529	2145	3	1
131.529	2146	4	1
131.632	2147	2	1
131.632	2148	4	1
131.736	2149	1	1
131.839	2150	2	1
131.839	2151	4	1
131.943	2152	1	1
131.943	2153	3	1
131.943	2154	4	1
132.046	2155	2	1
132.150	2156	3	1
132.150	2157	4	1
132.253	2158	3	1
132.253	2159	4	1
132.356	2160	1	1
132.356	2161	2	1
132.356	2162	4	1
132.460	2163	1	1
132.563	2164	3	1
132.563	2165	4	1
132.667	2166	3	1
132.770	2167	1	1
132.770	2168	2	1
132.770	2169	4	1
132.874	2170	1	1
132.977	2171	3	1
132.977	2172	4	1
133.081	2173	3	1
133.081	2174	4	1
133.184	2175	1	1
133.184	2176	2	1
133.184	2177	4	1
133.288	2178	1	1
133.288	2179	3	1
133.391	2180	2	1
133.494	2181	1	1
133.494	2182	4	1
133.598	2183	1	1
133.598	2184	2	1
133.598	2185	3	1
133.701	2186	4	1
133.805	2187	1	1
133.805	2188	2	1
133.908	2189	3	1
133.908	2190	4	1
134.012	2191	1	1
134.012	2192	2	1
134.012	2193	4	1
134.115	2194	1	1
134.115	2195	2	1
134.219	2196	1	1
134.219	2197	3	1
134.219	2198	4	1
134.322	2199	2	1
134.425	2200	1	1
134.425	2201	3	1
134.425	2202	4	1
134.529	2203	2	1
134.529	2204	4	1
134.632	2205	1	1
134.632	2206	2	1
134.632	2207	3	1
134.736	2208	3	1
134.736	2209	4	1
134.839	2210	1	1
134.839	2211	2	1
134.839	2212	4	1
134.943	2213	2	1
134.943	2214	3	1
134.994	2215	4	1
135.046	2216	1	1
135.046	2217	3	1
135.150	2218	1	1
135.150	2219	2	1
135.253	2220	2	1
135.253	2221	3	1
135.253	2222	4	1
135.356	2223	1	1
135.356	2224	3	1
135.460	2225	1	1
135.460	2226	2	1
135.460	2227	4	1
135.563	2228	3	1
135.563	2229	4	1
135.615	2230	1	1
135.667	2231	2	1
135.770	2232	3	1
135.770	2233	4	1
135.874	2234	1	1
135.874	2235	2	1
135.977	2236	4	1
136.029	2237	3	1
136.081	2238	1	1
136.132	2239	2	1
136.184	2240	3	1
136.184	2241	4	1
136.236	2242	1	1
136.236	2243	2	1
136.288	2244	4	1
136.339	2245	3	1
136.391	2246	1	1
136.443	2247	2	1
136.494	2248	3	1
136.494	2249	4	1
136.546	2250	1	1
136.546	2251	2	1
136.598	2252	3	1
136.650	2253	4	1
136.701	2254	1	1
136.701	2255	2	1
136.753	2256	3	1
136.753	2257	4	1
136.805	2258	1	1
136.805	2259	2	1
136.856	2260	3	1
136.856	2261	4	1
136.908	2262	1	1
136.960	2263	2	1
137.012	2264	4	1
137.063	2265	3	1
137.115	2266	1	1
137.115	2267	2	1
137.322	2268	3	1
137.322	2269	4	1
137.529	2270	1	1
137.529	2271	2	1
137.529	2272	3	1
137.529	2273	4	1
137.632	2274	2	1
137.736	2275	1	1
137.736	2276	3	1
137.736	2277	4	1
137.839	2278	3	1
137.839	2279	4	1
137.943	2280	1	1
137.943	2281	2	1
137.943	2282	4	1
138.046	2283	1	1
138.046	2284	2	1
138.150	2285	1	1
138.150	2286	3	1
138.150	2287	4	1
138.253	2288	2	1
138.253	2289	4	1
138.305	2290	3	1
138.356	2291	1	1
138.356	2292	2	1
138.460	2293	1	1
138.460	2294	4	1
138.563	2295	2	1
138.563	2296	3	1
138.563	2297	4	1
138.667	2298	2	1
138.667	2299	3	1
138.770	2300	1	1
138.770	2301	4	1
138.874	2302	1	1
138.874	2303	2	1
138.925	2304	3	1
138.977	2305	2	1
138.977	2306	4	1
139.081	2307	1	1
139.081	2308	3	1
139.184	2309	1	1
139.184	2310	2	1
139.236	2311	3	1
139.288	2312	2	1
139.288	2313	4	1
139.339	2314	1	1
139.391	2315	3	1
139.391	2316	4	1
139.443	2317	2	1
139.494	2318	1	1
139.494	2319	3	1
139.546	2320	4	1
139.598	2321	1	1
139.598	2322	2	1
139.650	2323	3	1
139.701	2324	2	1
139.701	2325	4	1
139.753	2326	1	1
139.805	2327	3	1
139.805	2328	4	1
139.856	2329	2	1
139.908	2330	1	1
139.908	2331	3	1
139.960	2332	4	1
140.012	2333	1	1
140.012	2334	2	1
140.063	2335	3	1
140.063	2336	4	1
140.115	2337	1	1
140.115	2338	2	1
140.167	2339	3	1
140.167	2340	4	1
140.219	2341	2	1
140.270	2342	1	1
140.322	2343	4	1
140.374	2344	3	1
140.425	2345	1	1
140.425	2346	2	1
140.632	2347	3	1
140.632	2348	4	1
140.839	2349	2	1
140.839	2350	3	1
140.839	2351	4	1
140.943	2352	1	1
141.046	2353	3	1
141.150	2354	2	1
141.253	2355	4	1
141.356	2356	3	1
141.460	2357	1	1
141.563	2358	2	1
141.667	2359	3	1
141.770	2360	4	1
141.874	2361	2	1
141.977	2362	3	1
142.081	2363	1	1
142.184	2364	2	1
142.288	2365	1	1
142.288	2366	4	1
142.391	2367	3	1
142.494	2368	1	1
142.494	2369	4	1
142.598	2370	2	1
142.701	2371	1	1
142.701	2372	3	1
142.701	2373	4	1
142.805	2374	2	1
142.908	2375	3	1
143.012	2376	4	1
143.115	2377	2	1
143.219	2378	1	1
143.322	2379	2	1
143.425	2380	4	1
143.529	2381	3	1
143.632	2382	2	1
143.736	2383	1	1
143.736	2384	4	1
143.839	2385	1	1
143.839	2386	4	1
143.943	2387	2	1
143.943	2388	3	1
144.150	2389	2	1
144.150	2390	3	1
144.150	2391	4	1
144.253	2392	1	1
144.356	2393	3	1
144.460	2394	2	1
144.563	2395	4	1
144.667	2396	3	1
144.770	2397	1	1
144.874	2398	2	1
144.977	2399	3	1
145.081	2400	4	1
145.184	2401	2	1
145.288	2402	3	1
145.391	2403	1	1
145.494	2404	2	1
145.598	2405	1	1
145.598	2406	4	1
145.701	2407	2	1
145.701	2408	3	1
145.805	2409	1	1
145.805	2410	4	1
145.908	2411	3	1
146.012	2412	1	1
146.012	2413	2	1
146.012	2414	4	1
146.115	2415	3	1
146.219	2416	1	1
146.322	2417	2	1
146.425	2418	1	1
146.425	2419	3	1
146.425	2420	4	1
146.529	2421	2	1
146.632	2422	4	1
146.736	2423	3	1
146.839	2424	1	1
146.839	2425	2	1
146.943	2426	1	1
146.943	2427	2	1
147.046	2428	3	1
147.046	2429	4	1
147.150	2430	3	1
147.150	2431	4	1
147.253	2432	1	1
147.253	2433	2	1
147.356	2434	3	1
147.460	2435	1	1
147.460	2436	2	1
147.460	2437	4	1
147.667	2438	1	1
147.667	2439	3	1
147.736	2440	2	1
147.736	2441	4	1
147.805	2442	1	1
147.805	2443	3	1
147.874	2444	2	1
147.874	2445	4	1
148.081	2446	4	1
148.288	2447	1	1
148.288	2448	2	1
148.288	2449	4	1
148.494	2450	1	1
148.494	2451	2	1
148.563	2452	3	1
148.563	2453	4	1
148.632	2454	1	1
148.632	2455	2	1
148.701	2456	3	1
148.701	2457	4	1
148.908	2458	1	1
149.115	2459	2	1
149.115	2460	3	1
149.115	2461	4	1
149.322	2462	1	1
149.322	2463	4	1
149.391	2464	2	1
149.391	2465	3	1
149.460	2466	1	1
149.460	2467	4	1
149.529	2468	2	1
149.529	2469	3	1
149.736	2470	1	1
149.736	2471	2	1
149.736	2472	4	1
149.943	2473	1	1
149.943	2474	3	1
149.943	2475	4	1
150.150	2476	2	1
150.150	2477	3	1
150.219	2478	1	1
150.219	2479	4	1
150.288	2480	2	1
150.288	2481	3	1
150.356	2482	1	1
150.356	2483	4	1
150.460	2484	3	1
150.563	2485	2	1
150.770	2486	1	1
150.770	2487	3	1
150.770	2488	4	1
150.874	2489	2	1
150.977	2490	4	1
151.081	2491	1	1
151.184	2492	3	1
151.184	2493	4	1
151.288	2494	1	1
151.288	2495	2	1
151.391	2496	3	1
151.391	2497	4	1
151.494	2498	1	1
151.494	2499	2	1
151.598	2500	3	1
151.598	2501	4	1
151.701	2502	1	1
151.701	2503	2	1
151.805	2504	3	1
151.805	2505	4	1
151.908	2506	1	1
151.908	2507	2	1
152.012	2508	4	1
152.063	2509	3	1
152.115	2510	1	1
152.167	2511	2	1
152.219	2512	3	1
152.270	2513	4	1
152.322	2514	2	1
152.374	2515	1	1
152.425	2516	3	1
152.425	2517	4	1
152.529	2518	3	1
152.529	2519	4	1
152.632	2520	1	1
152.736	2521	2	1
152.736	2522	4	1
152.839	2523	2	1
152.839	2524	4	1
152.943	2525	3	1
153.046	2526	1	1
153.046	2527	2	1
153.150	2528	1	1
153.150	2529	2	1
153.253	2530	3	1
153.356	2531	1	1
153.356	2532	2	1
153.356	2533	4	1
153.460	2534	1	1
153.460	2535	2	1
153.460	2536	3	1
153.460	2537	4	1
153.667	2538	3	1
153.667	2539	4	1
153.719	2540	1	1
153.719	2541	2	1
153.770	2542	4	1
153.822	2543	3	1
153.874	2544	1	1
153.925	2545	2	1
153.977	2546	3	1
154.029	2547	4	1
154.081	2548	1	2
154.081	2549	2	1
154.184	2550	2	1
154.288	2551	3	1
154.288	2552	4	1
154.391	2553	4	1
154.494	2554	2	1
154.494	2555	3	1
154.598	2556	2	1
154.598	2557	3	1
154.701	2558	3	1
154.701	2559	4	1
154.701	2560	1	3
154.805	2561	1	1
154.805	2562	2	1
154.908	2563	3	1
155.012	2564	2	1
155.012	2565	4	1
155.115	2566	1	1
155.115	2567	2	1
155.115	2568	3	1
155.184	2569	4	1
155.253	2570	1	1
155.322	2571	2	1
155.322	2572	3	1
155.425	2573	2	1
155.425	2574	3	1
155.529	2575	1	1
155.529	2576	3	1
155.529	2577	4	1
155.632	2578	2	1
155.736	2579	1	1
155.736	2580	4	1
155.839	2581	3	1
155.943	2582	1	1
155.943	2583	2	1
155.943	2584	4	1
156.046	2585	2	1
156.150	2586	3	1
156.150	2587	4	1
156.253	2588	3	1
156.253	2589	4	1
156.356	2590	1	1
156.356	2591	2	1
156.356	2592	4	1
156.460	2593	1	1
156.460	2594	2	1
156.563	2595	3	2
156.667	2596	1	1
156.667	2597	4	1
156.770	2598	1	1
156.770	2599	2	1
156.874	2600	4	1
156.874	2601	3	3
156.925	2602	2	1
156.977	2603	3	1
156.977	2604	4	1
157.046	2605	1	1
157.115	2606	2	1
157.184	2607	1	1
157.184	2608	3	1
157.184	2609	4	1
157.253	2610	2	1
157.322	2611	4	1
157.391	2612	1	2
157.391	2613	3	1
157.494	2614	2	1
157.598	2615	3	1
157.598	2616	4	1
157.701	2617	4	1
157.805	2618	2	1
157.805	2619	3	1
157.908	2620	2	1
157.908	2621	3	1
158.012	2622	2	1
158.012	2623	3	1
158.012	2624	1	3
158.081	2625	4	1
158.150	2626	1	1
158.219	2627	2	1
158.322	2628	3	1
158.322	2629	4	1
158.425	2630	1	1
158.425	2631	2	1
158.425	2632	4	1
158.494	2633	3	1
158.563	2634	2	1
158.632	2635	1	1
158.632	2636	4	1
158.736	2637	1	1
158.736	2638	4	1
158.839	2639	2	1
158.839	2640	3	1
158.839	2641	4	1
158.943	2642	2	1
159.046	2643	1	1
159.046	2644	3	1
159.046	2645	4	1
159.150	2646	1	1
159.150	2647	3	1
159.150	2648	4	1
159.253	2649	3	1
159.356	2650	1	1
159.356	2651	2	1
159.356	2652	4	1
159.460	2653	1	1
159.460	2654	2	1
159.460	2655	4	1
159.563	2656	3	1
159.615	2657	2	1
159.667	2658	1	1
159.667	2659	3	1
159.667	2660	4	1
159.770	2661	1	1
159.770	2662	2	1
159.874	2663	3	1
159.874	2664	4	1
159.925	2665	1	1
159.925	2666	2	1
159.977	2667	4	1
160.029	2668	3	1
160.081	2669	1	1
160.132	2670	2	1
160.184	2671	3	1
160.236	2672	4	1
160.288	2673	1	1
160.288	2674	2	1
160.494	2675	1	1
160.494	2676	4	1
160.598	2677	2	1
160.598	2678	3	1
160.701	2679	1	1
160.701	2680	2	1
160.701	2681	4	1
160.805	2682	3	1
160.805	2683	4	1
160.908	2684	1	1
160.908	2685	2	1
160.908	2686	3	1
161.012	2687	1	1
161.012	2688	4	1
161.115	2689	3	1
161.115	2690	4	1
161.219	2691	1	1
161.219	2692	2	1
161.322	2693	1	1
161.322	2694	3	1
161.322	2695	4	1
161.425	2696	2	1
161.425	2697	4	1
161.529	2698	1	1
161.529	2699	3	1
161.632	2700	1	1
161.632	2701	2	1
161.736	2702	2	1
161.736	2703	3	1
161.736	2704	4	1
161.839	2705	3	1
161.839	2706	4	1
161.943	2707	1	1
161.943	2708	2	1
162.046	2709	1	1
162.046	2710	2	1
162.150	2711	1	1
162.150	2712	3	1
162.150	2713	4	1
162.253	2714	2	1
162.253	2715	4	1
162.356	2716	1	1
162.356	2717	3	1
162.460	2718	2	1
162.460	2719	4	1
162.563	2720	1	1
162.563	2721	3	1
162.563	2722	4	1
162.667	2723	2	1
162.667	2724	3	1
162.770	2725	1	1
162.770	2726	2	1
162.874	2727	1	1
162.874	2728	4	1
162.977	2729	2	1
162.977	2730	3	1
162.977	2731	4	1
163.081	2732	1	1
163.081	2733	3	1
163.184	2734	1	1
163.184	2735	2	1
163.288	2736	3	1
163.288	2737	4	1
163.391	2738	1	1
163.391	2739	2	1
163.391	2740	4	1
163.494	2741	1	1
163.494	2742	3	1
163.598	2743	2	1
163.598	2744	4	1
163.701	2745	3	1
163.701	2746	4	1
163.805	2747	1	1
163.805	2748	2	1
163.805	2749	3	1
163.908	2750	1	1
163.908	2751	4	1
164.012	2752	1	1
164.012	2753	3	1
164.012	2754	4	1
164.081	2755	2	1
164.150	2756	3	1
164.219	2757	1	1
164.219	2758	2	1
164.219	2759	4	1
164.322	2760	3	1
164.374	2761	2	1
164.425	2762	1	1
164.425	2763	3	1
164.425	2764	4	1
164.529	2765	2	1
164.581	2766	4	1
164.632	2767	1	1
164.632	2768	3	1
164.736	2769	4	1
164.788	2770	1	1
164.839	2771	2	1
164.839	2772	3	1
164.943	2773	1	1
164.943	2774	3	1
165.046	2775	1	1
165.046	2776	2	1
165.046	2777	4	1
165.150	2778	3	1
165.150	2779	4	1
165.201	2780	2	1
165.253	2781	1	1
165.253	2782	3	1
165.305	2783	4	1
165.356	2784	2	1
165.408	2785	1	1
165.460	2786	3	1
165.460	2787	4	1
165.512	2788	2	1
165.563	2789	1	1
165.615	2790	3	1
165.667	2791	2	1
165.667	2792	4	1
165.719	2793	3	1
165.770	2794	1	1
165.822	2795	2	1
165.874	2796	3	1
165.925	2797	4	1
165.977	2798	1	1
165.977	2799	2	1
166.029	2800	3	1
166.029	2801	4	1
166.081	2802	1	1
166.132	2803	2	1
166.184	2804	4	1
166.236	2805	3	1
166.288	2806	1	1
166.288	2807	2	1
166.339	2808	3	1
166.339	2809	4	1
166.391	2810	2	1
166.443	2811	1	1
166.494	2812	3	1
166.494	2813	4	1
166.546	2814	1	1
166.546	2815	2	1
166.598	2816	3	1
166.598	2817	4	1
166.650	2818	1	1
166.650	2819	2	1
166.701	2820	4	1
166.753	2821	3	1
166.805	2822	1	1
166.856	2823	2	1
166.908	2824	1	1
166.908	2825	3	1
166.908	2826	4	1
167.115	2827	2	1
167.115	2828	3	1
167.322	2829	1	1
167.322	2830	2	1
167.322	2831	3	1
167.322	2832	4	1
167.529	2833	2	1
167.632	2834	3	1
167.736	2835	4	1
167.839	2836	1	1
167.943	2837	3	1
168.150	2838	1	1
168.150	2839	2	1
168.150	2840	3	1
168.150	2841	4	1
168.356	2842	2	1
168.460	2843	3	1
168.563	2844	4	1
168.667	2845	1	1
168.770	2846	2	1
168.977	2847	1	1
168.977	2848	2	1
168.977	2849	3	1
168.977	2850	4	1
169.184	2851	1	1
169.288	2852	3	1
169.391	2853	4	1
169.494	2854	2	1
169.598	2855	3	1
169.805	2856	1	1
169.805	2857	2	1
169.805	2858	3	1
169.805	2859	4	1
170.012	2860	1	1
170.115	2861	3	1
170.115	2862	4	1
170.219	2863	1	1
170.219	2864	2	1
170.322	2865	3	1
170.425	2866	2	1
170.425	2867	4	1
170.632	2868	1	1
170.632	2869	2	1
170.632	2870	3	1
170.632	2871	4	1
171.046	2872	4	1
171.253	2873	1	1
171.253	2874	2	1
171.460	2875	2	1
171.460	2876	3	1
171.460	2877	4	1
171.667	2878	1	1
171.667	2879	2	1
171.667	2880	3	1
171.667	2881	4	1
171.874	2882	1	1
171.874	2883	4	1
172.012	2884	1	1
172.012	2885	2	1
172.150	2886	3	1
172.150	2887	4	1
172.288	2888	1	2
172.288	2889	2	2
172.288	2890	3	1
172.288	2891	4	1
173.943	2892	3	2
173.943	2893	4	2
175.598	2894	1	3
175.598	2895	2	3
175.598	2896	3	3
175.598	2897	4	3