Song Name	Alive (Hard) by Rutra X KepoWorld
Title	Alive (Hard)
Artist	Rutra X KepoWorld
Description	An unexpected crossover collaboration between two artists you know and love! Map by Asteria_Real.
Difficulty	25
Primary Color	Flow
Secondary Color	Flow
Cover Image ID	7746106979
Audio Asset ID	rbxassetid://9065472601
Audio File	9065472601.ogg
Last Note Time	157.500
Total Notes	1426
Fever Fill	362
Fever Time	23.625000
Long Notes	339
BPM	128
Song Length	158.500000000

Timing Points
0.000	468.750000


Song Data
0.000	1	2	1
0.000	2	4	2
0.468	3	4	3
0.000	4	3	1
0.468	5	3	1
0.468	6	1	1
0.820	7	2	1
0.820	8	1	1
0.937	9	3	1
0.937	10	4	1
1.171	11	3	1
1.171	12	1	1
1.406	13	2	1
1.406	14	1	1
1.640	15	3	2
1.757	16	3	3
1.757	17	2	2
1.875	18	2	3
1.875	19	4	1
1.875	20	3	1
2.343	21	2	1
2.343	22	4	1
2.695	23	1	1
2.695	24	2	1
2.812	25	4	1
2.812	26	3	1
3.046	27	1	1
3.046	28	3	1
3.281	29	1	1
3.281	30	2	1
3.515	31	3	2
3.632	32	3	3
3.632	33	2	2
3.750	34	2	3
3.750	35	3	2
4.218	36	3	3
3.750	37	4	1
4.218	38	2	1
4.218	39	1	1
4.570	40	2	1
4.570	41	1	1
4.687	42	3	1
4.687	43	4	1
4.921	44	3	1
4.921	45	1	1
5.156	46	2	1
5.156	47	1	1
5.390	48	3	2
5.507	49	3	3
5.507	50	2	2
5.625	51	2	3
5.625	52	4	1
5.625	53	3	1
6.093	54	2	1
6.093	55	4	1
6.445	56	1	1
6.445	57	2	1
6.562	58	4	1
6.562	59	3	1
6.679	60	1	1
6.796	61	4	1
6.796	62	2	1
6.914	63	1	1
7.031	64	4	1
7.031	65	3	1
7.148	66	1	1
7.265	67	2	1
7.382	68	1	1
7.500	69	2	1
7.500	70	4	2
7.968	71	4	3
7.500	72	3	1
7.968	73	3	1
7.968	74	1	1
8.320	75	2	1
8.320	76	1	1
8.437	77	3	1
8.437	78	4	1
8.671	79	3	1
8.671	80	1	1
8.906	81	2	1
8.906	82	1	1
9.140	83	3	2
9.257	84	3	3
9.257	85	2	2
9.375	86	2	3
9.375	87	4	1
9.375	88	3	1
9.843	89	2	1
9.843	90	4	1
10.195	91	1	1
10.195	92	2	1
10.312	93	4	1
10.312	94	3	1
10.546	95	1	1
10.546	96	3	1
10.781	97	1	1
10.781	98	2	1
11.015	99	3	2
11.132	100	3	3
11.132	101	2	2
11.250	102	2	3
11.250	103	3	2
11.718	104	3	3
11.250	105	4	1
11.718	106	2	1
11.718	107	1	1
12.070	108	2	1
12.070	109	1	1
12.187	110	3	1
12.187	111	4	1
12.421	112	3	1
12.421	113	1	1
12.656	114	2	1
12.656	115	1	1
12.890	116	3	2
13.007	117	3	3
13.007	118	2	2
13.125	119	2	3
13.125	120	4	1
13.125	121	3	1
13.359	122	1	1
13.593	123	4	1
13.593	124	3	1
13.828	125	2	1
14.062	126	4	1
14.062	127	3	1
14.296	128	1	1
14.414	129	2	1
14.531	130	4	1
14.531	131	3	1
14.765	132	1	1
14.765	133	2	1
15.000	134	2	2
15.468	135	2	3
15.000	136	3	2
15.468	137	3	3
15.000	138	4	2
15.468	139	4	3
15.468	140	1	1
15.703	141	3	1
15.820	142	1	1
15.820	143	2	1
15.937	144	4	1
15.937	145	3	1
16.171	146	3	1
16.171	147	1	1
16.406	148	2	1
16.406	149	1	1
16.640	150	4	1
16.875	151	2	2
17.343	152	2	3
16.875	153	3	2
17.343	154	3	3
17.109	155	1	1
17.343	156	1	1
17.343	157	4	1
17.578	158	3	1
17.695	159	1	1
17.695	160	2	1
17.812	161	4	1
17.812	162	3	1
18.046	163	3	1
18.046	164	1	1
18.281	165	2	1
18.281	166	1	1
18.515	167	4	1
18.750	168	3	2
19.218	169	3	3
18.750	170	2	2
19.218	171	2	3
18.984	172	4	1
19.218	173	4	1
19.218	174	1	1
19.453	175	3	1
19.570	176	2	1
19.570	177	1	1
19.687	178	3	1
19.687	179	4	1
19.921	180	1	1
19.921	181	3	1
20.156	182	1	1
20.156	183	2	1
20.273	184	4	1
20.390	185	3	1
20.507	186	1	1
20.625	187	4	2
21.093	188	4	3
20.625	189	2	2
21.093	190	2	3
20.859	191	1	1
21.093	192	1	1
21.093	193	3	1
21.328	194	3	1
21.445	195	4	1
21.445	196	2	1
21.562	197	2	2
21.679	198	2	3
21.562	199	4	2
21.679	200	4	3
21.679	201	1	1
21.796	202	4	2
22.031	203	4	3
21.796	204	3	2
22.031	205	3	3
22.031	206	1	1
22.031	207	2	1
22.148	208	4	1
22.148	209	3	1
22.265	210	4	1
22.265	211	3	1
22.382	212	4	1
22.382	213	3	1
22.500	214	4	2
22.968	215	4	3
22.500	216	2	2
22.968	217	2	3
22.500	218	3	2
22.968	219	3	3
22.968	220	1	1
23.203	221	3	1
23.320	222	1	1
23.320	223	2	1
23.437	224	4	1
23.437	225	3	1
23.671	226	3	1
23.671	227	1	1
23.906	228	2	1
23.906	229	1	1
24.140	230	4	1
24.375	231	2	2
24.843	232	2	3
24.375	233	3	2
24.843	234	3	3
24.609	235	1	1
24.843	236	1	1
24.843	237	4	1
25.078	238	3	1
25.195	239	1	1
25.195	240	2	1
25.312	241	4	1
25.312	242	3	1
25.546	243	3	1
25.546	244	1	1
25.781	245	2	1
25.781	246	1	1
26.015	247	4	1
26.250	248	2	2
26.718	249	2	3
26.250	250	3	2
26.718	251	3	3
26.484	252	4	1
26.718	253	1	1
26.718	254	4	1
26.953	255	3	1
27.070	256	1	1
27.070	257	2	1
27.187	258	4	1
27.187	259	3	1
27.421	260	3	1
27.421	261	1	1
27.656	262	2	1
27.656	263	1	1
27.773	264	4	1
27.890	265	3	1
28.007	266	2	1
28.125	267	1	1
28.125	268	4	1
28.593	269	1	1
29.062	270	4	1
29.062	271	3	1
29.296	272	2	1
29.296	273	3	1
29.531	274	2	2
30.000	275	2	3
29.531	276	1	1
30.000	277	1	1
30.000	278	4	1
30.000	279	3	1
30.703	280	4	1
30.937	281	1	2
31.171	282	1	3
31.171	283	2	2
31.640	284	2	3
31.640	285	3	2
32.343	286	3	3
31.875	287	1	1
31.875	288	2	1
32.109	289	4	2
32.343	290	4	3
32.812	291	3	1
32.812	292	1	2
33.046	293	1	3
33.046	294	2	2
33.515	295	2	3
33.281	296	4	1
33.515	297	3	2
34.218	298	3	3
33.750	299	1	1
33.750	300	2	1
33.984	301	4	2
34.218	302	4	3
34.453	303	3	1
34.687	304	1	2
34.921	305	1	3
34.921	306	2	2
35.390	307	2	3
35.390	308	4	2
36.328	309	4	3
35.625	310	1	1
35.859	311	3	2
36.328	312	3	3
36.328	313	2	2
36.796	314	2	3
36.562	315	4	1
36.562	316	3	1
36.796	317	1	2
37.265	318	1	3
37.265	319	2	2
37.734	320	2	3
37.500	321	4	1
37.500	322	3	1
38.203	323	4	1
38.437	324	1	2
38.671	325	1	3
38.671	326	2	2
39.140	327	2	3
39.140	328	3	2
39.843	329	3	3
39.375	330	1	1
39.375	331	2	1
39.609	332	4	2
39.843	333	4	3
40.312	334	4	1
40.312	335	3	1
40.546	336	2	2
40.781	337	2	3
40.781	338	1	2
41.015	339	1	3
41.015	340	3	2
41.250	341	3	3
41.250	342	2	1
41.250	343	4	2
41.367	344	4	3
41.484	345	4	2
41.953	346	4	3
41.953	347	3	2
42.421	348	3	3
42.421	349	2	2
42.656	350	2	3
42.656	351	1	2
43.593	352	1	3
42.890	353	2	2
43.593	354	2	3
43.125	355	3	1
44.062	356	4	1
44.062	357	3	1
44.296	358	2	1
44.531	359	1	1
44.531	360	3	1
44.765	361	2	2
45.000	362	2	3
45.000	363	1	1
45.000	364	3	2
45.234	365	3	3
45.234	366	4	2
45.468	367	4	3
45.468	368	2	2
45.703	369	2	3
45.703	370	1	2
46.171	371	1	3
46.171	372	2	2
46.406	373	2	3
46.406	374	3	2
46.640	375	3	3
46.640	376	4	2
46.875	377	4	3
46.875	378	1	1
46.875	379	2	2
47.109	380	2	3
47.109	381	1	2
47.578	382	1	3
47.343	383	3	1
47.578	384	2	2
47.812	385	2	3
47.812	386	1	1
47.812	387	4	2
48.046	388	4	3
48.046	389	3	2
48.281	390	3	3
48.281	391	4	2
48.750	392	4	3
48.750	393	1	1
48.750	394	3	2
48.984	395	3	3
48.984	396	2	2
49.218	397	2	3
49.218	398	1	2
49.453	399	1	3
49.453	400	2	2
50.156	401	2	3
49.687	402	3	2
50.156	403	3	3
50.156	404	4	1
50.625	405	2	1
51.093	406	4	1
51.562	407	2	2
52.500	408	2	3
51.562	409	1	1
52.031	410	4	1
52.265	411	1	2
52.500	412	1	3
52.500	413	4	1
52.500	414	3	2
52.734	415	3	3
52.734	416	4	2
52.968	417	4	3
52.968	418	2	2
53.203	419	2	3
53.203	420	1	2
53.671	421	1	3
53.671	422	2	2
53.906	423	2	3
53.906	424	3	2
54.140	425	3	3
54.140	426	4	2
54.375	427	4	3
54.375	428	1	1
54.375	429	2	2
54.609	430	2	3
54.609	431	1	2
55.078	432	1	3
54.843	433	4	1
55.078	434	3	2
55.312	435	3	3
55.312	436	1	1
55.312	437	4	2
55.546	438	4	3
55.546	439	2	2
55.781	440	2	3
55.781	441	3	2
56.015	442	3	3
56.015	443	2	2
56.250	444	2	3
56.250	445	1	1
56.250	446	4	2
56.484	447	4	3
56.484	448	3	2
56.718	449	3	3
56.718	450	2	2
57.656	451	2	3
56.953	452	3	2
57.656	453	3	3
57.656	454	4	1
58.125	455	2	2
58.242	456	2	3
58.359	457	2	2
58.476	458	2	3
58.593	459	2	2
58.710	460	2	3
58.828	461	2	2
58.945	462	2	3
59.062	463	4	1
59.179	464	3	1
59.296	465	2	2
59.531	466	2	3
59.414	467	1	1
59.531	468	3	2
59.765	469	3	3
59.648	470	2	1
59.765	471	4	2
60.000	472	4	3
59.882	473	1	1
60.000	474	3	1
60.000	475	2	2
60.468	476	2	3
60.468	477	1	1
60.468	478	3	2
60.937	479	3	3
60.585	480	4	1
60.703	481	2	1
60.820	482	1	1
60.937	483	2	1
60.937	484	4	2
61.406	485	4	3
61.054	486	3	1
61.171	487	2	1
61.289	488	1	1
61.406	489	2	1
61.406	490	3	2
61.640	491	3	3
61.640	492	4	2
61.875	493	4	3
61.875	494	1	1
61.875	495	2	2
62.343	496	2	3
62.343	497	4	1
62.343	498	3	2
62.812	499	3	3
62.812	500	1	1
62.812	501	4	2
63.281	502	4	3
63.281	503	2	2
63.515	504	2	3
63.281	505	1	1
63.515	506	1	2
63.750	507	1	3
63.750	508	4	1
63.750	509	3	2
64.218	510	3	3
64.218	511	1	1
64.218	512	4	2
64.687	513	4	3
64.335	514	3	1
64.453	515	2	1
64.570	516	1	1
64.687	517	2	2
65.625	518	2	3
64.687	519	3	1
64.804	520	4	1
64.921	521	3	1
65.039	522	1	1
65.156	523	4	1
65.156	524	3	1
65.625	525	4	1
65.625	526	3	1
66.093	527	1	1
66.093	528	2	1
66.562	529	4	1
66.562	530	3	1
67.031	531	1	1
67.031	532	3	2
67.265	533	3	3
67.265	534	4	2
67.500	535	4	3
67.500	536	3	1
67.500	537	2	2
67.968	538	2	3
67.617	539	1	1
67.734	540	3	1
67.851	541	4	1
67.968	542	3	2
68.437	543	3	3
68.085	544	2	1
68.203	545	1	1
68.320	546	2	1
68.437	547	1	1
68.437	548	4	2
68.906	549	4	3
68.554	550	2	1
68.671	551	3	1
68.789	552	2	1
68.906	553	3	2
69.140	554	3	3
69.023	555	4	1
69.140	556	2	2
69.375	557	2	3
69.257	558	1	1
69.375	559	4	1
69.375	560	3	2
69.843	561	3	3
69.492	562	1	1
69.609	563	2	1
69.726	564	4	1
69.843	565	1	2
70.078	566	1	3
69.960	567	2	1
70.078	568	3	2
70.546	569	3	3
70.195	570	4	1
70.312	571	1	1
70.312	572	2	1
70.429	573	4	1
70.546	574	1	2
70.781	575	1	3
70.664	576	2	1
70.781	577	3	2
71.015	578	3	3
70.898	579	1	1
71.015	580	4	2
71.250	581	4	3
71.132	582	2	1
71.250	583	3	1
71.250	584	1	1
71.308	585	2	1
71.367	586	4	1
71.425	587	3	1
71.484	588	1	1
71.542	589	2	1
71.601	590	4	1
71.660	591	3	1
71.718	592	1	1
71.777	593	2	1
71.835	594	4	1
71.894	595	3	1
71.953	596	1	1
72.011	597	2	1
72.070	598	4	1
72.128	599	3	1
72.187	600	1	1
72.246	601	2	1
72.304	602	4	1
72.363	603	3	1
72.421	604	1	1
72.480	605	2	1
72.539	606	4	1
72.597	607	3	1
72.656	608	1	1
72.714	609	2	1
72.773	610	4	1
72.832	611	3	1
72.890	612	1	1
72.949	613	2	1
73.007	614	4	1
73.066	615	3	1
73.125	616	1	1
73.125	617	2	2
73.359	618	2	3
73.593	619	1	1
73.593	620	2	2
74.062	621	2	3
74.062	622	4	1
74.062	623	3	1
74.296	624	1	1
74.355	625	2	1
74.414	626	3	1
74.472	627	4	1
74.531	628	1	1
74.531	629	2	1
74.765	630	3	2
75.000	631	3	3
75.000	632	1	2
75.468	633	1	3
75.000	634	2	2
75.468	635	2	3
75.468	636	4	1
75.468	637	3	1
75.585	638	2	1
75.703	639	2	1
75.820	640	4	1
75.820	641	3	1
75.937	642	1	1
75.937	643	2	1
76.054	644	3	1
76.171	645	4	1
76.171	646	2	1
76.289	647	2	1
76.406	648	1	1
76.406	649	3	1
76.640	650	4	2
76.875	651	4	3
76.875	652	1	2
77.343	653	1	3
76.875	654	2	1
76.992	655	3	1
77.109	656	3	1
77.226	657	3	1
77.343	658	4	1
77.343	659	2	1
77.460	660	3	1
77.578	661	3	1
77.695	662	4	1
77.695	663	3	1
77.812	664	2	1
77.812	665	1	1
77.929	666	2	1
78.046	667	4	1
78.046	668	2	1
78.164	669	2	1
78.281	670	1	1
78.281	671	3	1
78.515	672	3	2
78.750	673	3	3
78.750	674	1	2
79.218	675	1	3
78.750	676	2	2
79.218	677	2	3
79.101	678	3	2
79.218	679	3	3
79.218	680	4	1
79.335	681	3	2
79.453	682	3	3
79.453	683	4	2
79.570	684	4	3
79.570	685	1	1
79.570	686	2	1
79.687	687	4	1
79.687	688	3	1
79.804	689	2	2
79.921	690	2	3
79.921	691	4	1
79.921	692	3	1
80.156	693	3	1
80.156	694	1	1
80.273	695	2	1
80.390	696	3	1
80.507	697	4	2
80.625	698	4	3
80.625	699	1	1
80.625	700	2	2
81.093	701	2	3
80.742	702	3	2
80.859	703	3	3
80.859	704	4	2
80.976	705	4	3
81.093	706	3	1
81.093	707	1	1
81.328	708	3	1
81.445	709	1	1
81.445	710	2	2
81.562	711	2	3
81.562	712	4	1
81.562	713	3	1
81.621	714	2	1
81.679	715	1	1
81.796	716	4	1
81.796	717	3	2
82.031	718	3	3
82.031	719	1	1
82.031	720	2	1
82.148	721	3	1
82.265	722	3	1
82.382	723	3	1
82.500	724	1	2
82.968	725	1	3
82.500	726	2	2
82.968	727	2	3
82.734	728	3	1
82.851	729	4	1
82.968	730	4	1
82.968	731	3	1
83.085	732	2	1
83.203	733	2	1
83.320	734	4	1
83.320	735	3	1
83.437	736	1	1
83.437	737	2	1
83.554	738	3	1
83.671	739	2	1
83.671	740	4	1
83.789	741	2	1
83.906	742	1	1
83.906	743	3	1
84.140	744	4	2
84.375	745	4	3
84.375	746	1	2
84.843	747	1	3
84.375	748	2	1
84.492	749	3	1
84.609	750	3	1
84.726	751	3	1
84.843	752	4	1
84.843	753	2	1
84.960	754	3	1
85.078	755	3	1
85.195	756	4	1
85.195	757	3	1
85.312	758	2	1
85.312	759	1	1
85.429	760	2	1
85.546	761	4	1
85.546	762	2	1
85.664	763	2	1
85.781	764	1	1
85.781	765	3	1
86.015	766	3	2
86.250	767	3	3
86.250	768	1	2
86.718	769	1	3
86.250	770	2	2
86.718	771	2	3
86.601	772	3	2
86.718	773	3	3
86.718	774	4	1
86.835	775	3	2
86.953	776	3	3
86.953	777	4	2
87.070	778	4	3
87.070	779	1	1
87.070	780	2	1
87.187	781	4	1
87.187	782	3	1
87.304	783	2	2
87.421	784	2	3
87.421	785	3	1
87.421	786	4	1
87.656	787	3	1
87.656	788	1	1
87.773	789	2	1
87.890	790	3	1
88.007	791	4	1
88.125	792	1	1
88.125	793	2	2
88.593	794	2	3
88.242	795	3	2
88.359	796	3	3
88.359	797	4	2
88.593	798	4	3
88.593	799	3	2
88.710	800	3	3
88.593	801	1	1
88.828	802	3	1
88.945	803	2	2
89.062	804	2	3
89.062	805	3	1
89.062	806	4	1
89.179	807	2	1
89.296	808	3	2
89.531	809	3	3
89.414	810	1	1
89.472	811	2	1
89.531	812	1	1
89.531	813	4	1
89.648	814	3	1
89.765	815	3	1
89.882	816	3	1
90.000	817	1	1
90.000	818	2	2
90.468	819	2	3
90.585	820	3	1
90.703	821	3	1
90.820	822	3	1
91.054	823	3	1
91.171	824	2	1
91.289	825	2	1
91.406	826	4	2
91.875	827	4	3
91.875	828	2	1
91.875	829	1	2
92.343	830	1	3
91.992	831	3	1
92.109	832	3	1
92.226	833	3	1
92.343	834	4	1
92.343	835	2	1
92.460	836	3	1
92.578	837	3	1
92.695	838	4	1
92.695	839	3	1
92.812	840	2	1
92.812	841	1	1
92.929	842	2	1
93.046	843	4	1
93.046	844	2	1
93.164	845	2	1
93.281	846	1	1
93.281	847	3	1
93.515	848	3	1
93.750	849	1	2
94.218	850	1	3
93.750	851	2	2
94.218	852	2	3
94.101	853	3	2
94.218	854	3	3
94.218	855	4	1
94.335	856	3	2
94.453	857	3	3
94.453	858	4	2
94.570	859	4	3
94.570	860	1	1
94.570	861	2	1
94.687	862	4	1
94.687	863	3	1
94.804	864	2	2
94.921	865	2	3
94.921	866	3	1
94.921	867	4	1
95.156	868	3	1
95.156	869	1	1
95.273	870	2	1
95.390	871	3	1
95.507	872	4	2
95.625	873	4	3
95.625	874	1	1
95.625	875	2	2
96.093	876	2	3
95.742	877	3	2
95.859	878	3	3
95.859	879	4	2
95.976	880	4	3
96.093	881	3	1
96.093	882	1	1
96.328	883	3	1
96.445	884	1	1
96.445	885	2	2
96.562	886	2	3
96.562	887	4	1
96.562	888	3	1
96.621	889	2	1
96.679	890	1	1
96.796	891	3	2
97.031	892	3	3
97.031	893	1	1
97.031	894	2	1
97.148	895	3	1
97.265	896	3	1
97.382	897	3	1
97.500	898	1	2
97.968	899	1	3
97.500	900	2	2
97.968	901	2	3
97.734	902	3	1
97.851	903	4	1
97.968	904	4	1
97.968	905	3	1
98.085	906	2	1
98.203	907	2	1
98.320	908	4	1
98.320	909	3	1
98.437	910	1	1
98.437	911	2	1
98.554	912	3	1
98.671	913	2	1
98.671	914	4	1
98.789	915	2	1
98.906	916	1	1
98.906	917	3	1
99.140	918	4	1
99.375	919	1	2
99.843	920	1	3
99.375	921	2	1
99.492	922	3	1
99.609	923	3	1
99.726	924	3	1
99.843	925	4	1
99.843	926	2	1
99.960	927	3	1
100.078	928	3	1
100.195	929	4	1
100.195	930	3	1
100.312	931	2	1
100.312	932	1	1
100.429	933	2	1
100.546	934	4	1
100.546	935	2	1
100.664	936	2	1
100.781	937	1	1
100.781	938	3	1
101.015	939	3	1
101.250	940	1	2
101.718	941	1	3
101.250	942	2	2
101.718	943	2	3
101.601	944	3	2
101.718	945	3	3
101.718	946	4	1
101.835	947	3	2
101.953	948	3	3
101.953	949	4	2
102.070	950	4	3
102.070	951	1	1
102.070	952	2	1
102.187	953	4	1
102.187	954	3	1
102.304	955	2	2
102.421	956	2	3
102.421	957	3	1
102.421	958	4	1
102.656	959	3	1
102.656	960	1	1
102.773	961	2	1
102.890	962	3	1
103.007	963	4	2
103.125	964	4	3
103.125	965	2	2
103.593	966	2	3
103.242	967	3	2
103.359	968	3	3
103.359	969	4	2
103.476	970	4	3
103.828	971	1	1
103.945	972	2	2
104.062	973	2	3
104.179	974	2	1
104.296	975	3	2
104.531	976	3	3
104.648	977	3	1
104.765	978	3	1
104.882	979	3	1
105.000	980	2	1
105.000	981	1	1
105.703	982	4	1
105.937	983	1	2
106.171	984	1	3
106.171	985	2	2
106.640	986	2	3
106.406	987	4	1
106.640	988	3	2
107.343	989	3	3
106.875	990	1	1
107.109	991	4	2
107.343	992	4	3
107.578	993	2	1
107.812	994	1	2
108.046	995	1	3
108.046	996	2	2
108.515	997	2	3
108.281	998	4	1
108.515	999	3	2
109.218	1000	3	3
108.632	1001	2	1
108.750	1002	1	1
108.984	1003	4	2
109.218	1004	4	3
109.453	1005	2	1
109.687	1006	1	2
109.921	1007	1	3
109.921	1008	2	2
110.390	1009	2	3
110.156	1010	3	1
110.390	1011	4	2
111.328	1012	4	3
110.625	1013	2	1
110.859	1014	3	2
111.328	1015	3	3
111.328	1016	2	2
111.796	1017	2	3
111.796	1018	1	2
112.031	1019	1	3
112.031	1020	4	1
112.089	1021	3	1
112.148	1022	2	1
112.207	1023	1	1
112.265	1024	2	2
112.734	1025	2	3
112.500	1026	4	1
112.500	1027	3	1
112.617	1028	1	1
112.734	1029	3	1
112.851	1030	4	1
112.968	1031	1	1
113.085	1032	2	1
113.203	1033	3	1
113.320	1034	2	1
113.437	1035	1	2
113.671	1036	1	3
113.554	1037	3	1
113.671	1038	2	2
114.140	1039	2	3
113.789	1040	1	1
113.906	1041	3	1
114.023	1042	4	1
114.140	1043	3	2
114.609	1044	3	3
114.257	1045	2	1
114.375	1046	1	1
114.492	1047	2	1
114.609	1048	4	2
114.843	1049	4	3
114.726	1050	2	1
114.843	1051	3	1
114.960	1052	4	1
115.078	1053	3	1
115.195	1054	2	1
115.312	1055	4	1
115.429	1056	3	1
115.546	1057	2	2
115.781	1058	2	3
115.664	1059	3	1
115.781	1060	1	2
116.015	1061	1	3
115.898	1062	2	1
116.015	1063	3	2
116.250	1064	3	3
116.132	1065	4	1
116.250	1066	1	1
116.308	1067	2	1
116.367	1068	4	1
116.425	1069	3	1
116.484	1070	1	1
116.542	1071	2	1
116.601	1072	4	1
116.660	1073	3	1
116.718	1074	1	1
116.777	1075	2	1
116.835	1076	4	1
116.894	1077	3	1
116.953	1078	1	1
117.011	1079	2	1
117.070	1080	4	1
117.128	1081	3	1
117.187	1082	1	1
117.246	1083	2	1
117.304	1084	4	1
117.363	1085	3	1
117.421	1086	1	1
117.480	1087	2	1
117.539	1088	4	1
117.597	1089	3	1
117.656	1090	1	1
117.714	1091	2	1
117.773	1092	4	1
117.832	1093	3	1
117.890	1094	1	1
117.949	1095	2	1
118.007	1096	4	1
118.066	1097	3	1
118.125	1098	1	1
118.125	1099	2	1
118.359	1100	4	1
118.359	1101	3	1
118.593	1102	3	1
118.593	1103	2	2
118.828	1104	2	3
118.828	1105	4	1
118.828	1106	1	1
119.062	1107	1	1
119.062	1108	2	1
119.179	1109	4	1
119.179	1110	3	1
119.296	1111	1	1
119.296	1112	2	1
119.414	1113	4	1
119.414	1114	3	1
119.531	1115	1	1
119.531	1116	2	1
119.765	1117	3	1
119.882	1118	4	1
120.000	1119	1	1
120.000	1120	2	1
120.234	1121	4	2
120.351	1122	4	3
120.234	1123	3	2
120.351	1124	3	3
120.468	1125	4	2
120.585	1126	4	3
120.468	1127	3	2
120.585	1128	3	3
120.703	1129	4	2
120.937	1130	4	3
120.703	1131	3	2
120.937	1132	3	3
120.820	1133	2	1
120.937	1134	1	1
120.937	1135	2	1
121.171	1136	1	2
121.406	1137	1	3
121.406	1138	3	2
121.523	1139	3	3
121.406	1140	2	2
121.523	1141	2	3
121.640	1142	3	2
121.875	1143	3	3
121.640	1144	2	2
121.875	1145	2	3
121.875	1146	1	1
121.875	1147	4	1
122.109	1148	4	2
122.695	1149	4	3
122.343	1150	3	2
122.695	1151	3	3
122.578	1152	2	2
122.695	1153	2	3
122.812	1154	4	1
122.812	1155	3	1
122.812	1156	2	1
123.046	1157	1	2
123.632	1158	1	3
123.281	1159	2	2
123.632	1160	2	3
123.515	1161	3	2
123.632	1162	3	3
123.750	1163	4	1
123.750	1164	3	1
123.984	1165	4	2
124.570	1166	4	3
124.218	1167	3	2
124.570	1168	3	3
124.453	1169	2	2
124.570	1170	2	3
124.687	1171	4	1
124.687	1172	3	1
124.687	1173	2	1
124.921	1174	4	2
125.507	1175	4	3
125.156	1176	3	2
125.507	1177	3	3
125.390	1178	2	2
125.507	1179	2	3
125.625	1180	2	1
125.625	1181	1	1
125.859	1182	2	2
125.976	1183	2	3
125.859	1184	4	2
125.976	1185	4	3
126.093	1186	4	2
126.210	1187	4	3
126.093	1188	2	2
126.210	1189	2	3
126.328	1190	4	2
126.445	1191	4	3
126.328	1192	2	2
126.445	1193	2	3
126.562	1194	1	1
126.562	1195	2	1
126.562	1196	4	1
126.796	1197	2	2
126.914	1198	2	3
126.796	1199	4	2
126.914	1200	4	3
127.031	1201	4	2
127.148	1202	4	3
127.031	1203	2	2
127.148	1204	2	3
127.265	1205	4	2
127.382	1206	4	3
127.265	1207	2	2
127.382	1208	2	3
127.500	1209	1	1
127.500	1210	3	1
127.734	1211	4	2
127.851	1212	4	3
127.734	1213	3	2
127.851	1214	3	3
127.968	1215	4	2
128.085	1216	4	3
127.968	1217	3	2
128.085	1218	3	3
128.203	1219	4	2
128.320	1220	4	3
128.203	1221	3	2
128.320	1222	3	3
128.437	1223	4	1
128.437	1224	3	1
128.437	1225	2	1
128.671	1226	1	2
129.257	1227	1	3
128.906	1228	4	1
128.906	1229	2	2
129.257	1230	2	3
129.140	1231	3	2
129.257	1232	3	3
129.375	1233	4	1
129.375	1234	3	1
129.609	1235	1	2
130.195	1236	1	3
129.843	1237	3	2
130.195	1238	3	3
130.078	1239	4	2
130.195	1240	4	3
130.312	1241	4	1
130.312	1242	3	1
130.312	1243	1	1
130.546	1244	2	2
131.132	1245	2	3
130.781	1246	3	2
131.132	1247	3	3
131.015	1248	4	2
131.132	1249	4	3
131.250	1250	1	1
131.250	1251	2	1
131.484	1252	1	2
132.070	1253	1	3
131.718	1254	2	2
132.070	1255	2	3
131.953	1256	3	2
132.070	1257	3	3
132.187	1258	1	1
132.187	1259	2	1
132.187	1260	3	1
132.421	1261	1	2
133.007	1262	1	3
132.656	1263	2	2
133.007	1264	2	3
132.890	1265	3	2
133.007	1266	3	3
133.125	1267	4	1
133.125	1268	3	1
133.359	1269	1	2
133.945	1270	1	3
133.593	1271	2	2
133.945	1272	2	3
133.828	1273	3	2
133.945	1274	3	3
134.062	1275	1	1
134.062	1276	2	1
134.062	1277	3	1
134.296	1278	3	2
134.882	1279	3	3
134.531	1280	2	2
134.882	1281	2	3
134.765	1282	1	2
134.882	1283	1	3
135.000	1284	3	1
135.000	1285	4	1
135.234	1286	1	2
135.820	1287	1	3
135.468	1288	2	2
135.820	1289	2	3
135.703	1290	3	2
135.820	1291	3	3
135.820	1292	4	1
135.878	1293	3	1
135.937	1294	4	1
135.937	1295	1	1
135.937	1296	2	1
136.054	1297	3	1
136.171	1298	2	1
136.289	1299	1	1
136.406	1300	2	2
136.523	1301	2	3
136.406	1302	3	2
136.523	1303	3	3
136.640	1304	3	2
136.875	1305	3	3
136.640	1306	2	2
136.875	1307	2	3
136.875	1308	1	1
136.875	1309	4	1
137.109	1310	4	2
137.695	1311	4	3
137.343	1312	3	2
137.695	1313	3	3
137.578	1314	2	2
137.695	1315	2	3
137.812	1316	4	1
137.812	1317	3	1
137.812	1318	2	1
138.046	1319	1	2
138.632	1320	1	3
138.281	1321	2	2
138.632	1322	2	3
138.515	1323	3	2
138.632	1324	3	3
138.750	1325	4	1
138.750	1326	3	1
138.984	1327	4	2
139.570	1328	4	3
139.218	1329	3	2
139.570	1330	3	3
139.453	1331	2	2
139.570	1332	2	3
139.687	1333	4	1
139.687	1334	3	1
139.687	1335	2	1
139.921	1336	4	2
140.507	1337	4	3
140.156	1338	3	2
140.507	1339	3	3
140.390	1340	2	2
140.507	1341	2	3
140.625	1342	2	1
140.625	1343	1	1
140.859	1344	4	2
141.445	1345	4	3
141.093	1346	3	2
141.445	1347	3	3
141.328	1348	2	2
141.445	1349	2	3
141.562	1350	4	1
141.562	1351	3	1
141.562	1352	2	1
141.796	1353	4	2
142.382	1354	4	3
142.031	1355	3	2
142.382	1356	3	3
142.265	1357	2	2
142.382	1358	2	3
142.500	1359	2	1
142.500	1360	1	1
142.734	1361	1	2
143.320	1362	1	3
142.968	1363	2	2
143.320	1364	2	3
143.203	1365	3	2
143.320	1366	3	3
143.437	1367	1	1
143.437	1368	2	1
143.437	1369	3	1
143.671	1370	1	2
144.257	1371	1	3
143.906	1372	2	2
144.257	1373	2	3
144.140	1374	3	2
144.257	1375	3	3
144.375	1376	4	1
144.375	1377	3	1
144.609	1378	1	2
145.195	1379	1	3
144.843	1380	3	2
145.195	1381	3	3
145.078	1382	4	2
145.195	1383	4	3
145.312	1384	4	1
145.312	1385	3	1
145.312	1386	1	1
145.546	1387	2	2
146.132	1388	2	3
145.781	1389	3	2
146.132	1390	3	3
146.015	1391	4	2
146.132	1392	4	3
146.250	1393	1	1
146.250	1394	2	1
146.484	1395	1	2
147.070	1396	1	3
146.718	1397	2	2
147.070	1398	2	3
146.953	1399	3	2
147.070	1400	3	3
147.187	1401	1	1
147.187	1402	2	1
147.187	1403	3	1
147.421	1404	1	2
148.007	1405	1	3
147.656	1406	2	2
148.007	1407	2	3
147.890	1408	3	2
148.007	1409	3	3
148.359	1410	1	2
148.476	1411	1	3
148.593	1412	2	2
148.710	1413	2	3
148.828	1414	3	2
148.945	1415	3	3
149.062	1416	1	1
149.062	1417	2	1
149.296	1418	3	2
149.414	1419	3	3
149.531	1420	2	2
149.648	1421	2	3
149.765	1422	1	2
149.882	1423	1	3
150.000	1424	3	2
157.500	1425	3	3
150.000	1426	4	1