Song Name	All I Want (Hard) by nanobii
Difficulty	25
Primary Color	Chill
Secondary Color	Chill
Last Note Time	148.843
Total Notes	1679
Fever Fill	414
Fever Time	22.326450
Long Notes	437
BPM	144
Song Length	150.669455782

Timing Points
1.760	416.6667


Song Data
0.093	1	1	2
0.509	2	2	2
0.509	3	1	3
0.926	4	3	2
0.926	5	2	3
1.343	6	4	2
1.343	7	3	3
1.760	8	1	1
1.760	9	2	1
1.760	10	4	3
1.864	11	3	1
1.968	12	2	1
2.176	13	4	1
2.385	14	4	1
2.489	15	3	1
2.593	16	2	2
2.801	17	3	1
2.801	18	2	3
2.905	19	2	2
3.114	20	3	1
3.114	21	2	3
3.218	22	1	2
3.426	23	2	1
3.426	24	1	3
3.530	25	4	1
3.635	26	3	1
3.843	27	4	1
4.051	28	4	1
4.155	29	3	1
4.260	30	2	2
4.468	31	3	1
4.468	32	2	3
4.572	33	4	2
4.780	34	2	1
4.780	35	4	3
4.885	36	1	2
5.093	37	3	1
5.093	38	1	3
5.197	39	4	1
5.301	40	3	1
5.510	41	4	1
5.718	42	3	1
5.822	43	2	1
5.926	44	3	2
6.135	45	2	1
6.135	46	3	3
6.239	47	3	2
6.447	48	2	1
6.447	49	3	3
6.551	50	4	2
6.760	51	1	2
6.760	52	2	1
6.760	53	4	3
6.864	54	3	1
6.968	55	4	1
7.176	56	2	2
7.176	57	4	1
7.176	58	1	3
7.385	59	3	1
7.489	60	4	1
7.593	61	3	2
7.593	62	2	3
7.801	63	1	1
7.905	64	2	1
8.010	65	4	2
8.010	66	3	3
8.114	67	1	1
8.218	68	3	1
8.426	69	2	1
8.426	70	4	3
8.530	71	1	1
8.635	72	2	1
8.843	73	1	1
9.051	74	1	1
9.155	75	2	1
9.260	76	3	2
9.468	77	2	1
9.468	78	3	3
9.572	79	3	2
9.780	80	2	1
9.780	81	3	3
9.885	82	1	2
10.093	83	4	1
10.093	84	1	3
10.197	85	3	1
10.301	86	2	1
10.510	87	1	1
10.718	88	1	1
10.822	89	2	1
10.926	90	3	2
11.135	91	2	1
11.135	92	3	3
11.239	93	3	2
11.447	94	2	1
11.447	95	3	3
11.551	96	4	2
11.760	97	1	1
11.760	98	4	3
11.864	99	3	1
11.968	100	2	1
12.176	101	1	1
12.385	102	1	1
12.489	103	2	1
12.593	104	3	2
12.801	105	2	1
12.801	106	3	3
12.905	107	3	2
13.114	108	2	1
13.114	109	3	3
13.218	110	1	2
13.426	111	3	1
13.426	112	4	2
13.426	113	1	3
13.635	114	2	1
13.739	115	1	1
13.843	116	3	2
13.843	117	4	3
13.947	118	2	1
14.051	119	1	1
14.260	120	2	2
14.260	121	3	3
14.468	122	3	1
14.572	123	4	1
14.676	124	1	2
14.676	125	2	3
15.093	126	3	1
15.093	127	4	1
15.093	128	1	3
15.197	129	2	1
15.301	130	3	2
15.510	131	2	2
15.510	132	3	3
15.718	133	1	1
15.718	134	2	3
15.822	135	3	1
15.926	136	4	2
16.135	137	2	1
16.135	138	4	3
16.239	139	3	2
16.447	140	1	1
16.447	141	3	3
16.551	142	2	2
16.760	143	4	1
16.760	144	2	3
16.864	145	3	1
16.968	146	1	2
17.176	147	4	2
17.176	148	1	3
17.385	149	2	1
17.385	150	4	3
17.489	151	3	1
17.593	152	1	2
17.801	153	3	1
17.801	154	1	3
17.905	155	4	2
18.114	156	1	1
18.114	157	4	3
18.218	158	2	2
18.426	159	3	1
18.426	160	2	3
18.530	161	4	1
18.635	162	1	2
18.843	163	3	2
18.843	164	1	3
19.051	165	1	1
19.051	166	3	3
19.155	167	2	1
19.260	168	4	2
19.468	169	3	1
19.468	170	4	3
19.572	171	2	2
19.780	172	1	1
19.780	173	2	3
19.885	174	3	2
20.093	175	1	2
20.093	176	3	3
20.197	177	2	1
20.301	178	4	1
20.510	179	2	2
20.510	180	1	3
20.718	181	4	1
20.822	182	1	1
20.926	183	3	2
20.926	184	2	3
21.135	185	1	1
21.239	186	2	1
21.343	187	4	2
21.343	188	3	3
21.447	189	2	1
21.551	190	3	1
21.760	191	1	1
21.760	192	4	3
21.864	193	2	1
21.968	194	3	2
22.176	195	2	2
22.176	196	3	3
22.385	197	1	1
22.385	198	2	3
22.489	199	3	1
22.593	200	4	2
22.801	201	2	1
22.801	202	4	3
22.905	203	3	2
23.114	204	1	1
23.114	205	3	3
23.218	206	2	2
23.426	207	4	1
23.426	208	2	3
23.530	209	3	1
23.635	210	1	2
23.843	211	4	2
23.843	212	1	3
24.051	213	2	1
24.051	214	4	3
24.155	215	3	1
24.260	216	1	2
24.468	217	3	1
24.468	218	1	3
24.572	219	4	1
24.676	220	2	2
24.780	221	3	1
24.885	222	4	1
25.093	223	1	2
25.093	224	2	3
25.197	225	3	1
25.301	226	2	2
25.510	227	4	2
25.510	228	1	3
25.510	229	2	3
25.718	230	1	1
25.718	231	4	3
25.822	232	2	1
25.926	233	3	2
26.135	234	1	1
26.135	235	3	3
26.239	236	4	2
26.447	237	3	1
26.447	238	4	3
26.551	239	2	2
26.760	240	1	2
26.760	241	2	3
27.072	242	4	1
27.176	243	2	2
27.176	244	1	3
27.385	245	4	1
27.593	246	3	2
27.593	247	2	3
27.905	248	1	1
28.010	249	4	2
28.010	250	3	3
28.218	251	2	1
28.426	252	1	2
28.426	253	3	1
28.426	254	4	3
28.530	255	2	2
28.530	256	1	3
28.635	257	3	2
28.635	258	2	3
28.739	259	3	3
28.843	260	2	1
28.947	261	3	1
29.051	262	4	1
29.260	263	1	1
29.364	264	2	1
29.468	265	3	1
29.676	266	1	1
29.780	267	3	1
29.885	268	2	1
30.093	269	1	1
30.093	270	4	2
30.197	271	3	2
30.197	272	4	3
30.301	273	2	2
30.301	274	3	3
30.405	275	2	3
30.510	276	4	1
30.614	277	3	1
30.718	278	2	1
30.926	279	3	2
31.030	280	2	2
31.030	281	3	3
31.135	282	1	2
31.135	283	2	3
31.239	284	1	3
31.343	285	4	1
31.447	286	3	1
31.551	287	2	1
31.760	288	1	2
31.760	289	2	1
31.864	290	4	2
31.864	291	1	3
31.968	292	3	2
31.968	293	4	3
32.072	294	3	3
32.176	295	1	2
32.280	296	4	2
32.280	297	1	3
32.385	298	3	2
32.385	299	4	3
32.489	300	3	3
32.593	301	1	1
32.697	302	4	1
32.801	303	3	1
33.010	304	1	1
33.114	305	4	1
33.218	306	3	1
33.426	307	1	2
33.530	308	2	1
33.635	309	4	1
33.843	310	2	2
33.843	311	1	3
33.947	312	3	1
34.051	313	4	1
34.260	314	3	2
34.260	315	2	3
34.364	316	4	1
34.468	317	1	1
34.676	318	4	2
34.676	319	3	3
34.780	320	2	1
34.885	321	1	1
35.093	322	1	1
35.093	323	2	1
35.093	324	4	3
35.197	325	3	1
35.301	326	4	1
35.510	327	1	1
35.510	328	2	1
35.614	329	3	1
35.718	330	2	1
35.926	331	1	1
35.926	332	4	1
36.030	333	3	1
36.135	334	2	1
36.135	335	4	1
36.343	336	1	1
36.447	337	2	1
36.551	338	1	1
36.551	339	3	1
36.760	340	3	1
36.760	341	4	1
36.864	342	2	1
36.968	343	1	1
37.176	344	2	1
37.176	345	4	1
37.280	346	1	1
37.385	347	3	1
37.593	348	1	1
37.593	349	2	1
37.697	350	3	1
37.801	351	4	1
38.010	352	1	1
38.010	353	3	1
38.114	354	2	1
38.218	355	3	1
38.218	356	4	1
38.426	357	1	2
38.426	358	2	1
38.530	359	3	1
38.635	360	4	1
38.843	361	2	2
38.947	362	3	1
39.051	363	4	1
39.260	364	3	1
39.364	365	4	1
39.468	366	3	2
39.676	367	4	2
40.093	368	1	3
40.510	369	2	3
40.926	370	3	3
41.343	371	1	2
41.343	372	2	2
41.343	373	4	3
41.760	374	3	1
41.760	375	4	2
41.760	376	1	3
41.760	377	2	3
41.864	378	1	2
41.864	379	4	3
41.968	380	3	1
41.968	381	1	3
42.072	382	3	1
42.176	383	1	1
42.176	384	2	1
42.385	385	2	1
42.489	386	2	1
42.593	387	3	1
42.593	388	4	2
42.697	389	4	3
42.801	390	1	2
42.801	391	2	1
42.905	392	1	3
43.010	393	3	1
43.010	394	4	1
43.218	395	1	1
43.218	396	4	1
43.322	397	3	1
43.426	398	1	1
43.426	399	2	1
43.635	400	2	1
43.739	401	2	1
43.843	402	3	1
43.843	403	4	1
44.051	404	3	1
44.155	405	3	1
44.260	406	1	2
44.260	407	2	1
44.364	408	1	3
44.468	409	3	1
44.468	410	4	2
44.572	411	4	3
44.676	412	1	1
44.676	413	2	1
44.885	414	1	1
44.989	415	1	1
45.093	416	3	2
45.093	417	4	2
45.197	418	2	2
45.197	419	3	3
45.301	420	1	2
45.301	421	2	3
45.405	422	4	3
45.510	423	2	1
45.510	424	4	1
45.510	425	1	3
45.718	426	3	1
45.822	427	3	1
45.926	428	1	2
45.926	429	2	1
46.030	430	1	3
46.135	431	3	1
46.135	432	4	2
46.239	433	4	3
46.343	434	1	1
46.343	435	2	1
46.551	436	3	1
46.655	437	2	1
46.760	438	3	1
46.760	439	4	2
46.968	440	1	1
47.072	441	1	1
47.072	442	2	1
47.176	443	3	2
47.176	444	4	3
47.385	445	1	1
47.385	446	2	1
47.593	447	2	1
47.593	448	4	1
47.593	449	3	3
47.697	450	2	1
47.801	451	3	2
48.010	452	1	2
48.010	453	4	1
48.010	454	3	3
48.218	455	2	2
48.426	456	3	1
48.426	457	4	2
48.426	458	1	3
48.426	459	2	3
48.530	460	2	2
48.530	461	4	3
48.635	462	3	1
48.635	463	2	3
48.739	464	3	1
48.843	465	1	1
48.843	466	4	1
49.051	467	2	1
49.155	468	2	1
49.260	469	1	2
49.260	470	4	1
49.364	471	1	3
49.468	472	3	1
49.468	473	4	2
49.572	474	4	3
49.676	475	1	1
49.676	476	2	1
49.885	477	1	1
49.885	478	4	1
49.989	479	2	1
50.093	480	3	1
50.093	481	4	1
50.301	482	3	1
50.405	483	3	1
50.510	484	1	1
50.510	485	2	1
50.718	486	2	1
50.822	487	2	1
50.926	488	3	1
50.926	489	4	2
51.030	490	4	3
51.135	491	1	2
51.135	492	2	1
51.239	493	1	3
51.343	494	3	1
51.343	495	4	1
51.551	496	1	1
51.655	497	4	1
51.760	498	1	2
51.760	499	2	2
51.864	500	3	2
51.864	501	2	3
51.968	502	4	2
51.968	503	3	3
52.072	504	1	3
52.176	505	1	1
52.176	506	2	1
52.176	507	4	3
52.385	508	2	1
52.489	509	2	1
52.593	510	3	1
52.593	511	4	2
52.697	512	4	3
52.801	513	1	2
52.801	514	2	1
52.905	515	1	3
53.010	516	3	1
53.010	517	4	1
53.218	518	2	1
53.322	519	2	1
53.426	520	1	2
53.426	521	3	1
53.426	522	4	1
53.843	523	2	2
53.843	524	1	3
54.260	525	3	2
54.260	526	2	3
54.676	527	1	1
54.676	528	2	1
54.676	529	4	2
54.676	530	3	3
54.885	531	1	1
54.885	532	2	1
55.093	533	1	2
55.093	534	3	1
55.093	535	4	3
55.197	536	2	2
55.301	537	3	2
55.301	538	2	3
55.405	539	1	3
55.405	540	3	3
55.510	541	1	1
55.510	542	3	1
55.510	543	4	1
55.718	544	2	1
55.822	545	2	1
55.926	546	3	1
55.926	547	4	2
56.030	548	4	3
56.135	549	1	2
56.135	550	2	1
56.239	551	1	3
56.343	552	1	1
56.343	553	3	1
56.343	554	4	1
56.551	555	2	1
56.551	556	3	1
56.760	557	1	1
56.760	558	2	2
56.760	559	4	2
56.864	560	3	2
56.864	561	2	3
56.968	562	1	2
56.968	563	3	3
57.072	564	1	3
57.072	565	4	3
57.176	566	1	1
57.176	567	2	1
57.176	568	4	1
57.280	569	2	1
57.385	570	4	1
57.593	571	1	2
57.593	572	3	2
57.697	573	2	2
57.697	574	3	3
57.801	575	4	2
57.801	576	2	3
57.905	577	1	3
57.905	578	4	3
58.010	579	2	1
58.010	580	3	1
58.010	581	4	1
58.218	582	3	1
58.426	583	1	2
58.426	584	2	2
58.530	585	4	2
58.530	586	2	3
58.635	587	3	2
58.635	588	4	3
58.739	589	1	3
58.739	590	3	3
58.843	591	1	1
58.843	592	2	1
58.947	593	4	1
59.051	594	3	1
59.260	595	1	2
59.260	596	2	1
59.364	597	1	3
59.468	598	3	1
59.468	599	4	2
59.572	600	4	3
59.676	601	1	1
59.676	602	2	1
59.676	603	4	1
59.885	604	3	1
59.989	605	3	1
60.093	606	1	1
60.093	607	2	1
60.301	608	3	1
60.510	609	1	1
60.510	610	3	1
60.510	611	4	1
60.718	612	2	1
60.926	613	1	2
60.926	614	4	1
61.030	615	2	2
61.030	616	1	3
61.135	617	1	2
61.135	618	2	3
61.239	619	1	3
61.343	620	2	2
61.343	621	3	1
61.343	622	4	1
61.447	623	2	3
61.551	624	1	1
61.551	625	3	2
61.655	626	3	3
61.760	627	1	2
61.760	628	4	2
61.864	629	2	2
61.864	630	1	3
61.968	631	3	2
61.968	632	2	3
62.072	633	3	3
62.072	634	4	3
62.176	635	1	1
62.176	636	3	1
62.176	637	4	1
62.385	638	2	1
62.489	639	2	1
62.593	640	3	1
62.593	641	4	2
62.697	642	4	3
62.801	643	1	2
62.801	644	2	1
62.905	645	1	3
63.010	646	1	1
63.010	647	3	1
63.010	648	4	1
63.218	649	3	1
63.426	650	1	1
63.426	651	2	2
63.426	652	4	2
63.530	653	3	2
63.530	654	4	3
63.635	655	1	2
63.635	656	3	3
63.739	657	1	3
63.739	658	2	3
63.843	659	1	1
63.843	660	2	2
63.843	661	4	1
63.947	662	3	2
63.947	663	2	3
64.051	664	4	2
64.051	665	3	3
64.155	666	4	3
64.260	667	1	2
64.260	668	2	2
64.364	669	4	2
64.364	670	2	3
64.468	671	3	2
64.468	672	4	3
64.572	673	1	3
64.572	674	3	3
64.676	675	2	1
64.676	676	4	2
64.780	677	3	2
64.780	678	4	3
64.885	679	1	2
64.885	680	3	3
64.989	681	1	3
65.093	682	3	2
65.093	683	4	1
65.197	684	2	2
65.197	685	3	3
65.301	686	1	2
65.301	687	2	3
65.405	688	1	3
65.510	689	3	2
65.614	690	4	2
65.718	691	2	2
65.718	692	4	3
65.822	693	2	3
65.822	694	3	3
65.926	695	1	2
65.926	696	2	1
66.030	697	1	3
66.135	698	3	1
66.135	699	4	2
66.239	700	4	3
66.343	701	1	1
66.343	702	4	1
66.447	703	2	1
66.551	704	3	1
66.655	705	2	1
66.760	706	1	2
66.760	707	4	1
67.176	708	2	2
67.176	709	4	1
67.176	710	1	3
67.593	711	1	1
67.593	712	3	2
67.593	713	2	3
68.010	714	2	1
68.010	715	4	2
68.010	716	3	3
68.426	717	1	1
68.426	718	2	1
68.426	719	4	3
68.530	720	3	1
68.635	721	4	1
68.843	722	3	1
69.051	723	4	1
69.155	724	3	1
69.260	725	2	2
69.468	726	3	1
69.468	727	2	3
69.572	728	2	2
69.780	729	3	1
69.780	730	2	3
69.885	731	1	2
70.093	732	2	1
70.093	733	1	3
70.197	734	4	1
70.301	735	3	1
70.510	736	4	1
70.718	737	3	1
70.822	738	4	1
70.926	739	2	2
71.135	740	3	1
71.135	741	2	3
71.239	742	1	2
71.447	743	2	1
71.447	744	1	3
71.551	745	4	2
71.760	746	1	1
71.760	747	4	3
71.864	748	2	1
71.968	749	1	1
72.176	750	2	1
72.385	751	1	1
72.489	752	2	1
72.593	753	3	2
72.801	754	2	1
72.801	755	3	3
72.905	756	1	2
73.114	757	2	1
73.114	758	1	3
73.218	759	4	2
73.426	760	1	2
73.426	761	4	3
73.530	762	3	1
73.635	763	4	1
73.843	764	2	2
73.843	765	1	3
74.051	766	4	1
74.155	767	1	1
74.260	768	3	2
74.260	769	2	3
74.468	770	1	1
74.572	771	2	1
74.676	772	4	2
74.676	773	3	3
74.780	774	1	1
74.885	775	3	1
75.093	776	1	1
75.093	777	4	3
75.197	778	2	1
75.301	779	1	1
75.510	780	2	1
75.718	781	1	1
75.822	782	2	1
75.926	783	3	2
76.135	784	2	1
76.135	785	3	3
76.239	786	3	2
76.447	787	2	1
76.447	788	3	3
76.551	789	1	2
76.760	790	3	1
76.760	791	1	3
76.864	792	2	1
76.968	793	1	1
77.176	794	2	1
77.385	795	1	1
77.489	796	2	1
77.593	797	3	2
77.801	798	2	1
77.801	799	3	3
77.905	800	3	2
78.114	801	2	1
78.114	802	3	3
78.218	803	1	2
78.426	804	4	1
78.426	805	1	3
78.530	806	3	1
78.635	807	4	1
78.843	808	3	1
79.051	809	4	1
79.155	810	3	1
79.260	811	2	2
79.468	812	3	1
79.468	813	2	3
79.572	814	2	2
79.780	815	3	1
79.780	816	2	3
79.885	817	1	2
80.093	818	4	2
80.093	819	1	3
80.301	820	2	1
80.405	821	1	1
80.510	822	3	2
80.510	823	4	3
80.614	824	2	1
80.718	825	1	1
80.926	826	2	2
80.926	827	3	3
81.135	828	3	1
81.239	829	4	1
81.343	830	1	2
81.343	831	2	3
81.760	832	3	1
81.760	833	4	1
81.760	834	1	3
81.864	835	2	1
81.968	836	4	1
82.176	837	1	1
82.176	838	3	1
82.385	839	4	1
82.489	840	3	1
82.593	841	1	1
82.593	842	2	2
82.801	843	3	1
82.801	844	4	1
82.801	845	2	3
82.905	846	2	2
83.114	847	3	1
83.114	848	2	3
83.218	849	1	2
83.218	850	4	1
83.426	851	2	1
83.426	852	3	1
83.426	853	1	3
83.530	854	4	1
83.635	855	3	1
83.843	856	1	1
83.843	857	4	1
84.051	858	3	1
84.155	859	4	1
84.260	860	1	1
84.260	861	2	2
84.468	862	3	1
84.468	863	4	1
84.468	864	2	3
84.572	865	1	2
84.780	866	2	1
84.780	867	3	1
84.780	868	1	3
84.885	869	4	2
85.093	870	1	1
85.093	871	3	1
85.093	872	4	3
85.197	873	2	1
85.301	874	1	1
85.510	875	2	1
85.510	876	4	1
85.718	877	1	1
85.822	878	2	1
85.926	879	3	2
85.926	880	4	1
86.135	881	2	1
86.135	882	4	1
86.135	883	3	3
86.239	884	1	2
86.447	885	2	1
86.447	886	1	3
86.551	887	3	1
86.551	888	4	2
86.760	889	1	2
86.760	890	2	1
86.760	891	4	3
86.864	892	3	1
86.968	893	4	1
87.176	894	2	2
87.176	895	3	1
87.176	896	1	3
87.385	897	4	1
87.489	898	1	1
87.593	899	3	2
87.593	900	4	1
87.593	901	2	3
87.801	902	1	1
87.801	903	2	1
88.010	904	4	2
88.010	905	3	3
88.114	906	1	1
88.218	907	2	1
88.218	908	3	1
88.426	909	1	1
88.426	910	3	1
88.426	911	4	3
88.530	912	2	1
88.635	913	1	1
88.843	914	2	1
88.843	915	4	1
89.051	916	1	1
89.155	917	2	1
89.260	918	3	2
89.260	919	4	1
89.468	920	1	1
89.468	921	2	1
89.468	922	3	3
89.572	923	3	2
89.780	924	2	1
89.780	925	3	3
89.885	926	1	2
89.885	927	4	1
90.093	928	3	1
90.093	929	4	1
90.093	930	1	3
90.197	931	2	1
90.301	932	1	1
90.510	933	2	1
90.510	934	3	1
90.718	935	1	1
90.822	936	2	1
90.926	937	3	2
90.926	938	4	1
91.135	939	1	1
91.135	940	2	1
91.135	941	3	3
91.239	942	3	2
91.447	943	2	1
91.447	944	3	3
91.551	945	1	2
91.551	946	4	1
91.760	947	2	1
91.760	948	4	1
91.760	949	1	3
91.864	950	3	1
91.968	951	4	1
92.176	952	1	1
92.176	953	3	1
92.385	954	4	1
92.489	955	3	1
92.593	956	2	2
92.801	957	3	1
92.801	958	4	1
92.801	959	2	3
92.905	960	2	2
93.114	961	3	1
93.114	962	4	1
93.114	963	2	3
93.218	964	1	2
93.426	965	3	1
93.426	966	4	2
93.426	967	1	3
93.635	968	2	1
93.739	969	1	1
93.843	970	2	1
93.843	971	3	2
93.843	972	4	3
94.051	973	1	1
94.260	974	2	2
94.260	975	4	1
94.260	976	3	3
94.468	977	1	1
94.468	978	3	1
94.676	979	1	2
94.676	980	2	3
94.780	981	3	1
94.780	982	4	1
94.885	983	1	3
95.093	984	1	2
95.093	985	4	1
95.301	986	3	1
95.510	987	2	2
95.510	988	1	3
95.718	989	4	1
95.926	990	3	2
95.926	991	2	3
96.135	992	1	1
96.343	993	4	2
96.343	994	3	3
96.551	995	2	1
96.655	996	4	3
96.760	997	1	1
96.760	998	4	2
96.864	999	3	1
96.968	1000	2	1
97.176	1001	1	1
97.176	1002	3	2
97.176	1003	4	3
97.280	1004	2	1
97.385	1005	4	1
97.593	1006	1	1
97.593	1007	2	2
97.593	1008	3	3
97.697	1009	4	1
97.801	1010	3	1
98.010	1011	1	2
98.010	1012	2	3
98.218	1013	3	1
98.218	1014	4	1
98.426	1015	2	1
98.426	1016	3	1
98.426	1017	4	2
98.426	1018	1	3
98.635	1019	2	1
98.843	1020	3	2
98.843	1021	4	3
99.051	1022	1	1
99.260	1023	2	2
99.260	1024	3	3
99.468	1025	4	1
99.676	1026	1	2
99.676	1027	2	3
99.885	1028	3	1
99.989	1029	1	3
100.093	1030	1	2
100.093	1031	4	1
100.197	1032	2	1
100.301	1033	4	1
100.510	1034	2	2
100.510	1035	3	1
100.510	1036	1	3
100.614	1037	4	1
100.718	1038	1	1
100.926	1039	3	2
100.926	1040	2	3
101.030	1041	4	1
101.135	1042	1	1
101.135	1043	2	1
101.343	1044	4	2
101.343	1045	3	3
101.447	1046	2	1
101.551	1047	1	1
101.760	1048	1	1
101.760	1049	2	2
101.760	1050	3	1
101.760	1051	4	3
101.864	1052	4	1
101.864	1053	2	3
101.968	1054	2	2
102.072	1055	2	3
102.176	1056	1	2
102.176	1057	4	1
102.280	1058	3	1
102.280	1059	1	3
102.385	1060	1	2
102.489	1061	1	3
102.593	1062	3	2
102.593	1063	4	1
102.697	1064	2	1
102.697	1065	3	3
102.801	1066	3	2
102.905	1067	3	3
103.010	1068	1	1
103.010	1069	4	2
103.114	1070	2	1
103.114	1071	4	3
103.218	1072	4	2
103.322	1073	4	3
103.426	1074	1	1
103.426	1075	2	2
103.426	1076	3	1
103.530	1077	4	1
103.530	1078	2	3
103.635	1079	2	2
103.739	1080	2	3
103.843	1081	1	2
103.843	1082	4	1
103.947	1083	3	1
103.947	1084	1	3
104.051	1085	1	2
104.155	1086	1	3
104.260	1087	2	1
104.260	1088	3	2
104.260	1089	4	1
104.364	1090	1	1
104.364	1091	3	3
104.468	1092	3	2
104.572	1093	3	3
104.676	1094	1	1
104.676	1095	4	2
104.780	1096	2	1
104.780	1097	4	3
104.885	1098	4	2
104.989	1099	4	3
105.093	1100	1	1
105.093	1101	2	1
105.301	1102	1	1
105.301	1103	2	1
105.510	1104	3	1
105.510	1105	4	1
105.718	1106	3	1
105.718	1107	4	1
105.926	1108	1	1
106.030	1109	2	1
106.135	1110	3	1
106.239	1111	4	1
106.343	1112	1	2
106.447	1113	2	2
106.551	1114	3	2
106.655	1115	4	2
106.655	1116	1	3
106.655	1117	2	3
106.760	1118	1	2
106.760	1119	2	1
106.760	1120	3	3
106.760	1121	4	3
107.176	1122	2	2
107.176	1123	1	3
107.593	1124	3	2
107.593	1125	2	3
108.010	1126	1	2
108.010	1127	4	2
108.010	1128	3	3
108.218	1129	1	3
108.322	1130	4	3
108.426	1131	1	2
108.426	1132	2	1
108.426	1133	4	2
108.530	1134	3	2
108.530	1135	4	3
108.635	1136	2	2
108.635	1137	3	3
108.739	1138	1	3
108.739	1139	2	3
108.843	1140	1	1
108.843	1141	4	1
109.051	1142	3	2
109.155	1143	2	1
109.155	1144	3	3
109.260	1145	1	1
109.260	1146	3	1
109.468	1147	2	2
109.572	1148	3	1
109.572	1149	2	3
109.676	1150	2	1
109.676	1151	4	1
109.885	1152	3	2
109.989	1153	2	1
109.989	1154	3	3
110.093	1155	1	2
110.093	1156	4	2
110.197	1157	2	2
110.197	1158	1	3
110.301	1159	3	2
110.301	1160	2	3
110.405	1161	3	3
110.405	1162	4	3
110.510	1163	1	1
110.510	1164	4	1
110.718	1165	2	2
110.822	1166	3	1
110.822	1167	2	3
110.926	1168	1	2
110.926	1169	4	2
111.030	1170	2	2
111.030	1171	1	3
111.135	1172	3	2
111.135	1173	2	3
111.239	1174	3	3
111.239	1175	4	3
111.343	1176	1	1
111.343	1177	4	1
111.551	1178	3	2
111.655	1179	2	1
111.655	1180	3	3
111.760	1181	1	2
111.760	1182	4	2
111.864	1183	3	2
111.864	1184	4	3
111.968	1185	2	2
111.968	1186	3	3
112.072	1187	1	3
112.072	1188	2	3
112.176	1189	1	1
112.176	1190	4	1
112.385	1191	2	2
112.489	1192	3	1
112.489	1193	2	3
112.593	1194	1	1
112.593	1195	4	1
112.801	1196	3	2
112.905	1197	2	1
112.905	1198	3	3
113.010	1199	1	1
113.010	1200	4	1
113.218	1201	2	2
113.322	1202	3	1
113.322	1203	2	3
113.426	1204	1	2
113.426	1205	4	2
113.530	1206	2	2
113.530	1207	1	3
113.635	1208	3	2
113.635	1209	2	3
113.739	1210	3	3
113.739	1211	4	3
113.843	1212	1	1
113.843	1213	4	1
114.051	1214	2	2
114.155	1215	3	1
114.155	1216	2	3
114.260	1217	1	2
114.260	1218	4	2
114.364	1219	2	2
114.364	1220	1	3
114.468	1221	3	2
114.468	1222	2	3
114.572	1223	3	3
114.572	1224	4	3
114.676	1225	1	1
114.676	1226	4	1
114.885	1227	2	2
114.989	1228	3	1
114.989	1229	2	3
115.093	1230	1	2
115.093	1231	4	2
115.197	1232	3	2
115.197	1233	4	3
115.301	1234	2	2
115.301	1235	3	3
115.405	1236	1	3
115.405	1237	2	3
115.510	1238	1	1
115.510	1239	4	1
115.718	1240	3	2
115.822	1241	2	1
115.822	1242	3	3
115.926	1243	1	1
115.926	1244	3	1
116.135	1245	2	2
116.239	1246	3	1
116.239	1247	2	3
116.343	1248	2	1
116.343	1249	4	1
116.551	1250	3	2
116.655	1251	2	1
116.655	1252	3	3
116.760	1253	1	2
116.760	1254	4	2
116.864	1255	2	2
116.864	1256	1	3
116.968	1257	3	2
116.968	1258	2	3
117.072	1259	3	3
117.072	1260	4	3
117.176	1261	1	1
117.176	1262	4	1
117.385	1263	2	2
117.489	1264	3	1
117.489	1265	2	3
117.593	1266	1	2
117.593	1267	4	2
117.697	1268	2	2
117.697	1269	1	3
117.801	1270	3	2
117.801	1271	2	3
117.905	1272	3	3
117.905	1273	4	3
118.010	1274	1	1
118.010	1275	4	1
118.218	1276	3	2
118.322	1277	2	1
118.322	1278	3	3
118.426	1279	1	2
118.426	1280	4	2
118.530	1281	3	2
118.530	1282	4	3
118.635	1283	2	2
118.635	1284	3	3
118.739	1285	1	3
118.739	1286	2	3
118.843	1287	1	1
118.843	1288	4	1
119.051	1289	2	2
119.155	1290	3	1
119.155	1291	2	3
119.260	1292	1	1
119.260	1293	4	1
119.468	1294	3	2
119.572	1295	2	1
119.572	1296	3	3
119.676	1297	1	1
119.676	1298	4	1
119.885	1299	2	2
119.989	1300	3	1
119.989	1301	2	3
120.093	1302	1	2
120.093	1303	4	2
120.197	1304	2	2
120.197	1305	4	3
120.301	1306	3	2
120.301	1307	2	3
120.405	1308	3	3
120.510	1309	2	2
120.510	1310	4	1
120.510	1311	1	3
120.718	1312	4	2
120.822	1313	4	3
120.926	1314	1	2
120.926	1315	3	2
120.926	1316	2	3
121.030	1317	4	2
121.030	1318	1	3
121.135	1319	2	2
121.135	1320	4	3
121.239	1321	2	3
121.343	1322	1	1
121.343	1323	4	2
121.343	1324	3	3
121.551	1325	1	1
121.551	1326	3	1
121.551	1327	4	3
121.760	1328	1	2
121.760	1329	2	1
121.760	1330	4	2
121.864	1331	3	2
121.864	1332	4	3
121.968	1333	2	2
121.968	1334	3	3
122.072	1335	1	3
122.072	1336	2	3
122.176	1337	1	1
122.176	1338	3	1
122.176	1339	4	1
122.385	1340	3	2
122.489	1341	2	1
122.489	1342	3	3
122.593	1343	1	1
122.593	1344	3	1
122.801	1345	2	2
122.905	1346	3	1
122.905	1347	2	3
123.010	1348	1	1
123.010	1349	2	1
123.010	1350	4	1
123.218	1351	3	2
123.322	1352	2	1
123.322	1353	3	3
123.426	1354	1	2
123.426	1355	4	2
123.530	1356	2	2
123.530	1357	1	3
123.635	1358	3	2
123.635	1359	2	3
123.739	1360	3	3
123.739	1361	4	3
123.843	1362	1	1
123.843	1363	3	1
123.843	1364	4	1
124.051	1365	2	2
124.155	1366	3	1
124.155	1367	2	3
124.260	1368	1	2
124.260	1369	4	2
124.364	1370	2	2
124.364	1371	1	3
124.468	1372	3	2
124.468	1373	2	3
124.572	1374	3	3
124.572	1375	4	3
124.676	1376	1	1
124.676	1377	2	1
124.676	1378	4	1
124.885	1379	3	2
124.989	1380	2	1
124.989	1381	3	3
125.093	1382	1	2
125.093	1383	4	2
125.197	1384	3	2
125.197	1385	4	3
125.301	1386	2	2
125.301	1387	3	3
125.405	1388	1	3
125.405	1389	2	3
125.510	1390	1	1
125.510	1391	3	1
125.510	1392	4	1
125.718	1393	2	2
125.822	1394	3	1
125.822	1395	2	3
125.926	1396	1	1
125.926	1397	4	1
126.135	1398	3	2
126.239	1399	2	1
126.239	1400	3	3
126.343	1401	1	1
126.343	1402	3	1
126.343	1403	4	1
126.551	1404	2	2
126.655	1405	3	1
126.655	1406	2	3
126.760	1407	1	2
126.760	1408	4	2
126.864	1409	2	2
126.864	1410	1	3
126.968	1411	3	2
126.968	1412	2	3
127.072	1413	3	3
127.072	1414	4	3
127.176	1415	1	1
127.176	1416	2	1
127.176	1417	4	1
127.385	1418	2	2
127.489	1419	3	1
127.489	1420	2	3
127.593	1421	1	2
127.593	1422	4	2
127.697	1423	2	2
127.697	1424	1	3
127.801	1425	3	2
127.801	1426	2	3
127.905	1427	3	3
127.905	1428	4	3
128.010	1429	1	1
128.010	1430	2	1
128.010	1431	4	1
128.218	1432	1	1
128.218	1433	2	2
128.322	1434	3	1
128.322	1435	2	3
128.426	1436	1	2
128.426	1437	4	2
128.530	1438	3	2
128.530	1439	4	3
128.635	1440	2	2
128.635	1441	3	3
128.739	1442	1	3
128.739	1443	2	3
128.843	1444	1	1
128.843	1445	3	1
128.843	1446	4	1
129.051	1447	3	2
129.155	1448	2	1
129.155	1449	3	3
129.260	1450	1	1
129.260	1451	3	1
129.468	1452	2	2
129.572	1453	3	1
129.572	1454	2	3
129.676	1455	1	1
129.676	1456	2	1
129.676	1457	4	1
129.885	1458	3	2
129.989	1459	2	1
129.989	1460	3	3
130.093	1461	1	2
130.093	1462	4	2
130.197	1463	2	2
130.197	1464	1	3
130.301	1465	3	2
130.301	1466	2	3
130.405	1467	3	3
130.405	1468	4	3
130.510	1469	1	1
130.510	1470	2	1
130.510	1471	4	1
130.718	1472	2	2
130.822	1473	3	1
130.822	1474	2	3
130.926	1475	1	2
130.926	1476	4	2
131.030	1477	2	2
131.030	1478	1	3
131.135	1479	3	2
131.135	1480	2	3
131.239	1481	3	3
131.239	1482	4	3
131.343	1483	1	1
131.343	1484	2	1
131.343	1485	4	1
131.551	1486	3	2
131.655	1487	2	1
131.655	1488	3	3
131.760	1489	1	2
131.864	1490	3	2
131.864	1491	1	3
131.968	1492	4	2
131.968	1493	3	3
132.072	1494	2	1
132.072	1495	4	3
132.176	1496	1	2
132.280	1497	4	1
132.385	1498	3	2
132.489	1499	2	1
132.489	1500	3	3
132.593	1501	4	1
132.593	1502	1	3
132.697	1503	3	1
132.801	1504	2	2
132.905	1505	1	1
132.905	1506	2	3
133.010	1507	4	2
133.114	1508	2	1
133.218	1509	3	2
133.322	1510	2	1
133.322	1511	3	3
133.426	1512	1	2
133.426	1513	4	3
133.635	1514	4	1
133.739	1515	3	1
133.843	1516	2	2
133.843	1517	4	1
133.843	1518	1	3
134.051	1519	1	1
134.155	1520	4	1
134.260	1521	1	2
134.260	1522	3	2
134.260	1523	2	3
134.676	1524	2	2
134.676	1525	4	2
134.676	1526	3	3
134.885	1527	3	2
134.989	1528	1	3
134.989	1529	2	3
134.989	1530	4	3
135.093	1531	1	1
135.093	1532	2	1
135.093	1533	4	1
135.093	1534	3	3
135.197	1535	3	1
135.301	1536	2	1
135.510	1537	1	1
135.510	1538	4	1
135.718	1539	4	1
135.822	1540	3	1
135.926	1541	1	1
135.926	1542	2	2
136.135	1543	3	1
136.135	1544	2	3
136.239	1545	2	2
136.343	1546	4	1
136.447	1547	3	1
136.447	1548	2	3
136.551	1549	1	2
136.760	1550	2	1
136.760	1551	3	1
136.760	1552	1	3
136.864	1553	4	1
136.968	1554	3	1
137.176	1555	1	1
137.176	1556	4	1
137.385	1557	4	1
137.489	1558	3	1
137.593	1559	1	1
137.593	1560	2	2
137.801	1561	3	1
137.801	1562	2	3
137.905	1563	4	2
138.010	1564	1	1
138.114	1565	2	1
138.114	1566	4	3
138.218	1567	1	2
138.426	1568	2	1
138.426	1569	3	1
138.426	1570	1	3
138.530	1571	4	1
138.635	1572	3	1
138.843	1573	1	1
138.843	1574	4	1
139.051	1575	3	1
139.155	1576	2	1
139.260	1577	1	1
139.260	1578	3	2
139.468	1579	2	1
139.468	1580	3	3
139.572	1581	3	2
139.676	1582	1	1
139.780	1583	2	1
139.780	1584	3	3
139.885	1585	4	2
140.093	1586	1	2
140.093	1587	2	1
140.093	1588	4	3
140.197	1589	3	1
140.301	1590	4	1
140.510	1591	2	2
140.510	1592	4	1
140.510	1593	1	3
140.718	1594	3	1
140.822	1595	4	1
140.926	1596	1	1
140.926	1597	3	2
140.926	1598	2	3
141.135	1599	4	1
141.239	1600	2	1
141.343	1601	1	1
141.343	1602	4	2
141.343	1603	3	3
141.447	1604	2	1
141.551	1605	3	1
141.760	1606	1	1
141.760	1607	2	1
141.760	1608	4	3
141.864	1609	3	1
141.968	1610	2	1
142.176	1611	1	1
142.176	1612	4	1
142.385	1613	1	1
142.489	1614	2	1
142.593	1615	3	2
142.593	1616	4	1
142.801	1617	2	1
142.801	1618	3	3
142.905	1619	3	2
143.010	1620	1	1
143.114	1621	2	1
143.114	1622	3	3
143.218	1623	1	2
143.426	1624	2	1
143.426	1625	4	1
143.426	1626	1	3
143.530	1627	3	1
143.635	1628	2	1
143.843	1629	1	1
143.843	1630	4	1
144.051	1631	1	1
144.155	1632	2	1
144.260	1633	3	2
144.260	1634	4	1
144.468	1635	2	1
144.468	1636	3	3
144.572	1637	3	2
144.676	1638	1	1
144.780	1639	2	1
144.780	1640	3	3
144.885	1641	4	2
145.093	1642	1	1
145.093	1643	2	1
145.093	1644	4	3
145.197	1645	3	1
145.301	1646	2	1
145.510	1647	1	1
145.718	1648	1	1
145.822	1649	2	1
145.926	1650	3	2
146.135	1651	2	1
146.135	1652	3	3
146.239	1653	3	2
146.447	1654	2	1
146.447	1655	3	3
146.551	1656	1	2
146.760	1657	3	1
146.760	1658	4	1
146.760	1659	1	3
146.968	1660	2	1
146.968	1661	3	1
147.176	1662	1	1
147.176	1663	2	1
147.385	1664	3	1
147.385	1665	4	1
147.593	1666	1	1
147.697	1667	2	1
147.801	1668	3	1
147.905	1669	4	1
148.010	1670	1	2
148.114	1671	2	2
148.218	1672	3	2
148.322	1673	4	2
148.322	1674	1	3
148.426	1675	1	2
148.426	1676	2	3
148.426	1677	3	3
148.843	1678	1	3
148.843	1679	4	3