Song Name	All Over the Place - Geoxor Mashup [EXTENDED CUT] (Hard) by Geoxor (Arranged by Got1Butter)
Difficulty	24
Primary Color	Chill
Secondary Color	Rush
Last Note Time	224.604
Total Notes	2177
Fever Fill	547
Fever Time	33.690600
Long Notes	535
BPM	156
Song Length	225.793061224

Timing Points
4.778	487.8049
4.778	487.8049
20.398	307.8502
59.534	346.8208
59.975	346.8208
71.071	346.8208
82.153	346.8208
104.343	346.8208
115.422	406.7797
115.422	406.7797
138.156	418.1185
138.156	418.1185
151.555	418.1185
151.555	418.1185
164.943	418.1185
164.967	418.1185
178.328	419.5804
178.328	419.5804
191.747	357.1429


Song Data
4.778	1	3	2
5.021	2	1	1
5.021	3	3	3
5.265	4	2	2
5.509	5	3	1
5.509	6	2	3
5.753	7	4	1
5.875	8	1	1
5.997	9	2	1
6.119	10	4	2
6.241	11	1	1
6.363	12	3	1
6.363	13	4	3
6.485	14	2	1
6.607	15	1	1
6.729	16	3	2
6.973	17	1	1
6.973	18	3	3
7.217	19	2	2
7.460	20	3	1
7.460	21	2	3
7.704	22	4	1
7.826	23	1	1
7.948	24	2	1
8.070	25	4	2
8.192	26	1	1
8.314	27	3	1
8.314	28	4	3
8.436	29	2	1
8.558	30	1	1
8.680	31	2	2
8.924	32	1	1
8.924	33	2	3
9.168	34	3	1
9.412	35	4	1
9.656	36	3	2
9.899	37	2	1
9.899	38	3	3
10.143	39	1	2
10.387	40	3	1
10.387	41	1	3
10.631	42	2	2
10.875	43	1	1
10.875	44	2	3
11.119	45	3	1
11.363	46	4	1
11.607	47	3	2
11.851	48	1	1
11.851	49	3	3
11.912	50	2	1
11.973	51	3	1
12.034	52	4	1
12.095	53	1	2
12.338	54	4	1
12.582	55	3	2
12.582	56	1	3
12.826	57	1	1
12.826	58	3	3
13.070	59	2	2
13.314	60	3	1
13.314	61	2	3
13.558	62	4	1
13.680	63	1	1
13.802	64	2	1
13.924	65	4	2
14.046	66	1	1
14.168	67	3	1
14.168	68	4	3
14.290	69	2	1
14.412	70	1	1
14.534	71	3	2
14.777	72	1	1
14.777	73	3	3
15.021	74	2	2
15.265	75	3	1
15.265	76	2	3
15.509	77	4	1
15.631	78	1	1
15.753	79	2	1
15.875	80	4	2
15.997	81	1	1
16.119	82	3	1
16.119	83	4	3
16.241	84	2	1
16.363	85	1	1
16.485	86	2	2
16.729	87	1	1
16.729	88	2	3
16.973	89	3	1
17.217	90	4	1
17.460	91	3	2
17.704	92	2	1
17.704	93	3	3
17.948	94	1	2
18.192	95	3	1
18.192	96	1	3
18.436	97	2	2
18.680	98	1	1
18.680	99	2	3
18.924	100	3	1
19.168	101	4	1
19.412	102	2	2
19.656	103	4	1
19.656	104	2	3
19.717	105	3	1
19.777	106	2	1
19.838	107	1	1
19.899	108	4	2
20.143	109	3	2
20.387	110	1	1
20.387	111	2	1
20.387	112	3	3
20.387	113	4	3
20.705	114	3	1
21.013	115	2	1
21.013	116	4	1
21.321	117	3	1
21.629	118	1	1
21.937	119	3	1
22.245	120	2	1
22.245	121	4	1
22.552	122	3	1
22.860	123	1	1
22.860	124	2	1
23.168	125	3	1
23.476	126	2	1
23.476	127	4	1
23.784	128	3	1
24.092	129	1	1
24.400	130	2	1
24.400	131	3	1
24.707	132	3	1
24.707	133	4	1
24.861	134	1	1
24.861	135	2	1
25.015	136	3	1
25.323	137	1	1
25.323	138	4	1
25.631	139	2	1
25.939	140	3	1
25.939	141	4	1
26.247	142	1	1
26.555	143	4	1
26.862	144	1	1
27.170	145	3	1
27.170	146	4	1
27.478	147	2	1
27.786	148	1	1
27.786	149	4	1
28.094	150	2	1
28.402	151	3	1
28.402	152	4	1
28.709	153	1	1
28.863	154	2	1
28.863	155	3	1
29.017	156	4	1
29.325	157	1	1
29.325	158	2	1
29.633	159	3	1
29.633	160	4	1
29.787	161	1	1
29.787	162	2	1
29.941	163	4	1
30.249	164	1	1
30.249	165	2	1
30.557	166	3	1
30.864	167	2	1
30.864	168	4	1
31.172	169	3	1
31.480	170	1	1
31.788	171	3	1
32.096	172	2	1
32.096	173	4	1
32.404	174	3	1
32.712	175	1	1
32.712	176	2	1
33.019	177	3	1
33.327	178	2	1
33.327	179	4	1
33.635	180	3	1
33.943	181	1	1
34.251	182	2	1
34.251	183	3	1
34.559	184	3	1
34.559	185	4	1
34.713	186	1	1
34.713	187	2	1
34.866	188	3	1
35.174	189	1	1
35.174	190	4	1
35.482	191	2	1
35.790	192	3	1
35.790	193	4	1
36.098	194	1	1
36.406	195	4	1
36.714	196	1	1
37.021	197	3	1
37.021	198	4	1
37.329	199	2	1
37.637	200	1	1
37.637	201	4	1
37.945	202	2	1
38.253	203	3	1
38.253	204	4	1
38.561	205	1	1
38.715	206	2	1
38.715	207	3	1
38.869	208	4	1
39.176	209	1	1
39.176	210	2	1
39.484	211	3	1
39.484	212	4	1
39.638	213	1	1
39.638	214	2	1
39.792	215	4	1
40.100	216	1	1
40.100	217	3	2
40.408	218	2	2
40.408	219	3	3
40.716	220	3	1
40.716	221	4	2
40.716	222	2	3
41.023	223	1	2
41.023	224	4	3
41.331	225	1	3
41.947	226	3	1
41.947	227	4	1
42.255	228	1	2
42.563	229	3	2
42.563	230	4	1
42.563	231	1	3
42.871	232	2	2
42.871	233	3	3
43.178	234	3	1
43.178	235	4	2
43.178	236	2	3
43.486	237	1	2
43.486	238	4	3
43.794	239	1	3
44.102	240	1	1
44.102	241	2	1
44.410	242	3	1
44.410	243	4	1
44.564	244	1	1
44.564	245	2	1
44.718	246	3	1
44.872	247	2	1
45.026	248	1	1
45.026	249	4	2
45.333	250	3	2
45.333	251	4	3
45.641	252	2	2
45.641	253	4	1
45.641	254	3	3
45.949	255	1	2
45.949	256	2	3
46.257	257	1	3
46.873	258	1	1
46.873	259	3	1
47.027	260	2	1
47.180	261	3	1
47.334	262	2	1
47.488	263	1	1
47.488	264	4	2
47.796	265	3	2
47.796	266	4	3
48.104	267	2	2
48.104	268	4	1
48.104	269	3	3
48.412	270	1	2
48.412	271	2	3
48.566	272	2	1
48.566	273	3	1
48.720	274	1	3
49.028	275	1	1
49.028	276	3	2
49.335	277	2	2
49.335	278	4	1
49.335	279	3	3
49.489	280	1	1
49.489	281	3	1
49.643	282	4	2
49.643	283	2	3
49.951	284	1	1
49.951	285	3	2
49.951	286	4	3
50.259	287	2	2
50.259	288	3	3
50.567	289	4	2
50.567	290	2	3
50.875	291	1	2
50.875	292	4	3
51.183	293	1	3
51.798	294	3	1
52.106	295	1	2
52.414	296	3	2
52.414	297	4	1
52.414	298	1	3
52.722	299	2	2
52.722	300	3	3
53.030	301	4	2
53.030	302	2	3
53.337	303	1	2
53.337	304	4	3
53.645	305	1	3
54.261	306	1	1
54.415	307	2	1
54.569	308	3	1
54.723	309	2	1
54.877	310	1	1
54.877	311	4	2
55.185	312	3	2
55.185	313	4	3
55.492	314	2	2
55.492	315	3	3
55.800	316	1	2
55.800	317	2	3
56.108	318	1	3
56.724	319	1	1
56.878	320	2	1
57.032	321	3	1
57.186	322	2	1
57.340	323	1	1
57.340	324	4	2
57.647	325	3	2
57.647	326	4	3
57.955	327	2	2
57.955	328	3	3
58.263	329	1	2
58.263	330	2	3
58.571	331	1	3
59.494	332	1	1
59.494	333	4	1
59.794	334	2	1
59.794	335	3	1
59.967	336	1	2
59.967	337	4	1
60.140	338	1	3
60.321	339	2	2
60.495	340	1	1
60.495	341	2	3
60.668	342	2	1
60.668	343	3	1
60.668	344	4	2
60.842	345	4	3
61.015	346	1	1
61.015	347	4	2
61.188	348	3	1
61.188	349	4	3
61.275	350	2	1
61.362	351	1	2
61.535	352	3	1
61.535	353	4	1
61.535	354	1	3
61.709	355	1	1
61.709	356	2	2
61.882	357	4	1
61.882	358	2	3
62.055	359	1	1
62.055	360	2	1
62.055	361	3	2
62.229	362	1	1
62.229	363	4	1
62.229	364	3	3
62.402	365	2	2
62.576	366	1	1
62.576	367	4	1
62.576	368	2	3
62.749	369	2	1
62.749	370	3	2
62.922	371	3	3
63.096	372	4	1
63.183	373	3	1
63.269	374	2	1
63.356	375	1	1
63.443	376	2	1
63.443	377	3	1
63.443	378	4	2
63.616	379	2	2
63.616	380	4	3
63.790	381	1	1
63.790	382	3	1
63.790	383	2	3
63.963	384	4	2
64.136	385	2	2
64.136	386	4	3
64.310	387	2	3
64.483	388	1	1
64.483	389	3	2
64.657	390	3	3
64.830	391	2	1
64.830	392	3	2
64.830	393	4	1
65.003	394	3	3
65.177	395	1	1
65.177	396	2	2
65.350	397	4	1
65.350	398	2	3
65.408	399	3	1
65.466	400	2	1
65.524	401	1	2
65.524	402	4	1
65.697	403	1	3
65.870	404	2	2
66.044	405	1	1
66.044	406	2	3
66.217	407	2	1
66.217	408	3	2
66.217	409	4	1
66.391	410	3	3
66.564	411	1	1
66.564	412	4	2
66.738	413	3	1
66.738	414	4	3
66.824	415	2	1
66.911	416	1	2
67.084	417	3	1
67.084	418	4	1
67.084	419	1	3
67.258	420	1	1
67.258	421	2	2
67.431	422	4	1
67.431	423	2	3
67.605	424	1	1
67.605	425	2	1
67.605	426	3	2
67.778	427	1	1
67.778	428	4	1
67.778	429	3	3
67.951	430	2	2
68.125	431	1	1
68.125	432	4	1
68.125	433	2	3
68.298	434	2	1
68.298	435	3	2
68.472	436	3	3
68.645	437	4	1
68.732	438	3	1
68.818	439	2	1
68.905	440	1	1
68.992	441	4	2
69.165	442	2	2
69.165	443	4	3
69.339	444	2	3
69.512	445	4	2
69.685	446	2	2
69.685	447	4	3
69.859	448	2	3
70.032	449	3	2
70.206	450	3	3
70.379	451	3	2
70.553	452	3	3
70.639	453	1	1
70.639	454	4	1
70.726	455	2	2
70.899	456	1	1
70.899	457	3	1
71.073	458	1	1
71.073	459	4	2
71.073	460	2	3
71.246	461	4	3
71.417	462	3	2
71.591	463	4	1
71.591	464	3	3
71.764	465	1	2
71.764	466	2	1
71.764	467	3	1
71.938	468	1	3
72.111	469	3	2
72.111	470	4	1
72.284	471	1	1
72.284	472	3	3
72.458	473	2	2
72.631	474	3	1
72.631	475	4	1
72.631	476	2	3
72.805	477	1	2
72.805	478	2	1
72.978	479	3	1
72.978	480	1	3
73.151	481	1	1
73.151	482	2	1
73.151	483	4	2
73.325	484	1	1
73.325	485	3	1
73.325	486	4	3
73.498	487	2	2
73.672	488	1	1
73.672	489	4	1
73.672	490	2	3
73.845	491	2	1
73.845	492	3	2
74.018	493	3	3
74.192	494	1	2
74.365	495	3	1
74.365	496	1	3
74.452	497	2	1
74.539	498	1	1
74.539	499	3	1
74.539	500	4	2
74.712	501	2	2
74.712	502	4	3
74.886	503	1	1
74.886	504	4	1
74.886	505	2	3
75.059	506	3	2
75.232	507	4	2
75.232	508	3	3
75.406	509	2	2
75.406	510	4	3
75.579	511	1	1
75.579	512	4	1
75.579	513	2	3
75.753	514	3	1
75.839	515	2	1
75.926	516	1	1
75.926	517	3	1
75.926	518	4	2
76.099	519	1	2
76.099	520	4	3
76.273	521	2	2
76.273	522	3	1
76.273	523	1	3
76.620	524	1	1
76.620	525	4	2
76.620	526	2	3
76.793	527	4	3
76.966	528	3	2
77.140	529	4	1
77.140	530	3	3
77.313	531	1	2
77.313	532	2	1
77.313	533	3	1
77.487	534	1	3
77.660	535	3	2
77.660	536	4	1
77.834	537	1	1
77.834	538	3	3
78.007	539	2	2
78.180	540	3	1
78.180	541	4	1
78.180	542	2	3
78.354	543	1	2
78.354	544	2	1
78.527	545	3	1
78.527	546	1	3
78.701	547	1	1
78.701	548	2	1
78.701	549	4	2
78.874	550	1	1
78.874	551	3	1
78.874	552	4	3
79.047	553	2	2
79.221	554	1	1
79.221	555	4	1
79.221	556	2	3
79.394	557	2	1
79.394	558	3	2
79.568	559	3	3
79.741	560	1	2
79.914	561	3	1
79.914	562	1	3
80.001	563	2	1
80.088	564	4	2
80.261	565	2	2
80.261	566	4	3
80.435	567	1	1
80.435	568	2	3
80.608	569	3	1
80.695	570	2	1
80.781	571	4	2
80.955	572	2	2
80.955	573	4	3
81.128	574	1	1
81.128	575	2	3
81.302	576	3	1
81.388	577	2	1
81.475	578	4	2
81.649	579	1	2
81.649	580	4	3
81.822	581	2	2
81.822	582	4	1
81.822	583	1	3
81.995	584	3	2
82.153	585	1	2
82.153	586	4	1
82.153	587	2	3
82.153	588	3	3
82.499	589	4	2
82.499	590	1	3
82.846	591	1	2
82.846	592	2	1
82.846	593	3	1
82.846	594	4	3
83.020	595	2	2
83.020	596	1	3
83.193	597	4	2
83.193	598	2	3
83.540	599	1	2
83.540	600	2	1
83.540	601	4	3
83.887	602	4	2
83.887	603	1	3
84.060	604	3	2
84.060	605	4	3
84.233	606	1	2
84.233	607	2	1
84.233	608	4	1
84.233	609	3	3
84.407	610	4	2
84.407	611	1	3
84.580	612	3	2
84.580	613	4	3
84.754	614	2	2
84.754	615	3	3
84.927	616	1	2
84.927	617	3	1
84.927	618	2	3
85.274	619	4	2
85.274	620	1	3
85.621	621	1	2
85.621	622	2	1
85.621	623	3	1
85.621	624	4	3
85.794	625	2	2
85.794	626	1	3
85.968	627	4	2
85.968	628	2	3
86.314	629	1	2
86.314	630	2	1
86.314	631	4	3
86.661	632	4	2
86.661	633	1	3
87.008	634	1	2
87.008	635	2	1
87.008	636	3	1
87.008	637	4	3
87.181	638	2	2
87.181	639	1	3
87.355	640	4	2
87.355	641	2	3
87.528	642	3	2
87.528	643	4	3
87.702	644	1	2
87.702	645	2	1
87.702	646	3	3
88.048	647	4	2
88.048	648	1	3
88.395	649	1	2
88.395	650	2	1
88.395	651	3	1
88.395	652	4	3
88.569	653	2	2
88.569	654	1	3
88.742	655	4	2
88.742	656	2	3
89.089	657	1	2
89.089	658	2	1
89.089	659	4	3
89.436	660	4	2
89.436	661	1	3
89.609	662	3	2
89.609	663	4	3
89.783	664	1	2
89.783	665	2	1
89.783	666	4	1
89.783	667	3	3
89.956	668	4	2
89.956	669	1	3
90.129	670	3	2
90.129	671	4	3
90.303	672	2	2
90.303	673	3	3
90.476	674	1	2
90.476	675	3	1
90.476	676	2	3
90.823	677	4	2
90.823	678	1	3
91.170	679	1	2
91.170	680	2	1
91.170	681	3	1
91.170	682	4	3
91.343	683	2	2
91.343	684	1	3
91.517	685	4	2
91.517	686	2	3
91.863	687	1	2
91.863	688	3	1
91.863	689	4	3
92.210	690	4	2
92.210	691	1	3
92.557	692	1	2
92.557	693	2	1
92.557	694	3	1
92.557	695	4	3
92.731	696	2	2
92.731	697	1	3
92.904	698	4	2
92.904	699	2	3
93.077	700	3	2
93.077	701	4	3
93.251	702	1	2
93.251	703	4	1
93.251	704	3	3
93.424	705	2	2
93.771	706	1	3
93.944	707	1	1
93.944	708	3	1
93.944	709	4	2
93.944	710	2	3
94.118	711	1	2
94.118	712	4	3
94.291	713	3	2
94.291	714	1	3
94.465	715	2	2
94.465	716	3	3
94.638	717	1	2
94.638	718	4	1
94.638	719	2	3
94.811	720	3	1
94.985	721	2	1
94.985	722	1	3
95.158	723	3	1
95.332	724	1	1
95.332	725	2	2
95.332	726	4	1
95.505	727	3	2
95.505	728	2	3
95.679	729	1	2
95.679	730	3	3
95.852	731	4	2
95.852	732	1	3
96.025	733	2	2
96.025	734	3	1
96.025	735	4	3
96.199	736	1	1
96.372	737	3	2
96.372	738	2	3
96.546	739	4	1
96.719	740	1	2
96.719	741	2	1
96.719	742	4	1
96.719	743	3	3
96.892	744	4	2
96.892	745	1	3
97.066	746	3	2
97.066	747	4	3
97.239	748	2	2
97.239	749	3	3
97.413	750	1	2
97.413	751	3	1
97.413	752	2	3
97.586	753	2	1
97.759	754	4	2
97.759	755	1	3
97.933	756	2	1
98.106	757	1	2
98.106	758	2	1
98.106	759	3	1
98.106	760	4	3
98.280	761	2	2
98.280	762	1	3
98.453	763	3	2
98.453	764	2	3
98.626	765	4	2
98.626	766	3	3
98.800	767	1	2
98.800	768	3	1
98.800	769	4	3
98.973	770	2	2
99.147	771	4	1
99.320	772	3	1
99.320	773	1	3
99.494	774	1	1
99.494	775	3	1
99.494	776	4	2
99.494	777	2	3
99.667	778	1	2
99.667	779	4	3
99.840	780	3	2
99.840	781	1	3
100.014	782	2	2
100.014	783	3	3
100.187	784	1	2
100.187	785	4	1
100.187	786	2	3
100.361	787	3	1
100.534	788	2	1
100.534	789	1	3
100.707	790	3	1
100.881	791	1	1
100.881	792	2	2
100.881	793	4	1
101.054	794	3	2
101.054	795	2	3
101.228	796	1	2
101.228	797	3	3
101.401	798	4	2
101.401	799	1	3
101.574	800	2	2
101.574	801	3	1
101.574	802	4	3
101.748	803	1	1
101.921	804	3	2
101.921	805	2	3
102.095	806	4	1
102.268	807	1	2
102.268	808	2	1
102.268	809	4	1
102.268	810	3	3
102.442	811	4	2
102.442	812	1	3
102.615	813	3	2
102.615	814	4	3
102.788	815	2	2
102.788	816	3	3
102.962	817	1	2
102.962	818	3	1
102.962	819	2	3
103.135	820	2	1
103.309	821	4	2
103.309	822	1	3
103.482	823	2	1
103.655	824	1	2
103.655	825	2	1
103.655	826	3	1
103.655	827	4	3
103.829	828	2	2
103.829	829	1	3
104.002	830	3	2
104.002	831	2	3
104.176	832	4	2
104.176	833	3	3
104.349	834	1	1
104.349	835	2	1
104.349	836	4	3
104.689	837	3	1
104.689	838	4	1
105.036	839	1	1
105.036	840	2	1
105.210	841	4	1
105.383	842	2	1
105.383	843	3	1
105.556	844	1	1
105.730	845	3	1
105.730	846	4	1
106.077	847	1	1
106.077	848	2	1
106.423	849	3	1
106.423	850	4	1
106.597	851	1	1
106.770	852	2	1
106.770	853	3	1
106.944	854	4	1
107.117	855	1	1
107.117	856	2	1
107.464	857	3	1
107.464	858	4	1
107.811	859	1	1
107.811	860	2	1
107.984	861	4	1
108.158	862	2	1
108.158	863	3	1
108.331	864	1	1
108.504	865	3	1
108.504	866	4	1
108.851	867	1	1
108.851	868	2	1
109.198	869	3	1
109.198	870	4	1
109.371	871	1	1
109.545	872	2	1
109.545	873	3	1
109.718	874	4	1
109.892	875	1	1
109.892	876	2	1
110.065	877	3	1
110.238	878	2	1
110.238	879	4	1
110.412	880	3	1
110.585	881	1	1
110.585	882	2	1
110.759	883	3	1
110.932	884	2	1
110.932	885	4	1
111.106	886	1	1
111.279	887	3	1
111.279	888	4	1
111.452	889	2	1
111.626	890	1	1
111.626	891	3	1
111.799	892	2	1
111.973	893	3	1
111.973	894	4	1
112.146	895	2	1
112.319	896	1	1
112.319	897	3	1
112.493	898	2	1
112.666	899	3	1
112.666	900	4	1
112.840	901	1	1
112.840	902	2	1
113.013	903	3	1
113.013	904	4	1
113.186	905	1	1
113.186	906	2	1
113.360	907	3	1
113.360	908	4	1
113.533	909	1	1
113.533	910	2	1
113.707	911	3	1
113.707	912	4	1
113.880	913	1	1
113.880	914	2	1
114.053	915	4	1
114.140	916	3	1
114.227	917	2	1
114.314	918	1	1
114.400	919	4	1
114.487	920	3	1
114.574	921	2	1
114.660	922	1	1
114.747	923	3	1
114.747	924	4	1
114.921	925	2	1
115.094	926	4	2
115.267	927	3	2
115.422	928	1	2
115.422	929	2	2
115.422	930	3	3
115.422	931	4	3
115.625	932	3	1
115.625	933	1	3
115.625	934	2	3
115.828	935	3	1
115.828	936	4	1
115.930	937	1	2
115.930	938	2	2
116.032	939	3	1
116.032	940	1	3
116.032	941	2	3
116.133	942	1	2
116.133	943	2	2
116.235	944	3	1
116.235	945	4	2
116.235	946	1	3
116.235	947	2	3
116.438	948	2	1
116.438	949	4	3
116.540	950	4	1
116.642	951	1	1
116.642	952	3	1
116.845	953	4	1
116.947	954	3	1
117.049	955	1	2
117.049	956	2	2
117.252	957	3	1
117.252	958	1	3
117.252	959	2	3
117.455	960	3	1
117.455	961	4	1
117.557	962	1	2
117.557	963	2	2
117.659	964	3	1
117.659	965	1	3
117.659	966	2	3
117.760	967	1	2
117.760	968	2	2
117.862	969	3	1
117.862	970	4	2
117.862	971	1	3
117.862	972	2	3
118.066	973	2	1
118.167	974	3	1
118.167	975	4	3
118.269	976	1	1
118.269	977	2	1
118.472	978	3	1
118.574	979	2	1
118.676	980	3	2
118.676	981	4	2
118.879	982	2	1
118.879	983	3	3
118.879	984	4	3
119.083	985	1	1
119.083	986	3	2
119.083	987	4	2
119.286	988	2	1
119.286	989	3	3
119.286	990	4	3
119.489	991	3	2
119.489	992	4	2
119.693	993	2	1
119.693	994	3	3
119.693	995	4	3
119.794	996	3	2
119.794	997	4	2
119.896	998	1	1
119.896	999	2	1
119.896	1000	3	3
119.896	1001	4	3
120.303	1002	1	2
120.303	1003	2	2
120.506	1004	4	1
120.506	1005	1	3
120.506	1006	2	3
120.710	1007	1	2
120.710	1008	2	2
120.710	1009	3	1
120.913	1010	4	1
120.913	1011	1	3
120.913	1012	2	3
121.116	1013	1	1
121.116	1014	3	2
121.320	1015	2	1
121.523	1016	1	1
121.523	1017	4	1
121.523	1018	3	3
121.591	1019	3	1
121.659	1020	1	1
121.727	1021	2	1
121.794	1022	4	1
121.862	1023	3	1
121.930	1024	1	2
121.930	1025	2	2
122.133	1026	3	1
122.133	1027	1	3
122.133	1028	2	3
122.337	1029	3	1
122.337	1030	4	1
122.438	1031	1	2
122.438	1032	2	2
122.540	1033	3	1
122.540	1034	1	3
122.540	1035	2	3
122.642	1036	1	2
122.642	1037	2	2
122.744	1038	3	1
122.744	1039	4	2
122.744	1040	1	3
122.744	1041	2	3
122.947	1042	2	1
122.947	1043	4	3
123.049	1044	4	1
123.150	1045	1	1
123.150	1046	3	1
123.354	1047	4	1
123.455	1048	3	1
123.557	1049	1	2
123.557	1050	2	2
123.760	1051	3	1
123.760	1052	1	3
123.760	1053	2	3
123.964	1054	3	1
123.964	1055	4	1
124.066	1056	1	2
124.066	1057	2	2
124.167	1058	3	1
124.167	1059	1	3
124.167	1060	2	3
124.269	1061	1	2
124.269	1062	2	2
124.371	1063	3	1
124.371	1064	4	2
124.371	1065	1	3
124.371	1066	2	3
124.574	1067	2	1
124.676	1068	3	1
124.676	1069	4	3
124.777	1070	1	1
124.777	1071	2	1
124.981	1072	3	1
125.083	1073	2	1
125.184	1074	3	2
125.184	1075	4	2
125.388	1076	2	1
125.388	1077	3	3
125.388	1078	4	3
125.591	1079	1	1
125.591	1080	3	2
125.591	1081	4	2
125.794	1082	2	1
125.794	1083	3	3
125.794	1084	4	3
125.998	1085	3	2
125.998	1086	4	2
126.201	1087	2	1
126.201	1088	3	3
126.201	1089	4	3
126.303	1090	3	2
126.303	1091	4	2
126.405	1092	1	1
126.405	1093	2	1
126.405	1094	3	3
126.405	1095	4	3
126.506	1096	3	2
126.506	1097	4	2
126.811	1098	1	2
126.811	1099	2	2
126.811	1100	3	3
126.811	1101	4	3
127.015	1102	4	1
127.015	1103	1	3
127.015	1104	2	3
127.218	1105	1	2
127.218	1106	2	2
127.218	1107	3	1
127.422	1108	4	1
127.422	1109	1	3
127.422	1110	2	3
127.625	1111	1	1
127.625	1112	3	2
127.828	1113	2	1
128.032	1114	1	1
128.032	1115	4	1
128.032	1116	3	3
128.099	1117	3	1
128.167	1118	1	1
128.235	1119	2	1
128.303	1120	4	1
128.371	1121	3	1
128.438	1122	1	2
128.438	1123	2	2
128.642	1124	3	1
128.642	1125	1	3
128.642	1126	2	3
128.845	1127	3	1
128.845	1128	4	1
128.947	1129	1	2
128.947	1130	2	2
129.049	1131	3	1
129.049	1132	1	3
129.049	1133	2	3
129.150	1134	1	2
129.150	1135	2	2
129.252	1136	3	1
129.252	1137	4	2
129.252	1138	1	3
129.252	1139	2	3
129.455	1140	2	1
129.455	1141	4	3
129.557	1142	4	1
129.659	1143	1	1
129.659	1144	3	1
129.862	1145	4	1
129.964	1146	3	1
130.066	1147	1	2
130.066	1148	2	2
130.269	1149	3	1
130.269	1150	1	3
130.269	1151	2	3
130.472	1152	3	1
130.472	1153	4	1
130.574	1154	1	2
130.574	1155	2	2
130.676	1156	3	1
130.676	1157	1	3
130.676	1158	2	3
130.777	1159	1	2
130.777	1160	2	2
130.879	1161	3	1
130.879	1162	4	2
130.879	1163	1	3
130.879	1164	2	3
131.083	1165	2	1
131.184	1166	3	1
131.184	1167	4	3
131.286	1168	1	1
131.286	1169	2	1
131.489	1170	3	1
131.591	1171	2	1
131.693	1172	3	2
131.693	1173	4	2
131.896	1174	2	1
131.896	1175	3	3
131.896	1176	4	3
132.099	1177	1	1
132.099	1178	3	2
132.099	1179	4	2
132.303	1180	2	1
132.303	1181	3	3
132.303	1182	4	3
132.506	1183	3	2
132.506	1184	4	2
132.710	1185	2	1
132.710	1186	3	3
132.710	1187	4	3
132.811	1188	3	2
132.811	1189	4	2
132.913	1190	1	1
132.913	1191	2	1
132.913	1192	3	3
132.913	1193	4	3
133.320	1194	1	2
133.320	1195	2	2
133.523	1196	4	1
133.523	1197	1	3
133.523	1198	2	3
133.727	1199	1	2
133.727	1200	2	2
133.727	1201	3	1
133.930	1202	4	1
133.930	1203	1	3
133.930	1204	2	3
134.133	1205	1	1
134.133	1206	3	2
134.337	1207	2	1
134.540	1208	1	1
134.540	1209	4	1
134.540	1210	3	3
134.608	1211	3	1
134.676	1212	1	1
134.744	1213	2	2
134.947	1214	1	1
134.947	1215	4	2
134.947	1216	2	3
135.150	1217	3	2
135.150	1218	4	3
135.354	1219	1	2
135.354	1220	2	1
135.354	1221	3	3
135.557	1222	4	2
135.557	1223	1	3
135.760	1224	2	2
135.760	1225	3	1
135.760	1226	4	3
135.964	1227	4	1
135.964	1228	2	3
136.066	1229	1	2
136.167	1230	3	1
136.167	1231	4	1
136.167	1232	1	3
136.371	1233	2	2
136.574	1234	1	1
136.574	1235	4	2
136.574	1236	2	3
136.777	1237	3	2
136.777	1238	4	3
136.981	1239	1	2
136.981	1240	2	1
136.981	1241	3	3
137.184	1242	4	2
137.184	1243	1	3
137.388	1244	2	2
137.388	1245	3	1
137.388	1246	4	3
137.591	1247	4	1
137.591	1248	2	3
137.693	1249	1	2
137.794	1250	2	2
137.794	1251	4	2
137.794	1252	1	3
138.150	1253	1	1
138.150	1254	3	1
138.150	1255	2	3
138.150	1256	4	3
138.365	1257	3	1
138.574	1258	1	1
138.574	1259	2	1
138.574	1260	4	1
138.678	1261	3	1
138.992	1262	1	1
138.992	1263	3	1
139.201	1264	3	1
139.410	1265	1	1
139.410	1266	2	1
139.410	1267	3	1
139.514	1268	4	2
139.619	1269	3	2
139.828	1270	1	1
139.828	1271	2	1
139.828	1272	3	3
139.828	1273	4	3
140.037	1274	2	1
140.246	1275	1	1
140.246	1276	3	1
140.246	1277	4	1
140.351	1278	2	1
140.664	1279	1	1
140.664	1280	4	1
140.769	1281	2	1
141.082	1282	1	1
141.082	1283	3	2
141.082	1284	4	1
141.291	1285	2	2
141.291	1286	3	3
141.500	1287	3	2
141.500	1288	4	2
141.500	1289	2	3
141.710	1290	1	1
141.710	1291	3	3
141.710	1292	4	3
141.919	1293	1	1
141.919	1294	3	1
141.919	1295	4	1
142.128	1296	1	1
142.337	1297	3	2
142.337	1298	4	2
142.546	1299	1	1
142.546	1300	3	3
142.546	1301	4	3
142.755	1302	1	1
142.755	1303	3	1
142.755	1304	4	1
142.964	1305	1	1
143.173	1306	3	2
143.173	1307	4	2
143.382	1308	1	1
143.382	1309	3	3
143.382	1310	4	3
143.591	1311	1	1
143.591	1312	3	1
143.591	1313	4	1
143.800	1314	1	1
144.009	1315	3	2
144.009	1316	4	2
144.218	1317	2	1
144.218	1318	3	3
144.218	1319	4	3
144.427	1320	1	1
144.427	1321	2	1
144.427	1322	4	1
144.636	1323	2	1
144.845	1324	1	1
144.845	1325	3	1
145.054	1326	3	1
145.264	1327	1	1
145.264	1328	2	1
145.264	1329	4	1
145.368	1330	3	1
145.682	1331	1	1
145.682	1332	3	1
145.891	1333	3	1
146.100	1334	1	1
146.100	1335	2	1
146.100	1336	3	1
146.204	1337	4	2
146.309	1338	3	2
146.518	1339	1	1
146.518	1340	2	1
146.518	1341	3	3
146.518	1342	4	3
146.727	1343	2	1
146.936	1344	1	1
146.936	1345	3	1
146.936	1346	4	1
147.041	1347	2	1
147.354	1348	1	1
147.354	1349	4	1
147.459	1350	2	1
147.772	1351	1	1
147.772	1352	3	2
147.772	1353	4	1
147.981	1354	2	2
147.981	1355	3	3
148.190	1356	3	2
148.190	1357	4	2
148.190	1358	2	3
148.399	1359	1	1
148.399	1360	3	3
148.399	1361	4	3
148.608	1362	1	1
148.608	1363	3	1
148.608	1364	4	1
148.818	1365	1	1
149.027	1366	3	2
149.027	1367	4	2
149.236	1368	1	1
149.236	1369	3	3
149.236	1370	4	3
149.445	1371	1	1
149.445	1372	3	1
149.445	1373	4	1
149.654	1374	1	1
149.863	1375	3	1
149.863	1376	4	1
150.072	1377	2	1
150.072	1378	3	1
150.281	1379	1	1
150.281	1380	2	1
150.490	1381	3	1
150.490	1382	4	1
150.595	1383	1	1
150.595	1384	2	1
150.699	1385	3	1
150.699	1386	4	2
150.804	1387	4	3
150.908	1388	2	1
150.908	1389	4	2
151.013	1390	4	3
151.117	1391	1	1
151.117	1392	4	2
151.222	1393	4	3
151.326	1394	2	2
151.535	1395	1	1
151.535	1396	3	1
151.535	1397	2	3
151.764	1398	3	1
151.973	1399	1	1
151.973	1400	2	1
151.973	1401	4	1
152.077	1402	3	1
152.182	1403	2	1
152.391	1404	1	1
152.391	1405	3	1
152.600	1406	3	1
152.809	1407	1	1
152.809	1408	2	1
152.809	1409	3	1
152.913	1410	4	2
153.018	1411	3	2
153.227	1412	1	1
153.227	1413	2	1
153.227	1414	3	3
153.227	1415	4	3
153.436	1416	2	1
153.645	1417	1	1
153.645	1418	3	1
153.645	1419	4	1
153.750	1420	2	1
153.854	1421	3	1
154.063	1422	1	1
154.063	1423	4	1
154.168	1424	2	1
154.272	1425	3	1
154.481	1426	1	1
154.481	1427	3	2
154.481	1428	4	1
154.690	1429	2	2
154.690	1430	3	3
154.899	1431	3	2
154.899	1432	4	2
154.899	1433	2	3
155.109	1434	1	1
155.109	1435	3	3
155.109	1436	4	3
155.318	1437	1	1
155.318	1438	3	1
155.318	1439	4	1
155.527	1440	1	1
155.736	1441	3	2
155.736	1442	4	2
155.945	1443	1	1
155.945	1444	3	3
155.945	1445	4	3
156.154	1446	1	1
156.154	1447	3	1
156.154	1448	4	1
156.363	1449	1	1
156.572	1450	3	2
156.572	1451	4	2
156.781	1452	1	1
156.781	1453	3	3
156.781	1454	4	3
156.990	1455	1	1
156.990	1456	3	1
156.990	1457	4	1
157.199	1458	1	1
157.408	1459	3	2
157.408	1460	4	2
157.617	1461	2	1
157.617	1462	3	3
157.617	1463	4	3
157.826	1464	1	1
157.826	1465	2	1
157.826	1466	4	1
158.035	1467	2	1
158.244	1468	1	1
158.244	1469	3	1
158.453	1470	3	1
158.663	1471	1	1
158.663	1472	2	1
158.663	1473	4	1
158.767	1474	3	1
158.872	1475	2	1
159.081	1476	1	1
159.081	1477	3	1
159.290	1478	3	1
159.499	1479	1	1
159.499	1480	2	1
159.499	1481	3	1
159.603	1482	4	2
159.708	1483	3	2
159.917	1484	1	1
159.917	1485	2	1
159.917	1486	3	3
159.917	1487	4	3
160.126	1488	2	1
160.335	1489	1	1
160.335	1490	3	1
160.335	1491	4	1
160.440	1492	2	1
160.544	1493	3	1
160.753	1494	1	1
160.753	1495	4	1
160.858	1496	2	1
160.962	1497	3	1
161.171	1498	1	1
161.171	1499	3	2
161.171	1500	4	1
161.380	1501	2	2
161.380	1502	3	3
161.589	1503	3	2
161.589	1504	4	2
161.589	1505	2	3
161.798	1506	1	1
161.798	1507	3	3
161.798	1508	4	3
162.007	1509	1	1
162.007	1510	3	1
162.007	1511	4	1
162.217	1512	1	1
162.426	1513	3	2
162.426	1514	4	2
162.635	1515	1	1
162.635	1516	3	3
162.635	1517	4	3
162.844	1518	1	1
162.844	1519	3	1
162.844	1520	4	1
163.053	1521	1	1
163.262	1522	3	1
163.262	1523	4	1
163.471	1524	2	1
163.471	1525	3	1
163.680	1526	1	1
163.680	1527	2	1
163.889	1528	3	1
163.889	1529	4	1
163.994	1530	1	1
163.994	1531	2	1
164.098	1532	3	1
164.098	1533	4	2
164.203	1534	4	3
164.307	1535	2	1
164.307	1536	4	2
164.412	1537	3	1
164.412	1538	4	3
164.516	1539	1	1
164.516	1540	4	2
164.725	1541	2	2
164.725	1542	4	3
164.943	1543	1	1
164.943	1544	4	1
164.943	1545	2	3
165.152	1546	2	1
165.361	1547	1	1
165.361	1548	3	1
165.361	1549	4	1
165.570	1550	4	1
165.674	1551	3	1
165.779	1552	1	1
165.779	1553	2	1
165.883	1554	4	1
165.988	1555	3	1
166.197	1556	1	1
166.197	1557	2	1
166.197	1558	4	2
166.406	1559	3	1
166.615	1560	1	1
166.615	1561	2	1
166.615	1562	4	3
166.824	1563	3	1
167.033	1564	1	1
167.033	1565	2	1
167.033	1566	4	1
167.242	1567	3	1
167.347	1568	2	1
167.451	1569	1	1
167.451	1570	4	1
167.556	1571	3	1
167.660	1572	2	1
167.869	1573	1	1
167.869	1574	3	1
167.869	1575	4	2
168.078	1576	2	1
168.287	1577	1	1
168.287	1578	3	1
168.287	1579	4	3
168.497	1580	2	1
168.706	1581	1	1
168.706	1582	3	1
168.706	1583	4	1
168.915	1584	1	1
169.019	1585	2	1
169.124	1586	3	1
169.124	1587	4	1
169.228	1588	1	1
169.333	1589	2	1
169.542	1590	1	1
169.542	1591	3	2
169.542	1592	4	1
169.751	1593	2	1
169.751	1594	3	3
169.960	1595	1	1
169.960	1596	4	1
170.169	1597	3	1
170.378	1598	1	1
170.378	1599	2	1
170.378	1600	4	1
170.587	1601	1	1
170.692	1602	2	1
170.796	1603	3	1
170.796	1604	4	1
170.901	1605	1	1
171.005	1606	2	1
171.214	1607	1	1
171.214	1608	2	1
171.214	1609	4	1
171.267	1610	3	1
171.319	1611	2	1
171.371	1612	1	1
171.423	1613	4	1
171.476	1614	3	1
171.528	1615	2	1
171.580	1616	1	1
171.632	1617	3	1
171.632	1618	4	1
171.841	1619	2	1
172.051	1620	1	1
172.051	1621	3	1
172.051	1622	4	1
172.260	1623	4	1
172.364	1624	3	1
172.469	1625	1	1
172.469	1626	2	1
172.573	1627	4	1
172.678	1628	3	1
172.887	1629	1	1
172.887	1630	2	1
172.887	1631	4	2
173.096	1632	3	1
173.305	1633	1	1
173.305	1634	2	1
173.305	1635	4	3
173.514	1636	3	1
173.723	1637	1	1
173.723	1638	2	1
173.723	1639	4	1
173.932	1640	3	1
174.037	1641	2	1
174.141	1642	1	1
174.141	1643	4	1
174.246	1644	3	1
174.350	1645	2	1
174.559	1646	1	1
174.559	1647	3	1
174.559	1648	4	2
174.768	1649	2	1
174.977	1650	1	1
174.977	1651	3	1
174.977	1652	4	3
175.186	1653	2	1
175.395	1654	1	1
175.395	1655	3	1
175.395	1656	4	1
175.605	1657	1	1
175.709	1658	2	1
175.814	1659	3	1
175.814	1660	4	1
175.918	1661	1	1
176.023	1662	2	1
176.232	1663	1	1
176.232	1664	3	2
176.232	1665	4	1
176.441	1666	2	1
176.441	1667	3	3
176.650	1668	1	1
176.650	1669	3	1
176.859	1670	4	1
177.068	1671	1	1
177.068	1672	2	1
177.068	1673	3	1
177.277	1674	4	1
177.486	1675	1	1
177.486	1676	2	1
177.591	1677	4	1
177.695	1678	2	1
177.904	1679	1	1
177.904	1680	3	1
177.904	1681	4	1
178.113	1682	2	1
178.322	1683	1	1
178.322	1684	3	2
178.537	1685	2	1
178.740	1686	3	3
178.747	1687	1	1
178.747	1688	2	1
178.747	1689	4	1
178.957	1690	4	1
179.167	1691	1	1
179.167	1692	3	2
179.376	1693	2	1
179.586	1694	1	1
179.586	1695	2	1
179.586	1696	4	1
179.586	1697	3	3
179.796	1698	4	1
180.006	1699	1	1
180.006	1700	3	2
180.216	1701	2	1
180.425	1702	1	1
180.425	1703	2	1
180.425	1704	4	1
180.425	1705	3	3
180.635	1706	2	2
180.845	1707	3	1
180.845	1708	4	1
181.055	1709	1	2
181.055	1710	2	3
181.160	1711	1	3
181.265	1712	1	2
181.265	1713	3	1
181.265	1714	4	1
181.369	1715	1	3
181.474	1716	1	2
181.579	1717	1	3
181.684	1718	3	2
181.684	1719	4	1
181.894	1720	2	1
182.104	1721	1	1
182.104	1722	2	1
182.104	1723	4	1
182.104	1724	3	3
182.314	1725	1	2
182.523	1726	3	2
182.523	1727	4	1
182.523	1728	1	3
182.733	1729	2	1
182.943	1730	1	1
182.943	1731	2	1
182.943	1732	4	1
182.943	1733	3	3
183.153	1734	1	2
183.362	1735	3	1
183.362	1736	4	1
183.572	1737	2	1
183.572	1738	1	3
183.677	1739	3	1
183.782	1740	1	1
183.782	1741	2	1
183.782	1742	4	2
183.992	1743	3	2
183.992	1744	4	3
184.202	1745	1	1
184.202	1746	4	1
184.202	1747	3	3
184.411	1748	2	1
184.516	1749	3	1
184.621	1750	1	1
184.621	1751	2	1
184.621	1752	4	2
184.831	1753	2	2
184.831	1754	4	3
185.041	1755	1	1
185.041	1756	3	2
185.041	1757	2	3
185.251	1758	2	1
185.460	1759	1	1
185.460	1760	2	1
185.460	1761	4	1
185.460	1762	3	3
185.670	1763	4	1
185.880	1764	1	1
185.880	1765	3	2
186.090	1766	2	1
186.300	1767	1	1
186.300	1768	2	1
186.300	1769	4	1
186.300	1770	3	3
186.509	1771	4	1
186.719	1772	1	1
186.719	1773	3	2
186.929	1774	2	1
187.139	1775	1	1
187.139	1776	2	1
187.139	1777	4	1
187.139	1778	3	3
187.348	1779	2	2
187.558	1780	3	1
187.558	1781	4	1
187.768	1782	1	2
187.768	1783	2	3
187.873	1784	1	3
187.978	1785	1	2
187.978	1786	3	1
187.978	1787	4	1
188.083	1788	1	3
188.188	1789	1	2
188.293	1790	1	3
188.397	1791	3	2
188.397	1792	4	1
188.607	1793	2	1
188.817	1794	1	1
188.817	1795	2	1
188.817	1796	4	1
188.817	1797	3	3
189.027	1798	1	2
189.237	1799	3	2
189.237	1800	4	1
189.237	1801	1	3
189.446	1802	2	1
189.656	1803	1	1
189.656	1804	2	1
189.656	1805	4	1
189.656	1806	3	3
189.866	1807	1	2
190.076	1808	3	1
190.076	1809	4	1
190.286	1810	2	1
190.286	1811	1	3
190.390	1812	3	1
190.495	1813	4	2
190.705	1814	3	2
190.705	1815	4	3
190.915	1816	3	3
191.125	1817	1	1
191.230	1818	2	1
191.334	1819	4	2
191.544	1820	2	2
191.544	1821	4	3
191.747	1822	1	2
191.747	1823	3	2
191.747	1824	4	1
191.747	1825	2	3
191.925	1826	2	1
191.925	1827	1	3
191.925	1828	3	3
192.104	1829	3	1
192.282	1830	4	2
192.461	1831	1	1
192.461	1832	3	2
192.461	1833	4	3
192.639	1834	2	2
192.639	1835	3	3
192.818	1836	3	2
192.818	1837	4	2
192.818	1838	2	3
192.997	1839	1	1
192.997	1840	3	3
192.997	1841	4	3
193.175	1842	3	2
193.175	1843	4	2
193.354	1844	2	1
193.354	1845	3	3
193.354	1846	4	3
193.532	1847	3	2
193.532	1848	4	2
193.711	1849	2	2
193.711	1850	3	3
193.711	1851	4	3
193.889	1852	1	2
193.889	1853	3	2
193.889	1854	2	3
194.068	1855	2	1
194.068	1856	1	3
194.068	1857	3	3
194.247	1858	1	2
194.247	1859	3	2
194.425	1860	2	2
194.425	1861	1	3
194.425	1862	3	3
194.604	1863	3	2
194.604	1864	4	2
194.604	1865	2	3
194.782	1866	2	1
194.782	1867	3	3
194.782	1868	4	3
194.961	1869	1	1
195.139	1870	4	2
195.318	1871	1	1
195.318	1872	3	2
195.318	1873	4	3
195.497	1874	2	2
195.497	1875	3	3
195.675	1876	1	2
195.675	1877	3	2
195.675	1878	2	3
195.854	1879	2	1
195.854	1880	1	3
195.854	1881	3	3
196.032	1882	1	2
196.032	1883	3	2
196.211	1884	2	1
196.211	1885	1	3
196.211	1886	3	3
196.389	1887	1	2
196.389	1888	3	2
196.568	1889	2	2
196.568	1890	1	3
196.568	1891	3	3
196.747	1892	3	2
196.747	1893	4	2
196.747	1894	2	3
196.925	1895	2	2
196.925	1896	3	3
196.925	1897	4	3
197.104	1898	3	2
197.104	1899	2	3
197.282	1900	4	2
197.282	1901	3	3
197.461	1902	1	2
197.461	1903	3	2
197.461	1904	4	3
197.639	1905	2	1
197.639	1906	1	3
197.639	1907	3	3
197.818	1908	3	1
197.997	1909	4	2
198.175	1910	1	1
198.175	1911	3	2
198.175	1912	4	3
198.354	1913	2	2
198.354	1914	3	3
198.532	1915	3	2
198.532	1916	4	2
198.532	1917	2	3
198.711	1918	1	1
198.711	1919	3	3
198.711	1920	4	3
198.889	1921	3	2
198.889	1922	4	2
199.068	1923	2	1
199.068	1924	3	3
199.068	1925	4	3
199.247	1926	3	2
199.247	1927	4	2
199.425	1928	2	2
199.425	1929	3	3
199.425	1930	4	3
199.604	1931	1	2
199.604	1932	3	2
199.604	1933	2	3
199.782	1934	2	1
199.782	1935	1	3
199.782	1936	3	3
199.961	1937	1	2
199.961	1938	3	2
200.139	1939	2	2
200.139	1940	1	3
200.139	1941	3	3
200.318	1942	3	2
200.318	1943	4	2
200.318	1944	2	3
200.497	1945	2	1
200.497	1946	3	3
200.497	1947	4	3
200.675	1948	1	1
200.854	1949	4	2
201.032	1950	1	1
201.032	1951	3	2
201.032	1952	4	3
201.211	1953	2	2
201.211	1954	3	3
201.389	1955	1	2
201.389	1956	3	2
201.389	1957	2	3
201.568	1958	2	1
201.568	1959	1	3
201.568	1960	3	3
201.747	1961	1	2
201.747	1962	3	2
201.925	1963	2	1
201.925	1964	1	3
201.925	1965	3	3
202.104	1966	1	2
202.104	1967	3	2
202.282	1968	2	1
202.282	1969	1	3
202.282	1970	3	3
202.372	1971	1	1
202.461	1972	3	2
202.461	1973	4	2
202.639	1974	2	2
202.639	1975	3	3
202.639	1976	4	3
202.818	1977	1	1
202.818	1978	2	3
203.175	1979	1	2
203.175	1980	3	2
203.175	1981	4	1
203.354	1982	2	1
203.354	1983	1	3
203.354	1984	3	3
203.532	1985	1	1
203.532	1986	3	1
203.711	1987	4	2
203.889	1988	1	1
203.889	1989	3	2
203.889	1990	4	3
204.068	1991	2	2
204.068	1992	3	3
204.247	1993	1	1
204.247	1994	3	2
204.247	1995	4	2
204.247	1996	2	3
204.425	1997	2	1
204.425	1998	3	3
204.425	1999	4	3
204.604	2000	3	2
204.604	2001	4	2
204.782	2002	2	1
204.782	2003	3	3
204.782	2004	4	3
204.961	2005	1	1
204.961	2006	3	2
204.961	2007	4	2
205.139	2008	2	2
205.139	2009	3	3
205.139	2010	4	3
205.318	2011	1	2
205.318	2012	3	2
205.318	2013	4	1
205.318	2014	2	3
205.497	2015	2	1
205.497	2016	1	3
205.497	2017	3	3
205.675	2018	1	2
205.675	2019	3	2
205.854	2020	2	2
205.854	2021	1	3
205.854	2022	3	3
206.032	2023	1	1
206.032	2024	3	2
206.032	2025	4	2
206.032	2026	2	3
206.211	2027	2	1
206.211	2028	3	3
206.211	2029	4	3
206.389	2030	1	1
206.389	2031	3	1
206.568	2032	4	2
206.747	2033	1	1
206.747	2034	3	2
206.747	2035	4	3
206.925	2036	2	1
206.925	2037	3	3
207.104	2038	1	2
207.104	2039	3	2
207.104	2040	4	1
207.282	2041	2	1
207.282	2042	1	3
207.282	2043	3	3
207.461	2044	1	2
207.461	2045	3	2
207.639	2046	2	1
207.639	2047	1	3
207.639	2048	3	3
207.818	2049	1	2
207.818	2050	4	1
207.997	2051	2	2
207.997	2052	1	3
208.175	2053	1	1
208.175	2054	4	2
208.175	2055	2	3
208.354	2056	2	1
208.354	2057	4	3
208.532	2058	1	1
208.532	2059	3	2
208.711	2060	4	2
208.711	2061	3	3
208.889	2062	1	2
208.889	2063	3	2
208.889	2064	4	3
209.068	2065	2	1
209.068	2066	1	3
209.068	2067	3	3
209.247	2068	1	1
209.247	2069	3	1
209.425	2070	4	2
209.604	2071	1	1
209.604	2072	3	2
209.604	2073	4	3
209.782	2074	2	2
209.782	2075	3	3
209.961	2076	1	1
209.961	2077	3	2
209.961	2078	4	2
209.961	2079	2	3
210.139	2080	2	1
210.139	2081	3	3
210.139	2082	4	3
210.318	2083	3	2
210.318	2084	4	2
210.497	2085	2	1
210.497	2086	3	3
210.497	2087	4	3
210.675	2088	1	1
210.675	2089	3	2
210.675	2090	4	2
210.854	2091	2	2
210.854	2092	3	3
210.854	2093	4	3
211.032	2094	1	2
211.032	2095	3	2
211.032	2096	4	1
211.032	2097	2	3
211.211	2098	2	1
211.211	2099	1	3
211.211	2100	3	3
211.389	2101	1	2
211.389	2102	3	2
211.568	2103	2	2
211.568	2104	1	3
211.568	2105	3	3
211.747	2106	1	1
211.747	2107	3	2
211.747	2108	4	2
211.747	2109	2	3
211.925	2110	2	1
211.925	2111	3	3
211.925	2112	4	3
212.104	2113	1	1
212.104	2114	3	1
212.282	2115	4	2
212.461	2116	1	1
212.461	2117	3	2
212.461	2118	4	3
212.639	2119	2	1
212.639	2120	3	3
212.818	2121	1	2
212.818	2122	3	2
212.818	2123	4	1
212.997	2124	2	1
212.997	2125	1	3
212.997	2126	3	3
213.175	2127	1	2
213.175	2128	3	2
213.175	2129	4	1
213.354	2130	2	1
213.354	2131	1	3
213.354	2132	3	3
213.532	2133	1	2
213.532	2134	3	2
213.532	2135	4	1
213.711	2136	2	2
213.711	2137	1	3
213.711	2138	3	3
213.889	2139	1	1
213.889	2140	3	2
213.889	2141	4	2
213.889	2142	2	3
214.068	2143	2	1
214.068	2144	3	3
214.068	2145	4	3
214.247	2146	1	2
214.425	2147	3	2
214.425	2148	1	3
214.604	2149	4	2
214.604	2150	3	3
214.782	2151	4	3
214.961	2152	2	1
215.318	2153	3	1
215.675	2154	1	1
216.032	2155	4	1
216.389	2156	2	1
216.747	2157	3	1
217.104	2158	1	1
217.461	2159	4	1
217.818	2160	2	1
218.175	2161	3	1
218.532	2162	1	1
218.889	2163	4	1
219.247	2164	2	1
219.604	2165	3	1
219.961	2166	1	1
220.318	2167	4	1
220.675	2168	2	1
221.032	2169	3	1
221.389	2170	1	1
221.747	2171	3	1
222.461	2172	2	1
223.175	2173	4	1
223.532	2174	2	1
223.889	2175	3	1
224.247	2176	1	1
224.604	2177	3	1