Song Name	Another day (Hard) by Rutra
Difficulty	19
Primary Color	Vibe
Secondary Color	Rush
Last Note Time	146.546
Total Notes	1037
Fever Fill	289
Fever Time	21.981900
Long Notes	172
BPM	145
Song Length	150.511904762

Timing Points
0.891	413.7931
67.097	413.7931
93.580	413.7931


Song Data
0.891	1	2	1
0.891	2	3	1
0.891	3	4	1
1.097	4	1	1
1.511	5	3	2
1.718	6	3	3
1.925	7	4	2
2.546	8	4	3
3.373	9	1	1
3.373	10	4	1
4.201	11	2	1
4.201	12	4	1
4.408	13	1	1
4.822	14	3	2
5.028	15	3	3
5.235	16	4	2
5.856	17	1	1
5.856	18	3	1
5.856	19	4	3
7.511	20	2	1
7.511	21	4	1
7.718	22	1	1
8.132	23	3	2
8.339	24	3	3
8.546	25	4	2
9.166	26	4	3
9.994	27	1	1
9.994	28	4	1
10.822	29	2	1
10.822	30	4	1
11.028	31	1	1
11.442	32	3	2
11.649	33	3	3
11.856	34	4	2
12.477	35	2	1
12.477	36	3	1
12.477	37	4	3
14.132	38	2	2
14.132	39	4	1
14.649	40	3	2
14.649	41	2	3
15.166	42	4	2
15.166	43	3	3
16.201	44	4	3
16.615	45	1	2
16.615	46	3	1
17.442	47	2	2
17.442	48	3	1
17.442	49	1	3
17.856	50	4	2
17.856	51	2	3
18.270	52	1	2
18.270	53	3	2
18.270	54	4	3
18.373	55	4	2
18.373	56	1	3
18.891	57	2	2
18.891	58	4	3
19.097	59	1	1
19.097	60	4	1
19.097	61	3	3
19.511	62	3	2
19.511	63	2	3
19.925	64	1	2
19.925	65	4	2
19.925	66	3	3
20.753	67	2	2
20.753	68	3	1
20.753	69	1	3
20.753	70	4	3
21.166	71	4	2
21.166	72	2	3
21.580	73	3	2
21.580	74	4	3
22.408	75	3	3
23.235	76	1	1
23.235	77	4	2
23.856	78	3	2
23.856	79	4	3
24.063	80	1	1
24.063	81	2	2
24.063	82	3	3
24.891	83	2	3
24.994	84	1	2
25.097	85	4	2
25.097	86	1	3
25.511	87	3	2
25.511	88	4	3
25.718	89	1	1
25.718	90	2	2
25.718	91	3	3
26.546	92	2	3
27.373	93	1	1
27.373	94	4	2
27.580	95	3	1
27.787	96	1	1
27.994	97	2	1
27.994	98	3	1
27.994	99	4	3
28.201	100	1	1
28.201	101	3	2
28.201	102	4	1
28.615	103	2	1
28.615	104	4	1
28.822	105	1	1
28.822	106	3	3
29.028	107	4	2
29.235	108	1	1
29.235	109	3	1
29.442	110	1	1
29.442	111	2	2
29.442	112	4	3
29.856	113	3	1
29.856	114	4	1
29.856	115	2	3
30.063	116	2	1
30.270	117	1	1
30.270	118	4	1
30.477	119	2	1
30.684	120	3	2
30.684	121	4	1
30.891	122	1	1
31.097	123	4	1
31.304	124	1	1
31.304	125	2	1
31.304	126	3	3
31.511	127	2	2
31.511	128	3	1
31.511	129	4	1
31.925	130	1	1
31.925	131	4	1
32.132	132	3	1
32.132	133	2	3
32.339	134	1	2
32.546	135	2	1
32.546	136	4	1
32.753	137	3	1
32.959	138	2	1
32.959	139	4	1
33.166	140	3	1
33.166	141	4	1
33.166	142	1	3
33.373	143	1	1
33.580	144	2	1
33.580	145	3	1
33.787	146	1	1
33.787	147	3	1
33.787	148	4	1
33.994	149	2	2
33.994	150	4	1
34.201	151	3	1
34.408	152	4	1
34.615	153	1	1
34.615	154	3	1
34.615	155	2	3
34.822	156	2	1
34.822	157	3	2
34.822	158	4	1
35.235	159	2	1
35.235	160	4	1
35.373	161	1	1
35.373	162	3	3
35.649	163	2	2
35.856	164	3	1
35.856	165	4	1
36.063	166	1	1
36.063	167	4	2
36.063	168	2	3
36.270	169	3	1
36.477	170	1	1
36.477	171	2	1
36.477	172	4	3
36.684	173	4	1
36.891	174	2	1
36.891	175	3	1
37.097	176	1	1
37.304	177	2	2
37.304	178	4	1
37.511	179	3	1
37.718	180	4	1
37.925	181	1	1
37.925	182	3	1
37.925	183	2	3
38.132	184	2	1
38.132	185	3	2
38.132	186	4	1
38.546	187	1	1
38.546	188	4	1
38.753	189	2	1
38.753	190	3	3
38.959	191	4	2
39.166	192	1	1
39.166	193	3	1
39.373	194	2	1
39.580	195	1	1
39.580	196	3	1
39.787	197	1	1
39.787	198	2	1
39.787	199	4	3
39.994	200	4	1
40.201	201	2	1
40.201	202	3	1
40.408	203	1	1
40.408	204	3	1
40.408	205	4	1
40.615	206	2	1
40.615	207	4	1
40.822	208	1	1
41.028	209	4	2
41.235	210	2	1
41.235	211	3	1
41.442	212	1	1
41.442	213	2	1
41.649	214	3	1
41.856	215	1	1
41.856	216	3	1
42.063	217	1	1
42.270	218	1	1
42.270	219	4	3
42.477	220	2	1
42.477	221	3	1
42.684	222	2	1
42.684	223	3	1
42.891	224	2	1
43.097	225	1	1
43.097	226	3	1
43.097	227	4	1
43.304	228	4	1
43.511	229	1	1
43.511	230	2	1
43.718	231	3	1
43.925	232	2	1
43.925	233	4	1
44.132	234	1	1
44.339	235	4	2
44.546	236	2	1
44.546	237	3	1
44.753	238	1	1
44.753	239	3	1
44.959	240	2	2
44.959	241	4	3
45.166	242	3	1
45.166	243	4	2
45.166	244	2	3
45.373	245	2	2
45.373	246	4	3
45.580	247	1	2
45.580	248	2	3
45.787	249	3	1
45.787	250	4	1
45.994	251	2	1
46.201	252	3	1
46.201	253	4	1
46.408	254	2	1
46.408	255	4	1
46.408	256	1	3
46.615	257	3	1
46.822	258	1	2
47.028	259	2	1
47.028	260	3	1
47.235	261	2	1
47.235	262	4	2
47.235	263	1	3
47.442	264	3	1
47.649	265	1	1
47.856	266	2	1
47.856	267	3	2
47.856	268	4	3
48.063	269	1	1
48.063	270	4	1
48.477	271	2	2
48.477	272	4	1
48.477	273	3	3
48.684	274	1	1
48.891	275	4	1
48.891	276	2	3
49.097	277	1	1
49.097	278	3	1
49.304	279	1	1
49.304	280	3	1
49.511	281	2	1
49.718	282	2	1
49.718	283	3	1
49.718	284	4	1
49.925	285	4	1
50.132	286	1	2
50.132	287	2	1
50.339	288	4	1
50.546	289	2	1
50.546	290	3	2
50.546	291	1	3
50.753	292	4	1
50.959	293	1	1
51.166	294	2	1
51.166	295	4	1
51.373	296	1	1
51.373	297	4	1
51.373	298	3	3
51.580	299	2	1
51.787	300	1	1
51.787	301	3	1
51.994	302	4	1
52.201	303	1	1
52.408	304	2	1
52.408	305	4	1
52.615	306	3	1
52.822	307	1	1
52.822	308	2	1
53.028	309	1	1
53.028	310	3	1
53.028	311	4	1
53.235	312	2	1
53.442	313	2	1
53.442	314	3	2
53.649	315	1	1
53.649	316	4	1
53.856	317	1	1
53.856	318	2	1
53.856	319	4	1
53.856	320	3	3
54.063	321	3	1
54.270	322	1	1
54.270	323	2	1
54.477	324	3	1
54.684	325	1	1
54.684	326	2	1
54.891	327	3	1
55.097	328	1	1
55.097	329	2	1
55.304	330	3	1
55.511	331	1	1
55.511	332	2	1
55.718	333	3	1
55.925	334	2	1
55.925	335	4	1
56.132	336	1	1
56.339	337	3	1
56.339	338	4	1
56.546	339	2	1
56.753	340	1	1
56.753	341	3	2
56.959	342	4	1
57.166	343	1	1
57.166	344	2	1
57.166	345	3	3
57.373	346	3	1
57.580	347	1	1
57.580	348	2	1
57.787	349	3	1
57.994	350	1	1
57.994	351	2	1
58.201	352	3	1
58.408	353	1	1
58.408	354	2	1
58.615	355	3	1
58.822	356	1	1
58.822	357	2	1
59.028	358	4	1
59.235	359	2	1
59.235	360	3	1
59.442	361	1	1
59.649	362	3	1
59.649	363	4	1
59.856	364	2	1
60.063	365	1	1
60.063	366	3	2
60.270	367	4	1
60.477	368	1	1
60.477	369	2	1
60.477	370	3	3
60.684	371	3	1
60.684	372	4	1
60.891	373	1	1
60.891	374	2	1
61.097	375	3	1
61.097	376	4	1
61.304	377	1	1
61.304	378	2	1
61.511	379	3	1
61.511	380	4	1
61.718	381	1	1
61.718	382	2	1
61.925	383	3	1
61.925	384	4	1
62.132	385	1	1
62.132	386	2	1
62.339	387	3	1
62.339	388	4	1
62.546	389	2	1
62.546	390	4	1
62.753	391	1	1
62.753	392	3	1
62.959	393	1	1
62.959	394	4	1
63.166	395	1	1
63.166	396	2	1
63.373	397	3	2
63.373	398	4	1
63.580	399	2	1
63.580	400	4	1
63.787	401	1	1
63.787	402	2	1
63.787	403	4	1
63.787	404	3	3
63.994	405	2	1
63.994	406	4	1
64.201	407	1	1
64.201	408	2	1
64.201	409	3	1
64.408	410	3	1
64.408	411	4	1
64.615	412	1	1
64.615	413	2	1
64.615	414	4	1
64.822	415	1	1
64.822	416	2	1
65.028	417	2	1
65.028	418	3	1
65.028	419	4	1
65.235	420	1	1
65.235	421	4	1
66.063	422	1	1
66.270	423	4	1
66.477	424	2	1
66.684	425	3	2
66.787	426	2	1
66.891	427	1	1
67.097	428	1	1
67.097	429	4	1
67.097	430	3	3
67.166	431	3	1
67.235	432	2	1
67.304	433	1	1
67.373	434	3	1
67.442	435	2	1
67.511	436	4	2
67.718	437	1	2
67.718	438	4	3
67.925	439	2	1
67.925	440	3	1
67.925	441	4	2
67.925	442	1	3
68.339	443	3	2
68.339	444	4	3
68.546	445	2	2
68.546	446	3	3
68.753	447	1	1
68.753	448	3	1
68.753	449	2	3
68.959	450	2	1
69.166	451	4	1
69.373	452	1	1
69.580	453	1	2
69.580	454	3	1
69.580	455	4	1
69.891	456	2	2
69.891	457	1	3
70.201	458	3	2
70.201	459	2	3
70.408	460	1	1
70.408	461	4	2
70.408	462	3	3
70.822	463	4	3
71.028	464	1	2
71.235	465	2	1
71.235	466	3	1
71.235	467	4	2
71.235	468	1	3
71.649	469	3	2
71.649	470	4	3
71.856	471	2	2
71.856	472	3	3
72.063	473	1	1
72.063	474	4	1
72.063	475	2	3
72.270	476	2	2
72.477	477	3	1
72.684	478	1	1
72.684	479	2	3
72.891	480	1	2
72.891	481	3	1
72.891	482	4	1
73.201	483	2	2
73.201	484	1	3
73.511	485	3	2
73.511	486	2	3
73.718	487	1	2
73.718	488	4	1
73.718	489	3	3
74.132	490	2	1
74.132	491	1	3
74.201	492	4	1
74.270	493	3	1
74.339	494	1	2
74.546	495	2	1
74.546	496	3	1
74.546	497	4	2
74.546	498	1	3
74.649	499	1	1
74.753	500	3	1
74.856	501	2	1
74.959	502	3	2
74.959	503	4	3
75.063	504	1	1
75.166	505	2	2
75.166	506	3	3
75.270	507	4	1
75.373	508	1	1
75.373	509	3	1
75.373	510	2	3
75.442	511	4	1
75.580	512	2	1
75.649	513	1	1
75.787	514	4	1
75.856	515	3	1
75.925	516	2	1
75.994	517	1	1
76.097	518	2	1
76.201	519	1	2
76.201	520	3	1
76.201	521	4	1
76.511	522	2	2
76.511	523	1	3
76.822	524	3	2
76.822	525	2	3
77.028	526	1	1
77.028	527	4	2
77.028	528	3	3
77.442	529	4	3
77.649	530	1	2
77.856	531	2	1
77.856	532	3	1
77.856	533	4	2
77.856	534	1	3
77.959	535	1	1
78.063	536	3	1
78.166	537	2	1
78.270	538	3	2
78.270	539	4	3
78.373	540	1	1
78.477	541	2	2
78.477	542	3	3
78.580	543	4	1
78.684	544	1	1
78.684	545	3	1
78.684	546	2	3
78.787	547	4	1
78.891	548	2	2
78.994	549	1	1
79.097	550	4	1
79.201	551	3	1
79.304	552	1	1
79.304	553	2	3
79.408	554	2	1
79.511	555	1	2
79.511	556	3	1
79.511	557	4	1
79.822	558	2	2
79.822	559	1	3
80.132	560	3	2
80.132	561	2	3
80.339	562	1	1
80.339	563	4	1
80.339	564	3	3
80.408	565	3	1
80.477	566	2	1
80.546	567	1	1
80.615	568	4	1
80.684	569	3	1
80.753	570	2	1
80.822	571	3	1
80.891	572	2	1
80.959	573	1	2
81.166	574	2	1
81.166	575	3	1
81.166	576	4	2
81.166	577	1	3
81.270	578	1	1
81.373	579	3	1
81.477	580	2	1
81.580	581	3	2
81.580	582	4	3
81.684	583	1	1
81.787	584	2	2
81.787	585	3	3
81.891	586	4	1
81.994	587	1	1
81.994	588	3	1
81.994	589	2	3
82.063	590	4	1
82.201	591	2	1
82.270	592	1	1
82.408	593	3	1
82.477	594	4	1
82.546	595	2	1
82.615	596	1	1
82.718	597	3	1
82.822	598	1	1
82.822	599	2	1
82.822	600	4	1
82.925	601	3	1
83.028	602	2	1
83.132	603	1	1
83.235	604	4	1
83.339	605	2	1
83.442	606	3	1
83.546	607	1	1
83.649	608	2	1
83.649	609	4	1
83.753	610	3	1
83.856	611	1	1
83.959	612	2	1
84.063	613	3	1
84.166	614	4	1
84.270	615	1	2
84.477	616	2	1
84.477	617	3	1
84.477	618	4	2
84.477	619	1	3
84.580	620	1	1
84.684	621	3	1
84.787	622	2	1
84.891	623	3	2
84.891	624	4	3
84.994	625	1	1
85.097	626	2	2
85.097	627	3	3
85.201	628	4	1
85.304	629	1	1
85.304	630	3	1
85.304	631	2	3
85.408	632	2	1
85.511	633	4	1
85.615	634	3	1
85.718	635	2	1
85.822	636	1	1
85.925	637	3	1
86.028	638	2	1
86.132	639	1	1
86.132	640	4	1
86.201	641	3	1
86.270	642	2	1
86.339	643	1	1
86.408	644	4	1
86.477	645	3	1
86.546	646	2	1
86.615	647	1	1
86.684	648	4	1
86.753	649	3	1
86.822	650	2	1
86.891	651	1	1
86.959	652	3	1
86.959	653	4	1
87.304	654	1	1
87.373	655	2	1
87.442	656	3	1
87.511	657	4	1
87.580	658	1	2
87.787	659	2	1
87.787	660	3	1
87.787	661	4	2
87.787	662	1	3
87.891	663	1	1
87.994	664	3	1
88.097	665	2	1
88.201	666	3	2
88.201	667	4	3
88.304	668	1	1
88.408	669	2	2
88.408	670	3	3
88.511	671	4	1
88.615	672	1	1
88.615	673	3	1
88.615	674	2	3
88.684	675	4	1
88.822	676	2	1
88.891	677	1	1
89.028	678	3	1
89.097	679	4	1
89.166	680	2	1
89.235	681	1	1
89.339	682	3	1
89.442	683	1	1
89.442	684	2	1
89.442	685	4	1
89.546	686	3	1
89.649	687	2	1
89.753	688	1	1
89.856	689	4	1
89.959	690	2	1
90.063	691	3	1
90.166	692	1	1
90.270	693	2	1
90.270	694	4	1
90.373	695	3	1
90.477	696	1	1
90.580	697	2	1
90.684	698	3	1
90.787	699	4	1
90.891	700	1	2
91.097	701	2	1
91.097	702	3	1
91.097	703	4	2
91.097	704	1	3
91.201	705	1	1
91.304	706	3	1
91.408	707	2	1
91.511	708	3	2
91.511	709	4	3
91.615	710	1	1
91.718	711	2	2
91.718	712	3	3
91.822	713	4	1
91.925	714	1	1
91.925	715	3	1
91.925	716	2	3
92.028	717	2	1
92.132	718	4	1
92.235	719	3	1
92.339	720	2	1
92.442	721	1	1
92.546	722	3	1
92.649	723	2	1
92.753	724	1	2
92.753	725	3	1
92.753	726	4	1
92.856	727	2	1
92.959	728	3	1
93.063	729	2	2
93.063	730	1	3
93.166	731	4	1
93.270	732	3	1
93.373	733	1	2
93.373	734	2	3
93.477	735	2	1
93.580	736	3	1
93.580	737	4	1
93.580	738	1	3
93.787	739	1	1
93.994	740	2	1
94.201	741	3	2
94.408	742	2	1
94.408	743	3	3
94.615	744	4	2
94.822	745	2	1
95.028	746	2	1
95.235	747	2	1
95.235	748	4	3
95.442	749	2	1
95.649	750	2	1
95.856	751	2	1
96.063	752	1	1
96.063	753	4	1
96.270	754	3	1
96.477	755	3	1
96.684	756	3	1
96.891	757	2	1
96.891	758	4	1
97.097	759	1	1
97.304	760	2	1
97.511	761	3	2
97.718	762	2	1
97.718	763	3	3
97.925	764	4	2
98.132	765	2	1
98.339	766	2	1
98.546	767	1	1
98.546	768	3	1
98.546	769	4	3
98.753	770	1	1
98.959	771	1	1
99.166	772	1	1
99.373	773	1	1
99.580	774	1	1
99.787	775	1	1
99.994	776	1	1
100.201	777	2	1
100.201	778	4	1
100.408	779	1	1
100.615	780	2	1
100.822	781	3	2
101.028	782	2	1
101.028	783	3	3
101.235	784	4	2
101.442	785	2	1
101.649	786	2	1
101.856	787	2	1
101.856	788	4	3
102.063	789	2	1
102.270	790	2	1
102.477	791	2	1
102.684	792	1	1
102.684	793	4	1
102.891	794	3	1
103.097	795	3	1
103.304	796	3	1
103.511	797	2	1
103.511	798	4	1
103.718	799	1	1
103.925	800	2	1
104.132	801	3	2
104.339	802	2	1
104.339	803	3	3
104.546	804	4	2
104.753	805	1	1
104.959	806	1	1
105.166	807	2	1
105.166	808	3	1
105.166	809	4	3
105.373	810	1	1
105.580	811	1	1
105.787	812	1	1
105.994	813	1	1
106.201	814	1	1
106.408	815	1	1
106.615	816	1	1
106.822	817	1	1
106.822	818	2	2
106.822	819	4	1
107.028	820	3	1
107.235	821	1	1
107.235	822	4	1
107.442	823	3	2
107.442	824	2	3
107.649	825	1	1
107.649	826	2	1
107.856	827	4	2
107.856	828	3	3
108.063	829	1	1
108.063	830	3	1
108.270	831	2	1
108.477	832	1	1
108.477	833	3	1
108.684	834	1	1
108.684	835	4	3
108.891	836	2	1
108.891	837	4	1
109.097	838	1	1
109.304	839	3	2
109.304	840	4	1
109.511	841	2	1
109.718	842	1	1
109.718	843	4	1
109.925	844	1	1
109.925	845	3	3
110.132	846	2	2
110.132	847	3	1
110.339	848	3	1
110.546	849	1	1
110.546	850	4	2
110.546	851	2	3
110.753	852	1	1
110.959	853	2	1
110.959	854	3	2
110.959	855	4	3
111.166	856	2	1
111.373	857	1	1
111.373	858	4	1
111.580	859	2	1
111.787	860	1	1
111.787	861	4	1
111.787	862	3	3
111.994	863	4	1
112.201	864	2	1
112.201	865	3	1
112.408	866	2	1
112.615	867	1	2
112.615	868	4	1
112.822	869	2	1
113.028	870	3	1
113.028	871	4	1
113.235	872	3	1
113.442	873	2	2
113.442	874	4	1
113.442	875	1	3
113.649	876	3	1
113.856	877	1	1
113.856	878	4	2
113.856	879	2	3
114.063	880	1	1
114.270	881	2	1
114.270	882	3	2
114.270	883	4	3
114.477	884	2	1
114.684	885	1	1
114.684	886	4	1
114.891	887	4	1
115.097	888	1	1
115.097	889	2	1
115.097	890	3	3
115.304	891	4	1
115.511	892	2	1
115.511	893	3	1
115.718	894	3	1
115.925	895	1	1
115.925	896	4	2
116.132	897	2	1
116.339	898	1	1
116.339	899	2	1
116.546	900	3	2
116.546	901	4	3
116.753	902	1	1
116.753	903	2	2
116.753	904	3	3
116.959	905	1	1
117.166	906	3	1
117.166	907	4	1
117.373	908	4	1
117.580	909	1	1
117.580	910	3	1
117.580	911	2	3
117.787	912	2	1
117.994	913	3	1
117.994	914	4	1
118.201	915	1	1
118.408	916	2	1
118.408	917	3	1
118.615	918	4	1
118.822	919	3	1
118.822	920	4	1
119.028	921	3	1
119.235	922	1	1
119.235	923	2	1
119.442	924	2	1
119.649	925	3	1
119.649	926	4	1
119.856	927	3	1
120.063	928	1	1
120.063	929	2	1
120.063	930	4	2
120.684	931	2	1
120.684	932	4	3
120.891	933	3	2
121.511	934	1	1
121.511	935	3	3
121.718	936	4	2
122.132	937	2	2
122.132	938	4	3
122.546	939	1	1
122.546	940	4	1
122.546	941	2	3
123.373	942	2	1
123.373	943	3	2
123.994	944	1	1
123.994	945	3	3
124.201	946	2	2
124.822	947	3	1
124.822	948	2	3
125.028	949	1	2
125.028	950	4	2
125.649	951	2	2
125.649	952	4	3
125.856	953	1	3
125.959	954	4	2
125.959	955	2	3
126.477	956	1	1
126.477	957	3	2
126.477	958	4	3
126.684	959	1	2
126.684	960	2	2
126.684	961	3	3
127.304	962	4	1
127.304	963	2	3
127.511	964	3	2
127.511	965	1	3
128.063	966	1	1
128.063	967	3	3
128.339	968	2	2
128.753	969	4	2
128.753	970	2	3
129.166	971	1	1
129.166	972	3	1
129.166	973	4	3
129.994	974	2	2
129.994	975	4	1
130.615	976	1	1
130.615	977	2	3
130.822	978	3	2
131.442	979	2	1
131.442	980	3	3
131.649	981	1	2
131.649	982	4	2
132.270	983	3	2
132.270	984	1	3
132.477	985	1	2
132.477	986	3	3
132.477	987	4	3
133.097	988	3	1
133.097	989	1	3
133.304	990	2	1
133.304	991	3	1
133.304	992	4	1
133.511	993	1	1
133.718	994	4	2
134.959	995	4	3
135.787	996	1	1
135.787	997	4	1
136.408	998	3	1
136.615	999	2	1
136.615	1000	4	1
136.822	1001	1	1
137.028	1002	4	2
137.649	1003	2	2
137.649	1004	4	3
137.856	1005	4	2
137.856	1006	2	3
138.063	1007	2	2
138.063	1008	4	3
138.270	1009	1	2
138.270	1010	3	1
138.270	1011	2	3
139.097	1012	1	3
139.511	1013	1	2
139.925	1014	2	1
139.925	1015	4	2
139.925	1016	1	3
140.546	1017	3	2
140.546	1018	4	3
141.166	1019	2	2
141.166	1020	3	3
141.580	1021	2	3
142.408	1022	3	1
142.408	1023	4	1
142.822	1024	1	2
143.235	1025	2	1
143.235	1026	3	2
143.235	1027	1	3
144.063	1028	3	3
144.891	1029	2	1
144.891	1030	3	1
145.511	1031	1	1
145.718	1032	4	1
145.925	1033	2	1
146.132	1034	3	2
146.546	1035	1	1
146.546	1036	2	1
146.546	1037	3	3