Song Name	Aura (Hard) by Creo
Title	Aura (Hard)
Artist	Creo
Description	A track released in 2019 by Austrian producer Creo. A mix between EDM and melodic electro-house, it fills your senses with a cybernetic 'Aura'. Map by AverageBoi.
Difficulty	25
Primary Color	Beat
Secondary Color	Rush
Cover Image ID	6153067600
Audio Asset ID	rbxassetid://10599491024
Audio File	10599491024.ogg
Last Note Time	161.278
Total Notes	1262
Fever Fill	331
Fever Time	24.191700
Long Notes	271
BPM	128
Song Length	162.278000000

Timing Points
0.028	468.750000


Song Data
0.028	1	3	1
1.668	2	4	1
1.903	3	4	1
3.543	4	4	1
3.778	5	1	1
3.778	6	4	1
5.418	7	4	1
5.653	8	2	1
5.653	9	4	1
7.293	10	4	1
7.528	11	3	1
7.528	12	4	1
9.168	13	4	1
9.403	14	2	1
9.403	15	4	1
11.043	16	4	1
11.278	17	1	1
11.278	18	4	1
12.918	19	4	1
13.153	20	3	1
13.153	21	4	1
14.793	22	4	1
15.028	23	3	1
15.028	24	4	1
15.262	25	2	1
15.496	26	4	1
15.731	27	1	1
15.965	28	3	1
16.199	29	2	1
16.434	30	4	1
16.668	31	3	1
16.668	32	1	1
16.903	33	3	1
16.903	34	4	1
17.137	35	2	1
17.371	36	4	1
17.606	37	1	1
17.840	38	3	1
18.074	39	2	1
18.309	40	4	1
18.543	41	1	1
18.543	42	2	1
18.778	43	3	1
18.778	44	1	1
19.012	45	2	1
19.246	46	4	1
19.481	47	1	1
19.715	48	3	1
19.949	49	2	1
20.184	50	4	1
20.418	51	3	1
20.418	52	1	1
20.653	53	2	1
20.653	54	3	1
20.887	55	2	1
21.121	56	4	1
21.356	57	1	1
21.590	58	3	1
21.824	59	2	1
22.059	60	4	1
22.293	61	3	1
22.293	62	1	1
22.528	63	3	1
22.528	64	4	1
22.762	65	2	1
22.996	66	4	1
23.231	67	1	1
23.465	68	3	1
23.699	69	2	1
23.934	70	4	1
24.168	71	2	1
24.168	72	1	1
24.403	73	3	1
24.403	74	1	1
24.637	75	2	1
24.871	76	4	1
25.106	77	1	1
25.340	78	3	1
25.574	79	2	1
25.809	80	4	1
26.043	81	2	1
26.043	82	1	1
26.278	83	1	1
26.278	84	3	1
26.512	85	2	1
26.746	86	4	1
26.981	87	1	1
27.215	88	3	1
27.449	89	2	1
27.684	90	4	1
27.918	91	1	1
27.918	92	2	1
28.153	93	3	1
28.153	94	1	2
29.559	95	1	3
28.387	96	4	1
28.621	97	2	1
28.856	98	3	1
29.090	99	2	2
29.559	100	2	3
29.090	101	4	1
29.324	102	3	1
29.559	103	3	1
29.559	104	4	1
30.028	105	3	1
30.028	106	1	2
33.778	107	1	3
30.028	108	2	1
30.028	109	4	2
32.840	110	4	3
30.965	111	2	1
30.965	112	3	1
31.668	113	3	1
31.668	114	2	1
31.903	115	2	1
31.903	116	3	1
32.840	117	3	2
32.957	118	3	3
32.957	119	2	2
33.074	120	2	3
33.074	121	4	2
33.192	122	4	3
33.192	123	2	2
33.309	124	2	3
33.309	125	3	2
33.426	126	3	3
33.309	127	4	1
33.426	128	2	2
33.543	129	2	3
33.543	130	4	2
33.660	131	4	3
33.660	132	2	2
33.778	133	2	3
33.778	134	3	2
37.528	135	3	3
33.778	136	4	2
35.418	137	4	3
34.715	138	1	1
34.715	139	2	1
35.418	140	2	1
35.418	141	1	1
35.535	142	4	2
35.653	143	4	3
35.653	144	1	1
35.653	145	2	2
36.121	146	2	3
36.121	147	1	2
36.590	148	1	3
36.590	149	4	1
36.590	150	2	2
37.059	151	2	3
37.059	152	1	1
37.059	153	4	2
37.528	154	4	3
37.528	155	1	2
38.231	156	1	3
37.528	157	2	2
40.340	158	2	3
38.231	159	4	2
38.348	160	4	3
38.348	161	3	2
38.465	162	3	3
38.465	163	4	2
40.340	164	4	3
38.465	165	1	1
39.168	166	3	1
39.168	167	1	1
39.403	168	3	1
39.403	169	1	1
40.340	170	1	2
41.278	171	1	3
40.340	172	3	2
41.278	173	3	3
40.809	174	4	1
40.809	175	2	1
41.278	176	4	2
43.153	177	4	3
41.278	178	2	2
45.028	179	2	3
42.215	180	1	1
42.215	181	3	1
42.918	182	1	1
42.918	183	3	1
43.153	184	3	2
44.559	185	3	3
43.153	186	1	1
44.090	187	4	1
44.090	188	1	1
44.559	189	4	1
44.559	190	1	1
44.793	191	3	1
45.028	192	1	2
48.778	193	1	3
45.028	194	3	1
45.028	195	4	2
46.434	196	4	3
45.262	197	2	1
45.496	198	2	1
45.731	199	3	1
45.965	200	2	1
45.965	201	3	1
46.199	202	2	1
46.434	203	2	2
46.668	204	2	3
46.668	205	4	1
46.668	206	3	2
46.903	207	3	3
46.903	208	4	2
48.309	209	4	3
46.903	210	2	1
47.137	211	2	1
47.371	212	3	1
47.606	213	3	1
47.840	214	2	1
47.840	215	3	1
48.074	216	2	1
48.309	217	2	1
48.309	218	3	2
48.543	219	3	3
48.543	220	4	2
48.660	221	4	3
48.660	222	2	2
48.778	223	2	3
48.778	224	3	2
52.528	225	3	3
48.778	226	4	2
50.184	227	4	3
49.012	228	2	1
49.246	229	2	1
49.481	230	1	1
49.715	231	1	1
49.715	232	2	1
49.949	233	2	1
50.184	234	1	2
50.418	235	1	3
50.418	236	2	1
50.418	237	4	2
50.653	238	4	3
50.653	239	1	1
50.653	240	2	2
51.590	241	2	3
50.887	242	4	1
51.121	243	4	1
51.356	244	1	1
51.590	245	4	2
52.528	246	4	3
51.590	247	1	1
51.824	248	2	1
52.059	249	2	1
52.059	250	1	1
52.293	251	1	1
52.528	252	1	2
53.231	253	1	3
52.528	254	2	2
55.340	255	2	3
52.762	256	3	1
52.996	257	3	1
53.231	258	4	2
53.348	259	4	3
53.348	260	3	2
53.465	261	3	3
53.465	262	4	2
55.340	263	4	3
53.465	264	1	1
53.699	265	1	1
53.934	266	3	1
54.168	267	1	1
54.168	268	3	1
54.403	269	1	1
54.403	270	3	1
54.637	271	1	1
54.871	272	3	1
55.106	273	3	1
55.340	274	3	2
56.278	275	3	3
55.340	276	1	2
56.278	277	1	3
55.574	278	4	1
55.809	279	4	1
55.809	280	2	1
56.043	281	2	1
56.278	282	2	2
60.028	283	2	3
56.278	284	4	2
58.153	285	4	3
56.512	286	1	1
56.746	287	1	1
56.981	288	3	1
57.215	289	3	1
57.215	290	1	1
57.449	291	1	1
57.684	292	3	1
57.918	293	3	1
57.918	294	1	1
58.153	295	1	1
58.153	296	3	2
60.028	297	3	3
58.387	298	4	1
58.621	299	4	1
58.856	300	1	1
59.090	301	1	1
59.090	302	4	1
59.324	303	4	1
59.559	304	1	1
59.559	305	4	1
59.793	306	1	1
60.028	307	4	1
60.028	308	1	1
60.262	309	2	1
60.496	310	3	1
60.731	311	2	1
60.965	312	3	1
61.199	313	2	1
61.434	314	3	1
61.668	315	2	1
61.903	316	3	1
62.137	317	2	1
62.371	318	3	1
62.606	319	2	1
62.840	320	3	1
63.074	321	2	1
63.309	322	3	1
63.543	323	2	1
63.778	324	1	2
67.059	325	1	3
64.715	326	2	2
67.059	327	2	3
65.653	328	3	2
67.059	329	3	3
67.059	330	4	1
67.528	331	2	2
67.762	332	2	3
67.528	333	4	2
70.340	334	4	3
67.528	335	3	1
67.528	336	1	2
67.762	337	1	3
67.762	338	3	1
67.996	339	3	1
67.996	340	2	1
67.996	341	1	1
68.231	342	2	2
68.465	343	2	3
68.465	344	3	1
68.465	345	1	1
68.699	346	3	2
68.817	347	3	3
68.699	348	2	2
68.817	349	2	3
68.934	350	2	1
68.934	351	1	1
68.934	352	3	1
69.168	353	1	2
69.403	354	1	3
69.403	355	3	2
69.754	356	3	3
69.403	357	2	2
69.754	358	2	3
69.871	359	3	2
70.223	360	3	3
69.871	361	1	1
69.871	362	2	2
70.223	363	2	3
70.340	364	1	1
70.340	365	3	1
70.457	366	2	2
70.574	367	2	3
70.574	368	3	2
70.692	369	3	3
70.692	370	4	2
70.809	371	4	3
70.809	372	1	1
70.809	373	3	1
70.809	374	2	1
70.926	375	4	2
71.043	376	4	3
71.043	377	3	2
71.160	378	3	3
71.160	379	2	2
71.278	380	2	3
71.278	381	4	1
71.278	382	1	1
71.336	383	3	1
71.395	384	2	1
71.453	385	1	1
71.512	386	4	1
71.570	387	3	1
71.629	388	2	1
71.688	389	1	1
71.746	390	2	1
71.746	391	3	2
72.098	392	3	3
71.746	393	4	2
72.098	394	4	3
72.215	395	3	2
72.567	396	3	3
72.215	397	4	2
72.567	398	4	3
72.684	399	1	1
72.684	400	2	1
72.684	401	4	1
72.918	402	2	1
72.918	403	3	1
73.153	404	4	2
73.504	405	4	3
73.153	406	1	1
73.153	407	3	2
73.504	408	3	3
73.621	409	4	2
73.973	410	4	3
73.621	411	3	2
73.973	412	3	3
73.621	413	2	1
74.090	414	2	2
74.559	415	2	3
74.090	416	1	1
74.324	417	3	1
74.324	418	4	1
74.559	419	1	2
75.028	420	1	3
74.559	421	3	1
74.559	422	4	1
74.676	423	2	1
74.793	424	2	1
74.910	425	2	1
75.028	426	4	2
75.379	427	4	3
75.028	428	3	2
75.379	429	3	3
75.496	430	3	2
75.848	431	3	3
75.496	432	1	1
75.496	433	4	2
75.848	434	4	3
75.965	435	4	2
76.317	436	4	3
75.965	437	3	2
76.317	438	3	3
76.434	439	2	1
76.434	440	3	2
76.785	441	3	3
76.434	442	4	2
76.785	443	4	3
76.903	444	2	1
76.903	445	1	1
77.020	446	3	1
77.137	447	4	1
77.254	448	3	1
77.371	449	4	1
77.371	450	2	1
77.371	451	1	1
77.488	452	3	1
77.606	453	4	1
77.723	454	3	1
77.840	455	2	1
77.840	456	1	1
77.957	457	3	1
78.074	458	4	1
78.192	459	3	1
78.309	460	2	2
78.543	461	2	3
78.309	462	1	2
78.778	463	1	3
78.309	464	4	1
78.778	465	2	2
79.129	466	2	3
78.778	467	4	2
79.129	468	4	3
79.246	469	3	1
79.246	470	2	2
79.598	471	2	3
79.246	472	4	2
79.598	473	4	3
79.715	474	4	2
80.067	475	4	3
79.715	476	2	2
80.067	477	2	3
80.184	478	3	2
80.535	479	3	3
80.184	480	1	1
80.184	481	2	2
80.535	482	2	3
80.653	483	1	2
81.004	484	1	3
80.653	485	3	2
81.004	486	3	3
81.121	487	4	1
81.121	488	1	2
81.473	489	1	3
81.121	490	3	2
81.473	491	3	3
81.590	492	1	2
81.824	493	1	3
81.590	494	4	2
81.824	495	4	3
81.824	496	3	1
81.824	497	2	1
82.059	498	1	2
82.293	499	1	3
82.059	500	4	2
82.293	501	4	3
82.059	502	2	1
82.293	503	3	1
82.293	504	2	1
82.528	505	1	2
82.762	506	1	3
82.528	507	2	2
82.762	508	2	3
82.645	509	4	1
82.762	510	3	1
82.996	511	2	1
82.996	512	4	1
82.996	513	1	1
83.231	514	3	2
83.465	515	3	3
83.465	516	2	2
83.699	517	2	3
83.465	518	1	2
83.699	519	1	3
83.582	520	3	1
83.699	521	4	1
83.934	522	1	1
83.934	523	3	1
83.934	524	4	1
84.168	525	3	2
84.403	526	3	3
84.403	527	1	2
84.754	528	1	3
84.403	529	2	2
84.754	530	2	3
84.871	531	2	2
85.223	532	2	3
84.871	533	4	1
84.871	534	1	2
85.223	535	1	3
85.340	536	1	1
85.340	537	4	1
85.457	538	2	2
85.574	539	2	3
85.574	540	3	2
85.692	541	3	3
85.692	542	4	2
85.809	543	4	3
85.809	544	3	1
85.809	545	2	1
85.809	546	1	1
85.926	547	4	2
86.043	548	4	3
86.043	549	3	2
86.160	550	3	3
86.160	551	2	2
86.278	552	2	3
86.278	553	4	1
86.278	554	1	1
86.336	555	3	1
86.395	556	2	1
86.453	557	1	1
86.512	558	4	1
86.570	559	3	1
86.629	560	2	1
86.688	561	1	1
86.746	562	2	1
86.746	563	3	2
87.098	564	3	3
86.746	565	4	2
87.098	566	4	3
87.215	567	4	2
87.567	568	4	3
87.215	569	3	2
87.567	570	3	3
87.684	571	4	1
87.684	572	1	1
87.684	573	2	1
87.918	574	3	1
87.918	575	2	1
88.153	576	3	2
88.504	577	3	3
88.153	578	4	2
88.504	579	4	3
88.153	580	1	1
88.621	581	2	1
88.621	582	4	2
88.973	583	4	3
88.621	584	3	2
88.973	585	3	3
89.090	586	2	2
89.559	587	2	3
89.090	588	1	1
89.324	589	3	1
89.324	590	4	1
89.559	591	3	1
89.559	592	1	2
90.028	593	1	3
89.559	594	4	1
89.676	595	2	1
89.793	596	2	1
89.910	597	2	1
90.028	598	3	2
90.379	599	3	3
90.028	600	4	2
90.379	601	4	3
90.496	602	3	2
90.848	603	3	3
90.496	604	4	2
90.848	605	4	3
90.496	606	1	1
90.965	607	4	2
91.317	608	4	3
90.965	609	3	2
91.317	610	3	3
91.434	611	4	2
91.785	612	4	3
91.434	613	2	1
91.434	614	3	2
91.785	615	3	3
91.903	616	2	1
91.903	617	1	1
92.020	618	3	1
92.137	619	4	1
92.254	620	3	1
92.371	621	4	1
92.371	622	2	1
92.371	623	1	1
92.488	624	3	1
92.606	625	4	1
92.723	626	3	1
92.840	627	1	1
92.840	628	2	1
92.957	629	3	1
93.074	630	4	1
93.192	631	3	1
93.309	632	2	2
93.543	633	2	3
93.309	634	1	2
93.778	635	1	3
93.309	636	4	1
93.778	637	2	2
94.129	638	2	3
93.778	639	4	2
94.129	640	4	3
94.246	641	2	2
94.598	642	2	3
94.246	643	4	2
94.598	644	4	3
94.246	645	3	1
94.715	646	2	2
95.067	647	2	3
94.715	648	4	2
95.067	649	4	3
95.184	650	3	2
95.535	651	3	3
95.184	652	2	2
95.535	653	2	3
95.184	654	1	1
95.653	655	3	2
96.004	656	3	3
95.653	657	1	2
96.004	658	1	3
96.121	659	3	2
96.473	660	3	3
96.121	661	4	1
96.121	662	1	2
96.473	663	1	3
96.590	664	4	2
96.824	665	4	3
96.590	666	1	2
96.824	667	1	3
96.824	668	2	1
96.824	669	3	1
97.059	670	3	1
97.059	671	2	2
97.293	672	2	3
97.059	673	4	2
97.293	674	4	3
97.293	675	1	1
97.293	676	3	1
97.528	677	3	2
99.403	678	3	3
97.528	679	4	2
101.278	680	4	3
97.528	681	1	1
97.996	682	1	1
97.996	683	2	1
98.934	684	2	1
98.934	685	1	1
99.403	686	2	1
99.520	687	1	1
99.637	688	2	1
99.754	689	1	1
99.871	690	3	1
99.871	691	2	1
99.988	692	1	1
100.106	693	3	1
100.223	694	1	1
100.340	695	3	1
100.457	696	2	1
100.574	697	1	1
100.692	698	2	1
100.809	699	3	1
100.809	700	1	1
100.926	701	2	1
101.043	702	3	1
101.160	703	2	1
101.278	704	3	1
101.278	705	1	1
101.746	706	4	1
101.746	707	1	1
101.746	708	3	1
101.746	709	2	1
102.684	710	1	1
102.684	711	2	1
102.918	712	4	1
103.153	713	4	1
103.153	714	2	1
103.621	715	4	1
103.621	716	3	1
104.559	717	2	1
104.559	718	1	1
104.793	719	3	1
105.028	720	2	1
105.028	721	3	1
105.496	722	2	1
105.496	723	4	1
106.434	724	1	1
106.434	725	4	1
106.668	726	1	1
106.903	727	2	1
106.903	728	4	1
106.961	729	3	1
107.371	730	3	1
107.371	731	1	1
108.309	732	4	1
108.309	733	2	1
108.543	734	1	1
108.778	735	1	1
108.778	736	2	1
109.246	737	1	1
109.246	738	3	1
110.184	739	4	1
110.184	740	2	1
110.418	741	1	1
110.653	742	2	1
110.653	743	1	1
110.887	744	4	1
111.121	745	1	1
111.121	746	3	1
112.059	747	1	1
112.059	748	2	1
112.293	749	4	1
112.528	750	3	2
114.403	751	3	3
112.528	752	4	1
112.762	753	1	1
112.996	754	2	1
112.996	755	4	1
113.231	756	1	1
113.465	757	4	1
113.699	758	1	1
113.934	759	4	1
113.934	760	2	1
114.168	761	1	1
114.403	762	1	1
114.403	763	2	1
114.461	764	4	2
115.809	765	4	3
114.637	766	3	1
114.871	767	1	1
114.871	768	2	1
115.106	769	3	1
115.340	770	2	1
115.574	771	1	1
115.809	772	3	1
115.809	773	2	2
116.278	774	2	3
116.043	775	1	1
116.278	776	3	1
116.278	777	1	2
118.153	778	1	3
116.512	779	4	1
116.746	780	3	1
116.746	781	2	1
116.981	782	4	1
117.215	783	2	1
117.449	784	3	1
117.684	785	2	1
117.684	786	4	1
117.918	787	4	1
118.035	788	3	1
118.153	789	2	2
118.504	790	2	3
118.387	791	4	1
118.621	792	2	2
118.973	793	2	3
118.621	794	1	1
118.856	795	3	1
119.090	796	3	2
119.442	797	3	3
119.559	798	3	1
119.559	799	1	1
119.559	800	4	2
119.910	801	4	3
119.793	802	1	1
120.028	803	4	1
120.028	804	1	1
120.028	805	2	1
120.145	806	2	1
120.262	807	3	1
120.496	808	4	1
120.496	809	1	1
120.496	810	2	1
120.731	811	2	1
120.848	812	1	1
120.965	813	2	1
120.965	814	3	1
120.965	815	4	1
121.082	816	1	1
121.317	817	4	1
121.434	818	3	1
121.434	819	1	1
121.434	820	2	1
121.668	821	3	1
121.668	822	2	1
121.903	823	1	1
121.903	824	4	1
121.903	825	3	1
122.020	826	2	1
122.137	827	1	1
122.371	828	3	1
122.371	829	1	1
122.371	830	2	1
122.606	831	4	1
122.723	832	3	1
122.840	833	2	1
122.840	834	4	1
122.840	835	1	1
123.074	836	1	1
123.074	837	3	1
123.192	838	2	1
123.309	839	1	1
123.309	840	4	1
123.309	841	3	1
123.543	842	2	1
123.543	843	4	1
123.660	844	3	1
123.778	845	1	1
123.778	846	4	1
123.778	847	2	1
124.012	848	3	1
124.012	849	1	1
124.246	850	2	1
124.246	851	3	1
124.481	852	2	1
124.481	853	4	1
124.598	854	1	1
124.715	855	4	1
124.715	856	3	1
124.949	857	4	1
124.949	858	2	1
125.067	859	1	1
125.184	860	3	1
125.184	861	2	1
125.301	862	4	1
125.418	863	1	1
125.418	864	3	1
125.653	865	2	1
125.653	866	1	1
125.770	867	3	1
125.887	868	4	1
126.004	869	2	1
126.121	870	3	1
126.238	871	1	1
126.356	872	2	1
126.473	873	3	1
126.590	874	1	1
126.649	875	2	1
126.707	876	3	1
126.766	877	4	1
126.824	878	1	1
126.883	879	2	1
126.942	880	3	1
127.000	881	4	1
127.059	882	3	1
127.059	883	2	1
127.059	884	1	1
127.528	885	1	2
129.403	886	1	3
127.528	887	3	1
127.528	888	2	1
127.528	889	4	1
127.645	890	2	1
127.762	891	2	2
127.996	892	2	3
127.996	893	3	2
128.231	894	3	3
127.996	895	4	1
128.231	896	4	1
128.348	897	4	1
128.465	898	3	1
128.465	899	2	1
128.582	900	4	2
128.817	901	4	3
128.817	902	3	1
128.934	903	4	1
128.934	904	2	1
129.051	905	4	1
129.168	906	2	1
129.168	907	3	1
129.285	908	3	1
129.403	909	4	1
129.403	910	2	1
129.637	911	1	2
129.871	912	1	3
129.754	913	2	1
129.871	914	3	1
129.871	915	4	2
130.106	916	4	3
130.106	917	3	1
130.223	918	4	1
130.340	919	1	2
130.457	920	1	3
130.340	921	3	1
130.457	922	2	2
130.574	923	2	3
130.574	924	4	2
130.692	925	4	3
130.692	926	1	2
130.809	927	1	3
130.809	928	3	2
130.926	929	3	3
130.809	930	4	1
130.926	931	2	2
131.043	932	2	3
131.043	933	4	2
131.160	934	4	3
131.160	935	1	2
131.278	936	1	3
131.278	937	2	1
131.278	938	4	2
133.153	939	4	3
131.395	940	2	1
131.512	941	2	2
131.746	942	2	3
131.746	943	1	2
131.981	944	1	3
131.746	945	3	1
131.981	946	2	1
132.098	947	1	1
132.215	948	2	1
132.215	949	3	1
132.332	950	1	2
132.567	951	1	3
132.567	952	2	1
132.684	953	3	1
132.684	954	1	1
132.801	955	1	1
132.918	956	3	1
133.035	957	3	1
133.153	958	1	1
133.153	959	2	2
133.621	960	2	3
133.387	961	4	2
133.621	962	4	3
133.621	963	3	2
133.856	964	3	3
133.621	965	1	2
134.090	966	1	3
133.856	967	4	1
133.973	968	3	1
134.090	969	2	2
134.559	970	2	3
134.090	971	4	1
134.207	972	3	2
134.324	973	3	3
134.324	974	4	1
134.442	975	1	2
134.559	976	1	3
134.559	977	3	2
134.793	978	3	3
134.559	979	4	2
135.028	980	4	3
134.793	981	2	2
135.028	982	2	3
135.028	983	3	1
135.028	984	1	2
135.731	985	1	3
135.145	986	3	1
135.262	987	3	2
135.496	988	3	3
135.496	989	2	2
135.731	990	2	3
135.496	991	4	1
135.731	992	4	2
135.848	993	4	3
135.848	994	3	2
135.965	995	3	3
135.965	996	2	1
135.965	997	4	2
137.840	998	4	3
136.082	999	1	1
136.317	1000	1	1
136.434	1001	3	1
136.434	1002	2	1
136.668	1003	3	1
136.785	1004	3	1
136.903	1005	2	1
136.903	1006	1	1
137.137	1007	1	2
137.371	1008	1	3
137.371	1009	2	1
137.371	1010	3	2
137.606	1011	3	3
137.606	1012	2	1
137.723	1013	2	1
137.840	1014	3	2
138.778	1015	3	3
137.840	1016	1	1
137.957	1017	2	1
138.192	1018	1	1
138.309	1019	2	1
138.309	1020	4	1
138.543	1021	1	1
138.660	1022	1	1
138.778	1023	4	2
139.715	1024	4	3
138.778	1025	2	1
139.012	1026	1	1
139.246	1027	1	1
139.246	1028	3	1
139.363	1029	2	2
139.715	1030	2	3
139.481	1031	3	2
139.715	1032	3	3
139.715	1033	1	1
139.949	1034	1	1
140.184	1035	4	1
140.184	1036	3	1
140.184	1037	2	1
140.418	1038	3	2
140.653	1039	3	3
140.418	1040	1	2
140.653	1041	1	3
140.653	1042	4	2
141.004	1043	4	3
140.653	1044	2	2
141.004	1045	2	3
141.121	1046	1	1
141.121	1047	2	2
141.473	1048	2	3
141.121	1049	4	2
141.473	1050	4	3
141.590	1051	4	1
141.590	1052	3	1
141.746	1053	3	1
141.746	1054	2	1
141.903	1055	1	1
141.903	1056	2	1
142.059	1057	4	1
142.059	1058	1	2
142.528	1059	1	3
142.059	1060	3	1
142.528	1061	3	1
142.528	1062	4	1
142.528	1063	2	1
142.645	1064	2	1
142.762	1065	2	2
142.996	1066	2	3
142.996	1067	3	2
143.231	1068	3	3
142.996	1069	1	1
142.996	1070	4	1
143.231	1071	1	1
143.348	1072	1	1
143.465	1073	3	1
143.465	1074	2	1
143.582	1075	4	2
143.817	1076	4	3
143.817	1077	3	1
143.934	1078	1	1
143.934	1079	4	1
143.934	1080	2	1
144.051	1081	1	1
144.168	1082	2	1
144.168	1083	3	1
144.285	1084	3	1
144.403	1085	2	1
144.403	1086	4	1
144.637	1087	1	2
144.871	1088	1	3
144.754	1089	2	1
144.871	1090	4	2
145.106	1091	4	3
144.871	1092	2	1
144.871	1093	3	1
145.106	1094	3	1
145.223	1095	4	1
145.340	1096	1	1
145.340	1097	3	1
145.457	1098	2	1
145.692	1099	3	1
145.809	1100	2	2
146.043	1101	2	3
145.809	1102	1	1
145.809	1103	4	1
146.043	1104	1	2
146.278	1105	1	3
146.278	1106	2	1
146.278	1107	4	2
148.153	1108	4	3
146.395	1109	2	1
146.512	1110	2	2
146.746	1111	2	3
146.746	1112	1	2
146.981	1113	1	3
146.746	1114	3	1
146.981	1115	2	1
147.098	1116	1	1
147.215	1117	3	1
147.215	1118	2	1
147.332	1119	1	2
147.567	1120	1	3
147.567	1121	2	1
147.684	1122	1	1
147.684	1123	3	1
147.801	1124	1	1
147.918	1125	3	1
148.035	1126	3	1
148.153	1127	2	1
148.153	1128	1	2
150.028	1129	1	3
148.387	1130	4	2
148.621	1131	4	3
148.621	1132	3	2
148.856	1133	3	3
148.621	1134	2	1
148.856	1135	4	1
148.973	1136	3	1
149.090	1137	2	1
149.207	1138	3	2
149.324	1139	3	3
149.324	1140	4	1
149.442	1141	2	2
149.559	1142	2	3
149.559	1143	4	1
149.559	1144	3	2
149.793	1145	3	3
149.793	1146	2	2
150.028	1147	2	3
150.028	1148	3	2
150.379	1149	3	3
150.028	1150	4	2
150.379	1151	4	3
150.145	1152	2	1
150.262	1153	2	1
150.496	1154	3	2
150.848	1155	3	3
150.496	1156	4	2
150.848	1157	4	3
150.496	1158	1	1
150.731	1159	1	1
150.848	1160	1	1
150.965	1161	4	2
151.317	1162	4	3
150.965	1163	3	2
151.317	1164	3	3
151.082	1165	1	1
151.317	1166	1	1
151.434	1167	1	1
151.434	1168	4	2
151.785	1169	4	3
151.434	1170	3	2
151.785	1171	3	3
151.668	1172	2	1
151.785	1173	2	1
151.903	1174	2	2
152.254	1175	2	3
151.903	1176	4	2
152.254	1177	4	3
152.137	1178	1	1
152.371	1179	3	1
152.371	1180	4	2
152.723	1181	4	3
152.371	1182	2	2
152.723	1183	2	3
152.606	1184	3	1
152.723	1185	1	1
152.840	1186	2	2
153.192	1187	2	3
152.840	1188	3	2
153.192	1189	3	3
152.957	1190	4	1
153.192	1191	4	1
153.309	1192	2	2
153.660	1193	2	3
153.309	1194	3	2
153.660	1195	3	3
153.309	1196	1	1
153.543	1197	4	1
153.660	1198	4	1
153.778	1199	1	2
154.129	1200	1	3
153.778	1201	2	2
154.129	1202	2	3
153.895	1203	3	1
154.012	1204	3	1
154.246	1205	1	2
154.598	1206	1	3
154.246	1207	2	2
154.598	1208	2	3
154.246	1209	4	1
154.481	1210	4	1
154.598	1211	4	1
154.715	1212	1	2
155.067	1213	1	3
154.715	1214	2	2
155.067	1215	2	3
154.832	1216	4	1
155.067	1217	4	1
155.184	1218	3	1
155.184	1219	4	1
155.184	1220	1	1
155.301	1221	2	1
155.418	1222	1	2
155.653	1223	1	3
155.418	1224	3	2
155.653	1225	3	3
155.653	1226	2	2
156.004	1227	2	3
155.653	1228	4	2
156.004	1229	4	3
155.887	1230	3	1
156.121	1231	2	2
156.473	1232	2	3
156.121	1233	4	2
156.473	1234	4	3
156.121	1235	1	1
156.356	1236	1	1
156.473	1237	3	1
156.590	1238	2	2
156.942	1239	2	3
156.590	1240	4	2
156.942	1241	4	3
156.707	1242	3	1
156.942	1243	1	1
157.059	1244	1	2
157.410	1245	1	3
157.059	1246	4	1
157.059	1247	3	2
157.410	1248	3	3
157.528	1249	2	2
158.465	1250	2	3
157.528	1251	1	2
160.340	1252	1	3
157.528	1253	4	2
161.278	1254	4	3
157.996	1255	3	1
158.465	1256	3	1
158.934	1257	3	1
159.403	1258	3	1
159.871	1259	3	1
160.340	1260	3	1
160.809	1261	3	1
161.278	1262	3	1