Song Name	Blue future FC (NES) Version by naruto2413 (feat. Aya Majiro)
Title	Blue future FC (NES) Version
Artist	naruto2413 (feat. Aya Majiro)
Description	Track 3 from naruto2413's album 'sing song chips'. From the artist: The NES (Famicom), SHARP X1 and X68000 played the chiptune tracks, and put on the vocals! Map by Akzode.
Difficulty	16
Primary Color	Chill
Secondary Color	Beat
Cover Image ID	7676073481
Audio Asset ID	rbxassetid://9061142303
Audio File	9061142303.ogg
Last Note Time	163.941
Total Notes	1284
Fever Fill	354
Fever Time	24.591150
Long Notes	221
BPM	180
Song Length	164.941000000

Timing Points
0.201	332.806390


Song Data
0.201	1	1	1
0.284	2	2	1
0.367	3	3	1
0.533	4	1	1
0.700	5	4	1
0.783	6	3	1
0.866	7	2	1
1.033	8	4	1
1.199	9	1	1
1.282	10	2	1
1.365	11	3	1
1.532	12	1	1
1.698	13	4	1
1.781	14	3	1
1.865	15	2	1
2.031	16	4	1
2.197	17	1	1
2.281	18	2	1
2.364	19	3	1
2.530	20	1	2
2.863	21	1	3
2.863	22	2	1
2.946	23	3	1
3.029	24	4	1
3.196	25	1	1
3.362	26	3	1
3.445	27	2	1
3.529	28	1	1
3.695	29	4	1
3.861	30	2	1
3.945	31	3	1
4.028	32	4	1
4.194	33	1	1
4.361	34	3	1
4.444	35	2	1
4.527	36	1	1
4.693	37	3	2
4.860	38	3	3
4.860	39	4	1
5.026	40	1	2
5.525	41	1	3
5.193	42	4	1
5.359	43	2	1
5.525	44	4	1
5.609	45	3	1
5.692	46	2	1
5.858	47	4	1
6.025	48	1	1
6.108	49	2	1
6.191	50	3	1
6.274	51	4	1
6.357	52	1	1
6.524	53	4	1
6.607	54	3	1
6.690	55	2	1
6.773	56	1	1
6.857	57	4	1
7.023	58	1	1
7.106	59	2	1
7.189	60	3	1
7.356	61	1	1
7.439	62	4	1
7.522	63	3	1
7.605	64	2	1
7.689	65	1	1
7.855	66	4	2
8.188	67	4	3
8.021	68	2	1
8.105	69	1	1
8.188	70	2	1
8.271	71	3	1
8.354	72	4	1
8.521	73	1	1
8.687	74	4	1
8.770	75	3	1
8.853	76	2	1
8.937	77	1	1
9.020	78	4	1
9.186	79	2	1
9.353	80	3	2
9.685	81	3	3
9.519	82	1	1
9.519	83	4	1
9.685	84	2	1
9.852	85	3	1
10.018	86	4	1
10.185	87	2	1
10.351	88	4	2
10.850	89	4	3
10.517	90	1	1
10.684	91	3	1
10.850	92	1	2
11.183	93	1	3
10.850	94	2	1
11.183	95	4	1
11.183	96	3	1
11.516	97	3	2
11.849	98	3	3
11.849	99	1	1
11.849	100	4	1
12.182	101	2	1
12.348	102	3	2
12.681	103	3	3
12.514	104	4	1
12.514	105	1	1
12.681	106	2	2
13.014	107	2	3
12.847	108	4	1
13.014	109	1	2
13.513	110	1	3
13.180	111	4	1
13.180	112	3	1
13.513	113	2	1
13.846	114	1	1
13.846	115	3	1
14.178	116	3	2
14.511	117	3	3
14.511	118	1	1
14.511	119	2	1
14.844	120	3	1
15.010	121	4	2
15.343	122	4	3
15.177	123	2	1
15.177	124	3	1
15.343	125	1	2
16.175	126	1	3
15.510	127	3	1
15.842	128	2	1
15.842	129	4	1
16.175	130	4	2
16.508	131	4	3
16.175	132	3	2
16.508	133	3	3
16.508	134	1	1
16.508	135	2	1
16.841	136	2	2
17.174	137	2	3
17.174	138	4	1
17.174	139	1	1
17.506	140	3	1
17.673	141	2	2
18.006	142	2	3
17.839	143	1	1
17.839	144	4	1
18.006	145	3	2
18.338	146	3	3
18.172	147	1	1
18.338	148	4	1
18.505	149	1	1
18.505	150	2	1
18.671	151	3	1
18.838	152	4	2
19.170	153	4	3
19.170	154	1	1
19.170	155	2	2
19.503	156	2	3
19.503	157	3	2
19.836	158	3	3
19.836	159	2	1
19.836	160	4	1
20.002	161	1	2
20.502	162	1	3
20.169	163	2	1
20.502	164	3	1
20.502	165	4	1
20.834	166	2	2
21.167	167	2	3
21.167	168	1	1
21.167	169	3	2
21.500	170	3	3
21.334	171	4	1
21.500	172	1	2
21.833	173	1	3
21.500	174	2	2
21.833	175	2	3
21.833	176	3	1
21.833	177	4	1
22.166	178	3	2
22.499	179	3	3
22.499	180	1	1
22.499	181	4	1
22.831	182	2	1
22.998	183	3	2
23.331	184	3	3
23.164	185	4	1
23.164	186	1	1
23.331	187	2	2
23.663	188	2	3
23.497	189	4	1
23.663	190	1	2
24.163	191	1	3
23.830	192	4	1
23.830	193	3	1
23.996	194	2	1
24.163	195	4	1
24.495	196	4	1
24.495	197	3	2
24.828	198	3	3
24.828	199	2	2
25.161	200	2	3
25.161	201	3	2
25.494	202	3	3
25.161	203	1	1
25.494	204	2	1
25.660	205	4	2
25.993	206	4	3
25.827	207	3	1
25.827	208	2	1
25.993	209	1	2
26.825	210	1	3
26.159	211	3	1
26.492	212	2	1
26.492	213	4	1
26.825	214	4	2
27.158	215	4	3
26.825	216	3	2
27.158	217	3	3
27.158	218	2	1
27.158	219	1	1
27.491	220	2	2
27.823	221	2	3
27.823	222	1	1
27.823	223	4	1
28.156	224	3	1
28.323	225	2	2
28.655	226	2	3
28.489	227	4	1
28.489	228	1	1
28.655	229	3	2
28.988	230	3	3
28.822	231	4	1
28.988	232	1	2
29.321	233	1	3
29.155	234	3	1
29.155	235	4	1
29.487	236	4	2
29.987	237	4	3
29.820	238	1	1
29.820	239	2	1
29.987	240	3	2
30.486	241	3	3
30.153	242	2	1
30.486	243	4	1
30.486	244	2	2
30.819	245	2	3
30.819	246	4	1
30.819	247	1	2
31.484	248	1	3
31.151	249	2	1
31.151	250	3	1
31.484	251	4	1
31.484	252	3	1
31.651	253	2	1
31.817	254	1	1
31.817	255	3	1
31.984	256	4	1
32.150	257	2	1
32.150	258	1	2
32.649	259	1	3
32.483	260	4	1
32.483	261	3	1
32.649	262	2	2
33.148	263	2	3
32.816	264	1	1
33.148	265	4	2
33.481	266	4	3
33.148	267	3	1
33.481	268	1	2
33.980	269	1	3
33.814	270	4	1
33.814	271	3	1
33.980	272	2	2
34.480	273	2	3
34.147	274	1	1
34.480	275	4	1
34.480	276	3	2
34.812	277	3	3
34.812	278	4	2
35.811	279	4	3
35.145	280	3	1
35.145	281	1	1
35.478	282	2	1
35.811	283	3	1
35.811	284	1	1
36.144	285	4	1
36.476	286	1	1
36.476	287	2	1
36.809	288	3	1
37.142	289	4	1
37.142	290	1	1
37.308	291	2	1
37.475	292	3	1
37.475	293	4	2
37.974	294	4	3
37.808	295	1	1
37.808	296	2	1
37.974	297	3	2
38.473	298	3	3
38.140	299	4	1
38.473	300	1	2
38.806	301	1	3
38.473	302	2	1
38.806	303	4	2
39.305	304	4	3
39.139	305	1	1
39.139	306	2	1
39.305	307	3	2
39.804	308	3	3
39.472	309	4	1
39.804	310	1	1
39.804	311	2	2
40.137	312	2	3
40.137	313	1	2
40.803	314	1	3
40.470	315	3	1
40.470	316	4	1
40.803	317	2	1
41.136	318	1	1
41.136	319	3	2
41.468	320	3	3
41.468	321	4	2
41.968	322	4	3
41.801	323	1	1
41.801	324	3	1
41.968	325	2	1
42.134	326	2	2
42.467	327	2	3
42.467	328	4	1
42.467	329	1	1
42.633	330	3	1
42.800	331	2	1
42.800	332	1	2
43.299	333	1	3
43.133	334	4	1
43.133	335	3	1
43.299	336	2	2
43.798	337	2	3
43.465	338	1	1
43.798	339	4	2
44.131	340	4	3
43.798	341	3	1
44.131	342	1	2
44.630	343	1	3
44.464	344	4	1
44.464	345	3	1
44.630	346	2	2
45.129	347	2	3
44.797	348	1	1
45.129	349	4	1
45.129	350	3	2
45.462	351	3	3
45.462	352	4	2
46.793	353	4	3
45.795	354	3	1
45.795	355	1	1
46.128	356	2	1
46.461	357	3	1
46.461	358	1	1
46.793	359	2	1
47.126	360	1	1
47.126	361	4	1
47.459	362	3	1
47.792	363	4	1
47.792	364	1	1
47.958	365	2	1
48.125	366	3	1
48.125	367	4	2
48.624	368	4	3
48.457	369	1	1
48.457	370	2	1
48.624	371	3	2
49.123	372	3	3
48.790	373	4	1
49.123	374	1	2
49.456	375	1	3
49.123	376	2	1
49.456	377	4	2
49.955	378	4	3
49.789	379	1	1
49.789	380	2	1
49.955	381	3	2
50.454	382	3	3
50.121	383	4	1
50.454	384	1	1
50.454	385	2	2
50.787	386	2	3
50.787	387	4	1
50.787	388	1	2
51.453	389	1	3
51.120	390	2	1
51.120	391	3	1
51.453	392	4	1
51.453	393	3	2
51.785	394	3	3
51.785	395	1	1
51.785	396	2	1
52.118	397	4	2
52.451	398	4	3
52.285	399	2	1
52.451	400	3	1
52.451	401	1	1
52.618	402	2	1
52.784	403	2	2
53.450	404	2	3
53.117	405	3	2
53.450	406	3	3
53.450	407	4	1
53.450	408	1	1
53.782	409	3	2
54.115	410	3	3
54.115	411	1	1
54.282	412	2	2
54.614	413	2	3
54.614	414	4	1
54.698	415	3	1
54.781	416	1	1
54.781	417	2	1
55.114	418	4	1
55.114	419	3	2
55.446	420	3	3
55.280	421	1	1
55.446	422	2	1
55.613	423	4	2
55.946	424	4	3
55.779	425	2	1
55.779	426	3	1
55.946	427	1	2
56.278	428	1	3
56.112	429	3	1
56.278	430	2	1
56.445	431	4	1
56.445	432	3	2
56.778	433	3	3
56.611	434	1	1
56.778	435	4	2
57.443	436	4	3
56.944	437	2	1
57.110	438	3	1
57.110	439	1	1
57.277	440	2	1
57.443	441	1	1
57.610	442	3	1
57.776	443	2	2
58.109	444	2	3
57.776	445	1	1
57.942	446	3	1
58.109	447	1	2
58.442	448	1	3
58.275	449	4	1
58.442	450	2	1
58.442	451	3	2
58.774	452	3	3
58.608	453	4	1
58.774	454	2	2
59.107	455	2	3
58.941	456	1	1
59.107	457	3	1
59.107	458	4	1
59.274	459	1	2
60.106	460	1	3
59.440	461	4	1
59.606	462	3	1
59.773	463	4	1
59.773	464	2	1
59.939	465	3	1
60.106	466	2	1
60.272	467	4	1
60.438	468	2	2
60.771	469	2	3
60.438	470	1	1
60.605	471	4	1
60.771	472	3	2
61.104	473	3	3
60.938	474	1	1
61.104	475	2	1
61.104	476	4	2
61.437	477	4	3
61.270	478	3	1
61.437	479	1	2
61.936	480	1	3
61.603	481	3	1
61.770	482	4	1
61.770	483	2	1
61.936	484	3	2
62.269	485	3	3
62.102	486	2	1
62.269	487	1	1
62.435	488	3	1
62.435	489	4	2
62.768	490	4	3
62.602	491	1	1
62.768	492	2	2
63.101	493	2	3
62.935	494	3	1
63.101	495	1	1
63.101	496	4	1
63.267	497	3	2
63.600	498	3	3
63.434	499	2	1
63.600	500	4	1
63.767	501	3	1
63.767	502	2	2
64.099	503	2	3
63.933	504	1	1
64.099	505	3	1
64.099	506	4	1
64.266	507	2	1
64.266	508	1	1
64.432	509	3	1
64.432	510	4	1
64.599	511	2	1
64.599	512	1	1
64.765	513	4	1
64.765	514	3	1
64.931	515	2	1
64.931	516	1	1
65.098	517	4	1
65.098	518	3	1
65.264	519	1	1
65.347	520	2	1
65.431	521	4	1
65.431	522	3	1
65.763	523	4	1
65.763	524	3	2
66.096	525	3	3
65.930	526	1	1
66.096	527	2	1
66.263	528	4	2
66.595	529	4	3
66.429	530	2	1
66.429	531	3	1
66.595	532	1	2
66.928	533	1	3
66.762	534	3	1
66.928	535	2	1
67.095	536	4	1
67.095	537	3	2
67.427	538	3	3
67.261	539	1	1
67.427	540	4	2
68.093	541	4	3
67.594	542	2	1
67.760	543	3	1
67.760	544	1	1
67.927	545	2	1
68.093	546	1	1
68.259	547	3	1
68.426	548	2	2
68.759	549	2	3
68.426	550	1	1
68.592	551	3	1
68.759	552	1	2
69.091	553	1	3
68.925	554	4	1
69.091	555	2	1
69.091	556	3	2
69.424	557	3	3
69.258	558	4	1
69.424	559	2	2
69.757	560	2	3
69.591	561	1	1
69.757	562	3	1
69.757	563	4	1
69.923	564	1	2
70.755	565	1	3
70.090	566	4	1
70.256	567	3	1
70.423	568	4	1
70.423	569	2	1
70.589	570	3	1
70.755	571	2	1
70.922	572	4	1
71.088	573	2	2
71.421	574	2	3
71.088	575	1	1
71.255	576	4	1
71.421	577	3	2
71.754	578	3	3
71.587	579	1	1
71.754	580	2	1
71.754	581	4	2
72.087	582	4	3
71.920	583	3	1
72.087	584	1	2
72.586	585	1	3
72.253	586	3	1
72.419	587	4	1
72.419	588	2	1
72.586	589	3	2
72.919	590	3	3
72.752	591	2	1
72.919	592	1	1
73.085	593	3	1
73.085	594	4	2
73.418	595	4	3
73.252	596	1	1
73.418	597	2	2
73.751	598	2	3
73.584	599	3	1
73.751	600	1	1
73.751	601	4	1
73.917	602	3	2
74.250	603	3	3
74.084	604	2	1
74.250	605	4	1
74.416	606	3	1
74.416	607	2	2
74.749	608	2	3
74.583	609	1	1
74.749	610	3	1
74.749	611	4	1
74.916	612	2	1
74.916	613	1	1
75.082	614	3	1
75.082	615	4	1
75.248	616	2	1
75.248	617	1	1
75.415	618	4	1
75.415	619	3	1
75.581	620	2	1
75.581	621	1	1
75.748	622	4	1
75.748	623	3	1
75.831	624	1	1
75.914	625	2	1
75.997	626	3	1
76.080	627	1	1
76.080	628	4	1
76.330	629	3	1
76.413	630	1	1
76.413	631	2	1
76.580	632	4	2
76.912	633	4	3
76.746	634	2	1
76.912	635	1	1
77.079	636	4	1
77.079	637	2	1
77.245	638	3	1
77.412	639	1	1
77.661	640	3	1
77.744	641	1	1
77.744	642	2	1
77.911	643	4	2
78.410	644	4	3
78.077	645	2	1
78.410	646	1	1
78.410	647	3	1
78.576	648	4	1
78.743	649	2	1
78.992	650	3	1
79.076	651	1	1
79.076	652	2	1
79.242	653	4	2
79.575	654	4	3
79.408	655	2	1
79.575	656	1	1
79.741	657	4	1
79.741	658	2	1
79.908	659	3	1
80.074	660	4	1
80.324	661	2	1
80.407	662	4	1
80.407	663	3	1
80.573	664	1	2
81.072	665	1	3
80.740	666	3	1
81.072	667	2	1
81.072	668	4	1
81.239	669	3	1
81.405	670	1	2
82.736	671	1	3
81.405	672	2	1
82.736	673	4	1
82.736	674	3	1
82.847	675	1	1
82.847	676	2	1
82.958	677	4	1
83.180	678	3	1
83.402	679	1	1
83.624	680	2	1
83.846	681	3	1
84.068	682	1	1
84.068	683	4	2
85.399	684	4	3
84.234	685	2	1
84.401	686	1	1
84.401	687	3	1
84.567	688	2	1
84.733	689	3	1
84.900	690	1	1
85.066	691	3	1
85.233	692	2	1
85.399	693	1	2
86.065	694	1	3
85.399	695	3	1
86.065	696	4	1
86.065	697	2	1
86.148	698	3	1
86.231	699	4	1
86.397	700	1	1
86.397	701	2	1
86.481	702	3	1
86.647	703	1	1
86.730	704	4	1
86.813	705	3	1
86.897	706	2	1
87.063	707	4	1
87.229	708	1	1
87.313	709	2	1
87.396	710	3	1
87.562	711	1	1
87.729	712	4	1
87.812	713	3	1
87.895	714	2	1
88.061	715	4	1
88.228	716	1	1
88.311	717	2	1
88.394	718	3	1
88.561	719	1	1
88.727	720	4	1
88.810	721	3	1
88.893	722	2	1
89.060	723	4	2
89.393	724	4	3
89.393	725	3	1
89.476	726	2	1
89.559	727	1	1
89.725	728	4	1
89.892	729	2	1
89.975	730	3	1
90.058	731	4	1
90.225	732	1	1
90.391	733	3	1
90.474	734	2	1
90.557	735	1	1
90.724	736	4	1
90.890	737	2	1
90.973	738	3	1
91.057	739	4	1
91.223	740	2	2
91.389	741	2	3
91.389	742	1	1
91.556	743	4	2
92.055	744	4	3
91.722	745	1	1
91.889	746	3	1
92.055	747	1	1
92.138	748	2	1
92.221	749	3	1
92.388	750	1	1
92.554	751	4	1
92.637	752	3	1
92.721	753	2	1
92.804	754	1	1
92.887	755	4	1
93.053	756	1	1
93.137	757	2	1
93.220	758	3	1
93.303	759	4	1
93.386	760	1	1
93.553	761	4	1
93.636	762	3	1
93.719	763	2	1
93.885	764	4	1
93.969	765	1	1
94.052	766	2	1
94.135	767	3	1
94.218	768	4	1
94.385	769	1	2
94.718	770	1	3
94.551	771	3	1
94.634	772	4	1
94.718	773	3	1
94.801	774	2	1
94.884	775	1	1
95.050	776	4	1
95.217	777	1	1
95.300	778	2	1
95.383	779	3	1
95.466	780	4	1
95.550	781	1	1
95.716	782	3	1
95.882	783	2	2
96.215	784	2	3
96.049	785	4	1
96.049	786	1	1
96.215	787	3	1
96.382	788	2	1
96.548	789	1	1
96.714	790	3	1
96.881	791	1	2
97.380	792	1	3
97.047	793	4	1
97.214	794	3	1
97.380	795	2	1
97.380	796	4	1
97.713	797	3	1
98.046	798	3	2
98.378	799	3	3
98.711	800	3	1
98.878	801	4	1
99.210	802	2	1
99.543	803	1	2
100.042	804	1	3
100.375	805	3	1
100.708	806	3	2
101.041	807	3	3
101.374	808	3	1
101.540	809	4	1
101.873	810	1	2
102.538	811	1	3
102.705	812	2	1
102.705	813	1	1
103.038	814	3	1
103.370	815	3	2
103.703	816	3	3
104.036	817	1	1
104.036	818	3	1
104.202	819	4	1
104.535	820	2	1
104.868	821	1	2
105.201	822	1	3
105.367	823	3	1
105.367	824	4	2
105.867	825	4	3
105.867	826	3	2
106.366	827	3	3
106.033	828	2	1
106.033	829	1	1
106.366	830	2	2
106.699	831	2	3
106.699	832	4	1
106.699	833	1	2
107.364	834	1	3
107.031	835	3	1
107.031	836	2	1
107.364	837	3	1
107.364	838	4	1
107.531	839	2	1
107.697	840	3	1
107.697	841	1	1
107.863	842	4	1
108.030	843	2	1
108.030	844	1	2
108.529	845	1	3
108.363	846	4	1
108.363	847	3	1
108.529	848	2	2
109.028	849	2	3
108.695	850	1	1
109.028	851	4	2
109.361	852	4	3
109.028	853	3	1
109.361	854	1	2
109.860	855	1	3
109.694	856	4	1
109.694	857	3	1
109.860	858	2	2
110.359	859	2	3
110.027	860	1	1
110.359	861	4	1
110.359	862	3	2
110.692	863	3	3
110.692	864	4	2
112.023	865	4	3
111.025	866	3	1
111.025	867	1	1
111.358	868	2	1
111.691	869	3	1
111.691	870	1	1
112.023	871	2	1
112.356	872	1	1
112.356	873	4	1
112.689	874	3	1
113.022	875	4	1
113.022	876	1	1
113.188	877	2	1
113.355	878	3	1
113.355	879	4	2
113.854	880	4	3
113.687	881	1	1
113.687	882	2	1
113.854	883	3	2
114.353	884	3	3
114.020	885	4	1
114.353	886	1	2
114.686	887	1	3
114.353	888	2	1
114.686	889	4	2
115.185	890	4	3
115.019	891	1	1
115.019	892	2	1
115.185	893	3	2
115.684	894	3	3
115.352	895	4	1
115.684	896	1	1
115.684	897	2	2
116.017	898	2	3
116.017	899	1	2
116.683	900	1	3
116.350	901	3	1
116.350	902	4	1
116.683	903	2	1
117.016	904	1	1
117.016	905	3	2
117.348	906	3	3
117.348	907	2	1
117.348	908	4	1
117.598	909	3	1
117.598	910	1	1
117.848	911	4	1
117.848	912	2	2
118.347	913	2	3
118.347	914	4	1
118.347	915	1	1
118.513	916	3	1
118.680	917	2	1
118.680	918	1	2
119.179	919	1	3
119.012	920	4	1
119.012	921	3	1
119.179	922	2	2
119.678	923	2	3
119.345	924	1	1
119.678	925	4	2
120.011	926	4	3
119.678	927	3	1
120.011	928	1	2
120.510	929	1	3
120.344	930	4	1
120.344	931	3	1
120.510	932	2	2
121.009	933	2	3
120.676	934	1	1
121.009	935	4	1
121.009	936	3	2
121.342	937	3	3
121.342	938	4	2
122.673	939	4	3
121.675	940	3	1
121.675	941	1	1
122.008	942	2	1
122.340	943	3	1
122.340	944	1	1
122.673	945	2	1
123.006	946	1	1
123.006	947	4	1
123.339	948	3	1
123.672	949	4	1
123.672	950	1	1
123.838	951	2	1
124.004	952	3	1
124.004	953	4	2
124.504	954	4	3
124.337	955	1	1
124.337	956	2	1
124.504	957	3	2
125.003	958	3	3
124.670	959	4	1
125.003	960	1	2
125.336	961	1	3
125.003	962	2	1
125.336	963	4	2
125.835	964	4	3
125.669	965	1	1
125.669	966	2	1
125.835	967	3	2
126.334	968	3	3
126.001	969	4	1
126.334	970	1	1
126.334	971	2	2
126.667	972	2	3
126.667	973	4	1
126.667	974	1	2
127.333	975	1	3
127.000	976	2	1
127.000	977	3	1
127.333	978	4	1
127.333	979	3	2
127.665	980	3	3
127.665	981	1	1
127.665	982	2	1
127.998	983	4	2
128.331	984	4	3
128.165	985	2	1
128.331	986	3	1
128.331	987	1	1
128.497	988	2	1
128.664	989	2	2
129.329	990	2	3
128.997	991	3	2
129.329	992	3	3
129.329	993	4	1
129.329	994	1	1
131.825	995	4	1
131.909	996	3	1
131.992	997	1	1
131.992	998	2	1
132.325	999	4	1
132.325	1000	3	2
132.657	1001	3	3
132.491	1002	1	1
132.657	1003	2	1
132.824	1004	4	2
133.157	1005	4	3
132.990	1006	2	1
132.990	1007	3	1
133.157	1008	1	2
133.489	1009	1	3
133.323	1010	3	1
133.489	1011	2	1
133.656	1012	4	1
133.656	1013	3	2
133.989	1014	3	3
133.822	1015	1	1
133.989	1016	4	2
134.654	1017	4	3
134.155	1018	2	1
134.321	1019	3	1
134.321	1020	1	1
134.488	1021	2	1
134.654	1022	1	1
134.821	1023	3	1
134.987	1024	2	2
135.320	1025	2	3
134.987	1026	1	1
135.153	1027	3	1
135.320	1028	1	2
135.653	1029	1	3
135.486	1030	4	1
135.653	1031	2	1
135.653	1032	3	2
135.986	1033	3	3
135.819	1034	4	1
135.986	1035	2	2
136.318	1036	2	3
136.152	1037	1	1
136.318	1038	3	1
136.318	1039	4	1
136.485	1040	1	2
137.317	1041	1	3
136.651	1042	4	1
136.818	1043	3	1
136.984	1044	4	1
136.984	1045	2	1
137.150	1046	3	1
137.317	1047	2	1
137.483	1048	4	1
137.650	1049	2	2
137.982	1050	2	3
137.650	1051	1	1
137.816	1052	4	1
137.982	1053	3	2
138.315	1054	3	3
138.149	1055	1	1
138.315	1056	2	1
138.315	1057	4	2
138.648	1058	4	3
138.482	1059	3	1
138.648	1060	1	1
138.814	1061	2	1
138.981	1062	3	1
138.981	1063	4	1
139.147	1064	2	2
139.480	1065	2	3
139.314	1066	3	1
139.480	1067	1	1
139.646	1068	3	1
139.646	1069	4	2
139.979	1070	4	3
139.813	1071	1	1
139.979	1072	2	2
140.312	1073	2	3
140.146	1074	3	1
140.312	1075	1	1
140.312	1076	4	1
140.478	1077	3	2
140.811	1078	3	3
140.645	1079	2	1
140.811	1080	4	1
140.978	1081	3	1
140.978	1082	2	2
141.310	1083	2	3
141.144	1084	1	1
141.310	1085	3	1
141.310	1086	4	1
141.477	1087	2	1
141.477	1088	1	1
141.643	1089	3	1
141.643	1090	4	1
141.810	1091	2	1
141.810	1092	1	1
141.976	1093	4	1
141.976	1094	3	1
142.142	1095	2	1
142.142	1096	1	1
142.309	1097	4	1
142.309	1098	3	1
142.475	1099	1	1
142.558	1100	2	1
142.642	1101	4	1
142.642	1102	3	1
142.974	1103	4	1
142.974	1104	3	2
143.307	1105	3	3
143.141	1106	1	1
143.307	1107	2	1
143.474	1108	4	2
143.806	1109	4	3
143.640	1110	2	1
143.640	1111	3	1
143.806	1112	1	2
144.139	1113	1	3
143.973	1114	3	1
144.139	1115	2	1
144.306	1116	4	1
144.306	1117	3	2
144.638	1118	3	3
144.472	1119	1	1
144.638	1120	4	2
145.304	1121	4	3
144.805	1122	2	1
144.971	1123	3	1
144.971	1124	1	1
145.138	1125	2	1
145.304	1126	1	1
145.470	1127	3	1
145.637	1128	2	2
145.970	1129	2	3
145.637	1130	1	1
145.803	1131	3	1
145.970	1132	1	2
146.303	1133	1	3
146.136	1134	4	1
146.303	1135	2	1
146.303	1136	3	2
146.635	1137	3	3
146.469	1138	4	1
146.635	1139	2	2
146.968	1140	2	3
146.802	1141	1	1
146.968	1142	3	1
146.968	1143	4	1
147.135	1144	1	2
147.967	1145	1	3
147.301	1146	4	1
147.467	1147	3	1
147.634	1148	4	1
147.634	1149	2	1
147.800	1150	3	1
147.967	1151	2	1
148.133	1152	4	1
148.299	1153	2	2
148.632	1154	2	3
148.299	1155	1	1
148.466	1156	4	1
148.632	1157	3	2
148.965	1158	3	3
148.799	1159	1	1
148.965	1160	2	1
148.965	1161	4	2
149.298	1162	4	3
149.131	1163	3	1
149.298	1164	1	1
149.464	1165	2	1
149.631	1166	3	1
149.631	1167	4	1
149.797	1168	2	2
150.130	1169	2	3
149.963	1170	3	1
150.130	1171	1	1
150.296	1172	3	1
150.296	1173	4	2
150.629	1174	4	3
150.463	1175	1	1
150.629	1176	2	2
150.962	1177	2	3
150.795	1178	3	1
150.962	1179	1	1
150.962	1180	4	1
151.128	1181	3	2
151.461	1182	3	3
151.295	1183	2	1
151.461	1184	4	1
151.627	1185	3	1
151.627	1186	2	2
151.960	1187	2	3
151.794	1188	1	1
151.960	1189	3	1
151.960	1190	4	1
152.127	1191	2	1
152.127	1192	1	1
152.293	1193	3	1
152.293	1194	4	1
152.459	1195	2	1
152.459	1196	1	1
152.626	1197	4	1
152.626	1198	3	1
152.792	1199	2	1
152.792	1200	1	1
152.959	1201	4	1
152.959	1202	3	1
153.042	1203	1	1
153.125	1204	2	1
153.208	1205	3	1
153.291	1206	1	1
153.291	1207	4	1
153.541	1208	3	1
153.624	1209	1	1
153.624	1210	2	1
153.791	1211	4	2
154.123	1212	4	3
153.957	1213	2	1
154.123	1214	1	1
154.290	1215	4	1
154.290	1216	2	1
154.456	1217	3	1
154.623	1218	1	1
154.872	1219	3	1
154.955	1220	1	1
154.955	1221	2	1
155.122	1222	4	2
155.621	1223	4	3
155.288	1224	2	1
155.621	1225	1	1
155.621	1226	3	1
155.787	1227	4	1
155.954	1228	2	1
156.203	1229	3	1
156.287	1230	1	1
156.287	1231	2	1
156.453	1232	4	2
156.786	1233	4	3
156.620	1234	2	1
156.786	1235	1	1
156.952	1236	4	1
156.952	1237	2	1
157.119	1238	3	1
157.285	1239	4	1
157.535	1240	2	1
157.618	1241	4	1
157.618	1242	3	1
157.784	1243	1	2
158.284	1244	1	3
157.951	1245	3	1
158.284	1246	2	1
158.284	1247	4	1
158.450	1248	3	1
158.616	1249	1	2
159.948	1250	1	3
158.616	1251	2	1
159.948	1252	4	1
159.948	1253	3	1
160.059	1254	1	1
160.059	1255	2	1
160.169	1256	4	1
160.391	1257	3	1
160.613	1258	1	1
160.835	1259	2	1
161.057	1260	3	1
161.279	1261	1	1
161.279	1262	4	2
162.610	1263	4	3
161.445	1264	2	1
161.612	1265	1	1
161.612	1266	3	1
161.778	1267	2	1
161.944	1268	3	1
162.111	1269	1	1
162.277	1270	3	1
162.444	1271	2	1
162.610	1272	1	2
163.276	1273	1	3
162.610	1274	3	1
163.276	1275	4	1
163.276	1276	2	1
163.359	1277	3	1
163.442	1278	4	1
163.608	1279	1	1
163.608	1280	2	1
163.692	1281	3	1
163.858	1282	1	1
163.941	1283	3	1
163.941	1284	4	1