Song Name	BPM=RT (Hard) by t+pazolite
Difficulty	38
Primary Color	Rush
Secondary Color	Rush
Audio Asset ID	rbxassetid://12099172242
Audio File	12099172242.ogg
Last Note Time	129.176
Total Notes	1979
Fever Fill	648
Fever Time	19.376400
Long Notes	34
BPM	207
Song Length	130.176000000

Timing Points
0.614	489.296636
0.614	489.296636
24.100	244.648318


Song Data
0.369	1	2	1
0.491	2	3	1
0.614	3	4	1
0.614	4	1	1
0.858	5	3	1
1.103	6	2	1
1.347	7	1	1
1.837	8	2	1
2.081	9	3	1
2.326	10	1	1
2.571	11	3	1
2.571	12	2	1
2.815	13	4	1
4.283	14	1	1
4.406	15	2	1
4.528	16	3	1
4.528	17	4	1
4.773	18	1	1
5.017	19	4	1
5.262	20	2	1
5.751	21	1	1
5.996	22	3	1
6.240	23	2	1
6.485	24	1	1
6.485	25	4	1
6.730	26	3	1
7.953	27	2	1
7.953	28	1	1
8.198	29	2	1
8.320	30	3	1
8.442	31	4	1
8.442	32	1	1
8.687	33	3	1
8.932	34	2	1
9.176	35	1	1
9.421	36	3	1
9.482	37	4	1
9.665	38	2	1
9.910	39	3	1
10.155	40	1	1
10.399	41	2	1
10.399	42	3	1
10.644	43	4	1
10.889	44	2	1
11.133	45	1	1
11.378	46	4	1
11.439	47	3	1
11.867	48	1	1
12.112	49	3	1
12.234	50	2	1
12.357	51	4	1
12.357	52	1	1
12.601	53	2	1
12.846	54	3	1
13.091	55	4	1
13.335	56	2	1
13.396	57	1	1
13.580	58	3	1
13.825	59	2	1
14.069	60	3	1
14.314	61	4	1
14.314	62	1	1
14.558	63	2	1
14.803	64	3	1
15.048	65	4	1
15.292	66	1	1
15.354	67	2	1
15.782	68	4	1
16.271	69	1	1
16.271	70	2	1
16.516	71	4	1
16.760	72	3	1
17.005	73	2	1
17.250	74	4	1
17.311	75	3	1
17.739	76	1	1
18.228	77	4	1
18.717	78	3	1
18.962	79	2	1
19.207	80	3	1
19.268	81	4	1
19.696	82	1	1
20.185	83	1	1
20.185	84	4	1
20.430	85	2	1
20.675	86	3	1
20.919	87	1	1
21.164	88	4	1
21.286	89	3	1
21.653	90	1	1
22.143	91	4	1
22.632	92	3	1
22.876	93	2	1
23.121	94	3	1
23.182	95	4	1
23.610	96	1	1
23.855	97	2	2
24.100	98	2	3
24.100	99	1	1
24.100	100	3	1
24.100	101	4	1
24.344	102	2	1
24.344	103	1	1
24.466	104	3	1
24.589	105	4	1
24.589	106	2	1
24.711	107	3	1
24.833	108	4	1
24.833	109	1	1
24.956	110	2	1
25.017	111	1	1
25.078	112	3	1
25.078	113	2	1
25.139	114	4	1
25.200	115	3	1
25.262	116	1	1
25.323	117	4	1
25.323	118	2	1
25.445	119	3	1
25.460	120	2	1
25.567	121	4	1
25.567	122	1	1
25.598	123	3	1
25.812	124	2	1
25.812	125	4	2
26.057	126	4	3
25.843	127	1	2
26.057	128	1	3
26.057	129	3	1
26.057	130	2	1
26.179	131	2	1
26.301	132	1	1
26.301	133	4	1
26.424	134	1	1
26.546	135	2	1
26.546	136	3	1
26.668	137	4	1
26.791	138	1	1
26.791	139	2	1
26.913	140	2	1
27.035	141	4	1
27.035	142	1	1
27.158	143	1	1
27.280	144	4	1
27.280	145	3	1
27.402	146	3	1
27.525	147	4	1
27.525	148	1	1
27.586	149	2	1
27.647	150	4	1
27.708	151	1	1
27.769	152	3	2
27.892	153	3	3
28.014	154	4	1
28.014	155	1	1
28.063	156	2	1
28.112	157	3	1
28.177	158	1	1
28.259	159	4	2
28.381	160	4	3
28.259	161	3	1
28.503	162	1	1
28.503	163	4	2
28.870	164	4	3
28.625	165	2	1
28.748	166	3	1
28.748	167	1	1
28.870	168	2	1
28.992	169	4	1
28.992	170	3	1
29.115	171	1	2
29.482	172	1	3
29.237	173	4	1
29.359	174	2	1
29.482	175	3	1
29.482	176	4	1
29.665	177	1	1
29.665	178	2	1
29.849	179	4	1
29.849	180	2	1
30.032	181	3	1
30.032	182	1	1
30.216	183	3	1
30.216	184	2	1
30.399	185	1	1
30.399	186	4	1
30.583	187	4	1
30.583	188	3	1
30.705	189	2	1
30.787	190	2	1
30.950	191	1	1
30.950	192	4	1
31.113	193	3	1
31.317	194	3	1
31.439	195	1	2
31.561	196	1	3
31.439	197	4	1
31.561	198	2	1
31.684	199	3	1
31.684	200	1	2
31.806	201	1	3
31.806	202	2	1
31.928	203	1	1
31.928	204	4	1
31.928	205	3	1
32.051	206	3	1
32.051	207	2	1
32.173	208	4	1
32.173	209	2	1
32.295	210	3	1
32.295	211	1	1
32.418	212	2	1
32.418	213	4	1
32.418	214	3	1
32.540	215	2	1
32.540	216	1	1
32.662	217	1	1
32.662	218	3	1
32.785	219	3	1
32.785	220	4	1
32.907	221	4	1
32.907	222	2	1
32.907	223	1	1
33.029	224	3	1
33.029	225	2	1
33.151	226	3	1
33.151	227	4	1
33.274	228	1	1
33.274	229	2	1
33.396	230	4	1
33.396	231	3	1
33.396	232	1	1
33.518	233	2	1
33.518	234	3	1
33.641	235	1	1
33.641	236	2	1
33.763	237	3	1
33.824	238	2	1
33.885	239	3	1
33.885	240	4	1
33.885	241	1	1
34.008	242	2	1
34.008	243	1	1
34.130	244	4	1
34.130	245	3	1
34.252	246	4	1
34.252	247	1	1
34.375	248	3	1
34.375	249	2	1
34.375	250	1	1
34.497	251	4	1
34.497	252	2	1
34.619	253	1	1
34.619	254	3	1
34.742	255	3	1
34.742	256	2	1
34.864	257	1	1
34.864	258	4	1
34.864	259	2	1
34.986	260	3	1
34.986	261	4	1
35.109	262	2	1
35.109	263	1	1
35.231	264	3	1
35.231	265	1	1
35.353	266	2	1
35.353	267	4	1
35.353	268	3	1
35.476	269	4	1
35.476	270	1	1
35.598	271	2	1
35.598	272	3	1
35.720	273	3	1
35.720	274	1	1
35.843	275	2	1
35.843	276	4	1
35.904	277	3	1
35.965	278	4	1
35.965	279	1	1
36.026	280	3	1
36.087	281	2	1
36.087	282	1	1
36.148	283	4	1
36.210	284	2	1
36.210	285	3	1
36.271	286	1	1
36.332	287	4	1
36.332	288	2	1
36.393	289	1	1
36.454	290	4	1
36.454	291	3	1
36.515	292	2	1
36.577	293	4	1
36.577	294	3	1
36.638	295	1	1
36.699	296	2	1
36.699	297	3	1
36.760	298	1	1
36.821	299	2	1
36.821	300	4	1
36.882	301	3	1
36.944	302	2	1
36.944	303	4	1
37.005	304	1	1
37.066	305	3	1
37.066	306	4	1
37.127	307	2	1
37.188	308	1	1
37.188	309	3	1
37.249	310	2	1
37.311	311	1	1
37.311	312	4	1
37.372	313	3	1
37.433	314	4	1
37.433	315	2	1
37.494	316	3	1
37.555	317	1	1
37.555	318	2	1
37.616	319	4	1
37.677	320	3	1
37.677	321	1	1
37.739	322	2	1
37.800	323	1	1
37.800	324	3	1
37.800	325	4	1
37.983	326	3	2
38.228	327	3	3
38.778	328	1	1
38.778	329	2	1
38.840	330	4	1
38.901	331	1	1
38.962	332	2	1
39.023	333	1	1
39.023	334	4	1
39.084	335	3	1
39.145	336	4	1
39.207	337	1	1
39.268	338	3	1
39.329	339	3	1
39.390	340	2	1
39.451	341	2	1
39.512	342	3	1
39.512	343	1	2
39.635	344	1	3
39.512	345	4	2
39.635	346	4	3
39.757	347	2	1
39.757	348	1	1
39.798	349	4	1
39.839	350	3	1
39.879	351	2	1
39.920	352	4	1
39.961	353	2	1
40.002	354	1	1
40.042	355	3	1
40.083	356	4	1
40.124	357	1	1
40.165	358	3	1
40.206	359	2	1
40.246	360	1	1
40.287	361	4	1
40.328	362	2	1
40.369	363	3	1
40.409	364	1	1
40.450	365	3	1
40.491	366	2	1
40.532	367	4	1
40.572	368	3	1
40.613	369	1	1
40.654	370	4	1
40.695	371	2	1
40.736	372	1	1
40.776	373	4	1
40.817	374	3	1
40.858	375	2	1
40.899	376	4	1
40.939	377	2	1
40.980	378	1	1
41.021	379	3	1
41.062	380	4	1
41.103	381	1	1
41.143	382	3	1
41.184	383	2	1
41.225	384	1	1
41.347	385	4	1
41.378	386	1	1
41.408	387	3	1
41.439	388	2	1
41.470	389	4	2
41.653	390	4	3
41.470	391	1	2
41.653	392	1	3
41.714	393	4	1
41.714	394	1	1
41.755	395	3	1
41.796	396	2	1
41.837	397	1	1
41.877	398	4	1
41.918	399	1	1
41.959	400	3	1
42.000	401	2	1
42.040	402	1	1
42.081	403	4	1
42.122	404	2	1
42.163	405	4	1
42.203	406	3	1
42.244	407	2	1
42.285	408	1	1
42.326	409	4	1
42.326	410	3	1
42.448	411	2	1
42.489	412	1	1
42.530	413	4	1
42.570	414	3	1
42.611	415	2	1
42.652	416	4	1
42.693	417	1	1
42.728	418	2	1
42.763	419	3	1
42.798	420	1	1
42.833	421	4	1
42.868	422	2	1
42.902	423	3	1
42.937	424	4	1
42.999	425	4	1
43.060	426	1	1
43.121	427	1	1
43.182	428	3	1
43.304	429	4	1
43.335	430	3	1
43.366	431	2	1
43.427	432	1	1
43.476	433	4	1
43.525	434	2	1
43.574	435	3	1
43.622	436	4	1
43.671	437	1	1
43.712	438	3	1
43.753	439	2	1
43.794	440	4	1
43.834	441	1	1
43.875	442	4	1
43.916	443	2	1
43.957	444	1	1
43.998	445	3	1
44.038	446	4	1
44.079	447	2	1
44.120	448	3	1
44.161	449	1	1
44.201	450	4	1
44.242	451	2	1
44.283	452	1	1
44.324	453	3	1
44.365	454	1	1
44.405	455	4	1
44.446	456	3	1
44.487	457	2	1
44.528	458	4	1
44.568	459	1	1
44.609	460	3	1
44.650	461	2	1
44.691	462	1	1
44.732	463	4	1
44.772	464	3	1
44.813	465	1	1
44.854	466	3	1
44.895	467	2	1
44.935	468	1	1
44.976	469	4	1
45.017	470	3	1
45.058	471	2	1
45.098	472	1	1
45.139	473	4	1
45.262	474	1	1
45.292	475	4	1
45.323	476	2	1
45.353	477	3	1
45.384	478	1	2
45.567	479	1	3
45.384	480	4	2
45.567	481	4	3
45.629	482	1	1
45.629	483	4	1
45.669	484	2	1
45.710	485	3	1
45.751	486	2	1
45.792	487	4	1
45.832	488	3	1
45.873	489	1	1
45.914	490	2	1
45.955	491	4	1
45.996	492	3	1
46.036	493	1	1
46.077	494	3	1
46.118	495	2	1
46.159	496	1	1
46.199	497	4	1
46.240	498	3	1
46.362	499	4	1
46.403	500	1	1
46.444	501	3	1
46.485	502	4	1
46.526	503	1	1
46.566	504	2	1
46.607	505	4	1
46.642	506	3	1
46.677	507	2	1
46.712	508	4	1
46.747	509	1	1
46.782	510	3	1
46.817	511	2	1
46.852	512	1	1
46.913	513	1	1
46.974	514	4	1
47.035	515	4	1
47.096	516	2	1
47.096	517	1	2
47.158	518	1	3
47.219	519	4	1
47.249	520	1	1
47.280	521	3	1
47.311	522	2	1
47.341	523	4	2
47.463	524	4	3
47.586	525	1	1
47.586	526	2	1
47.647	527	1	1
47.647	528	2	1
47.708	529	4	1
47.708	530	3	1
47.769	531	2	1
47.769	532	1	1
47.830	533	4	1
47.830	534	3	1
47.892	535	3	1
47.892	536	4	1
47.953	537	2	1
47.953	538	1	1
48.014	539	3	1
48.014	540	4	1
48.075	541	2	1
48.075	542	1	1
48.136	543	1	1
48.136	544	2	1
48.197	545	3	1
48.197	546	4	1
48.259	547	2	1
48.259	548	1	1
48.320	549	3	1
48.320	550	4	1
48.381	551	3	1
48.381	552	4	1
48.442	553	2	1
48.442	554	1	1
48.503	555	4	1
48.503	556	3	1
48.564	557	2	1
48.564	558	1	1
48.625	559	4	1
48.687	560	4	1
48.717	561	1	1
48.748	562	3	1
48.778	563	2	1
48.809	564	4	1
48.931	565	1	1
48.962	566	4	1
48.992	567	2	1
49.023	568	3	1
49.054	569	1	1
49.176	570	4	1
49.207	571	1	1
49.237	572	3	1
49.268	573	2	1
49.298	574	4	1
49.298	575	1	1
49.543	576	2	1
49.543	577	1	1
49.584	578	4	1
49.624	579	3	1
49.665	580	2	1
49.706	581	4	1
49.747	582	2	1
49.788	583	3	1
49.828	584	1	1
49.869	585	4	1
49.910	586	2	1
49.951	587	1	1
49.991	588	3	1
50.032	589	4	1
50.073	590	2	1
50.114	591	3	1
50.155	592	1	1
50.277	593	3	1
50.318	594	2	1
50.358	595	1	1
50.399	596	4	1
50.440	597	2	1
50.481	598	3	1
50.522	599	4	1
50.556	600	1	1
50.591	601	2	1
50.626	602	3	1
50.661	603	1	1
50.696	604	4	1
50.731	605	2	1
50.766	606	3	1
50.827	607	3	1
50.888	608	2	1
50.950	609	2	1
51.011	610	3	1
51.133	611	4	1
51.164	612	1	1
51.194	613	3	1
51.225	614	2	1
51.255	615	4	1
51.296	616	1	1
51.337	617	2	1
51.378	618	3	1
51.439	619	4	1
51.500	620	1	1
51.541	621	3	1
51.582	622	2	1
51.622	623	4	1
51.663	624	1	1
51.704	625	4	1
51.745	626	3	1
51.786	627	2	1
51.826	628	4	1
51.867	629	1	1
51.908	630	3	1
51.949	631	2	1
51.989	632	1	1
52.030	633	4	1
52.071	634	2	1
52.112	635	3	1
52.153	636	1	1
52.193	637	3	1
52.234	638	4	1
52.275	639	2	1
52.316	640	1	1
52.356	641	4	1
52.397	642	2	1
52.438	643	3	1
52.479	644	1	1
52.519	645	4	1
52.560	646	3	1
52.601	647	2	1
52.642	648	4	1
52.683	649	2	1
52.723	650	1	1
52.764	651	3	1
52.805	652	4	1
52.846	653	1	1
52.886	654	3	1
52.927	655	2	1
52.968	656	1	1
53.090	657	4	1
53.121	658	1	1
53.151	659	3	1
53.182	660	2	1
53.213	661	1	1
53.274	662	1	1
53.335	663	4	1
53.396	664	4	1
53.457	665	3	1
53.457	666	1	1
53.498	667	2	1
53.539	668	4	1
53.580	669	1	1
53.620	670	3	1
53.661	671	4	1
53.702	672	2	1
53.743	673	3	1
53.783	674	1	1
53.824	675	2	1
53.865	676	4	1
53.906	677	1	1
53.947	678	3	1
53.987	679	4	1
54.028	680	1	1
54.069	681	2	1
54.130	682	2	1
54.191	683	4	1
54.232	684	3	1
54.273	685	1	1
54.314	686	4	1
54.354	687	2	1
54.395	688	1	1
54.436	689	3	1
54.471	690	4	1
54.506	691	1	1
54.541	692	2	1
54.576	693	3	1
54.611	694	1	1
54.646	695	4	1
54.681	696	2	1
54.715	697	3	1
54.750	698	4	1
54.785	699	1	1
54.820	700	2	1
54.855	701	3	1
54.890	702	4	1
54.925	703	1	1
54.960	704	2	1
54.995	705	3	1
55.030	706	1	1
55.065	707	4	1
55.100	708	2	1
55.135	709	3	1
55.170	710	4	1
55.200	711	1	1
55.240	712	3	1
55.275	713	2	1
55.310	714	4	1
55.345	715	1	1
55.380	716	2	1
55.414	717	4	2
56.882	718	4	3
55.414	719	3	1
56.882	720	2	1
56.882	721	1	1
57.005	722	3	1
57.127	723	4	1
57.127	724	1	1
57.249	725	4	1
57.249	726	3	1
58.840	727	1	1
58.840	728	2	1
58.962	729	3	1
59.084	730	1	1
59.084	731	4	1
59.207	732	4	1
59.207	733	3	1
59.329	734	1	2
59.574	735	1	3
59.574	736	4	1
59.818	737	3	1
60.063	738	2	1
60.797	739	1	1
60.797	740	2	1
60.919	741	3	1
61.041	742	4	1
61.041	743	1	1
61.164	744	3	1
61.164	745	4	1
61.531	746	2	1
61.775	747	3	1
62.020	748	2	1
62.020	749	1	1
62.265	750	4	1
62.265	751	1	1
62.509	752	2	1
62.754	753	2	1
62.754	754	1	1
62.876	755	3	1
62.999	756	4	1
62.999	757	1	1
63.121	758	4	1
63.121	759	3	1
63.243	760	3	1
63.243	761	1	1
63.243	762	2	1
63.366	763	1	1
63.488	764	3	1
63.610	765	4	1
63.610	766	2	1
63.733	767	1	1
63.855	768	2	1
63.977	769	3	1
63.977	770	4	1
64.099	771	1	1
64.222	772	3	1
64.222	773	4	1
64.344	774	4	1
64.466	775	2	1
64.589	776	3	1
64.589	777	1	1
64.711	778	4	1
64.833	779	3	1
64.956	780	2	1
64.956	781	1	1
65.078	782	4	1
65.200	783	1	1
65.200	784	2	1
65.323	785	1	1
65.445	786	3	1
65.567	787	2	1
65.567	788	4	1
65.690	789	1	1
65.812	790	2	1
65.934	791	3	1
65.934	792	4	1
66.057	793	1	1
66.179	794	3	1
66.179	795	4	1
66.301	796	4	1
66.424	797	2	1
66.546	798	3	1
66.546	799	1	1
66.668	800	4	1
66.791	801	3	1
66.913	802	2	1
66.913	803	1	1
67.035	804	4	1
67.158	805	1	1
67.158	806	3	1
67.158	807	2	1
67.280	808	1	1
67.402	809	3	1
67.525	810	2	1
67.525	811	4	1
67.647	812	2	1
67.769	813	1	1
67.892	814	4	1
67.892	815	3	1
68.014	816	2	1
68.136	817	3	1
68.136	818	4	1
68.259	819	4	1
68.381	820	2	1
68.503	821	1	1
68.503	822	3	1
68.625	823	3	1
68.748	824	4	1
68.870	825	1	1
68.870	826	2	1
68.992	827	3	1
69.115	828	2	1
69.115	829	1	1
69.237	830	1	1
69.359	831	3	1
69.482	832	2	1
69.482	833	4	1
69.604	834	2	1
69.726	835	1	1
69.849	836	3	1
69.849	837	4	1
69.971	838	2	1
70.093	839	3	1
70.093	840	4	1
70.216	841	4	1
70.338	842	2	1
70.460	843	1	1
70.460	844	3	1
70.583	845	3	1
70.705	846	4	1
70.827	847	2	1
70.827	848	1	1
70.888	849	4	1
70.950	850	3	1
71.072	851	2	1
71.072	852	1	1
71.072	853	4	1
71.133	854	3	1
71.194	855	4	1
71.317	856	4	1
71.439	857	1	1
71.439	858	2	1
71.500	859	3	1
71.561	860	2	1
71.684	861	2	1
71.745	862	1	1
71.806	863	4	1
71.806	864	3	1
71.928	865	3	1
72.051	866	4	1
72.051	867	1	1
72.112	868	2	1
72.173	869	1	1
72.295	870	1	1
72.356	871	2	1
72.418	872	4	1
72.418	873	3	1
72.540	874	3	1
72.601	875	2	1
72.662	876	3	1
72.785	877	1	1
72.785	878	2	1
72.846	879	3	1
72.907	880	2	1
73.029	881	4	1
73.029	882	1	1
73.090	883	2	1
73.151	884	4	1
73.274	885	4	1
73.396	886	2	1
73.396	887	1	1
73.457	888	3	1
73.518	889	1	1
73.641	890	1	1
73.763	891	2	1
73.763	892	3	1
73.885	893	4	1
73.885	894	1	1
74.008	895	4	1
74.008	896	3	1
74.130	897	3	1
74.130	898	1	1
74.252	899	2	1
74.252	900	4	1
74.375	901	2	1
74.375	902	1	1
74.497	903	1	1
74.497	904	4	1
74.619	905	4	1
74.619	906	3	1
74.742	907	1	1
74.742	908	2	1
74.864	909	1	1
74.864	910	4	1
74.986	911	4	1
74.986	912	3	1
75.048	913	2	1
75.109	914	3	1
75.170	915	1	1
75.231	916	3	1
75.292	917	4	1
75.353	918	2	1
75.353	919	1	1
75.414	920	3	1
75.476	921	2	1
75.537	922	4	1
75.598	923	2	1
75.659	924	1	1
75.720	925	3	1
75.720	926	4	1
75.781	927	2	1
75.843	928	3	1
75.904	929	1	1
75.965	930	4	1
75.965	931	2	1
76.026	932	3	1
76.087	933	4	1
76.148	934	1	1
76.210	935	4	1
76.271	936	3	1
76.332	937	1	1
76.332	938	2	1
76.393	939	3	1
76.454	940	1	1
76.515	941	4	1
76.577	942	1	1
76.638	943	2	1
76.699	944	3	1
76.699	945	4	1
76.760	946	1	1
76.821	947	3	1
76.882	948	2	1
76.944	949	3	1
76.944	950	4	1
76.944	951	1	1
77.188	952	2	2
77.922	953	2	3
77.433	954	3	2
77.677	955	3	3
77.677	956	1	2
77.922	957	1	3
77.922	958	4	1
77.922	959	3	1
77.971	960	1	1
78.020	961	3	1
78.069	962	2	1
78.118	963	4	1
78.167	964	1	1
78.228	965	3	1
78.289	966	1	1
78.350	967	3	1
78.411	968	4	1
78.442	969	2	1
78.534	970	4	1
78.564	971	2	1
78.656	972	3	1
78.687	973	1	1
78.778	974	3	1
78.809	975	1	1
78.901	976	4	1
78.901	977	2	1
78.950	978	1	1
78.999	979	3	1
79.048	980	1	1
79.096	981	2	1
79.145	982	3	1
79.194	983	4	1
79.243	984	2	1
79.292	985	4	1
79.341	986	3	1
79.390	987	1	1
79.390	988	2	1
79.512	989	2	1
79.512	990	4	1
79.553	991	3	1
79.594	992	1	1
79.635	993	4	1
79.675	994	2	1
79.716	995	1	1
79.757	996	4	1
79.757	997	3	1
79.879	998	1	1
79.879	999	3	1
79.928	1000	4	1
79.977	1001	2	1
80.026	1002	1	1
80.075	1003	3	1
80.124	1004	2	1
80.124	1005	4	1
80.165	1006	1	1
80.206	1007	3	1
80.246	1008	4	1
80.287	1009	2	1
80.328	1010	3	1
80.369	1011	4	1
80.369	1012	1	1
80.491	1013	2	1
80.532	1014	3	1
80.572	1015	2	1
80.613	1016	1	1
80.613	1017	4	1
80.674	1018	4	1
80.736	1019	1	1
80.797	1020	1	1
80.858	1021	3	1
80.858	1022	4	1
80.907	1023	2	1
80.956	1024	1	1
81.005	1025	3	1
81.054	1026	1	1
81.103	1027	4	1
81.103	1028	2	1
81.143	1029	3	1
81.184	1030	1	1
81.225	1031	4	1
81.266	1032	2	1
81.306	1033	1	1
81.347	1034	3	1
81.347	1035	4	1
81.592	1036	1	1
81.592	1037	4	1
81.653	1038	1	1
81.714	1039	4	1
81.775	1040	4	1
81.837	1041	2	1
81.837	1042	1	1
81.885	1043	3	1
81.934	1044	2	1
81.983	1045	4	1
82.032	1046	1	1
82.081	1047	4	1
82.081	1048	3	1
82.203	1049	3	1
82.203	1050	1	1
82.251	1051	4	1
82.300	1052	2	1
82.349	1053	4	1
82.398	1054	3	1
82.447	1055	2	1
82.447	1056	1	1
82.570	1057	3	1
82.570	1058	4	1
82.632	1059	1	1
82.693	1060	4	1
82.754	1061	2	1
82.815	1062	1	1
82.815	1063	3	1
82.864	1064	4	1
82.913	1065	2	1
82.962	1066	4	1
83.011	1067	3	1
83.060	1068	2	1
83.109	1069	1	1
83.158	1070	3	1
83.207	1071	1	1
83.255	1072	2	1
83.304	1073	4	1
83.304	1074	3	1
83.427	1075	1	1
83.427	1076	3	1
83.467	1077	2	1
83.508	1078	4	1
83.549	1079	1	1
83.590	1080	3	1
83.631	1081	4	1
83.671	1082	1	1
83.671	1083	2	1
83.794	1084	4	1
83.794	1085	2	1
83.843	1086	1	1
83.892	1087	3	1
83.940	1088	4	1
83.989	1089	2	1
84.038	1090	3	1
84.038	1091	1	1
84.079	1092	4	1
84.120	1093	2	1
84.161	1094	1	1
84.201	1095	3	1
84.242	1096	2	1
84.283	1097	4	1
84.283	1098	1	1
84.405	1099	3	1
84.446	1100	2	1
84.487	1101	3	1
84.528	1102	1	1
84.528	1103	4	1
84.589	1104	4	1
84.650	1105	1	1
84.711	1106	1	1
84.772	1107	4	1
84.772	1108	3	1
84.821	1109	2	1
84.870	1110	1	1
84.919	1111	3	1
84.968	1112	1	1
85.017	1113	4	1
85.017	1114	2	1
85.058	1115	3	1
85.098	1116	1	1
85.139	1117	4	1
85.180	1118	2	1
85.221	1119	1	1
85.262	1120	4	1
85.262	1121	3	1
85.506	1122	4	1
85.506	1123	1	1
85.567	1124	1	1
85.629	1125	4	1
85.690	1126	4	1
85.751	1127	2	2
85.996	1128	2	3
85.751	1129	1	1
85.996	1130	3	1
86.057	1131	4	1
86.118	1132	3	1
86.159	1133	2	1
86.199	1134	1	1
86.240	1135	4	1
86.362	1136	4	1
86.485	1137	2	1
86.485	1138	1	1
86.526	1139	3	1
86.566	1140	4	1
86.607	1141	2	1
86.668	1142	1	1
86.729	1143	4	1
86.729	1144	3	1
86.791	1145	2	1
86.852	1146	3	1
86.974	1147	1	1
87.005	1148	4	1
87.096	1149	2	1
87.112	1150	3	1
87.219	1151	1	1
87.234	1152	2	1
87.341	1153	1	1
87.341	1154	4	1
87.356	1155	3	1
87.463	1156	2	1
87.525	1157	3	1
87.586	1158	1	1
87.586	1159	2	1
87.708	1160	4	1
87.708	1161	1	1
87.769	1162	3	1
87.830	1163	4	1
87.892	1164	2	1
87.953	1165	3	1
87.968	1166	4	1
88.075	1167	2	1
88.090	1168	1	1
88.197	1169	3	1
88.213	1170	2	1
88.320	1171	4	1
88.360	1172	2	1
88.401	1173	3	1
88.442	1174	4	1
88.442	1175	1	1
88.503	1176	1	1
88.564	1177	4	1
88.625	1178	4	1
88.687	1179	1	1
88.687	1180	2	1
88.748	1181	3	1
88.809	1182	2	1
88.931	1183	4	1
88.947	1184	1	1
89.054	1185	3	1
89.069	1186	4	1
89.176	1187	2	1
89.191	1188	1	1
89.298	1189	1	1
89.314	1190	4	1
89.421	1191	2	1
89.436	1192	3	1
89.482	1193	4	1
89.543	1194	3	1
89.558	1195	2	1
89.604	1196	1	1
89.665	1197	3	1
89.665	1198	4	1
89.803	1199	4	1
89.803	1200	2	1
89.910	1201	1	1
89.925	1202	3	1
90.032	1203	4	1
90.032	1204	2	1
90.048	1205	1	1
90.155	1206	3	1
90.216	1207	4	1
90.277	1208	3	1
90.399	1209	2	1
90.399	1210	1	1
90.414	1211	4	1
90.522	1212	3	1
90.537	1213	2	1
90.644	1214	4	1
90.644	1215	3	1
90.659	1216	1	1
90.766	1217	2	1
90.781	1218	4	1
90.888	1219	3	1
90.950	1220	2	1
91.011	1221	3	1
91.133	1222	1	1
91.148	1223	2	1
91.255	1224	4	1
91.271	1225	3	1
91.378	1226	1	1
91.393	1227	4	1
91.500	1228	2	1
91.500	1229	1	1
91.515	1230	3	1
91.622	1231	2	1
91.684	1232	3	1
91.745	1233	2	1
91.867	1234	4	1
91.882	1235	3	1
91.989	1236	1	1
92.005	1237	2	1
92.112	1238	4	1
92.127	1239	1	1
92.234	1240	3	1
92.275	1241	2	1
92.316	1242	3	1
92.356	1243	4	1
92.356	1244	1	1
92.418	1245	4	1
92.479	1246	1	1
92.540	1247	1	1
92.601	1248	3	1
92.601	1249	4	1
92.662	1250	2	1
92.723	1251	3	1
92.846	1252	1	1
92.861	1253	2	1
92.968	1254	4	1
92.983	1255	3	1
93.090	1256	1	1
93.090	1257	4	1
93.213	1258	2	1
93.228	1259	3	1
93.335	1260	3	1
93.335	1261	4	1
93.396	1262	3	1
93.457	1263	2	1
93.518	1264	2	1
93.580	1265	4	1
93.580	1266	3	1
93.580	1267	1	1
93.702	1268	4	1
93.702	1269	3	1
93.824	1270	1	1
93.947	1271	4	1
94.069	1272	2	2
94.314	1273	2	3
94.314	1274	3	2
94.558	1275	3	3
94.558	1276	2	1
94.558	1277	4	1
94.607	1278	1	1
94.656	1279	3	1
94.705	1280	1	1
94.754	1281	2	1
94.803	1282	3	1
94.852	1283	4	1
94.901	1284	2	1
94.950	1285	4	1
94.999	1286	3	1
95.048	1287	1	1
95.048	1288	2	1
95.170	1289	2	1
95.170	1290	4	1
95.211	1291	3	1
95.251	1292	1	1
95.292	1293	4	1
95.333	1294	2	1
95.374	1295	1	1
95.414	1296	3	1
95.414	1297	4	1
95.537	1298	1	1
95.537	1299	3	1
95.586	1300	4	1
95.635	1301	2	1
95.684	1302	1	1
95.733	1303	3	1
95.781	1304	2	1
95.781	1305	4	1
95.822	1306	1	1
95.863	1307	3	1
95.904	1308	4	1
95.945	1309	2	1
95.985	1310	3	1
96.026	1311	1	1
96.026	1312	4	1
96.148	1313	2	1
96.189	1314	3	1
96.230	1315	2	1
96.271	1316	4	1
96.271	1317	1	1
96.332	1318	4	1
96.393	1319	1	1
96.454	1320	1	1
96.515	1321	3	1
96.515	1322	4	1
96.564	1323	2	1
96.613	1324	1	1
96.662	1325	3	1
96.711	1326	1	1
96.760	1327	2	1
96.760	1328	4	1
96.801	1329	3	1
96.842	1330	1	1
96.882	1331	4	1
96.923	1332	2	1
96.964	1333	1	1
97.005	1334	3	1
97.005	1335	4	1
97.249	1336	4	1
97.249	1337	1	1
97.311	1338	1	1
97.372	1339	4	1
97.433	1340	4	1
97.494	1341	2	1
97.494	1342	1	1
97.543	1343	3	1
97.592	1344	2	1
97.641	1345	4	1
97.690	1346	1	1
97.739	1347	3	1
97.739	1348	4	1
97.861	1349	3	1
97.861	1350	1	1
97.909	1351	4	1
97.958	1352	2	1
98.007	1353	4	1
98.056	1354	3	1
98.105	1355	1	1
98.105	1356	2	1
98.228	1357	3	1
98.228	1358	4	1
98.289	1359	1	1
98.350	1360	4	1
98.411	1361	2	1
98.473	1362	3	1
98.473	1363	1	1
98.522	1364	4	1
98.570	1365	2	1
98.619	1366	4	1
98.668	1367	1	1
98.717	1368	3	1
98.766	1369	1	1
98.815	1370	4	1
98.864	1371	2	1
98.913	1372	4	1
98.962	1373	3	1
98.962	1374	1	1
99.084	1375	1	1
99.084	1376	2	1
99.125	1377	4	1
99.166	1378	3	1
99.207	1379	2	1
99.247	1380	4	1
99.288	1381	1	1
99.329	1382	3	1
99.329	1383	2	1
99.451	1384	1	1
99.451	1385	3	1
99.500	1386	4	1
99.549	1387	2	1
99.598	1388	3	1
99.647	1389	1	1
99.696	1390	4	1
99.696	1391	2	1
99.737	1392	3	1
99.777	1393	1	1
99.818	1394	4	1
99.859	1395	2	1
99.900	1396	1	1
99.940	1397	4	1
99.940	1398	3	1
100.063	1399	2	1
100.104	1400	3	1
100.144	1401	2	1
100.185	1402	4	1
100.185	1403	1	1
100.246	1404	4	1
100.307	1405	1	1
100.369	1406	1	1
100.430	1407	3	1
100.430	1408	4	1
100.479	1409	2	1
100.528	1410	1	1
100.577	1411	3	1
100.625	1412	1	1
100.674	1413	4	1
100.674	1414	2	1
100.715	1415	3	1
100.756	1416	1	1
100.797	1417	4	1
100.838	1418	2	1
100.878	1419	1	1
100.919	1420	4	1
100.919	1421	3	1
101.164	1422	1	1
101.164	1423	4	1
101.225	1424	1	1
101.286	1425	4	1
101.347	1426	4	1
101.408	1427	1	1
101.408	1428	2	2
101.653	1429	2	3
101.653	1430	3	1
101.714	1431	4	1
101.775	1432	3	1
101.816	1433	2	1
101.857	1434	1	1
101.898	1435	4	1
102.020	1436	4	1
102.142	1437	1	1
102.142	1438	2	1
102.183	1439	3	1
102.224	1440	4	1
102.265	1441	2	1
102.326	1442	1	1
102.387	1443	3	1
102.387	1444	4	1
102.436	1445	2	1
102.485	1446	1	1
102.534	1447	3	1
102.583	1448	1	1
102.632	1449	2	1
102.681	1450	3	1
102.729	1451	4	1
102.778	1452	2	1
102.827	1453	4	1
102.876	1454	3	1
102.925	1455	2	1
102.974	1456	4	1
103.023	1457	2	1
103.072	1458	1	1
103.121	1459	4	1
103.170	1460	3	1
103.219	1461	1	1
103.268	1462	3	1
103.317	1463	2	1
103.366	1464	1	1
103.366	1465	4	1
103.427	1466	3	1
103.488	1467	4	1
103.549	1468	1	1
103.610	1469	3	1
103.671	1470	2	1
103.733	1471	4	1
103.733	1472	1	1
103.794	1473	2	1
103.855	1474	1	1
103.916	1475	4	1
103.977	1476	2	1
104.038	1477	3	1
104.099	1478	4	1
104.148	1479	3	1
104.197	1480	1	1
104.246	1481	4	1
104.295	1482	2	1
104.344	1483	1	1
104.344	1484	3	1
104.393	1485	4	1
104.442	1486	2	1
104.491	1487	4	1
104.540	1488	3	1
104.589	1489	2	1
104.638	1490	1	1
104.687	1491	3	1
104.736	1492	1	1
104.785	1493	2	1
104.833	1494	3	1
104.882	1495	1	1
104.931	1496	4	1
104.980	1497	2	1
105.029	1498	1	1
105.078	1499	4	1
105.078	1500	3	1
105.139	1501	2	1
105.200	1502	3	1
105.262	1503	1	1
105.323	1504	2	1
105.323	1505	4	1
105.364	1506	3	1
105.404	1507	1	1
105.445	1508	4	1
105.486	1509	2	1
105.527	1510	1	1
105.567	1511	3	1
105.608	1512	4	1
105.649	1513	2	1
105.690	1514	3	1
105.690	1515	1	1
105.751	1516	4	1
105.812	1517	1	1
105.873	1518	3	1
105.934	1519	2	1
105.996	1520	1	1
106.057	1521	4	1
106.057	1522	3	1
106.106	1523	2	1
106.155	1524	3	1
106.203	1525	1	1
106.252	1526	4	1
106.301	1527	2	1
106.301	1528	1	1
106.424	1529	3	1
106.454	1530	2	1
106.485	1531	1	1
106.546	1532	3	1
106.546	1533	4	1
106.668	1534	1	1
106.699	1535	3	1
106.729	1536	2	1
106.791	1537	4	1
106.791	1538	1	1
106.913	1539	2	1
106.944	1540	3	1
106.974	1541	4	1
107.035	1542	1	1
107.035	1543	2	1
107.158	1544	4	1
107.188	1545	2	1
107.219	1546	3	1
107.280	1547	4	1
107.280	1548	1	1
107.402	1549	3	1
107.433	1550	2	1
107.463	1551	1	1
107.525	1552	3	1
107.525	1553	4	1
107.647	1554	1	1
107.677	1555	3	1
107.708	1556	2	1
107.769	1557	1	1
107.769	1558	4	1
107.892	1559	2	1
107.922	1560	3	1
107.953	1561	4	1
108.014	1562	2	1
108.014	1563	1	1
108.136	1564	4	1
108.167	1565	2	1
108.197	1566	3	1
108.259	1567	4	1
108.259	1568	1	1
108.381	1569	4	1
108.381	1570	3	1
108.503	1571	2	1
108.503	1572	1	1
108.625	1573	1	1
108.625	1574	4	1
108.748	1575	4	1
108.748	1576	3	1
108.809	1577	2	1
108.809	1578	1	1
108.870	1579	3	1
108.870	1580	4	1
108.931	1581	1	1
108.931	1582	2	1
108.992	1583	3	1
108.992	1584	4	1
109.054	1585	1	1
109.054	1586	2	1
109.115	1587	3	1
109.115	1588	4	1
109.176	1589	2	1
109.176	1590	1	1
109.237	1591	3	1
109.237	1592	4	1
109.298	1593	2	1
109.298	1594	1	1
109.359	1595	3	1
109.421	1596	2	1
109.482	1597	4	1
109.482	1598	3	1
109.543	1599	1	1
109.543	1600	2	1
109.604	1601	4	1
109.665	1602	1	1
109.726	1603	3	1
109.726	1604	4	1
109.788	1605	2	1
109.849	1606	3	1
109.849	1607	1	1
109.910	1608	2	1
109.971	1609	1	2
110.093	1610	1	3
109.971	1611	4	2
110.093	1612	4	3
110.216	1613	1	1
110.216	1614	4	1
110.251	1615	2	1
110.286	1616	3	1
110.321	1617	1	1
110.356	1618	4	1
110.390	1619	2	1
110.425	1620	3	1
110.460	1621	4	1
110.522	1622	1	1
110.583	1623	3	1
110.644	1624	3	1
110.705	1625	1	1
110.766	1626	4	1
110.827	1627	2	1
110.888	1628	2	1
110.929	1629	3	1
110.970	1630	4	1
111.011	1631	2	1
111.052	1632	3	1
111.092	1633	1	1
111.133	1634	4	1
111.174	1635	2	1
111.215	1636	3	1
111.255	1637	4	1
111.317	1638	2	1
111.337	1639	1	1
111.439	1640	3	1
111.459	1641	2	1
111.561	1642	4	1
111.582	1643	3	1
111.684	1644	4	1
111.684	1645	1	2
111.867	1646	1	3
111.714	1647	2	2
111.867	1648	2	3
111.928	1649	4	1
111.959	1650	1	1
111.989	1651	3	1
112.020	1652	2	1
112.051	1653	1	1
112.081	1654	4	1
112.173	1655	3	1
112.214	1656	2	1
112.254	1657	1	1
112.295	1658	4	1
112.336	1659	1	1
112.377	1660	3	1
112.418	1661	2	1
112.479	1662	3	1
112.540	1663	1	1
112.581	1664	4	1
112.621	1665	3	1
112.662	1666	2	1
112.703	1667	4	1
112.744	1668	1	1
112.785	1669	3	1
112.785	1670	4	1
112.907	1671	1	1
112.948	1672	4	1
112.988	1673	3	1
113.029	1674	2	1
113.070	1675	4	1
113.111	1676	1	1
113.151	1677	2	1
113.186	1678	3	1
113.221	1679	1	1
113.256	1680	4	1
113.291	1681	2	1
113.326	1682	3	1
113.361	1683	4	1
113.396	1684	1	1
113.457	1685	1	1
113.518	1686	4	1
113.580	1687	4	1
113.641	1688	1	1
113.763	1689	4	1
113.794	1690	3	1
113.824	1691	2	1
113.885	1692	1	1
113.934	1693	3	1
113.984	1694	2	1
114.032	1695	4	1
114.081	1696	1	1
114.130	1697	3	1
114.171	1698	2	1
114.212	1699	1	1
114.252	1700	4	1
114.375	1701	3	1
114.416	1702	4	1
114.456	1703	1	1
114.497	1704	3	1
114.538	1705	2	1
114.579	1706	1	1
114.619	1707	4	1
114.619	1708	3	1
114.742	1709	2	1
114.772	1710	3	1
114.864	1711	2	1
114.899	1712	1	1
114.986	1713	4	1
115.007	1714	3	1
115.109	1715	2	1
115.109	1716	1	1
115.149	1717	4	1
115.190	1718	3	1
115.231	1719	1	1
115.262	1720	2	1
115.292	1721	3	1
115.323	1722	4	1
115.353	1723	1	1
115.394	1724	3	1
115.435	1725	2	1
115.476	1726	4	1
115.516	1727	3	1
115.557	1728	1	1
115.598	1729	4	1
115.720	1730	2	1
115.751	1731	3	1
115.781	1732	4	1
115.843	1733	1	1
115.843	1734	2	1
115.965	1735	3	1
115.996	1736	2	1
116.026	1737	1	1
116.057	1738	4	1
116.087	1739	2	1
116.128	1740	3	1
116.169	1741	1	1
116.210	1742	4	1
116.250	1743	3	1
116.291	1744	2	1
116.332	1745	4	1
116.332	1746	1	1
116.454	1747	1	1
116.489	1748	4	1
116.523	1749	2	1
116.558	1750	3	1
116.592	1751	4	1
116.628	1752	1	1
116.663	1753	2	1
116.699	1754	3	1
116.760	1755	1	1
116.821	1756	3	1
116.862	1757	2	1
116.903	1758	4	1
116.944	1759	1	1
116.984	1760	3	1
117.025	1761	4	1
117.066	1762	1	1
117.101	1763	2	1
117.136	1764	3	1
117.171	1765	1	1
117.206	1766	4	1
117.241	1767	2	1
117.276	1768	3	1
117.311	1769	4	1
117.372	1770	4	1
117.433	1771	1	1
117.494	1772	1	1
117.555	1773	4	2
117.616	1774	4	3
117.555	1775	3	1
117.677	1776	4	1
117.708	1777	1	1
117.739	1778	3	1
117.769	1779	2	1
117.800	1780	1	2
117.922	1781	1	3
118.044	1782	2	1
118.044	1783	1	1
118.106	1784	4	1
118.106	1785	3	1
118.167	1786	3	1
118.167	1787	4	1
118.228	1788	2	1
118.228	1789	1	1
118.289	1790	4	1
118.289	1791	3	1
118.350	1792	2	1
118.350	1793	1	1
118.411	1794	1	1
118.411	1795	2	1
118.473	1796	4	1
118.473	1797	3	1
118.534	1798	2	1
118.549	1799	1	1
118.595	1800	3	1
118.595	1801	4	1
118.656	1802	3	1
118.671	1803	4	1
118.717	1804	1	1
118.717	1805	2	1
118.778	1806	3	1
118.794	1807	4	1
118.840	1808	2	1
118.840	1809	1	1
118.901	1810	2	1
118.916	1811	1	1
118.962	1812	3	1
118.962	1813	4	1
119.023	1814	1	1
119.023	1815	2	1
119.084	1816	4	1
119.145	1817	4	1
119.176	1818	1	1
119.207	1819	3	1
119.237	1820	2	1
119.268	1821	4	1
119.390	1822	1	1
119.421	1823	4	1
119.451	1824	2	1
119.482	1825	3	1
119.512	1826	1	1
119.635	1827	4	1
119.665	1828	1	1
119.696	1829	3	1
119.726	1830	2	1
119.757	1831	4	1
119.757	1832	1	1
120.002	1833	2	1
120.002	1834	1	1
120.042	1835	4	1
120.078	1836	3	1
120.124	1837	2	1
120.155	1838	4	1
120.200	1839	2	1
120.246	1840	3	1
120.277	1841	1	1
120.323	1842	4	1
120.369	1843	2	1
120.409	1844	1	1
120.445	1845	4	1
120.491	1846	3	1
120.522	1847	2	1
120.567	1848	4	1
120.613	1849	1	1
120.736	1850	3	1
120.776	1851	2	1
120.812	1852	1	1
120.858	1853	4	1
120.899	1854	2	1
120.934	1855	3	1
120.980	1856	4	1
121.011	1857	1	1
121.041	1858	2	1
121.082	1859	3	1
121.118	1860	1	1
121.148	1861	4	1
121.184	1862	2	1
121.225	1863	3	1
121.286	1864	3	1
121.347	1865	2	1
121.408	1866	2	1
121.470	1867	1	1
121.470	1868	3	1
121.470	1869	4	1
121.592	1870	3	1
121.653	1871	2	1
121.653	1872	4	1
121.653	1873	1	1
121.775	1874	2	1
121.837	1875	1	1
121.837	1876	3	1
121.837	1877	4	1
121.959	1878	4	1
121.959	1879	3	1
122.000	1880	2	1
122.040	1881	1	1
122.081	1882	4	1
122.122	1883	2	1
122.158	1884	4	1
122.203	1885	3	1
122.244	1886	1	1
122.280	1887	4	1
122.326	1888	2	1
122.356	1889	3	1
122.387	1890	4	1
122.418	1891	1	1
122.448	1892	3	1
122.489	1893	2	1
122.530	1894	4	1
122.570	1895	2	1
122.611	1896	1	1
122.652	1897	4	1
122.693	1898	3	1
122.728	1899	1	1
122.763	1900	2	1
122.798	1901	4	1
122.833	1902	1	1
122.868	1903	3	1
122.897	1904	2	1
122.937	1905	4	1
122.978	1906	1	1
123.060	1907	3	1
123.080	1908	4	1
123.182	1909	2	1
123.202	1910	3	1
123.304	1911	1	1
123.325	1912	2	1
123.427	1913	4	1
123.427	1914	1	1
123.549	1915	3	1
123.580	1916	2	1
123.610	1917	1	1
123.671	1918	4	1
123.712	1919	2	1
123.753	1920	3	1
123.794	1921	1	1
123.855	1922	3	1
123.916	1923	2	1
123.947	1924	4	1
123.992	1925	3	1
124.038	1926	1	1
124.069	1927	4	1
124.120	1928	1	1
124.161	1929	2	1
124.191	1930	3	1
124.222	1931	4	1
124.252	1932	1	1
124.283	1933	3	1
124.324	1934	2	1
124.365	1935	4	1
124.405	1936	2	1
124.446	1937	1	1
124.487	1938	3	1
124.528	1939	4	1
124.568	1940	2	1
124.609	1941	3	1
124.650	1942	1	1
124.681	1943	4	1
124.726	1944	3	1
124.772	1945	1	1
124.803	1946	4	1
124.833	1947	2	1
124.864	1948	1	1
124.895	1949	3	1
124.925	1950	4	1
124.956	1951	1	1
124.997	1952	2	1
125.032	1953	3	1
125.063	1954	1	1
125.098	1955	4	1
125.139	1956	2	1
125.170	1957	3	1
125.200	1958	4	1
125.241	1959	1	1
125.277	1960	2	1
125.307	1961	3	1
125.343	1962	4	1
125.384	1963	1	1
125.414	1964	2	1
125.445	1965	3	1
125.486	1966	1	1
125.522	1967	4	1
125.552	1968	2	1
125.588	1969	3	1
125.629	1970	4	1
125.664	1971	1	1
125.698	1972	3	1
125.733	1973	2	1
125.766	1974	4	1
125.803	1975	1	1
125.838	1976	2	1
125.873	1977	3	1
125.873	1978	4	2
129.176	1979	4	3