Song Name	Brain Power (Cranky Remix) (Hard) by NOMA (Remixed by Cranky)
Difficulty	29
Primary Color	Flow
Secondary Color	Beat
Last Note Time	186.681
Total Notes	2762
Fever Fill	801
Fever Time	28.002150
Long Notes	358
BPM	165
Song Length	188.143492063

Timing Points
0.045	363.6364


Song Data
0.045	1	1	1
0.045	2	2	1
0.136	3	3	1
0.136	4	4	1
0.317	5	1	1
0.317	6	2	1
0.408	7	3	1
0.408	8	4	1
0.590	9	1	1
0.590	10	2	1
0.681	11	3	1
0.772	12	1	1
0.772	13	4	1
0.863	14	2	1
0.954	15	3	1
0.954	16	4	1
1.045	17	1	1
1.136	18	2	1
1.136	19	3	1
1.317	20	1	1
1.317	21	4	1
1.408	22	2	1
1.499	23	3	1
1.499	24	4	1
1.590	25	1	1
1.681	26	1	1
1.772	27	3	1
1.772	28	4	1
1.863	29	2	1
1.954	30	2	1
2.045	31	3	1
2.045	32	4	1
2.136	33	1	1
2.227	34	1	1
2.317	35	4	1
2.408	36	3	1
2.499	37	1	1
2.499	38	2	1
2.590	39	3	1
2.590	40	4	1
2.681	41	2	1
2.772	42	1	1
2.772	43	3	1
2.863	44	4	1
2.954	45	1	1
2.954	46	2	1
3.045	47	3	1
3.045	48	4	1
3.136	49	1	1
3.227	50	3	1
3.227	51	4	1
3.317	52	1	1
3.317	53	2	1
3.499	54	3	1
3.499	55	4	1
3.590	56	2	1
3.681	57	1	1
3.681	58	4	1
3.772	59	3	1
3.863	60	1	1
3.863	61	2	1
3.954	62	3	1
4.045	63	1	1
4.045	64	4	1
4.227	65	2	1
4.317	66	3	1
4.408	67	1	1
4.408	68	2	1
4.408	69	4	1
4.499	70	3	1
4.590	71	1	1
4.681	72	3	1
4.772	73	1	1
4.772	74	2	1
4.772	75	4	1
4.863	76	3	1
4.954	77	2	1
5.045	78	1	1
5.045	79	4	1
5.136	80	2	1
5.136	81	3	1
5.317	82	1	1
5.408	83	2	1
5.408	84	4	1
5.499	85	1	2
5.499	86	3	2
5.681	87	2	2
5.681	88	4	2
5.681	89	1	3
5.681	90	3	3
5.863	91	1	1
5.863	92	3	1
5.863	93	2	3
5.863	94	4	3
5.954	95	2	1
5.954	96	4	1
6.045	97	3	1
6.136	98	1	1
6.136	99	2	1
6.227	100	3	1
6.227	101	4	1
6.408	102	1	1
6.408	103	2	1
6.499	104	4	1
6.590	105	1	1
6.590	106	3	1
6.681	107	4	1
6.772	108	1	1
6.772	109	2	1
6.863	110	3	1
6.954	111	1	1
6.954	112	4	1
7.136	113	2	1
7.136	114	3	1
7.227	115	4	1
7.317	116	1	1
7.317	117	2	1
7.408	118	3	1
7.499	119	3	1
7.590	120	1	1
7.590	121	2	1
7.681	122	4	1
7.772	123	4	1
7.863	124	1	1
7.863	125	2	1
7.954	126	3	1
8.045	127	3	1
8.136	128	1	1
8.227	129	2	1
8.227	130	4	1
8.317	131	3	1
8.408	132	1	1
8.408	133	4	1
8.499	134	2	1
8.590	135	1	1
8.590	136	3	1
8.681	137	4	1
8.772	138	1	1
8.772	139	2	1
8.863	140	3	1
8.863	141	4	1
8.954	142	1	1
9.045	143	2	1
9.045	144	3	1
9.136	145	1	1
9.136	146	4	1
9.227	147	2	1
9.227	148	3	1
9.408	149	2	1
9.408	150	4	1
9.590	151	1	1
9.590	152	3	1
9.772	153	1	1
9.772	154	4	1
9.863	155	2	1
9.863	156	3	1
9.954	157	1	1
10.045	158	3	1
10.045	159	4	1
10.136	160	2	1
10.227	161	1	2
10.227	162	3	2
10.227	163	4	2
10.408	164	1	3
10.408	165	3	3
10.408	166	4	3
10.499	167	1	2
10.499	168	2	2
10.499	169	4	2
10.681	170	1	3
10.681	171	2	3
10.681	172	4	3
10.772	173	2	2
10.772	174	3	2
10.772	175	4	2
10.954	176	2	3
10.954	177	3	3
10.954	178	4	3
11.045	179	1	2
11.045	180	2	2
11.045	181	3	2
11.227	182	1	3
11.227	183	2	3
11.227	184	3	3
11.317	185	1	1
11.317	186	2	1
11.317	187	4	1
11.499	188	1	1
11.499	189	3	1
11.499	190	4	1
11.681	191	1	1
11.681	192	2	1
11.681	193	3	1
11.681	194	4	1
11.863	195	1	1
11.954	196	3	1
12.045	197	2	1
12.045	198	4	1
12.227	199	2	1
12.317	200	4	1
12.408	201	1	1
12.408	202	3	2
12.590	203	4	1
12.681	204	1	1
12.772	205	2	2
12.772	206	4	1
12.772	207	3	3
12.954	208	3	1
13.045	209	1	1
13.136	210	3	1
13.136	211	4	1
13.136	212	2	3
13.317	213	1	1
13.408	214	1	1
13.499	215	3	1
13.499	216	4	1
13.681	217	4	1
13.772	218	4	1
13.863	219	1	1
13.863	220	2	1
14.045	221	3	1
14.136	222	3	1
14.227	223	1	1
14.227	224	4	1
14.408	225	2	1
14.499	226	2	1
14.590	227	3	1
14.590	228	4	1
14.772	229	4	1
14.863	230	2	1
14.954	231	1	1
14.954	232	3	1
15.136	233	3	1
15.227	234	1	1
15.317	235	2	1
15.317	236	4	2
15.499	237	3	1
15.590	238	2	1
15.681	239	1	2
15.681	240	3	1
15.681	241	4	3
15.863	242	2	1
15.954	243	4	1
16.045	244	2	1
16.045	245	3	1
16.045	246	1	3
16.227	247	4	1
16.317	248	4	1
16.408	249	1	1
16.408	250	2	1
16.590	251	1	1
16.681	252	1	1
16.772	253	3	1
16.772	254	4	1
16.954	255	2	1
17.045	256	2	1
17.136	257	1	1
17.136	258	4	1
17.317	259	2	1
17.317	260	4	1
17.408	261	3	1
17.499	262	1	2
17.499	263	2	1
17.499	264	4	1
17.681	265	3	1
17.772	266	2	1
17.863	267	3	1
17.863	268	4	2
17.863	269	1	3
18.045	270	1	1
18.136	271	3	1
18.227	272	1	1
18.227	273	2	1
18.227	274	4	3
18.408	275	3	1
18.499	276	3	1
18.590	277	1	1
18.590	278	2	1
18.772	279	4	1
18.863	280	4	1
18.954	281	2	1
18.954	282	3	1
19.136	283	1	1
19.227	284	1	1
19.317	285	3	1
19.317	286	4	1
19.499	287	2	1
19.590	288	2	1
19.681	289	3	1
19.681	290	4	1
19.863	291	1	1
19.954	292	2	1
20.045	293	3	1
20.045	294	4	1
20.227	295	2	1
20.317	296	4	1
20.408	297	1	1
20.408	298	2	1
20.408	299	3	2
20.590	300	4	1
20.681	301	2	1
20.772	302	1	2
20.772	303	4	1
20.772	304	3	3
20.954	305	2	1
21.045	306	3	1
21.136	307	2	1
21.136	308	4	1
21.136	309	1	3
21.317	310	3	1
21.408	311	3	1
21.499	312	2	1
21.499	313	4	1
21.681	314	1	1
21.772	315	2	1
21.863	316	3	1
21.863	317	4	1
21.954	318	1	1
22.045	319	2	1
22.136	320	3	1
22.136	321	4	1
22.227	322	1	1
22.227	323	2	1
22.317	324	4	1
22.408	325	3	1
22.499	326	1	1
22.499	327	2	1
22.590	328	3	1
22.590	329	4	1
22.772	330	1	2
22.772	331	2	1
22.772	332	3	1
22.772	333	4	2
23.136	334	2	1
23.136	335	1	3
23.136	336	4	3
23.317	337	2	1
23.317	338	3	2
23.317	339	4	1
23.499	340	1	1
23.590	341	4	1
23.681	342	1	2
23.681	343	2	1
23.681	344	3	3
23.863	345	4	1
23.954	346	2	1
24.045	347	3	1
24.045	348	4	1
24.045	349	1	3
24.227	350	2	1
24.317	351	2	1
24.408	352	1	1
24.408	353	4	1
24.590	354	3	1
24.681	355	2	1
24.772	356	1	1
24.772	357	4	2
24.954	358	3	1
25.045	359	1	1
25.136	360	2	2
25.136	361	3	1
25.136	362	4	3
25.317	363	1	1
25.408	364	4	1
25.499	365	1	1
25.499	366	3	1
25.499	367	2	3
25.681	368	4	1
25.772	369	4	1
25.863	370	1	1
25.863	371	2	1
26.045	372	3	1
26.136	373	3	1
26.227	374	1	2
26.227	375	2	1
26.408	376	4	1
26.499	377	2	1
26.590	378	3	1
26.590	379	4	1
26.590	380	1	3
26.772	381	2	1
26.863	382	3	1
26.954	383	1	1
26.954	384	4	2
27.136	385	3	1
27.227	386	1	1
27.317	387	2	1
27.317	388	3	1
27.317	389	4	3
27.499	390	1	1
27.590	391	1	1
27.681	392	2	1
27.681	393	4	1
27.863	394	3	1
27.954	395	3	1
28.045	396	1	1
28.045	397	4	1
28.227	398	2	1
28.317	399	2	1
28.408	400	1	1
28.408	401	4	2
28.590	402	3	1
28.681	403	1	1
28.772	404	2	1
28.772	405	3	1
28.772	406	4	3
28.954	407	1	1
28.954	408	4	1
29.045	409	3	1
29.136	410	1	1
29.136	411	2	2
29.136	412	4	1
29.317	413	4	1
29.408	414	3	1
29.499	415	1	2
29.499	416	4	1
29.499	417	2	3
29.681	418	2	1
29.772	419	3	1
29.863	420	2	1
29.863	421	4	1
29.863	422	1	3
30.045	423	3	1
30.136	424	3	1
30.227	425	1	1
30.227	426	4	1
30.408	427	2	1
30.499	428	2	1
30.590	429	1	1
30.590	430	3	1
30.772	431	4	1
30.863	432	4	1
30.954	433	2	1
30.954	434	3	1
31.136	435	1	1
31.227	436	1	1
31.317	437	3	1
31.317	438	4	1
31.499	439	2	1
31.590	440	2	1
31.681	441	1	1
31.681	442	3	2
31.863	443	4	1
31.954	444	1	1
32.045	445	2	1
32.045	446	4	2
32.045	447	3	3
32.227	448	1	1
32.317	449	3	1
32.408	450	1	1
32.408	451	2	2
32.408	452	4	3
32.590	453	4	1
32.681	454	3	1
32.772	455	1	2
32.772	456	4	1
32.772	457	2	3
32.954	458	2	1
33.045	459	3	1
33.136	460	2	1
33.136	461	4	1
33.136	462	1	3
33.227	463	3	1
33.317	464	1	1
33.408	465	4	1
33.499	466	1	1
33.499	467	2	1
33.560	468	3	1
33.621	469	4	1
33.681	470	1	1
33.772	471	2	1
33.863	472	1	1
33.863	473	3	1
33.863	474	4	1
33.954	475	2	1
34.045	476	3	1
34.136	477	1	1
34.227	478	3	1
34.227	479	4	1
34.287	480	2	1
34.348	481	1	1
34.408	482	4	1
34.499	483	2	1
34.590	484	1	1
34.590	485	3	1
34.681	486	2	1
34.772	487	1	1
34.772	488	4	1
34.863	489	3	1
34.954	490	1	1
34.954	491	2	1
34.954	492	4	1
35.136	493	3	1
35.227	494	3	1
35.317	495	1	2
35.317	496	4	1
35.499	497	3	1
35.590	498	2	1
35.681	499	3	2
35.681	500	4	1
35.681	501	1	3
35.863	502	2	1
35.954	503	4	1
36.045	504	1	2
36.045	505	2	1
36.045	506	3	3
36.227	507	3	1
36.317	508	2	1
36.408	509	3	2
36.408	510	4	2
36.408	511	1	3
36.590	512	1	1
36.590	513	4	3
36.681	514	2	1
36.772	515	1	1
36.772	516	4	1
36.772	517	3	3
36.954	518	2	1
37.045	519	2	1
37.136	520	1	2
37.136	521	4	2
37.317	522	2	1
37.317	523	1	3
37.408	524	3	1
37.499	525	1	1
37.499	526	2	1
37.499	527	4	3
37.681	528	3	2
37.681	529	4	2
37.863	530	1	2
37.863	531	2	2
37.863	532	3	3
38.045	533	3	1
38.045	534	1	3
38.045	535	2	3
38.045	536	4	3
38.136	537	2	1
38.227	538	1	1
38.227	539	4	1
38.317	540	3	1
38.408	541	1	1
38.408	542	2	1
38.499	543	3	1
38.590	544	1	2
38.590	545	2	2
38.590	546	4	2
38.772	547	3	1
38.772	548	2	3
38.772	549	4	3
38.863	550	2	1
38.954	551	3	2
38.954	552	4	2
38.954	553	1	3
39.136	554	2	2
39.136	555	3	3
39.136	556	4	3
39.317	557	1	1
39.317	558	3	1
39.317	559	4	1
39.317	560	2	3
39.408	561	2	1
39.499	562	4	1
39.590	563	2	1
39.681	564	1	1
39.681	565	3	1
39.681	566	4	1
39.772	567	2	1
39.863	568	3	1
39.954	569	2	1
40.045	570	1	1
40.045	571	3	1
40.045	572	4	1
40.136	573	3	1
40.136	574	4	1
40.227	575	3	1
40.227	576	4	1
40.317	577	3	1
40.317	578	4	1
40.408	579	1	2
40.408	580	2	1
40.590	581	3	2
40.590	582	4	1
40.590	583	1	3
40.772	584	1	2
40.772	585	2	1
40.772	586	4	2
40.772	587	3	3
40.954	588	3	1
40.954	589	4	3
41.045	590	2	1
41.136	591	3	2
41.136	592	4	1
41.136	593	1	3
41.317	594	2	1
41.408	595	4	1
41.499	596	1	2
41.499	597	2	1
41.499	598	3	3
41.681	599	4	1
41.772	600	3	1
41.863	601	2	2
41.863	602	4	2
41.863	603	1	3
42.045	604	1	1
42.045	605	2	3
42.136	606	3	1
42.227	607	1	1
42.227	608	2	1
42.227	609	4	3
42.408	610	3	1
42.499	611	3	1
42.590	612	1	1
42.590	613	4	2
42.772	614	2	1
42.863	615	3	1
42.954	616	1	1
42.954	617	2	2
42.954	618	4	3
43.136	619	3	1
43.227	620	1	1
43.317	621	3	1
43.317	622	4	2
43.317	623	2	3
43.499	624	2	1
43.590	625	3	1
43.681	626	1	1
43.681	627	2	2
43.681	628	4	3
43.863	629	4	1
43.863	630	2	3
43.954	631	3	1
44.045	632	1	2
44.045	633	2	1
44.136	634	4	1
44.227	635	3	1
44.317	636	2	1
44.408	637	3	1
44.408	638	4	1
44.408	639	1	3
44.499	640	1	1
44.499	641	2	1
44.681	642	1	1
44.681	643	2	1
44.772	644	3	1
44.772	645	4	1
44.863	646	1	1
44.954	647	3	1
45.045	648	2	1
45.045	649	4	1
45.227	650	1	1
45.227	651	3	1
45.317	652	2	1
45.317	653	4	1
45.408	654	1	1
45.408	655	3	1
45.499	656	2	1
45.499	657	4	1
45.590	658	3	1
45.681	659	1	1
45.681	660	2	1
45.772	661	4	1
45.863	662	1	1
45.863	663	2	1
45.863	664	3	1
45.954	665	4	1
46.045	666	1	1
46.136	667	3	1
46.227	668	2	1
46.227	669	4	1
46.317	670	3	1
46.408	671	1	1
46.499	672	3	1
46.590	673	1	1
46.590	674	2	2
46.590	675	4	2
46.772	676	3	1
46.772	677	4	3
46.863	678	1	1
46.954	679	3	1
46.954	680	4	2
46.954	681	2	3
47.136	682	2	1
47.227	683	3	1
47.317	684	1	1
47.317	685	2	1
47.317	686	4	3
47.499	687	3	1
47.590	688	3	1
47.681	689	1	1
47.681	690	4	1
47.863	691	2	1
47.954	692	2	1
48.045	693	1	1
48.045	694	3	1
48.227	695	4	1
48.317	696	4	1
48.408	697	1	1
48.408	698	2	1
48.590	699	3	1
48.681	700	3	1
48.772	701	1	1
48.772	702	4	1
48.954	703	1	1
49.045	704	3	1
49.136	705	2	1
49.136	706	4	1
49.317	707	2	1
49.408	708	3	1
49.499	709	1	2
49.499	710	2	2
49.499	711	4	2
49.681	712	3	1
49.681	713	2	3
49.681	714	4	3
49.863	715	2	1
49.863	716	4	1
49.863	717	1	3
49.954	718	3	1
50.045	719	1	1
50.045	720	4	1
50.136	721	2	1
50.227	722	3	2
50.227	723	4	2
50.408	724	1	1
50.408	725	4	3
50.499	726	2	1
50.590	727	1	1
50.590	728	4	1
50.590	729	3	3
50.772	730	3	1
50.863	731	2	1
50.954	732	1	1
50.954	733	3	1
50.954	734	4	1
51.045	735	2	1
51.136	736	4	1
51.227	737	2	1
51.317	738	1	1
51.317	739	3	1
51.317	740	4	1
51.408	741	2	1
51.499	742	3	1
51.590	743	1	1
51.681	744	3	1
51.681	745	4	1
51.742	746	2	1
51.863	747	3	1
51.863	748	4	1
51.924	749	2	1
51.984	750	3	1
52.045	751	1	2
52.045	752	4	1
52.227	753	3	2
52.227	754	4	1
52.227	755	1	3
52.408	756	1	2
52.408	757	2	1
52.408	758	4	2
52.408	759	3	3
52.590	760	3	1
52.590	761	4	3
52.681	762	2	1
52.772	763	3	2
52.772	764	4	1
52.772	765	1	3
52.954	766	2	1
53.045	767	4	1
53.136	768	1	1
53.136	769	2	1
53.136	770	3	3
53.317	771	2	1
53.408	772	2	1
53.499	773	1	1
53.499	774	4	1
53.681	775	3	1
53.772	776	3	1
53.863	777	2	1
53.863	778	4	1
54.045	779	1	1
54.136	780	1	1
54.227	781	3	1
54.227	782	4	1
54.408	783	2	1
54.499	784	2	1
54.590	785	3	2
54.590	786	4	1
54.772	787	1	1
54.863	788	4	1
54.954	789	1	2
54.954	790	2	1
54.954	791	3	3
55.136	792	3	1
55.227	793	2	1
55.317	794	3	1
55.317	795	4	2
55.317	796	1	3
55.499	797	1	1
55.590	798	2	1
55.681	799	1	2
55.681	800	3	2
55.681	801	4	3
55.863	802	4	1
55.863	803	3	3
55.954	804	2	1
56.045	805	3	2
56.045	806	4	2
56.045	807	1	3
56.227	808	1	1
56.227	809	3	3
56.317	810	2	1
56.408	811	1	1
56.408	812	3	1
56.590	813	2	1
56.590	814	4	3
56.681	815	3	1
56.772	816	1	1
56.772	817	4	1
56.863	818	3	1
56.954	819	2	1
57.045	820	4	1
57.136	821	1	1
57.136	822	2	1
57.227	823	3	1
57.317	824	1	1
57.408	825	3	1
57.499	826	1	2
57.499	827	2	2
57.499	828	4	1
57.681	829	3	1
57.681	830	4	1
57.681	831	1	3
57.681	832	2	3
57.772	833	2	1
57.863	834	1	1
57.863	835	3	2
57.863	836	4	2
57.954	837	1	1
58.045	838	2	1
58.045	839	3	3
58.045	840	4	3
58.136	841	3	1
58.227	842	1	1
58.227	843	4	1
58.287	844	2	1
58.348	845	3	1
58.408	846	1	1
58.499	847	3	1
58.590	848	2	1
58.590	849	4	1
58.681	850	1	1
58.772	851	3	1
58.863	852	2	1
58.954	853	1	1
58.954	854	4	1
59.014	855	3	1
59.075	856	2	1
59.136	857	4	1
59.227	858	2	1
59.317	859	1	1
59.317	860	3	1
59.408	861	4	1
59.499	862	1	1
59.499	863	2	1
59.590	864	3	1
59.681	865	1	2
59.681	866	2	2
59.681	867	4	2
59.863	868	1	3
59.863	869	2	3
59.863	870	4	3
59.954	871	1	2
59.954	872	3	2
59.954	873	4	2
60.136	874	1	3
60.136	875	3	3
60.136	876	4	3
60.227	877	1	2
60.227	878	2	2
60.227	879	3	2
60.408	880	1	3
60.408	881	2	3
60.408	882	3	3
60.499	883	2	2
60.499	884	3	2
60.499	885	4	2
60.681	886	2	3
60.681	887	3	3
60.681	888	4	3
60.772	889	1	1
60.772	890	2	1
60.772	891	3	1
60.954	892	1	1
60.954	893	3	1
60.954	894	4	1
61.136	895	1	2
61.136	896	2	1
61.136	897	4	2
61.317	898	3	1
61.317	899	4	3
61.408	900	2	1
61.499	901	3	1
61.499	902	4	1
61.681	903	2	1
61.681	904	1	3
61.772	905	4	1
61.863	906	1	1
61.863	907	3	1
61.954	908	2	1
62.045	909	3	1
62.045	910	4	1
62.136	911	2	1
62.227	912	1	1
62.227	913	4	1
62.317	914	3	1
62.408	915	1	1
62.408	916	4	1
62.499	917	2	1
62.590	918	3	1
62.590	919	4	1
62.681	920	2	1
62.772	921	1	1
62.772	922	3	1
62.863	923	2	1
62.954	924	1	2
62.954	925	4	1
63.136	926	3	1
63.136	927	4	1
63.136	928	1	3
63.317	929	2	2
63.317	930	3	1
63.499	931	1	1
63.499	932	4	1
63.499	933	2	3
63.681	934	3	1
63.681	935	4	2
63.863	936	1	2
63.863	937	2	1
63.863	938	4	3
64.045	939	3	2
64.045	940	4	2
64.045	941	1	3
64.227	942	2	1
64.227	943	4	3
64.408	944	1	1
64.408	945	4	1
64.408	946	3	3
64.499	947	2	1
64.590	948	1	1
64.590	949	4	1
64.681	950	3	1
64.772	951	1	1
64.772	952	2	1
64.863	953	3	1
64.954	954	2	1
64.954	955	4	1
65.045	956	1	1
65.136	957	3	1
65.136	958	4	1
65.227	959	1	1
65.317	960	2	1
65.317	961	4	1
65.408	962	3	1
65.499	963	1	1
65.499	964	2	1
65.499	965	4	1
65.590	966	3	1
65.681	967	1	1
65.681	968	2	2
65.863	969	1	2
65.863	970	3	1
65.863	971	4	1
65.863	972	2	3
66.045	973	3	1
66.045	974	4	1
66.045	975	1	3
66.227	976	1	1
66.227	977	2	2
66.408	978	3	1
66.408	979	4	1
66.408	980	2	3
66.590	981	2	1
66.590	982	3	2
66.772	983	1	1
66.772	984	4	2
66.772	985	3	3
66.954	986	1	2
66.954	987	2	2
66.954	988	4	3
67.136	989	3	1
67.136	990	2	3
67.317	991	2	1
67.317	992	4	1
67.317	993	1	3
67.499	994	1	1
67.499	995	3	1
67.590	996	2	1
67.681	997	3	1
67.681	998	4	1
67.863	999	2	1
67.863	1000	3	1
67.954	1001	1	1
67.954	1002	4	1
68.136	1003	1	1
68.136	1004	2	1
68.227	1005	3	1
68.227	1006	4	1
68.317	1007	2	1
68.408	1008	1	1
68.408	1009	4	1
68.499	1010	3	1
68.590	1011	2	1
68.590	1012	4	1
68.681	1013	3	1
68.772	1014	1	1
68.772	1015	4	2
68.954	1016	1	1
68.954	1017	2	1
68.954	1018	4	3
69.136	1019	2	1
69.136	1020	3	2
69.317	1021	1	1
69.317	1022	4	1
69.317	1023	3	3
69.499	1024	1	2
69.499	1025	2	1
69.681	1026	3	2
69.681	1027	4	1
69.681	1028	1	3
69.863	1029	2	2
69.863	1030	4	2
69.863	1031	3	3
70.045	1032	3	1
70.045	1033	2	3
70.227	1034	1	1
70.227	1035	2	1
70.227	1036	4	3
70.317	1037	3	1
70.408	1038	2	1
70.408	1039	4	1
70.590	1040	1	1
70.590	1041	3	1
70.681	1042	2	1
70.681	1043	4	1
70.863	1044	3	1
70.863	1045	4	1
70.954	1046	1	1
70.954	1047	2	1
71.136	1048	2	1
71.136	1049	4	1
71.227	1050	1	1
71.317	1051	3	1
71.317	1052	4	1
71.408	1053	2	1
71.499	1054	3	1
71.499	1055	4	1
71.590	1056	2	1
71.681	1057	1	1
71.681	1058	3	2
71.863	1059	2	1
71.863	1060	4	1
71.863	1061	3	3
72.045	1062	1	1
72.045	1063	3	1
72.045	1064	4	1
72.136	1065	2	1
72.227	1066	4	2
72.408	1067	1	1
72.408	1068	4	3
72.499	1069	2	1
72.590	1070	3	1
72.681	1071	2	1
72.772	1072	1	2
72.772	1073	3	1
72.772	1074	4	2
72.954	1075	2	1
72.954	1076	1	3
73.045	1077	3	1
73.136	1078	1	1
73.136	1079	2	1
73.317	1080	3	1
73.317	1081	4	3
73.408	1082	1	1
73.499	1083	2	1
73.499	1084	4	1
73.590	1085	3	1
73.681	1086	1	1
73.681	1087	2	1
73.772	1088	3	1
73.863	1089	1	1
73.863	1090	4	1
73.954	1091	2	1
74.045	1092	1	1
74.045	1093	4	1
74.136	1094	3	1
74.227	1095	1	1
74.227	1096	2	1
74.317	1097	3	1
74.408	1098	2	1
74.408	1099	4	1
74.499	1100	3	1
74.590	1101	1	1
74.590	1102	4	2
74.772	1103	1	1
74.772	1104	2	1
74.772	1105	4	3
74.954	1106	2	1
74.954	1107	3	2
75.136	1108	1	1
75.136	1109	4	1
75.136	1110	3	3
75.317	1111	1	2
75.317	1112	2	1
75.499	1113	3	1
75.499	1114	4	1
75.499	1115	1	3
75.681	1116	1	2
75.681	1117	2	2
75.863	1118	3	1
75.863	1119	1	3
76.045	1120	1	1
76.045	1121	4	1
76.045	1122	2	3
76.136	1123	3	1
76.227	1124	1	1
76.227	1125	4	1
76.317	1126	2	1
76.408	1127	3	1
76.408	1128	4	1
76.499	1129	2	1
76.590	1130	1	1
76.590	1131	3	1
76.681	1132	4	1
76.772	1133	1	1
76.772	1134	2	1
76.863	1135	4	1
76.954	1136	1	1
76.954	1137	3	1
77.045	1138	2	1
77.136	1139	3	1
77.136	1140	4	1
77.227	1141	2	1
77.317	1142	1	1
77.317	1143	4	1
77.408	1144	3	1
77.499	1145	2	1
77.499	1146	4	2
77.681	1147	1	1
77.681	1148	2	2
77.681	1149	4	3
77.863	1150	3	1
77.863	1151	4	1
77.863	1152	2	3
78.045	1153	2	1
78.045	1154	3	2
78.227	1155	1	1
78.227	1156	4	1
78.227	1157	3	3
78.408	1158	1	2
78.408	1159	2	1
78.590	1160	3	2
78.590	1161	4	2
78.590	1162	1	3
78.772	1163	2	1
78.772	1164	3	3
78.954	1165	1	1
78.954	1166	3	1
78.954	1167	4	3
79.136	1168	2	1
79.136	1169	4	1
79.227	1170	3	1
79.317	1171	1	1
79.317	1172	2	1
79.499	1173	2	1
79.499	1174	3	1
79.590	1175	1	1
79.590	1176	4	1
79.772	1177	3	1
79.772	1178	4	1
79.863	1179	1	1
79.863	1180	2	1
79.954	1181	3	1
80.045	1182	1	1
80.045	1183	4	1
80.136	1184	2	1
80.227	1185	1	1
80.227	1186	3	1
80.317	1187	2	1
80.408	1188	1	2
80.408	1189	4	1
80.590	1190	3	1
80.590	1191	4	1
80.590	1192	1	3
80.772	1193	2	2
80.772	1194	3	1
80.954	1195	1	1
80.954	1196	4	1
80.954	1197	2	3
81.136	1198	3	1
81.136	1199	4	2
81.317	1200	1	1
81.317	1201	2	1
81.317	1202	4	3
81.499	1203	3	1
81.499	1204	4	1
81.590	1205	1	1
81.681	1206	1	1
81.772	1207	3	1
81.772	1208	4	1
81.863	1209	2	1
81.954	1210	2	1
82.045	1211	4	1
82.136	1212	1	1
82.227	1213	3	1
82.227	1214	4	1
82.317	1215	3	1
82.317	1216	4	1
82.499	1217	1	1
82.499	1218	4	1
82.590	1219	2	1
82.590	1220	3	1
82.681	1221	1	1
82.772	1222	3	1
82.772	1223	4	1
82.863	1224	2	1
82.954	1225	1	2
82.954	1226	3	2
82.954	1227	4	2
83.136	1228	1	3
83.136	1229	3	3
83.136	1230	4	3
83.227	1231	1	2
83.227	1232	2	2
83.227	1233	3	2
83.408	1234	1	3
83.408	1235	2	3
83.408	1236	3	3
83.499	1237	2	2
83.499	1238	3	2
83.499	1239	4	2
83.681	1240	2	3
83.681	1241	3	3
83.681	1242	4	3
83.772	1243	1	2
83.772	1244	2	2
83.772	1245	4	2
83.954	1246	1	3
83.954	1247	2	3
83.954	1248	4	3
84.045	1249	2	1
84.045	1250	4	1
84.136	1251	1	1
84.227	1252	3	1
84.317	1253	2	1
84.408	1254	1	1
84.408	1255	3	1
84.408	1256	4	1
84.499	1257	2	1
84.590	1258	4	1
84.681	1259	2	1
84.772	1260	1	1
84.772	1261	3	1
84.772	1262	4	1
84.954	1263	1	1
84.954	1264	2	1
85.045	1265	3	1
85.136	1266	1	1
85.136	1267	4	1
85.227	1268	2	1
85.317	1269	3	1
85.317	1270	4	1
85.408	1271	1	1
85.499	1272	2	1
85.499	1273	3	1
85.681	1274	1	1
85.681	1275	4	1
85.772	1276	2	1
85.863	1277	3	1
85.863	1278	4	1
85.954	1279	1	1
86.045	1280	1	1
86.136	1281	3	1
86.136	1282	4	1
86.227	1283	2	1
86.317	1284	2	1
86.408	1285	3	1
86.408	1286	4	1
86.499	1287	1	1
86.590	1288	1	1
86.681	1289	4	1
86.772	1290	2	1
86.772	1291	3	1
86.863	1292	1	1
86.954	1293	3	1
86.954	1294	4	1
87.045	1295	2	1
87.136	1296	1	1
87.136	1297	3	1
87.227	1298	4	1
87.317	1299	1	1
87.317	1300	2	1
87.408	1301	3	1
87.408	1302	4	1
87.499	1303	1	1
87.590	1304	3	1
87.590	1305	4	1
87.681	1306	1	1
87.681	1307	2	1
87.863	1308	3	1
87.863	1309	4	1
87.954	1310	2	1
88.045	1311	1	1
88.045	1312	4	1
88.136	1313	3	1
88.227	1314	1	1
88.227	1315	2	1
88.317	1316	3	1
88.408	1317	1	1
88.408	1318	4	1
88.590	1319	2	1
88.681	1320	3	1
88.772	1321	1	1
88.772	1322	2	1
88.772	1323	4	1
88.863	1324	3	1
88.954	1325	1	1
89.045	1326	3	1
89.136	1327	1	1
89.136	1328	2	1
89.136	1329	4	1
89.227	1330	3	1
89.317	1331	2	1
89.408	1332	1	1
89.408	1333	4	1
89.499	1334	2	1
89.499	1335	3	1
89.681	1336	1	1
89.772	1337	2	1
89.772	1338	4	1
89.863	1339	1	2
89.863	1340	3	2
90.045	1341	2	2
90.045	1342	4	2
90.045	1343	1	3
90.045	1344	3	3
90.227	1345	1	1
90.227	1346	3	1
90.227	1347	2	3
90.227	1348	4	3
90.317	1349	2	1
90.317	1350	4	1
90.408	1351	3	1
90.499	1352	1	1
90.499	1353	2	1
90.590	1354	3	1
90.590	1355	4	1
90.772	1356	1	1
90.772	1357	2	1
90.863	1358	4	1
90.954	1359	1	1
90.954	1360	3	1
91.045	1361	4	1
91.136	1362	1	1
91.136	1363	2	1
91.227	1364	3	1
91.317	1365	1	1
91.317	1366	4	1
91.499	1367	2	1
91.499	1368	3	1
91.590	1369	4	1
91.681	1370	1	1
91.681	1371	2	1
91.772	1372	3	1
91.863	1373	3	1
91.954	1374	1	1
91.954	1375	2	1
92.045	1376	4	1
92.136	1377	4	1
92.227	1378	1	1
92.227	1379	2	1
92.317	1380	3	1
92.408	1381	3	1
92.499	1382	1	1
92.590	1383	2	1
92.590	1384	4	1
92.681	1385	3	1
92.772	1386	1	1
92.772	1387	4	1
92.863	1388	2	1
92.954	1389	1	1
92.954	1390	3	1
93.045	1391	4	1
93.136	1392	1	1
93.136	1393	2	1
93.227	1394	3	1
93.227	1395	4	1
93.317	1396	1	1
93.408	1397	2	1
93.408	1398	3	1
93.499	1399	1	1
93.499	1400	4	1
93.590	1401	2	1
93.590	1402	3	1
93.772	1403	2	1
93.772	1404	4	1
93.954	1405	1	1
93.954	1406	3	1
94.136	1407	1	1
94.136	1408	4	1
94.227	1409	2	1
94.227	1410	3	1
94.317	1411	1	1
94.408	1412	3	1
94.408	1413	4	1
94.499	1414	2	1
94.590	1415	1	2
94.590	1416	3	2
94.590	1417	4	2
94.772	1418	1	3
94.772	1419	3	3
94.772	1420	4	3
94.863	1421	1	2
94.863	1422	2	2
94.863	1423	4	2
95.045	1424	1	3
95.045	1425	2	3
95.045	1426	4	3
95.136	1427	2	2
95.136	1428	3	2
95.136	1429	4	2
95.317	1430	2	3
95.317	1431	3	3
95.317	1432	4	3
95.408	1433	1	2
95.408	1434	2	2
95.408	1435	3	2
95.590	1436	1	3
95.590	1437	2	3
95.590	1438	3	3
95.681	1439	1	1
95.681	1440	2	1
95.681	1441	4	1
95.863	1442	1	1
95.863	1443	3	1
95.863	1444	4	1
96.045	1445	2	1
96.045	1446	4	1
96.227	1447	2	1
96.408	1448	1	1
96.408	1449	3	1
96.408	1450	4	1
96.590	1451	3	1
96.590	1452	4	1
96.772	1453	2	2
96.954	1454	1	1
96.954	1455	3	1
96.954	1456	4	1
96.954	1457	2	3
97.136	1458	4	2
97.227	1459	3	1
97.317	1460	1	1
97.317	1461	2	1
97.317	1462	4	3
97.499	1463	3	1
97.499	1464	4	1
97.681	1465	2	1
97.863	1466	1	1
97.863	1467	3	1
97.863	1468	4	1
98.045	1469	3	1
98.045	1470	4	1
98.227	1471	2	1
98.408	1472	1	1
98.408	1473	3	1
98.408	1474	4	1
98.590	1475	1	1
98.590	1476	2	1
98.681	1477	3	1
98.681	1478	4	1
98.772	1479	1	1
98.772	1480	2	1
98.954	1481	1	1
98.954	1482	3	1
99.136	1483	3	1
99.317	1484	1	1
99.317	1485	2	1
99.317	1486	4	1
99.499	1487	2	1
99.499	1488	3	1
99.681	1489	1	1
99.681	1490	3	1
99.681	1491	4	2
99.863	1492	2	1
99.863	1493	4	3
100.045	1494	1	2
100.045	1495	3	1
100.045	1496	4	1
100.227	1497	3	1
100.227	1498	4	1
100.227	1499	1	3
100.408	1500	1	1
100.408	1501	2	1
100.408	1502	3	1
100.408	1503	4	1
100.772	1504	1	1
100.772	1505	3	1
100.772	1506	4	1
100.954	1507	2	1
100.954	1508	4	1
101.136	1509	3	1
101.317	1510	1	1
101.317	1511	2	1
101.317	1512	4	1
101.499	1513	1	1
101.499	1514	3	1
101.681	1515	3	1
101.863	1516	2	1
101.863	1517	4	2
102.045	1518	2	1
102.045	1519	4	3
102.227	1520	1	2
102.227	1521	3	1
102.227	1522	4	1
102.408	1523	2	1
102.408	1524	4	1
102.408	1525	1	3
102.590	1526	3	1
102.772	1527	1	1
102.772	1528	2	1
102.772	1529	4	1
102.954	1530	3	1
102.954	1531	4	1
103.045	1532	1	1
103.045	1533	2	1
103.136	1534	3	1
103.136	1535	4	1
103.227	1536	2	1
103.317	1537	1	1
103.317	1538	4	1
103.499	1539	3	1
103.681	1540	1	1
103.681	1541	2	1
103.681	1542	4	1
103.863	1543	1	1
103.863	1544	2	1
104.045	1545	3	1
104.227	1546	1	1
104.227	1547	3	1
104.227	1548	4	1
104.408	1549	2	1
104.499	1550	3	1
104.590	1551	4	1
104.772	1552	1	2
104.772	1553	3	1
104.954	1554	3	1
104.954	1555	1	3
105.136	1556	1	1
105.136	1557	2	1
105.136	1558	4	2
105.317	1559	1	1
105.317	1560	2	1
105.317	1561	4	3
105.499	1562	3	1
105.681	1563	1	1
105.681	1564	2	1
105.681	1565	4	1
105.863	1566	3	1
105.863	1567	4	1
105.954	1568	2	1
106.045	1569	1	1
106.045	1570	3	1
106.136	1571	2	1
106.227	1572	1	1
106.227	1573	4	1
106.317	1574	3	1
106.408	1575	1	1
106.408	1576	4	1
106.499	1577	2	1
106.590	1578	1	1
106.590	1579	3	1
106.590	1580	4	1
106.772	1581	2	1
106.772	1582	3	1
106.954	1583	1	1
106.954	1584	2	1
106.954	1585	4	1
107.227	1586	1	1
107.227	1587	2	1
107.317	1588	4	1
107.499	1589	1	1
107.499	1590	4	1
107.590	1591	2	1
107.590	1592	3	1
107.681	1593	1	1
107.681	1594	4	2
107.863	1595	2	1
107.863	1596	4	3
108.045	1597	1	1
108.045	1598	3	1
108.045	1599	4	1
108.227	1600	1	1
108.227	1601	3	1
108.227	1602	4	1
108.408	1603	2	2
108.590	1604	3	1
108.772	1605	1	1
108.772	1606	4	2
108.772	1607	2	3
108.954	1608	2	1
108.954	1609	3	1
109.136	1610	1	2
109.136	1611	3	1
109.136	1612	4	3
109.317	1613	4	1
109.317	1614	1	3
109.408	1615	2	1
109.454	1616	3	1
109.499	1617	4	2
109.681	1618	1	1
109.681	1619	2	1
109.681	1620	4	3
109.863	1621	1	2
109.863	1622	3	1
109.863	1623	4	1
110.045	1624	2	1
110.136	1625	3	1
110.227	1626	4	2
110.227	1627	1	3
110.408	1628	2	1
110.408	1629	4	3
110.590	1630	1	1
110.590	1631	3	2
110.590	1632	4	1
110.772	1633	2	1
110.954	1634	4	1
110.954	1635	3	3
111.136	1636	1	1
111.136	1637	2	1
111.136	1638	3	1
111.317	1639	2	2
111.499	1640	4	1
111.681	1641	1	1
111.681	1642	3	2
111.681	1643	2	3
111.863	1644	2	1
112.045	1645	1	1
112.045	1646	4	1
112.045	1647	3	3
112.227	1648	3	1
112.317	1649	2	1
112.363	1650	4	1
112.408	1651	1	1
112.408	1652	3	1
112.590	1653	2	1
112.590	1654	4	1
112.772	1655	1	1
112.772	1656	3	2
112.772	1657	4	1
112.954	1658	1	1
112.954	1659	3	3
113.136	1660	2	2
113.136	1661	4	1
113.317	1662	4	1
113.317	1663	2	3
113.499	1664	1	2
113.499	1665	2	1
113.499	1666	3	1
113.499	1667	4	1
113.681	1668	3	1
113.863	1669	2	1
113.863	1670	1	3
114.045	1671	1	1
114.045	1672	4	1
114.227	1673	2	2
114.227	1674	3	1
114.227	1675	4	1
114.408	1676	1	1
114.590	1677	3	1
114.590	1678	4	1
114.590	1679	2	3
114.681	1680	1	1
114.681	1681	2	1
114.772	1682	3	1
114.772	1683	4	1
114.954	1684	1	1
114.954	1685	4	1
115.136	1686	2	2
115.317	1687	1	1
115.317	1688	3	1
115.317	1689	4	1
115.317	1690	2	3
115.499	1691	2	1
115.499	1692	3	1
115.681	1693	1	1
115.681	1694	2	1
115.681	1695	4	2
115.863	1696	1	1
115.863	1697	3	1
116.045	1698	2	2
116.045	1699	4	3
116.227	1700	3	1
116.227	1701	2	3
116.408	1702	1	2
116.408	1703	2	1
116.408	1704	4	1
116.590	1705	4	1
116.590	1706	1	3
116.772	1707	3	2
116.954	1708	1	1
116.954	1709	2	1
116.954	1710	4	1
117.136	1711	2	1
117.136	1712	3	3
117.317	1713	3	1
117.499	1714	1	1
117.499	1715	2	1
117.499	1716	4	1
117.681	1717	1	1
117.681	1718	2	1
117.681	1719	4	1
117.863	1720	1	2
117.863	1721	4	2
117.924	1722	3	2
117.984	1723	2	2
119.136	1724	1	3
119.136	1725	2	3
119.136	1726	3	3
119.136	1727	4	3
119.317	1728	1	1
119.317	1729	2	1
119.317	1730	3	1
119.317	1731	4	1
119.499	1732	3	1
119.590	1733	3	1
119.681	1734	1	2
119.681	1735	4	1
119.863	1736	3	1
119.954	1737	2	1
120.045	1738	3	2
120.045	1739	4	1
120.045	1740	1	3
120.227	1741	2	1
120.317	1742	4	1
120.408	1743	1	2
120.408	1744	2	1
120.408	1745	3	3
120.590	1746	3	1
120.681	1747	2	1
120.772	1748	3	2
120.772	1749	4	2
120.772	1750	1	3
120.954	1751	1	1
120.954	1752	4	3
121.045	1753	2	1
121.136	1754	1	1
121.136	1755	4	1
121.136	1756	3	3
121.317	1757	2	1
121.408	1758	2	1
121.499	1759	1	2
121.499	1760	4	2
121.681	1761	2	1
121.681	1762	1	3
121.772	1763	3	1
121.863	1764	1	1
121.863	1765	2	1
121.863	1766	4	3
122.045	1767	3	2
122.045	1768	4	2
122.227	1769	1	2
122.227	1770	2	2
122.227	1771	3	3
122.408	1772	3	1
122.408	1773	1	3
122.408	1774	2	3
122.408	1775	4	3
122.499	1776	2	1
122.590	1777	1	1
122.590	1778	4	1
122.681	1779	3	1
122.772	1780	1	1
122.772	1781	2	1
122.863	1782	3	1
122.954	1783	1	2
122.954	1784	2	2
122.954	1785	4	2
123.136	1786	3	1
123.136	1787	2	3
123.136	1788	4	3
123.227	1789	2	1
123.317	1790	3	2
123.317	1791	4	2
123.317	1792	1	3
123.499	1793	2	2
123.499	1794	3	3
123.499	1795	4	3
123.681	1796	1	1
123.681	1797	3	1
123.681	1798	4	1
123.681	1799	2	3
123.772	1800	2	1
123.863	1801	4	1
123.954	1802	2	1
124.045	1803	1	1
124.045	1804	3	1
124.045	1805	4	1
124.136	1806	2	1
124.227	1807	3	1
124.317	1808	2	1
124.408	1809	1	1
124.408	1810	3	1
124.408	1811	4	1
124.499	1812	3	1
124.499	1813	4	1
124.590	1814	3	1
124.590	1815	4	1
124.681	1816	3	1
124.681	1817	4	1
124.772	1818	1	2
124.772	1819	2	1
124.954	1820	3	2
124.954	1821	4	1
124.954	1822	1	3
125.136	1823	1	2
125.136	1824	2	1
125.136	1825	4	2
125.136	1826	3	3
125.317	1827	3	1
125.317	1828	4	3
125.408	1829	2	1
125.499	1830	3	2
125.499	1831	4	1
125.499	1832	1	3
125.681	1833	2	1
125.772	1834	4	1
125.863	1835	1	2
125.863	1836	2	1
125.863	1837	3	3
126.045	1838	4	1
126.136	1839	3	1
126.227	1840	2	2
126.227	1841	4	2
126.227	1842	1	3
126.408	1843	1	1
126.408	1844	2	3
126.499	1845	3	1
126.590	1846	1	1
126.590	1847	2	1
126.590	1848	4	3
126.772	1849	3	1
126.863	1850	3	1
126.954	1851	1	1
126.954	1852	4	2
127.136	1853	2	1
127.227	1854	3	1
127.317	1855	1	1
127.317	1856	2	2
127.317	1857	4	3
127.499	1858	3	1
127.590	1859	1	1
127.681	1860	3	1
127.681	1861	4	2
127.681	1862	2	3
127.863	1863	2	1
127.954	1864	3	1
128.045	1865	1	1
128.045	1866	2	2
128.045	1867	4	3
128.227	1868	4	1
128.227	1869	2	3
128.317	1870	3	1
128.408	1871	1	2
128.408	1872	2	1
128.499	1873	4	1
128.590	1874	3	1
128.681	1875	2	1
128.772	1876	3	1
128.772	1877	4	1
128.772	1878	1	3
128.863	1879	1	1
128.863	1880	2	1
129.045	1881	1	1
129.045	1882	2	1
129.136	1883	3	1
129.136	1884	4	1
129.227	1885	1	1
129.317	1886	3	1
129.408	1887	2	1
129.408	1888	4	1
129.590	1889	1	1
129.590	1890	3	1
129.681	1891	2	1
129.681	1892	4	1
129.772	1893	1	1
129.772	1894	3	1
129.863	1895	2	1
129.863	1896	4	1
129.954	1897	3	1
130.045	1898	1	1
130.045	1899	2	1
130.136	1900	4	1
130.227	1901	1	1
130.227	1902	2	1
130.227	1903	3	1
130.317	1904	4	1
130.408	1905	1	1
130.499	1906	3	1
130.590	1907	2	1
130.590	1908	4	1
130.681	1909	3	1
130.772	1910	1	1
130.863	1911	3	1
130.954	1912	1	1
130.954	1913	2	2
130.954	1914	4	2
131.136	1915	3	1
131.136	1916	4	3
131.227	1917	1	1
131.317	1918	3	1
131.317	1919	4	2
131.317	1920	2	3
131.499	1921	2	1
131.590	1922	3	1
131.681	1923	1	1
131.681	1924	2	1
131.681	1925	4	3
131.863	1926	3	1
131.954	1927	3	1
132.045	1928	1	1
132.045	1929	4	1
132.227	1930	2	1
132.317	1931	2	1
132.408	1932	1	1
132.408	1933	3	1
132.590	1934	4	1
132.681	1935	4	1
132.772	1936	1	1
132.772	1937	2	1
132.954	1938	3	1
133.045	1939	3	1
133.136	1940	1	1
133.136	1941	4	1
133.317	1942	1	1
133.408	1943	3	1
133.499	1944	2	1
133.499	1945	4	1
133.681	1946	2	1
133.772	1947	3	1
133.863	1948	1	2
133.863	1949	2	2
133.863	1950	4	2
134.045	1951	3	1
134.045	1952	2	3
134.045	1953	4	3
134.227	1954	2	1
134.227	1955	4	1
134.227	1956	1	3
134.317	1957	3	1
134.408	1958	1	1
134.408	1959	4	1
134.499	1960	2	1
134.590	1961	3	2
134.590	1962	4	2
134.772	1963	1	1
134.772	1964	4	3
134.863	1965	2	1
134.954	1966	1	1
134.954	1967	4	1
134.954	1968	3	3
135.136	1969	3	1
135.227	1970	2	1
135.317	1971	1	1
135.317	1972	3	1
135.317	1973	4	1
135.408	1974	2	1
135.499	1975	4	1
135.590	1976	2	1
135.681	1977	1	1
135.681	1978	3	1
135.681	1979	4	1
135.772	1980	2	1
135.863	1981	3	1
135.954	1982	1	1
136.045	1983	3	1
136.045	1984	4	1
136.105	1985	2	1
136.227	1986	3	1
136.227	1987	4	1
136.287	1988	2	1
136.348	1989	3	1
136.408	1990	1	2
136.408	1991	4	1
136.590	1992	3	2
136.590	1993	4	1
136.590	1994	1	3
136.772	1995	1	2
136.772	1996	2	1
136.772	1997	4	2
136.772	1998	3	3
136.954	1999	3	1
136.954	2000	4	3
137.045	2001	2	1
137.136	2002	3	2
137.136	2003	4	1
137.136	2004	1	3
137.317	2005	2	1
137.408	2006	4	1
137.499	2007	1	1
137.499	2008	2	1
137.499	2009	3	3
137.681	2010	2	1
137.772	2011	2	1
137.863	2012	1	1
137.863	2013	4	1
138.045	2014	3	1
138.136	2015	3	1
138.227	2016	2	1
138.227	2017	4	1
138.408	2018	1	1
138.499	2019	1	1
138.590	2020	3	1
138.590	2021	4	1
138.772	2022	2	1
138.863	2023	2	1
138.954	2024	3	2
138.954	2025	4	1
139.136	2026	1	1
139.227	2027	4	1
139.317	2028	1	2
139.317	2029	2	1
139.317	2030	3	3
139.499	2031	3	1
139.590	2032	2	1
139.681	2033	3	1
139.681	2034	4	2
139.681	2035	1	3
139.863	2036	1	1
139.954	2037	2	1
140.045	2038	1	2
140.045	2039	3	2
140.045	2040	4	3
140.227	2041	4	1
140.227	2042	3	3
140.317	2043	2	1
140.408	2044	3	2
140.408	2045	4	2
140.408	2046	1	3
140.590	2047	1	1
140.590	2048	3	3
140.681	2049	2	1
140.772	2050	1	1
140.772	2051	3	1
140.954	2052	2	1
140.954	2053	4	3
141.045	2054	3	1
141.136	2055	1	1
141.136	2056	4	1
141.227	2057	3	1
141.317	2058	2	1
141.408	2059	4	1
141.499	2060	1	1
141.499	2061	2	1
141.590	2062	3	1
141.681	2063	1	1
141.772	2064	3	1
141.863	2065	1	2
141.863	2066	2	2
141.863	2067	4	1
142.045	2068	3	1
142.045	2069	4	1
142.045	2070	1	3
142.045	2071	2	3
142.136	2072	2	1
142.227	2073	1	1
142.227	2074	3	2
142.227	2075	4	2
142.317	2076	1	1
142.408	2077	2	1
142.408	2078	3	3
142.408	2079	4	3
142.499	2080	3	1
142.590	2081	1	1
142.590	2082	4	1
142.651	2083	2	1
142.711	2084	3	1
142.772	2085	1	1
142.863	2086	3	1
142.954	2087	2	1
142.954	2088	4	1
143.045	2089	1	1
143.136	2090	3	1
143.227	2091	2	1
143.317	2092	1	1
143.317	2093	4	1
143.378	2094	3	1
143.439	2095	2	1
143.499	2096	4	1
143.590	2097	2	1
143.681	2098	1	1
143.681	2099	3	1
143.772	2100	4	1
143.863	2101	1	1
143.863	2102	2	1
143.954	2103	3	1
144.045	2104	1	2
144.045	2105	2	2
144.045	2106	4	2
144.227	2107	1	3
144.227	2108	2	3
144.227	2109	4	3
144.317	2110	1	2
144.317	2111	3	2
144.317	2112	4	2
144.499	2113	1	3
144.499	2114	3	3
144.499	2115	4	3
144.590	2116	1	2
144.590	2117	2	2
144.590	2118	3	2
144.772	2119	1	3
144.772	2120	2	3
144.772	2121	3	3
144.863	2122	2	2
144.863	2123	3	2
144.863	2124	4	2
145.045	2125	2	3
145.045	2126	3	3
145.045	2127	4	3
145.136	2128	1	1
145.136	2129	3	1
145.136	2130	4	1
145.317	2131	1	1
145.317	2132	2	1
145.317	2133	3	1
145.499	2134	1	2
145.499	2135	2	2
145.499	2136	4	1
145.681	2137	3	1
145.772	2138	4	1
145.863	2139	3	1
146.045	2140	3	1
146.045	2141	4	1
146.045	2142	1	3
146.045	2143	2	3
146.136	2144	2	1
146.227	2145	3	1
146.227	2146	4	1
146.317	2147	1	1
146.408	2148	3	1
146.408	2149	4	1
146.499	2150	2	1
146.590	2151	3	1
146.590	2152	4	1
146.681	2153	1	1
146.772	2154	3	1
146.772	2155	4	1
146.863	2156	2	1
146.954	2157	1	1
146.954	2158	4	1
147.045	2159	3	1
147.136	2160	1	1
147.136	2161	2	1
147.227	2162	3	1
147.317	2163	2	1
147.317	2164	4	1
147.499	2165	2	1
147.499	2166	3	2
147.681	2167	1	1
147.681	2168	4	1
147.681	2169	3	3
147.863	2170	1	2
147.863	2171	2	1
148.045	2172	3	1
148.045	2173	4	1
148.045	2174	1	3
148.227	2175	2	2
148.227	2176	4	1
148.408	2177	1	1
148.408	2178	3	2
148.408	2179	4	2
148.408	2180	2	3
148.772	2181	1	1
148.772	2182	2	1
148.772	2183	3	3
148.772	2184	4	3
148.863	2185	3	1
148.954	2186	1	1
148.954	2187	2	1
149.045	2188	4	1
149.136	2189	1	1
149.136	2190	2	1
149.227	2191	3	1
149.317	2192	1	1
149.317	2193	2	1
149.408	2194	4	1
149.499	2195	1	1
149.499	2196	2	1
149.590	2197	3	1
149.681	2198	1	1
149.681	2199	2	1
149.772	2200	4	1
149.863	2201	1	1
149.863	2202	3	1
149.954	2203	2	1
150.045	2204	1	1
150.045	2205	4	1
150.227	2206	2	1
150.227	2207	3	1
150.227	2208	4	1
150.408	2209	3	2
150.408	2210	4	1
150.590	2211	1	1
150.590	2212	2	1
150.590	2213	3	3
150.772	2214	1	2
150.772	2215	3	1
150.954	2216	2	1
150.954	2217	4	1
150.954	2218	1	3
151.136	2219	3	1
151.136	2220	4	2
151.317	2221	1	2
151.317	2222	2	2
151.317	2223	3	1
151.317	2224	4	3
151.499	2225	4	1
151.590	2226	3	1
151.681	2227	4	1
151.863	2228	3	1
151.863	2229	4	1
151.863	2230	1	3
151.863	2231	2	3
151.954	2232	1	1
151.954	2233	2	1
152.045	2234	3	1
152.045	2235	4	1
152.227	2236	2	1
152.227	2237	4	1
152.317	2238	1	1
152.317	2239	3	1
152.499	2240	1	1
152.499	2241	2	1
152.590	2242	3	1
152.590	2243	4	1
152.681	2244	1	1
152.681	2245	2	1
152.772	2246	3	1
152.772	2247	4	1
152.863	2248	1	1
152.954	2249	2	1
152.954	2250	3	1
153.045	2251	4	1
153.136	2252	1	1
153.136	2253	2	1
153.317	2254	1	1
153.317	2255	4	2
153.499	2256	2	1
153.499	2257	3	1
153.499	2258	4	3
153.681	2259	2	2
153.681	2260	4	1
153.863	2261	1	1
153.863	2262	3	1
153.863	2263	2	3
154.045	2264	1	2
154.045	2265	4	1
154.227	2266	2	1
154.227	2267	3	2
154.227	2268	4	2
154.227	2269	1	3
154.590	2270	1	1
154.590	2271	2	1
154.590	2272	3	3
154.590	2273	4	3
154.681	2274	3	1
154.681	2275	4	1
154.772	2276	1	1
154.772	2277	2	1
154.954	2278	1	1
154.954	2279	3	1
155.045	2280	2	1
155.045	2281	4	1
155.227	2282	1	1
155.227	2283	2	1
155.317	2284	3	1
155.317	2285	4	1
155.499	2286	2	1
155.499	2287	4	1
155.590	2288	1	1
155.590	2289	3	1
155.681	2290	2	1
155.772	2291	3	1
155.772	2292	4	1
155.863	2293	1	1
155.863	2294	2	1
155.954	2295	3	1
155.954	2296	4	1
156.045	2297	1	1
156.045	2298	2	1
156.227	2299	1	1
156.227	2300	4	1
156.408	2301	3	1
156.408	2302	4	1
156.499	2303	1	1
156.499	2304	2	1
156.590	2305	3	1
156.590	2306	4	1
156.772	2307	2	1
156.772	2308	4	1
156.863	2309	1	1
156.863	2310	3	1
156.954	2311	4	1
157.045	2312	1	1
157.045	2313	2	1
157.136	2314	3	2
157.136	2315	4	2
157.317	2316	2	1
157.408	2317	1	1
157.499	2318	2	1
157.681	2319	1	1
157.681	2320	2	1
157.681	2321	3	3
157.681	2322	4	3
157.772	2323	3	1
157.863	2324	1	1
157.863	2325	2	1
157.954	2326	4	1
158.045	2327	1	1
158.045	2328	2	1
158.136	2329	3	1
158.227	2330	1	1
158.227	2331	2	1
158.317	2332	4	1
158.408	2333	1	1
158.408	2334	2	1
158.499	2335	3	1
158.590	2336	1	1
158.590	2337	4	1
158.681	2338	2	1
158.772	2339	3	1
158.772	2340	4	1
158.863	2341	2	1
158.954	2342	1	1
158.954	2343	3	1
159.136	2344	2	2
159.136	2345	3	1
159.317	2346	1	1
159.317	2347	4	1
159.317	2348	2	3
159.499	2349	3	1
159.499	2350	4	2
159.681	2351	1	1
159.681	2352	2	1
159.681	2353	4	3
159.863	2354	1	1
159.863	2355	3	2
160.045	2356	1	2
160.045	2357	2	2
160.045	2358	4	1
160.045	2359	3	3
160.408	2360	3	1
160.408	2361	4	1
160.408	2362	1	3
160.408	2363	2	3
160.499	2364	2	1
160.590	2365	3	1
160.590	2366	4	1
160.681	2367	1	1
160.772	2368	3	1
160.772	2369	4	1
160.863	2370	2	1
160.954	2371	3	1
160.954	2372	4	1
161.045	2373	1	1
161.136	2374	3	1
161.136	2375	4	1
161.227	2376	2	1
161.317	2377	3	1
161.317	2378	4	1
161.408	2379	1	1
161.499	2380	2	1
161.499	2381	4	1
161.590	2382	3	1
161.681	2383	1	1
161.681	2384	4	1
161.772	2385	2	1
161.863	2386	1	1
161.863	2387	3	1
161.863	2388	4	1
162.045	2389	1	1
162.045	2390	2	2
162.227	2391	3	1
162.227	2392	4	1
162.227	2393	2	3
162.408	2394	2	1
162.408	2395	4	2
162.590	2396	1	1
162.590	2397	3	1
162.590	2398	4	3
162.772	2399	1	2
162.772	2400	2	1
162.954	2401	2	1
162.954	2402	3	2
162.954	2403	4	2
162.954	2404	1	3
163.136	2405	1	1
163.227	2406	2	1
163.317	2407	1	1
163.499	2408	1	1
163.499	2409	2	1
163.499	2410	3	3
163.499	2411	4	3
163.590	2412	3	1
163.590	2413	4	1
163.681	2414	1	1
163.681	2415	2	1
163.863	2416	1	1
163.863	2417	3	1
163.954	2418	2	1
163.954	2419	4	1
164.136	2420	3	1
164.136	2421	4	1
164.227	2422	1	1
164.227	2423	2	1
164.317	2424	3	1
164.317	2425	4	1
164.408	2426	1	1
164.408	2427	2	1
164.499	2428	4	1
164.590	2429	2	1
164.590	2430	3	1
164.681	2431	1	1
164.772	2432	3	1
164.772	2433	4	1
164.954	2434	2	1
164.954	2435	3	2
165.136	2436	1	1
165.136	2437	4	1
165.136	2438	3	3
165.317	2439	1	2
165.317	2440	3	1
165.499	2441	2	1
165.499	2442	4	1
165.499	2443	1	3
165.681	2444	2	2
165.681	2445	3	1
165.863	2446	3	1
165.863	2447	4	1
165.863	2448	2	3
165.954	2449	1	1
166.045	2450	1	1
166.136	2451	3	1
166.136	2452	4	1
166.227	2453	2	1
166.317	2454	2	1
166.408	2455	4	1
166.499	2456	1	1
166.590	2457	3	1
166.590	2458	4	1
166.681	2459	3	1
166.681	2460	4	1
166.863	2461	1	1
166.863	2462	4	1
166.954	2463	2	1
166.954	2464	3	1
167.045	2465	1	1
167.136	2466	3	1
167.136	2467	4	1
167.227	2468	2	1
167.317	2469	1	2
167.317	2470	3	2
167.317	2471	4	2
167.499	2472	1	3
167.499	2473	3	3
167.499	2474	4	3
167.590	2475	1	2
167.590	2476	2	2
167.590	2477	3	2
167.772	2478	1	3
167.772	2479	2	3
167.772	2480	3	3
167.863	2481	1	2
167.863	2482	2	2
167.863	2483	4	2
168.045	2484	1	3
168.045	2485	2	3
168.045	2486	4	3
168.136	2487	1	2
168.136	2488	2	2
168.136	2489	3	2
168.136	2490	4	2
168.317	2491	1	3
168.317	2492	2	3
168.317	2493	3	3
168.317	2494	4	3
168.408	2495	1	1
168.408	2496	3	1
168.499	2497	4	1
168.590	2498	2	1
168.681	2499	3	1
168.772	2500	1	1
168.772	2501	2	1
168.772	2502	4	1
168.863	2503	3	1
168.954	2504	1	1
169.045	2505	3	1
169.136	2506	1	1
169.136	2507	2	1
169.136	2508	4	1
169.317	2509	3	1
169.317	2510	4	1
169.408	2511	2	1
169.499	2512	1	1
169.499	2513	4	1
169.590	2514	3	1
169.681	2515	1	1
169.681	2516	2	1
169.772	2517	4	1
169.863	2518	2	1
169.863	2519	3	1
170.045	2520	1	1
170.045	2521	4	1
170.136	2522	3	1
170.227	2523	1	1
170.227	2524	2	1
170.317	2525	4	1
170.408	2526	4	1
170.499	2527	1	1
170.499	2528	2	1
170.590	2529	3	1
170.681	2530	3	1
170.772	2531	1	1
170.772	2532	2	1
170.863	2533	4	1
170.954	2534	4	1
171.045	2535	1	1
171.136	2536	2	1
171.136	2537	3	1
171.227	2538	4	1
171.317	2539	1	1
171.317	2540	2	1
171.408	2541	3	1
171.499	2542	2	1
171.499	2543	4	1
171.590	2544	1	1
171.681	2545	3	1
171.681	2546	4	1
171.772	2547	1	1
171.772	2548	2	1
171.863	2549	4	1
171.954	2550	1	1
171.954	2551	2	1
172.045	2552	3	1
172.045	2553	4	1
172.227	2554	1	1
172.227	2555	2	1
172.317	2556	3	1
172.408	2557	1	1
172.408	2558	4	1
172.499	2559	2	1
172.590	2560	3	1
172.590	2561	4	1
172.681	2562	2	1
172.772	2563	1	1
172.772	2564	4	1
172.954	2565	3	1
173.045	2566	2	1
173.136	2567	1	1
173.136	2568	3	1
173.136	2569	4	1
173.227	2570	2	1
173.317	2571	4	1
173.408	2572	2	1
173.499	2573	1	1
173.499	2574	3	1
173.499	2575	4	1
173.590	2576	2	1
173.681	2577	3	1
173.772	2578	1	1
173.772	2579	4	1
173.863	2580	2	1
173.863	2581	3	1
174.045	2582	4	1
174.136	2583	1	1
174.136	2584	3	1
174.227	2585	2	2
174.227	2586	4	2
174.408	2587	1	2
174.408	2588	3	2
174.408	2589	2	3
174.408	2590	4	3
174.590	2591	2	1
174.590	2592	4	1
174.590	2593	1	3
174.590	2594	3	3
174.681	2595	1	1
174.681	2596	3	1
174.772	2597	2	1
174.863	2598	3	1
174.863	2599	4	1
174.954	2600	1	1
174.954	2601	2	1
175.136	2602	3	1
175.136	2603	4	1
175.227	2604	1	1
175.317	2605	2	1
175.317	2606	4	1
175.408	2607	1	1
175.499	2608	3	1
175.499	2609	4	1
175.590	2610	2	1
175.681	2611	1	1
175.681	2612	4	1
175.863	2613	2	1
175.863	2614	3	1
175.954	2615	1	1
176.045	2616	3	1
176.045	2617	4	1
176.136	2618	2	1
176.227	2619	2	1
176.317	2620	3	1
176.317	2621	4	1
176.408	2622	1	1
176.499	2623	1	1
176.590	2624	3	1
176.590	2625	4	1
176.681	2626	2	1
176.772	2627	2	1
176.863	2628	4	1
176.954	2629	1	1
176.954	2630	3	1
177.045	2631	2	1
177.136	2632	1	1
177.136	2633	4	1
177.227	2634	3	1
177.317	2635	2	1
177.317	2636	4	1
177.408	2637	1	1
177.499	2638	3	1
177.499	2639	4	1
177.590	2640	1	1
177.590	2641	2	1
177.681	2642	4	1
177.772	2643	2	1
177.772	2644	3	1
177.863	2645	1	1
177.863	2646	4	1
177.954	2647	2	1
177.954	2648	3	1
178.136	2649	1	1
178.136	2650	3	1
178.317	2651	2	1
178.317	2652	4	1
178.499	2653	1	1
178.499	2654	4	1
178.590	2655	2	1
178.590	2656	3	1
178.681	2657	1	1
178.772	2658	3	1
178.772	2659	4	1
178.863	2660	2	1
178.954	2661	1	2
178.954	2662	3	2
178.954	2663	4	2
179.136	2664	1	3
179.136	2665	3	3
179.136	2666	4	3
179.227	2667	1	2
179.227	2668	2	2
179.227	2669	4	2
179.408	2670	1	3
179.408	2671	2	3
179.408	2672	4	3
179.499	2673	2	2
179.499	2674	3	2
179.499	2675	4	2
179.681	2676	2	3
179.681	2677	3	3
179.681	2678	4	3
179.772	2679	1	2
179.772	2680	2	2
179.772	2681	3	2
179.954	2682	1	3
179.954	2683	2	3
179.954	2684	3	3
180.045	2685	1	1
180.045	2686	3	1
180.045	2687	4	1
180.227	2688	1	1
180.227	2689	2	1
180.227	2690	4	1
180.408	2691	1	2
180.408	2692	3	2
180.408	2693	4	2
180.590	2694	1	3
180.590	2695	3	3
180.590	2696	4	3
180.681	2697	1	2
180.681	2698	2	2
180.681	2699	4	2
180.863	2700	1	3
180.863	2701	2	3
180.863	2702	4	3
180.954	2703	2	2
180.954	2704	3	2
180.954	2705	4	2
181.136	2706	2	3
181.136	2707	3	3
181.136	2708	4	3
181.227	2709	1	2
181.227	2710	2	2
181.227	2711	3	2
181.408	2712	1	3
181.408	2713	2	3
181.408	2714	3	3
181.499	2715	1	1
181.499	2716	3	1
181.499	2717	4	1
181.681	2718	1	1
181.681	2719	2	1
181.681	2720	4	1
181.863	2721	1	2
181.863	2722	2	1
181.863	2723	3	2
181.863	2724	4	2
182.045	2725	1	3
182.045	2726	3	3
182.045	2727	4	3
182.136	2728	1	2
182.136	2729	2	2
182.136	2730	3	1
182.136	2731	4	2
182.317	2732	1	3
182.317	2733	2	3
182.317	2734	4	3
182.408	2735	1	1
182.408	2736	2	2
182.408	2737	3	2
182.408	2738	4	2
182.590	2739	2	3
182.590	2740	3	3
182.590	2741	4	3
182.681	2742	1	2
182.681	2743	2	2
182.681	2744	3	2
182.681	2745	4	1
182.863	2746	1	3
182.863	2747	2	3
182.863	2748	3	3
182.954	2749	1	1
182.954	2750	3	1
182.954	2751	4	1
183.136	2752	1	1
183.136	2753	2	1
183.136	2754	4	1
183.681	2755	1	2
183.681	2756	2	2
183.681	2757	3	2
183.681	2758	4	2
186.681	2759	1	3
186.681	2760	2	3
186.681	2761	3	3
186.681	2762	4	3