Song Name	Canneles au chocolat (Hard) by brz1128
Difficulty	26
Primary Color	Chill
Secondary Color	Vibe
Last Note Time	119.207
Total Notes	1365
Fever Fill	425
Fever Time	17.881050
Long Notes	89
BPM	193
Song Length	121.165170068

Timing Points
0.451	310.8808


Song Data
0.451	1	1	1
0.451	2	4	2
0.606	3	2	1
0.761	4	1	1
0.761	5	4	3
0.917	6	3	2
1.072	7	2	1
1.228	8	4	1
1.228	9	3	3
1.383	10	1	2
1.539	11	3	1
1.694	12	4	1
1.694	13	1	3
1.849	14	2	2
1.849	15	3	1
2.160	16	1	1
2.160	17	2	3
2.316	18	2	1
2.471	19	4	1
2.627	20	3	1
2.938	21	1	2
2.938	22	4	1
3.093	23	3	1
3.171	24	4	1
3.248	25	3	1
3.248	26	1	3
3.404	27	4	2
3.559	28	2	1
3.715	29	1	1
3.715	30	4	3
3.870	31	3	2
4.026	32	2	1
4.181	33	4	1
4.181	34	3	3
4.337	35	2	2
4.337	36	3	1
4.647	37	1	1
4.647	38	2	3
4.803	39	2	1
4.958	40	3	1
5.114	41	4	1
5.425	42	1	1
5.425	43	4	2
5.580	44	2	1
5.735	45	1	1
5.735	46	4	3
5.891	47	3	2
6.046	48	2	1
6.202	49	4	1
6.202	50	3	3
6.357	51	1	2
6.513	52	3	1
6.668	53	4	1
6.668	54	1	3
6.824	55	2	2
6.824	56	3	1
7.134	57	1	1
7.134	58	2	3
7.290	59	2	1
7.445	60	4	1
7.601	61	3	1
7.912	62	1	2
7.912	63	4	1
8.067	64	3	1
8.145	65	4	1
8.223	66	3	1
8.223	67	1	3
8.378	68	4	2
8.533	69	2	1
8.689	70	1	1
8.689	71	4	3
8.844	72	3	2
9.000	73	2	1
9.155	74	4	1
9.155	75	3	3
9.311	76	2	2
9.311	77	3	1
9.621	78	2	3
9.777	79	1	2
9.777	80	4	2
10.399	81	2	1
10.399	82	3	1
10.399	83	1	3
10.399	84	4	3
10.554	85	2	1
10.710	86	3	1
10.710	87	4	1
10.943	88	2	1
10.943	89	4	1
11.098	90	1	1
11.098	91	3	1
11.176	92	2	1
11.254	93	3	1
11.331	94	2	1
11.331	95	4	1
11.487	96	4	1
11.564	97	3	1
11.642	98	1	1
11.642	99	2	1
11.798	100	2	1
11.953	101	3	1
11.953	102	4	1
12.109	103	2	1
12.186	104	3	1
12.264	105	1	1
12.264	106	2	1
12.342	107	1	1
12.342	108	2	1
12.419	109	3	1
12.419	110	4	1
12.575	111	3	1
12.575	112	4	1
12.653	113	3	1
12.653	114	4	1
12.730	115	1	1
12.730	116	2	1
12.886	117	1	1
12.886	118	2	1
13.041	119	3	1
13.197	120	2	1
13.197	121	4	1
13.352	122	3	1
13.430	123	1	1
13.585	124	4	1
13.663	125	2	1
13.741	126	3	1
13.818	127	2	1
13.818	128	4	1
13.974	129	3	1
14.129	130	1	1
14.129	131	2	1
14.285	132	3	1
14.285	133	4	1
14.440	134	3	1
14.440	135	4	1
14.596	136	1	1
14.596	137	2	1
14.751	138	1	1
14.751	139	3	1
14.906	140	3	1
14.906	141	4	1
15.062	142	1	1
15.062	143	2	1
15.217	144	3	1
15.217	145	4	1
15.295	146	1	1
15.295	147	2	1
15.373	148	3	1
15.373	149	4	1
15.528	150	2	1
15.684	151	1	1
15.684	152	4	1
15.839	153	3	1
15.917	154	2	1
16.072	155	4	1
16.150	156	1	1
16.228	157	2	1
16.305	158	3	1
16.305	159	4	1
16.461	160	2	1
16.616	161	1	1
16.616	162	3	1
16.772	163	3	1
16.927	164	3	1
16.927	165	4	1
17.083	166	1	1
17.160	167	2	1
17.238	168	3	1
17.238	169	4	1
17.316	170	3	1
17.316	171	4	1
17.394	172	1	1
17.394	173	2	1
17.549	174	1	1
17.549	175	2	1
17.627	176	1	1
17.627	177	2	1
17.704	178	3	1
17.704	179	4	1
17.860	180	2	2
17.860	181	4	1
18.171	182	4	1
18.171	183	2	3
18.326	184	2	1
18.326	185	4	2
18.637	186	2	1
18.637	187	4	3
18.792	188	1	2
18.792	189	3	1
18.792	190	4	1
19.103	191	1	3
19.259	192	1	1
19.414	193	2	1
19.570	194	3	1
19.725	195	2	1
19.725	196	4	1
19.881	197	1	1
19.958	198	2	1
20.036	199	3	1
20.191	200	4	1
20.347	201	1	1
20.347	202	2	1
20.347	203	4	1
20.502	204	3	1
20.658	205	1	1
20.658	206	2	1
20.813	207	3	1
20.969	208	2	1
20.969	209	4	1
21.124	210	3	1
21.280	211	1	1
21.280	212	2	1
21.435	213	4	1
21.590	214	1	1
21.590	215	3	1
21.746	216	1	1
21.901	217	3	1
21.901	218	4	1
22.057	219	4	1
22.212	220	2	1
22.212	221	3	1
22.368	222	4	1
22.523	223	1	1
22.523	224	3	1
22.601	225	2	1
22.678	226	3	1
22.756	227	4	1
22.834	228	1	1
22.834	229	2	1
22.989	230	3	1
23.145	231	1	1
23.145	232	2	1
23.300	233	3	1
23.456	234	2	1
23.456	235	4	1
23.611	236	4	1
23.767	237	1	1
23.767	238	2	1
23.922	239	3	1
23.922	240	4	1
24.077	241	2	1
24.077	242	4	1
24.233	243	1	1
24.233	244	3	1
24.388	245	2	1
24.388	246	3	1
24.544	247	3	1
24.544	248	4	1
24.699	249	1	1
24.699	250	2	1
24.855	251	3	1
24.855	252	4	1
25.010	253	1	1
25.010	254	4	1
25.088	255	2	1
25.166	256	3	1
25.243	257	4	1
25.321	258	1	1
25.321	259	2	1
25.476	260	3	1
25.632	261	2	1
25.632	262	4	1
25.787	263	3	1
25.943	264	1	1
25.943	265	4	1
26.098	266	2	1
26.254	267	1	1
26.254	268	3	1
26.409	269	2	1
26.564	270	1	1
26.564	271	4	1
26.720	272	3	1
26.875	273	1	1
26.875	274	2	1
27.031	275	4	1
27.186	276	2	1
27.186	277	3	1
27.342	278	4	1
27.497	279	1	1
27.497	280	3	1
27.575	281	2	1
27.653	282	3	1
27.730	283	4	1
27.808	284	1	1
27.808	285	2	1
27.963	286	3	1
28.119	287	3	1
28.119	288	4	1
28.274	289	1	1
28.430	290	2	1
28.430	291	4	1
28.585	292	3	1
28.741	293	1	1
28.741	294	2	1
28.896	295	3	1
28.896	296	4	1
29.052	297	2	1
29.052	298	4	1
29.207	299	1	1
29.207	300	2	1
29.362	301	2	1
29.362	302	3	1
29.518	303	3	1
29.518	304	4	1
29.673	305	1	1
29.673	306	2	1
29.829	307	3	1
29.829	308	4	1
29.984	309	1	1
29.984	310	2	1
30.140	311	3	1
30.140	312	4	1
30.295	313	2	1
30.295	314	3	1
30.295	315	4	1
30.373	316	1	1
30.450	317	2	1
30.528	318	3	1
30.606	319	4	1
30.684	320	3	1
30.761	321	2	1
30.839	322	4	1
30.917	323	3	1
30.995	324	1	1
31.072	325	2	1
31.150	326	3	1
31.228	327	1	1
31.228	328	4	1
31.383	329	1	1
31.383	330	2	1
31.383	331	3	1
31.694	332	2	1
31.694	333	3	1
31.694	334	4	1
32.005	335	1	1
32.160	336	3	1
32.316	337	1	1
32.471	338	3	1
32.627	339	4	1
32.782	340	1	1
32.782	341	2	1
32.782	342	3	1
32.860	343	4	1
32.938	344	3	1
33.015	345	2	1
33.093	346	1	1
33.171	347	3	1
33.248	348	4	1
33.326	349	2	1
33.404	350	4	1
33.482	351	1	1
33.559	352	2	1
33.637	353	3	1
33.715	354	1	1
33.715	355	4	1
33.870	356	2	1
33.870	357	3	1
33.870	358	4	1
34.181	359	1	1
34.181	360	2	1
34.181	361	3	1
34.492	362	4	1
34.647	363	1	1
34.803	364	2	1
34.958	365	3	1
35.269	366	1	1
35.269	367	2	1
35.269	368	4	1
35.425	369	3	1
35.580	370	1	1
35.580	371	2	1
35.735	372	3	1
35.891	373	2	1
35.891	374	3	1
36.046	375	3	1
36.202	376	1	1
36.202	377	2	1
36.357	378	4	1
36.513	379	1	1
36.513	380	4	1
36.668	381	4	1
36.824	382	1	1
36.824	383	2	1
36.979	384	1	1
36.979	385	2	1
36.979	386	3	1
36.979	387	4	1
37.290	388	1	1
37.290	389	2	1
37.290	390	3	1
37.290	391	4	1
37.445	392	3	1
37.445	393	4	1
37.601	394	1	1
37.601	395	2	1
37.756	396	3	1
37.756	397	4	1
37.912	398	1	2
37.912	399	4	1
38.067	400	2	2
38.067	401	3	1
38.067	402	1	3
38.223	403	1	1
38.223	404	4	2
38.223	405	2	3
38.378	406	2	1
38.378	407	3	2
38.378	408	4	3
38.533	409	1	2
38.533	410	4	1
38.533	411	3	3
38.689	412	4	1
38.689	413	1	3
38.767	414	3	1
38.844	415	2	1
38.922	416	1	1
39.000	417	3	1
39.000	418	4	1
39.077	419	1	1
39.077	420	2	1
39.155	421	3	1
39.155	422	4	1
39.233	423	1	1
39.233	424	2	1
39.311	425	3	1
39.311	426	4	1
39.388	427	1	1
39.388	428	2	1
39.466	429	3	1
39.466	430	4	1
39.544	431	1	1
39.544	432	2	1
39.621	433	4	2
39.777	434	3	1
39.855	435	2	1
39.932	436	1	1
39.932	437	3	2
39.932	438	4	3
40.243	439	1	1
40.243	440	2	1
40.243	441	3	3
40.554	442	2	2
40.865	443	3	1
40.865	444	4	1
40.865	445	2	3
41.020	446	2	1
41.331	447	1	2
41.331	448	3	1
41.642	449	4	1
41.642	450	1	3
41.953	451	2	1
41.953	452	4	2
42.264	453	2	1
42.264	454	4	3
42.419	455	3	1
42.575	456	3	1
42.730	457	1	2
43.041	458	3	2
43.041	459	1	3
43.352	460	1	1
43.352	461	2	1
43.352	462	3	3
43.507	463	1	1
43.507	464	3	1
43.818	465	2	2
44.129	466	4	1
44.129	467	2	3
44.440	468	3	1
44.596	469	2	1
44.596	470	3	1
44.751	471	3	1
44.906	472	2	1
45.062	473	2	1
45.217	474	1	1
45.528	475	2	2
45.839	476	3	1
45.839	477	4	1
45.839	478	2	3
45.995	479	2	1
46.305	480	1	2
46.305	481	3	1
46.616	482	4	1
46.616	483	1	3
46.927	484	2	1
46.927	485	4	2
47.238	486	2	1
47.238	487	4	3
47.394	488	3	1
47.549	489	3	1
47.704	490	1	2
48.015	491	3	2
48.015	492	1	3
48.326	493	1	1
48.326	494	2	1
48.326	495	3	3
48.482	496	1	1
48.482	497	3	1
48.792	498	2	2
49.103	499	4	1
49.103	500	2	3
49.414	501	3	1
49.570	502	2	1
49.570	503	3	1
49.725	504	3	1
49.881	505	1	1
49.958	506	2	1
50.036	507	3	1
50.114	508	4	1
50.191	509	1	2
50.191	510	2	1
50.191	511	3	1
50.502	512	3	1
50.502	513	4	1
50.658	514	2	1
50.813	515	2	1
50.969	516	3	1
50.969	517	4	1
51.124	518	4	1
51.280	519	3	2
51.590	520	2	1
51.590	521	4	1
51.590	522	3	3
51.746	523	3	1
51.901	524	3	2
51.901	525	4	2
52.212	526	2	1
52.212	527	1	3
52.212	528	3	3
52.212	529	4	3
52.368	530	2	1
52.368	531	4	1
52.523	532	4	2
52.678	533	1	1
52.834	534	3	1
52.989	535	1	2
52.989	536	2	2
53.300	537	3	1
53.300	538	1	3
53.300	539	2	3
53.456	540	1	1
53.456	541	2	1
53.611	542	3	1
53.767	543	1	1
53.767	544	3	1
54.077	545	1	1
54.077	546	2	1
54.233	547	1	1
54.233	548	2	1
54.388	549	3	1
54.544	550	1	1
54.699	551	2	1
54.699	552	3	1
54.699	553	4	3
54.855	554	3	1
54.855	555	4	1
54.932	556	1	1
54.932	557	2	1
55.010	558	3	1
55.010	559	4	1
55.088	560	1	1
55.088	561	2	1
55.166	562	3	1
55.166	563	4	1
55.476	564	2	1
55.476	565	4	1
55.632	566	3	1
55.787	567	1	1
55.787	568	2	1
55.865	569	3	1
55.943	570	4	1
56.020	571	1	1
56.098	572	3	1
56.098	573	4	1
56.176	574	2	1
56.254	575	1	1
56.331	576	3	1
56.409	577	2	1
56.409	578	4	1
56.487	579	3	1
56.564	580	1	1
56.642	581	2	1
56.720	582	3	1
56.720	583	4	1
56.798	584	1	1
56.875	585	2	1
56.953	586	3	1
57.031	587	1	1
57.031	588	2	1
57.109	589	4	1
57.186	590	3	1
57.264	591	2	1
57.342	592	1	1
57.342	593	3	1
57.419	594	2	1
57.497	595	4	2
57.575	596	3	1
57.653	597	1	1
57.653	598	2	1
57.808	599	3	1
57.808	600	4	3
57.963	601	2	1
58.119	602	2	1
58.274	603	1	1
58.274	604	3	1
58.430	605	3	1
58.585	606	4	1
58.741	607	2	1
58.896	608	1	1
59.052	609	1	1
59.052	610	4	1
59.362	611	1	1
59.362	612	4	1
59.518	613	1	1
59.518	614	2	1
59.518	615	3	1
59.518	616	4	1
59.829	617	1	1
59.906	618	2	1
59.984	619	3	1
60.062	620	4	1
60.140	621	1	1
60.140	622	2	1
60.217	623	3	1
60.295	624	2	1
60.373	625	3	1
60.450	626	2	1
60.450	627	4	1
60.528	628	1	1
60.606	629	4	2
60.684	630	3	1
60.761	631	2	1
60.839	632	1	1
60.917	633	2	1
60.917	634	4	3
60.995	635	3	1
61.072	636	1	1
61.072	637	4	1
61.150	638	2	1
61.228	639	1	1
61.305	640	3	1
61.383	641	1	1
61.461	642	2	1
61.539	643	4	1
61.616	644	3	1
61.694	645	1	1
61.694	646	2	1
61.772	647	3	1
61.849	648	4	2
61.927	649	1	1
62.005	650	3	1
62.083	651	2	1
62.160	652	1	1
62.160	653	4	3
62.238	654	3	1
62.316	655	2	1
62.316	656	4	1
62.394	657	1	1
62.471	658	3	1
62.549	659	2	1
62.627	660	3	1
62.627	661	4	2
62.782	662	2	1
62.782	663	4	3
62.938	664	1	2
62.938	665	2	1
63.015	666	4	1
63.093	667	3	1
63.093	668	1	3
63.171	669	2	1
63.248	670	3	1
63.248	671	4	2
63.404	672	1	1
63.404	673	4	3
63.559	674	2	1
63.559	675	4	1
63.637	676	3	1
63.715	677	1	1
63.715	678	2	1
63.870	679	1	1
63.909	680	2	1
63.948	681	3	1
63.987	682	4	1
64.026	683	1	2
64.181	684	3	1
64.181	685	4	1
64.181	686	1	3
64.337	687	3	2
64.492	688	1	1
64.492	689	2	1
64.492	690	3	3
64.647	691	2	1
64.647	692	4	1
64.803	693	1	1
64.803	694	4	1
64.958	695	1	1
64.958	696	4	1
65.114	697	1	1
65.114	698	2	1
65.114	699	3	1
65.269	700	2	1
65.425	701	3	1
65.425	702	4	1
65.580	703	2	1
65.735	704	1	1
65.735	705	3	1
65.891	706	2	1
65.891	707	4	1
66.046	708	3	1
66.202	709	1	1
66.202	710	2	1
66.357	711	3	1
66.357	712	4	1
66.513	713	1	1
66.513	714	2	1
66.668	715	1	1
66.668	716	4	1
66.746	717	3	1
66.824	718	2	1
66.979	719	1	1
67.057	720	1	1
67.134	721	3	1
67.212	722	3	1
67.290	723	1	1
67.290	724	2	1
67.445	725	4	2
67.601	726	1	1
67.601	727	2	1
67.601	728	3	1
67.756	729	3	1
67.912	730	1	1
67.912	731	2	1
67.912	732	4	3
68.067	733	2	1
68.223	734	1	1
68.223	735	3	1
68.223	736	4	1
68.533	737	1	1
68.533	738	2	1
68.689	739	4	2
68.844	740	1	1
68.844	741	2	1
68.844	742	3	1
68.844	743	4	3
69.000	744	3	1
69.155	745	1	1
69.155	746	2	1
69.155	747	4	1
69.311	748	1	1
69.466	749	2	1
69.466	750	3	1
69.466	751	4	1
69.621	752	1	1
69.777	753	1	1
69.855	754	2	1
69.932	755	3	1
70.010	756	4	1
70.088	757	1	1
70.088	758	2	1
70.166	759	3	1
70.243	760	2	1
70.321	761	3	1
70.399	762	2	1
70.399	763	4	1
70.476	764	1	1
70.554	765	4	2
70.632	766	3	1
70.710	767	2	1
70.787	768	1	1
70.865	769	2	1
70.865	770	4	3
70.943	771	3	1
71.020	772	1	1
71.020	773	4	1
71.098	774	2	1
71.176	775	1	1
71.254	776	3	1
71.331	777	1	1
71.409	778	2	1
71.487	779	4	1
71.564	780	3	1
71.642	781	1	1
71.642	782	2	1
71.720	783	3	1
71.798	784	4	2
71.875	785	1	1
71.953	786	3	1
72.031	787	2	1
72.109	788	1	1
72.109	789	4	3
72.186	790	3	1
72.264	791	2	1
72.264	792	4	1
72.342	793	1	1
72.419	794	3	1
72.497	795	2	1
72.575	796	3	1
72.575	797	4	2
72.730	798	2	1
72.730	799	4	3
72.886	800	1	2
72.886	801	2	1
72.963	802	4	1
73.041	803	3	1
73.041	804	1	3
73.119	805	2	1
73.197	806	3	1
73.197	807	4	2
73.352	808	1	1
73.352	809	4	3
73.507	810	2	1
73.507	811	4	1
73.585	812	3	1
73.663	813	1	1
73.663	814	2	1
73.818	815	1	1
73.857	816	2	1
73.896	817	3	1
73.935	818	4	1
73.974	819	1	2
74.129	820	3	1
74.129	821	4	1
74.129	822	1	3
74.285	823	3	2
74.440	824	1	1
74.440	825	2	1
74.440	826	3	3
74.596	827	2	1
74.596	828	4	1
74.751	829	1	1
74.751	830	4	1
74.906	831	1	1
74.906	832	4	1
75.062	833	1	1
75.062	834	2	1
75.062	835	3	1
75.217	836	2	1
75.373	837	3	1
75.373	838	4	1
75.528	839	2	1
75.684	840	1	1
75.684	841	3	1
75.839	842	2	1
75.839	843	4	2
75.995	844	3	1
75.995	845	4	3
76.150	846	1	2
76.150	847	2	1
76.305	848	3	1
76.305	849	4	1
76.305	850	1	3
76.461	851	1	1
76.461	852	2	1
76.616	853	3	1
76.616	854	4	1
76.694	855	2	1
76.772	856	3	1
76.927	857	4	1
77.005	858	4	1
77.083	859	2	1
77.160	860	2	1
77.238	861	3	1
77.238	862	4	1
77.394	863	4	2
77.549	864	1	1
77.549	865	2	1
77.549	866	3	1
77.704	867	3	1
77.860	868	1	1
77.860	869	2	1
77.860	870	4	3
78.015	871	2	1
78.171	872	1	1
78.171	873	3	1
78.171	874	4	1
78.326	875	4	1
78.482	876	1	1
78.482	877	2	1
78.482	878	3	1
78.637	879	4	1
78.792	880	1	1
78.792	881	2	1
78.870	882	3	1
78.870	883	4	1
78.948	884	1	1
78.948	885	2	1
79.026	886	3	1
79.026	887	4	1
79.103	888	1	1
79.103	889	2	1
79.181	890	3	1
79.181	891	4	1
79.259	892	1	1
79.259	893	2	1
79.337	894	3	1
79.337	895	4	1
79.414	896	1	1
79.414	897	2	1
79.570	898	2	1
79.570	899	3	1
79.725	900	1	1
79.803	901	2	1
79.881	902	3	1
79.958	903	4	1
80.036	904	1	1
80.036	905	3	1
80.191	906	2	1
80.347	907	3	1
80.347	908	4	1
80.502	909	2	1
80.658	910	1	1
80.658	911	4	1
80.813	912	3	1
80.969	913	1	1
80.969	914	2	1
81.124	915	4	1
81.280	916	2	1
81.280	917	3	1
81.435	918	1	1
81.590	919	3	1
81.590	920	4	1
81.746	921	4	1
81.901	922	1	1
81.901	923	2	1
82.057	924	3	1
82.212	925	1	1
82.212	926	4	1
82.290	927	3	1
82.368	928	2	1
82.445	929	1	1
82.523	930	2	1
82.523	931	4	1
82.678	932	3	1
82.834	933	1	1
82.834	934	2	1
82.989	935	3	1
83.145	936	1	1
83.145	937	4	1
83.300	938	2	1
83.456	939	1	1
83.456	940	3	1
83.611	941	2	1
83.611	942	4	1
83.767	943	1	1
83.767	944	4	1
83.922	945	2	1
83.922	946	3	1
84.077	947	1	1
84.077	948	2	1
84.233	949	3	1
84.233	950	4	1
84.388	951	1	1
84.388	952	2	1
84.544	953	3	1
84.699	954	2	1
84.699	955	4	1
84.777	956	3	1
84.855	957	1	1
84.932	958	2	1
85.010	959	3	1
85.010	960	4	1
85.166	961	3	1
85.166	962	4	1
85.321	963	1	1
85.321	964	2	1
85.476	965	3	1
85.476	966	4	1
85.632	967	1	1
85.632	968	2	1
85.787	969	1	1
85.787	970	2	1
85.943	971	3	1
85.943	972	4	1
86.098	973	1	1
86.098	974	2	1
86.254	975	1	1
86.254	976	4	1
86.409	977	1	1
86.409	978	4	1
86.564	979	2	1
86.564	980	3	1
86.720	981	1	1
86.720	982	4	1
86.875	983	2	1
86.875	984	3	1
87.031	985	1	1
87.031	986	4	1
87.186	987	2	1
87.186	988	3	1
87.264	989	1	1
87.342	990	2	1
87.419	991	3	1
87.497	992	1	1
87.497	993	2	1
87.497	994	4	1
87.653	995	3	1
87.808	996	1	1
87.808	997	2	1
87.808	998	4	1
87.963	999	2	1
88.119	1000	1	1
88.119	1001	2	1
88.119	1002	3	1
88.274	1003	1	1
88.430	1004	2	1
88.430	1005	3	1
88.430	1006	4	1
88.585	1007	1	1
88.741	1008	2	1
88.741	1009	3	1
88.741	1010	4	1
88.896	1011	4	1
89.052	1012	1	1
89.052	1013	2	1
89.052	1014	3	1
89.207	1015	3	1
89.362	1016	1	1
89.362	1017	2	1
89.362	1018	4	1
89.518	1019	2	1
89.673	1020	1	1
89.673	1021	4	1
89.751	1022	2	1
89.751	1023	3	1
89.829	1024	1	1
89.829	1025	4	1
89.906	1026	2	1
89.906	1027	3	1
89.984	1028	1	1
89.984	1029	4	1
90.140	1030	3	1
90.295	1031	2	1
90.295	1032	4	2
90.450	1033	1	1
90.450	1034	4	3
90.606	1035	3	1
90.606	1036	4	1
90.761	1037	3	1
90.761	1038	4	1
90.917	1039	1	2
90.917	1040	2	1
91.072	1041	3	1
91.072	1042	1	3
91.228	1043	2	1
91.228	1044	3	1
91.383	1045	2	1
91.383	1046	3	1
91.539	1047	1	1
91.539	1048	4	2
91.694	1049	2	1
91.694	1050	3	1
91.694	1051	4	3
91.849	1052	1	1
91.849	1053	3	1
92.005	1054	2	1
92.005	1055	3	1
92.160	1056	1	1
92.160	1057	4	1
92.238	1058	2	1
92.238	1059	3	1
92.316	1060	1	1
92.316	1061	4	1
92.394	1062	2	1
92.394	1063	3	1
92.471	1064	1	1
92.471	1065	4	1
92.627	1066	1	1
92.627	1067	2	1
92.782	1068	3	1
92.782	1069	4	2
92.938	1070	1	1
92.938	1071	2	1
92.938	1072	4	3
93.093	1073	3	1
93.093	1074	4	1
93.248	1075	3	1
93.248	1076	4	1
93.404	1077	1	2
93.404	1078	2	1
93.559	1079	3	1
93.559	1080	4	1
93.559	1081	1	3
93.715	1082	2	1
93.715	1083	4	1
93.870	1084	1	1
93.870	1085	3	1
94.026	1086	1	1
94.026	1087	4	2
94.181	1088	2	1
94.181	1089	3	1
94.181	1090	4	3
94.337	1091	3	1
94.337	1092	4	1
94.414	1093	3	1
94.414	1094	4	1
94.492	1095	1	1
94.492	1096	2	1
94.570	1097	1	1
94.570	1098	2	1
94.647	1099	4	1
94.725	1100	3	1
94.803	1101	2	1
94.881	1102	1	1
94.958	1103	3	1
94.958	1104	4	1
95.114	1105	3	1
95.269	1106	3	1
95.425	1107	3	1
95.580	1108	2	1
95.735	1109	2	1
95.891	1110	1	1
95.891	1111	3	1
95.891	1112	4	1
96.046	1113	2	1
96.124	1114	3	1
96.202	1115	1	1
96.202	1116	2	1
96.202	1117	4	1
96.357	1118	3	1
96.513	1119	2	1
96.668	1120	1	1
96.668	1121	2	1
96.668	1122	4	1
96.824	1123	3	1
96.979	1124	1	1
96.979	1125	3	1
96.979	1126	4	1
97.057	1127	2	1
97.134	1128	1	1
97.134	1129	3	1
97.212	1130	4	1
97.290	1131	1	1
97.329	1132	2	1
97.368	1133	3	1
97.406	1134	4	1
97.445	1135	1	1
97.445	1136	2	1
97.601	1137	3	1
97.756	1138	2	1
97.756	1139	4	1
97.912	1140	4	1
97.950	1141	3	1
97.989	1142	2	1
98.028	1143	1	1
98.067	1144	3	1
98.067	1145	4	1
98.223	1146	2	1
98.378	1147	1	2
98.378	1148	3	1
98.378	1149	4	1
98.533	1150	3	1
98.533	1151	1	3
98.689	1152	1	1
98.689	1153	2	1
98.844	1154	1	1
98.844	1155	2	1
99.000	1156	2	1
99.000	1157	3	1
99.155	1158	2	1
99.155	1159	3	1
99.311	1160	3	1
99.311	1161	4	1
99.388	1162	1	1
99.388	1163	2	1
99.466	1164	3	1
99.466	1165	4	1
99.544	1166	1	1
99.544	1167	2	1
99.621	1168	3	1
99.621	1169	4	1
99.699	1170	1	1
99.699	1171	2	1
99.777	1172	3	1
99.777	1173	4	1
99.855	1174	1	1
99.855	1175	2	1
99.932	1176	3	1
99.932	1177	4	2
100.243	1178	1	1
100.243	1179	4	3
100.399	1180	4	2
100.554	1181	1	1
100.554	1182	2	1
100.710	1183	4	3
100.865	1184	1	2
100.865	1185	3	1
101.176	1186	3	1
101.176	1187	1	3
101.331	1188	2	2
101.642	1189	1	1
101.642	1190	2	3
101.798	1191	2	1
101.798	1192	4	1
101.953	1193	3	1
102.109	1194	2	1
102.264	1195	4	1
102.419	1196	1	2
102.730	1197	3	1
102.730	1198	1	3
102.886	1199	4	2
103.041	1200	1	1
103.041	1201	2	1
103.197	1202	2	1
103.197	1203	4	3
103.352	1204	2	1
103.352	1205	3	2
103.663	1206	1	1
103.663	1207	4	1
103.663	1208	3	3
103.818	1209	2	2
104.129	1210	1	1
104.129	1211	3	1
104.129	1212	2	3
104.285	1213	2	1
104.285	1214	4	1
104.440	1215	3	1
104.596	1216	4	1
104.906	1217	2	1
105.062	1218	2	1
105.373	1219	2	1
105.373	1220	4	1
105.528	1221	2	1
105.528	1222	3	1
105.528	1223	4	1
105.839	1224	1	2
105.839	1225	3	1
106.150	1226	3	1
106.150	1227	1	3
106.305	1228	2	1
106.305	1229	4	2
106.616	1230	1	1
106.616	1231	4	3
106.772	1232	3	1
106.772	1233	4	1
106.927	1234	2	1
107.083	1235	1	1
107.238	1236	3	1
107.394	1237	2	2
107.704	1238	4	2
107.704	1239	2	3
107.860	1240	3	1
108.015	1241	1	1
108.015	1242	2	1
108.015	1243	4	3
108.171	1244	4	1
108.326	1245	2	1
108.482	1246	1	1
108.482	1247	3	1
108.792	1248	2	1
108.792	1249	3	1
109.103	1250	2	1
109.259	1251	2	1
109.259	1252	3	1
109.570	1253	3	1
109.881	1254	1	1
109.881	1255	2	1
109.881	1256	4	1
110.036	1257	3	1
110.191	1258	2	1
110.191	1259	3	1
110.425	1260	3	1
110.425	1261	4	1
110.580	1262	4	1
110.658	1263	1	1
110.735	1264	2	1
110.813	1265	3	1
110.813	1266	4	1
110.969	1267	2	1
111.124	1268	1	1
111.124	1269	3	1
111.280	1270	2	1
111.435	1271	3	1
111.435	1272	4	1
111.590	1273	1	1
111.668	1274	2	1
111.746	1275	3	1
111.746	1276	4	1
111.824	1277	3	1
111.824	1278	4	1
111.901	1279	1	1
111.901	1280	2	1
112.057	1281	1	1
112.057	1282	2	1
112.134	1283	1	1
112.134	1284	2	1
112.212	1285	3	1
112.212	1286	4	1
112.368	1287	3	1
112.368	1288	4	1
112.523	1289	2	1
112.678	1290	1	1
112.678	1291	4	1
112.834	1292	2	1
112.912	1293	3	1
112.989	1294	4	1
113.067	1295	2	1
113.145	1296	1	1
113.300	1297	1	1
113.300	1298	4	1
113.456	1299	3	1
113.611	1300	1	1
113.611	1301	2	1
113.767	1302	3	1
113.767	1303	4	1
113.922	1304	3	1
113.922	1305	4	1
114.077	1306	1	1
114.077	1307	2	1
114.233	1308	1	1
114.233	1309	3	1
114.388	1310	2	1
114.388	1311	4	1
114.544	1312	1	1
114.544	1313	4	1
114.699	1314	3	1
114.699	1315	4	1
114.777	1316	1	1
114.777	1317	2	1
114.855	1318	3	1
114.855	1319	4	1
115.010	1320	2	1
115.166	1321	1	1
115.166	1322	4	1
115.321	1323	2	1
115.399	1324	3	1
115.554	1325	4	1
115.632	1326	2	1
115.710	1327	1	1
115.787	1328	3	1
115.787	1329	4	1
115.943	1330	2	1
116.020	1331	4	1
116.098	1332	1	1
116.098	1333	3	1
116.254	1334	2	1
116.409	1335	3	1
116.409	1336	4	1
116.564	1337	1	1
116.642	1338	2	1
116.720	1339	3	1
116.720	1340	4	1
116.798	1341	3	1
116.798	1342	4	1
116.875	1343	1	1
116.875	1344	2	1
117.031	1345	1	1
117.031	1346	2	1
117.109	1347	1	1
117.109	1348	2	1
117.186	1349	3	1
117.186	1350	4	1
117.342	1351	2	1
117.342	1352	3	2
117.653	1353	2	1
117.653	1354	3	3
117.808	1355	2	2
117.808	1356	3	1
118.119	1357	3	1
118.119	1358	2	3
118.274	1359	1	2
118.274	1360	4	1
118.585	1361	1	3
118.741	1362	1	1
118.896	1363	2	1
119.052	1364	3	1
119.207	1365	4	1