Song Name	Challenge Letter (Hard) by Ardolf
Difficulty	33
Primary Color	Rush
Secondary Color	Chill
Last Note Time	150.636
Total Notes	3020
Fever Fill	662
Fever Time	22.595400
Long Notes	1033
BPM	184
Song Length	151.165079365

Timing Points
0.719	326.086957
105.718	326.086957


Song Data
0.719	1	1	2
0.719	2	2	2
0.719	3	4	1
0.800	4	2	3
0.882	5	4	1
0.963	6	4	1
1.045	7	3	1
1.208	8	4	1
1.371	9	2	1
1.371	10	3	1
1.371	11	1	3
1.452	12	4	1
1.534	13	1	1
1.534	14	2	1
1.615	15	4	1
1.697	16	1	1
1.697	17	3	1
1.778	18	2	1
1.860	19	3	1
1.860	20	4	1
1.941	21	2	1
2.023	22	1	1
2.023	23	3	2
2.023	24	4	2
2.104	25	3	3
2.186	26	1	1
2.267	27	1	1
2.349	28	2	1
2.512	29	1	1
2.675	30	2	1
2.675	31	3	1
2.675	32	4	3
2.757	33	1	1
2.838	34	2	1
2.838	35	3	2
2.838	36	4	2
2.920	37	3	3
2.920	38	4	3
3.001	39	1	2
3.001	40	3	2
3.001	41	4	1
3.083	42	1	3
3.083	43	3	3
3.164	44	1	2
3.164	45	2	2
3.164	46	4	1
3.246	47	1	3
3.246	48	2	3
3.327	49	1	2
3.327	50	2	2
3.327	51	3	1
3.409	52	2	3
3.490	53	3	1
3.572	54	3	1
3.653	55	4	1
3.816	56	3	1
3.979	57	2	1
3.979	58	4	1
3.979	59	1	3
4.061	60	3	1
4.142	61	1	1
4.142	62	2	1
4.224	63	4	1
4.305	64	2	1
4.305	65	3	1
4.387	66	1	1
4.468	67	3	1
4.468	68	4	1
4.550	69	1	1
4.632	70	2	1
4.632	71	3	2
4.632	72	4	2
4.713	73	3	3
4.795	74	2	1
4.958	75	1	1
4.958	76	3	1
5.121	77	3	1
5.202	78	4	3
5.284	79	1	2
5.284	80	2	2
5.284	81	4	1
5.365	82	2	3
5.447	83	2	1
5.610	84	3	1
5.610	85	4	1
5.773	86	3	1
5.773	87	4	1
5.773	88	1	3
5.854	89	1	1
5.936	90	2	1
5.936	91	3	2
5.936	92	4	2
6.017	93	3	3
6.099	94	2	1
6.180	95	2	1
6.262	96	1	1
6.262	97	3	1
6.425	98	3	1
6.588	99	1	1
6.588	100	2	1
6.588	101	4	3
6.670	102	4	1
6.751	103	1	1
6.751	104	3	1
6.833	105	2	1
6.914	106	3	1
6.914	107	4	1
6.996	108	1	1
7.077	109	2	1
7.077	110	3	1
7.159	111	4	1
7.240	112	1	2
7.240	113	2	2
7.240	114	3	1
7.322	115	2	3
7.403	116	3	1
7.485	117	3	1
7.566	118	2	1
7.566	119	4	1
7.729	120	2	1
7.892	121	3	1
7.892	122	4	1
7.892	123	1	3
7.974	124	1	1
8.055	125	2	1
8.055	126	3	2
8.055	127	4	2
8.137	128	3	3
8.137	129	4	3
8.218	130	1	2
8.218	131	3	2
8.218	132	4	1
8.300	133	1	3
8.300	134	3	3
8.382	135	1	2
8.382	136	2	2
8.382	137	3	1
8.463	138	1	3
8.463	139	2	3
8.545	140	1	2
8.545	141	2	2
8.545	142	4	1
8.626	143	2	3
8.708	144	3	1
8.708	145	4	1
8.871	146	2	1
8.871	147	3	1
9.034	148	2	1
9.034	149	4	1
9.115	150	1	3
9.197	151	1	1
9.197	152	3	2
9.197	153	4	2
9.278	154	3	3
9.360	155	1	1
9.360	156	2	1
9.523	157	2	1
9.523	158	3	1
9.686	159	1	1
9.686	160	3	1
9.767	161	4	3
9.849	162	1	1
9.849	163	4	1
9.930	164	2	1
10.012	165	4	1
10.093	166	2	1
10.175	167	1	1
10.175	168	4	1
10.257	169	3	1
10.338	170	1	1
10.338	171	2	1
10.420	172	3	1
10.501	173	1	2
10.501	174	2	2
10.501	175	4	1
10.583	176	1	3
10.583	177	2	3
10.664	178	1	1
10.664	179	3	2
10.664	180	4	2
10.746	181	3	3
10.746	182	4	3
10.827	183	2	1
10.882	184	4	1
10.936	185	3	1
10.990	186	1	1
10.990	187	2	1
11.072	188	3	1
11.153	189	1	2
11.153	190	2	1
11.153	191	4	2
11.316	192	3	1
11.316	193	4	3
11.398	194	3	1
11.479	195	2	2
11.479	196	4	2
11.479	197	1	3
11.561	198	2	3
11.561	199	4	3
11.642	200	2	2
11.642	201	4	2
11.724	202	1	1
11.724	203	2	3
11.724	204	4	3
11.805	205	2	2
11.805	206	4	2
11.968	207	3	2
11.968	208	2	3
12.050	209	1	1
12.050	210	3	3
12.132	211	2	2
12.132	212	3	1
12.132	213	4	3
12.213	214	2	3
12.295	215	4	2
12.376	216	2	1
12.376	217	4	3
12.458	218	1	1
12.458	219	4	2
12.621	220	2	1
12.702	221	2	1
12.702	222	4	3
12.784	223	1	2
12.784	224	3	2
12.865	225	1	3
12.865	226	3	3
12.947	227	1	2
12.947	228	3	2
13.028	229	4	1
13.028	230	1	3
13.028	231	3	3
13.110	232	1	2
13.110	233	3	2
13.273	234	2	2
13.273	235	3	3
13.354	236	4	1
13.354	237	1	3
13.354	238	2	3
13.436	239	1	2
13.436	240	2	2
13.436	241	3	1
13.517	242	1	3
13.517	243	2	3
13.599	244	3	2
13.599	245	4	2
13.680	246	3	3
13.680	247	4	3
13.762	248	1	2
13.762	249	2	1
13.762	250	4	2
13.925	251	3	1
13.925	252	4	3
14.007	253	3	1
14.088	254	2	2
14.088	255	4	2
14.088	256	1	3
14.170	257	2	3
14.170	258	4	3
14.251	259	2	2
14.251	260	4	2
14.333	261	1	1
14.333	262	2	3
14.333	263	4	3
14.414	264	2	2
14.414	265	4	2
14.577	266	3	2
14.577	267	2	3
14.659	268	1	1
14.659	269	3	3
14.659	270	4	3
14.740	271	2	2
14.740	272	4	1
14.822	273	2	3
14.903	274	1	2
14.985	275	1	3
15.066	276	1	1
15.066	277	4	2
15.229	278	2	1
15.311	279	2	1
15.311	280	4	3
15.392	281	3	2
15.392	282	4	1
15.555	283	1	1
15.637	284	1	1
15.637	285	3	3
15.718	286	2	2
15.718	287	3	1
15.882	288	1	1
15.963	289	3	1
15.963	290	4	1
15.963	291	2	3
16.045	292	1	2
16.045	293	2	1
16.126	294	1	3
16.208	295	4	2
16.289	296	2	1
16.289	297	4	3
16.371	298	1	2
16.371	299	3	1
16.371	300	4	2
16.479	301	3	1
16.479	302	1	3
16.588	303	1	1
16.588	304	2	1
16.697	305	1	1
16.697	306	3	1
16.697	307	4	3
16.805	308	3	1
16.914	309	3	1
17.023	310	2	1
17.023	311	4	2
17.132	312	1	1
17.240	313	1	1
17.240	314	3	1
17.349	315	2	1
17.349	316	3	1
17.349	317	4	3
17.458	318	2	1
17.458	319	4	1
17.566	320	1	1
17.566	321	4	1
17.675	322	1	2
17.675	323	2	1
17.675	324	3	1
17.784	325	2	1
17.892	326	3	1
17.892	327	4	1
18.001	328	2	1
18.001	329	4	1
18.001	330	1	3
18.110	331	2	1
18.218	332	2	1
18.327	333	1	1
18.327	334	3	1
18.327	335	4	1
18.436	336	3	1
18.436	337	4	1
18.545	338	3	1
18.545	339	4	1
18.653	340	1	1
18.653	341	2	1
18.653	342	4	1
18.762	343	1	1
18.762	344	2	1
18.871	345	3	1
18.871	346	4	1
18.979	347	1	2
18.979	348	3	1
18.979	349	4	2
19.088	350	1	3
19.197	351	1	1
19.197	352	2	1
19.305	353	1	1
19.305	354	3	1
19.305	355	4	3
19.414	356	3	1
19.523	357	3	1
19.632	358	2	1
19.632	359	4	2
19.740	360	1	2
19.849	361	3	1
19.849	362	4	3
19.958	363	2	2
19.958	364	4	2
19.958	365	1	3
20.066	366	1	1
20.066	367	2	3
20.175	368	1	1
20.175	369	4	3
20.284	370	2	1
20.284	371	3	2
20.284	372	4	2
20.392	373	1	1
20.392	374	3	3
20.392	375	4	3
20.501	376	3	1
20.501	377	4	1
20.610	378	1	2
20.610	379	2	2
20.610	380	3	1
20.718	381	4	1
20.718	382	1	3
20.718	383	2	3
20.827	384	1	1
20.827	385	2	1
20.936	386	2	1
20.936	387	3	2
20.936	388	4	2
21.180	389	2	1
21.180	390	3	3
21.180	391	4	3
21.262	392	1	2
21.262	393	3	1
21.262	394	4	1
21.425	395	4	2
21.507	396	1	3
21.507	397	4	3
21.588	398	1	2
21.588	399	2	2
21.588	400	3	2
21.670	401	4	1
21.670	402	3	3
21.751	403	3	1
21.751	404	2	3
21.833	405	4	1
21.833	406	1	3
21.914	407	1	1
21.914	408	2	2
21.996	409	3	1
21.996	410	2	3
22.077	411	1	1
22.077	412	4	1
22.159	413	2	1
22.240	414	3	2
22.240	415	4	1
22.281	416	1	2
22.322	417	3	3
22.403	418	3	1
22.403	419	4	2
22.485	420	1	3
22.485	421	4	3
22.566	422	1	1
22.566	423	3	2
22.607	424	4	2
22.648	425	3	3
22.729	426	4	3
22.892	427	2	2
22.892	428	4	2
22.974	429	2	3
23.055	430	1	1
23.055	431	2	1
23.055	432	4	3
23.218	433	3	2
23.218	434	4	1
23.259	435	1	2
23.300	436	3	3
23.382	437	3	1
23.382	438	4	2
23.463	439	1	3
23.463	440	4	3
23.545	441	1	1
23.545	442	2	2
23.585	443	4	2
23.626	444	2	3
23.708	445	1	2
23.708	446	2	1
23.789	447	3	1
23.789	448	1	3
23.789	449	4	3
23.871	450	2	2
23.871	451	4	1
23.911	452	1	2
23.952	453	3	1
23.952	454	2	3
24.034	455	4	1
24.034	456	1	3
24.115	457	1	1
24.197	458	2	2
24.197	459	3	2
24.197	460	4	2
24.278	461	1	1
24.278	462	2	3
24.360	463	2	1
24.360	464	3	3
24.441	465	1	1
24.441	466	4	3
24.523	467	3	2
24.523	468	4	1
24.604	469	2	1
24.604	470	3	3
24.686	471	1	1
24.686	472	4	1
24.767	473	3	1
24.849	474	1	1
24.849	475	2	2
24.890	476	4	2
24.930	477	2	3
25.012	478	1	2
25.012	479	2	1
25.093	480	1	3
25.093	481	4	3
25.175	482	2	2
25.175	483	4	1
25.216	484	1	2
25.257	485	2	3
25.338	486	1	3
25.501	487	1	2
25.501	488	3	2
25.583	489	3	3
25.664	490	3	1
25.664	491	4	1
25.664	492	1	3
25.827	493	1	1
25.827	494	2	2
25.868	495	4	2
25.909	496	2	3
25.990	497	1	2
25.990	498	2	1
26.072	499	1	3
26.072	500	4	3
26.153	501	2	2
26.153	502	3	2
26.153	503	4	1
26.235	504	2	3
26.235	505	3	3
26.398	506	1	1
26.398	507	2	2
26.398	508	4	2
26.479	509	2	3
26.479	510	4	3
26.642	511	1	1
26.642	512	3	2
26.642	513	4	2
26.724	514	3	3
26.724	515	4	3
26.805	516	1	2
26.805	517	2	2
26.805	518	3	2
26.887	519	4	1
26.887	520	3	3
26.968	521	3	1
26.968	522	2	3
27.050	523	4	1
27.050	524	1	3
27.132	525	1	1
27.132	526	2	2
27.213	527	3	1
27.213	528	2	3
27.295	529	1	1
27.295	530	4	1
27.376	531	2	1
27.458	532	3	2
27.458	533	4	1
27.498	534	1	2
27.539	535	3	3
27.621	536	3	1
27.621	537	4	2
27.702	538	1	3
27.702	539	4	3
27.784	540	1	1
27.784	541	3	2
27.824	542	4	2
27.865	543	3	3
27.947	544	4	3
28.110	545	2	2
28.110	546	4	2
28.191	547	2	3
28.273	548	1	1
28.273	549	2	1
28.273	550	4	3
28.436	551	3	2
28.436	552	4	1
28.477	553	1	2
28.517	554	3	3
28.599	555	3	1
28.599	556	4	2
28.680	557	1	3
28.680	558	4	3
28.762	559	1	1
28.762	560	2	2
28.803	561	4	2
28.843	562	2	3
28.925	563	1	2
28.925	564	2	1
29.007	565	3	1
29.007	566	1	3
29.007	567	4	3
29.088	568	2	2
29.088	569	4	1
29.129	570	1	2
29.170	571	3	1
29.170	572	2	3
29.251	573	4	1
29.251	574	1	3
29.333	575	1	1
29.414	576	2	2
29.414	577	3	2
29.414	578	4	2
29.496	579	1	1
29.496	580	2	3
29.577	581	2	1
29.577	582	3	3
29.659	583	1	1
29.659	584	4	3
29.740	585	3	2
29.740	586	4	1
29.822	587	2	1
29.822	588	3	3
29.903	589	1	1
29.903	590	4	1
29.985	591	3	1
30.066	592	1	1
30.066	593	2	2
30.148	594	4	1
30.148	595	2	3
30.229	596	2	1
30.229	597	3	2
30.311	598	4	1
30.311	599	3	3
30.392	600	1	2
30.392	601	2	2
30.474	602	3	1
30.474	603	1	3
30.474	604	2	3
30.555	605	1	1
30.637	606	3	1
30.718	607	2	1
30.718	608	4	2
30.800	609	1	1
30.882	610	3	1
30.963	611	2	1
30.963	612	4	3
31.045	613	3	1
31.045	614	4	2
31.126	615	1	1
31.126	616	4	3
31.208	617	2	1
31.208	618	3	2
31.289	619	1	1
31.289	620	3	3
31.371	621	2	1
31.371	622	3	2
31.371	623	4	2
31.452	624	3	3
31.452	625	4	3
31.615	626	1	1
31.615	627	2	2
31.615	628	4	2
31.697	629	2	3
31.697	630	4	3
31.860	631	1	1
31.860	632	2	2
31.860	633	3	2
31.941	634	2	3
31.941	635	3	3
32.023	636	1	2
32.023	637	3	1
32.023	638	4	2
32.186	639	1	3
32.349	640	1	1
32.675	641	2	1
32.675	642	3	1
33.001	643	3	2
33.001	644	4	3
33.246	645	4	2
33.246	646	3	3
33.327	647	1	1
33.327	648	2	2
33.327	649	4	3
33.653	650	4	1
33.816	651	4	1
33.979	652	1	1
33.979	653	3	1
34.305	654	1	2
34.305	655	2	3
34.550	656	3	2
34.550	657	1	3
34.632	658	1	2
34.632	659	4	1
34.632	660	3	3
34.958	661	4	1
35.121	662	3	2
35.121	663	1	3
35.284	664	1	2
35.284	665	2	1
35.284	666	3	3
35.610	667	3	2
35.610	668	1	3
35.854	669	2	2
35.854	670	3	3
35.936	671	1	1
35.936	672	4	2
35.936	673	2	3
36.262	674	1	2
36.343	675	1	3
36.425	676	1	1
36.588	677	2	1
36.588	678	3	1
36.751	679	3	2
36.751	680	4	3
36.833	681	3	3
36.914	682	2	2
36.914	683	4	2
36.996	684	2	3
37.077	685	1	2
37.159	686	1	3
37.240	687	1	2
37.240	688	2	1
37.240	689	3	1
37.240	690	4	3
37.566	691	3	1
37.892	692	2	1
37.892	693	4	1
38.218	694	3	2
38.218	695	1	3
38.463	696	1	2
38.463	697	3	3
38.545	698	2	2
38.545	699	3	1
38.545	700	1	3
38.871	701	3	1
39.034	702	3	1
39.197	703	1	1
39.197	704	4	1
39.523	705	4	2
39.523	706	2	3
39.767	707	2	2
39.767	708	4	3
39.849	709	3	2
39.849	710	4	1
39.849	711	2	3
40.175	712	2	1
40.338	713	1	2
40.338	714	3	3
40.501	715	3	2
40.501	716	4	1
40.501	717	1	3
40.827	718	1	2
40.827	719	4	2
40.827	720	3	3
41.072	721	1	3
41.153	722	1	2
41.153	723	2	2
41.153	724	3	2
41.153	725	4	3
41.235	726	3	3
41.316	727	2	3
41.398	728	1	3
41.479	729	1	1
41.479	730	4	1
41.561	731	4	1
41.642	732	3	1
41.724	733	3	1
41.805	734	1	2
41.805	735	2	2
41.805	736	4	1
41.968	737	1	3
41.968	738	2	3
42.132	739	1	1
42.132	740	2	2
42.132	741	3	2
42.295	742	2	3
42.295	743	3	3
42.458	744	1	2
42.458	745	3	1
42.458	746	4	2
42.621	747	2	1
42.621	748	1	3
42.784	749	1	1
42.784	750	2	1
42.784	751	3	1
42.947	752	3	1
43.110	753	1	1
43.110	754	2	1
43.110	755	4	3
43.273	756	1	1
43.436	757	2	2
43.436	758	3	1
43.436	759	4	1
43.599	760	1	1
43.680	761	3	2
43.680	762	2	3
43.762	763	1	2
43.762	764	2	1
43.762	765	4	2
43.762	766	3	3
43.925	767	3	1
43.925	768	4	3
44.088	769	2	1
44.088	770	3	1
44.088	771	4	1
44.251	772	2	1
44.414	773	3	1
44.414	774	4	1
44.414	775	1	3
44.577	776	3	1
44.740	777	1	1
44.740	778	2	1
44.740	779	4	2
44.903	780	3	1
44.985	781	2	2
44.985	782	4	3
45.066	783	1	1
45.066	784	3	2
45.066	785	4	2
45.066	786	2	3
45.229	787	2	1
45.229	788	4	3
45.392	789	1	1
45.392	790	2	1
45.392	791	4	1
45.555	792	4	2
45.555	793	3	3
45.718	794	2	1
45.718	795	3	2
45.718	796	4	3
45.882	797	2	1
46.045	798	1	1
46.045	799	4	2
46.045	800	3	3
46.208	801	2	1
46.289	802	3	2
46.289	803	4	3
46.371	804	1	2
46.371	805	2	1
46.371	806	4	2
46.371	807	3	3
46.534	808	3	1
46.534	809	4	3
46.697	810	2	1
46.697	811	3	1
46.697	812	4	1
46.860	813	2	1
47.023	814	3	1
47.023	815	4	1
47.023	816	1	3
47.186	817	3	2
47.267	818	3	3
47.349	819	1	1
47.349	820	2	2
47.349	821	4	1
47.430	822	2	3
47.512	823	1	2
47.593	824	1	3
47.675	825	2	1
47.675	826	3	2
47.675	827	4	2
48.001	828	1	1
48.001	829	2	2
48.001	830	3	3
48.001	831	4	3
48.083	832	2	3
48.164	833	1	2
48.164	834	3	1
48.164	835	4	2
48.490	836	2	2
48.490	837	3	1
48.490	838	1	3
48.490	839	4	3
48.572	840	2	3
48.653	841	1	1
48.653	842	3	2
48.653	843	4	1
48.735	844	3	3
48.816	845	2	1
48.816	846	4	2
48.898	847	4	3
48.979	848	1	2
48.979	849	2	2
48.979	850	3	1
49.305	851	3	2
49.305	852	4	1
49.305	853	1	3
49.305	854	2	3
49.387	855	3	3
49.468	856	1	2
49.468	857	2	1
49.468	858	4	2
49.795	859	2	1
49.795	860	3	2
49.795	861	1	3
49.795	862	4	3
49.876	863	3	3
49.958	864	1	1
49.958	865	2	2
49.958	866	4	1
50.039	867	2	3
50.121	868	1	2
50.121	869	3	1
50.202	870	3	1
50.202	871	1	3
50.284	872	1	1
50.284	873	2	2
50.284	874	4	2
50.610	875	1	2
50.610	876	3	1
50.610	877	2	3
50.610	878	4	3
50.691	879	1	3
50.773	880	1	1
50.773	881	2	2
50.773	882	4	2
51.099	883	1	2
51.099	884	3	1
51.099	885	2	3
51.099	886	4	3
51.180	887	1	3
51.262	888	2	2
51.262	889	4	1
51.343	890	2	3
51.425	891	1	2
51.425	892	4	1
51.507	893	1	3
51.588	894	1	1
51.588	895	2	2
51.588	896	3	2
51.833	897	4	1
51.914	898	1	1
51.914	899	2	3
51.914	900	3	3
51.996	901	1	1
52.077	902	2	1
52.159	903	2	1
52.240	904	1	2
52.240	905	3	1
52.240	906	4	1
52.403	907	2	2
52.403	908	4	2
52.485	909	2	3
52.485	910	4	3
52.566	911	2	2
52.566	912	3	2
52.566	913	1	3
52.648	914	4	1
52.648	915	2	3
52.648	916	3	3
52.729	917	1	2
52.729	918	3	2
52.811	919	2	1
52.811	920	1	3
52.811	921	3	3
52.892	922	1	2
52.892	923	3	1
52.892	924	4	2
53.055	925	2	2
53.137	926	4	3
53.218	927	3	2
53.218	928	4	2
53.218	929	1	3
53.218	930	2	3
53.300	931	3	3
53.300	932	4	3
53.382	933	3	1
53.463	934	3	1
53.545	935	1	2
53.545	936	2	2
53.626	937	1	3
53.626	938	2	3
53.708	939	1	2
53.708	940	4	2
53.789	941	1	3
53.789	942	4	3
53.871	943	3	2
53.871	944	4	2
53.952	945	3	3
53.952	946	4	3
54.034	947	2	2
54.034	948	3	2
54.197	949	1	2
54.197	950	3	3
54.360	951	3	2
54.360	952	4	1
54.360	953	1	3
54.360	954	2	3
54.441	955	3	3
54.523	956	1	2
54.523	957	4	2
54.604	958	1	3
54.604	959	4	3
54.686	960	2	1
54.767	961	2	1
54.849	962	3	2
54.849	963	4	2
54.930	964	3	3
54.930	965	4	3
55.012	966	2	2
55.012	967	3	2
55.093	968	2	3
55.093	969	3	3
55.175	970	1	2
55.175	971	2	2
55.257	972	1	3
55.257	973	2	3
55.338	974	1	2
55.338	975	4	2
55.501	976	3	2
55.501	977	1	3
55.664	978	1	2
55.664	979	2	2
55.664	980	3	3
55.664	981	4	3
55.746	982	1	3
55.746	983	2	3
55.827	984	1	2
55.827	985	2	2
55.909	986	1	3
55.909	987	2	3
55.990	988	2	1
55.990	989	4	1
56.072	990	4	2
56.153	991	1	1
56.153	992	2	1
56.316	993	1	2
56.316	994	3	2
56.316	995	4	3
56.398	996	1	3
56.398	997	3	3
56.479	998	2	2
56.479	999	3	2
56.561	1000	2	3
56.561	1001	3	3
56.642	1002	2	2
56.642	1003	4	2
56.724	1004	2	3
56.724	1005	4	3
56.805	1006	1	2
56.805	1007	4	2
56.968	1008	2	2
56.968	1009	4	3
57.132	1010	3	1
57.132	1011	4	1
57.132	1012	1	3
57.132	1013	2	3
57.295	1014	2	1
57.376	1015	2	2
57.458	1016	1	1
57.458	1017	3	2
57.458	1018	2	3
57.539	1019	4	2
57.539	1020	3	3
57.621	1021	2	2
57.621	1022	4	3
57.702	1023	4	2
57.702	1024	2	3
57.784	1025	1	1
57.784	1026	3	2
57.784	1027	4	3
57.865	1028	4	2
57.947	1029	1	1
57.947	1030	2	2
57.947	1031	3	3
57.947	1032	4	3
58.028	1033	3	2
58.028	1034	2	3
58.110	1035	1	2
58.110	1036	2	1
58.110	1037	4	2
58.110	1038	3	3
58.273	1039	3	2
58.273	1040	1	3
58.436	1041	1	1
58.436	1042	2	1
58.436	1043	3	3
58.436	1044	4	3
58.599	1045	3	1
58.680	1046	3	2
58.762	1047	2	2
58.762	1048	4	1
58.762	1049	3	3
58.843	1050	1	2
58.843	1051	2	3
58.925	1052	3	2
58.925	1053	1	3
59.007	1054	1	2
59.007	1055	3	3
59.088	1056	2	2
59.088	1057	4	1
59.088	1058	1	3
59.170	1059	1	2
59.251	1060	3	2
59.251	1061	4	1
59.251	1062	1	3
59.251	1063	2	3
59.333	1064	2	2
59.333	1065	3	3
59.414	1066	1	2
59.414	1067	3	1
59.414	1068	4	2
59.414	1069	2	3
59.577	1070	2	2
59.577	1071	4	3
59.740	1072	3	1
59.740	1073	4	1
59.740	1074	1	3
59.740	1075	2	3
59.903	1076	2	1
59.985	1077	2	2
60.066	1078	1	1
60.066	1079	3	2
60.066	1080	2	3
60.148	1081	4	2
60.148	1082	3	3
60.229	1083	2	2
60.229	1084	4	3
60.311	1085	4	2
60.311	1086	2	3
60.392	1087	1	1
60.392	1088	3	2
60.392	1089	4	3
60.474	1090	4	2
60.555	1091	1	1
60.555	1092	2	2
60.555	1093	3	3
60.555	1094	4	3
60.637	1095	3	2
60.637	1096	2	3
60.718	1097	1	2
60.718	1098	2	1
60.718	1099	4	2
60.718	1100	3	3
60.882	1101	3	2
60.882	1102	1	3
61.045	1103	1	2
61.045	1104	2	2
61.045	1105	3	3
61.045	1106	4	3
61.126	1107	1	3
61.126	1108	2	3
61.208	1109	2	2
61.208	1110	3	2
61.289	1111	2	3
61.289	1112	3	3
61.371	1113	1	2
61.371	1114	3	1
61.371	1115	4	2
61.534	1116	2	2
61.534	1117	4	3
61.697	1118	3	2
61.697	1119	4	2
61.697	1120	1	3
61.697	1121	2	3
61.778	1122	3	3
61.778	1123	4	3
61.860	1124	1	2
61.860	1125	2	2
61.941	1126	4	2
61.941	1127	1	3
61.941	1128	2	3
62.023	1129	1	2
62.023	1130	2	2
62.023	1131	3	2
62.023	1132	4	3
62.186	1133	1	3
62.186	1134	2	3
62.186	1135	3	3
62.267	1136	1	2
62.267	1137	2	2
62.267	1138	3	2
62.430	1139	1	3
62.430	1140	2	3
62.430	1141	3	3
62.512	1142	1	2
62.512	1143	2	2
62.512	1144	3	2
62.675	1145	4	2
62.675	1146	1	3
62.675	1147	2	3
62.675	1148	3	3
62.757	1149	4	3
62.838	1150	1	2
62.838	1151	2	2
62.920	1152	4	1
62.920	1153	1	3
62.920	1154	2	3
63.001	1155	2	2
63.001	1156	3	2
63.083	1157	2	3
63.083	1158	3	3
63.164	1159	3	2
63.164	1160	4	2
63.246	1161	3	3
63.246	1162	4	3
63.327	1163	1	2
63.327	1164	2	1
63.327	1165	4	2
63.490	1166	3	2
63.572	1167	1	3
63.653	1168	1	2
63.653	1169	2	2
63.653	1170	3	3
63.653	1171	4	3
63.735	1172	1	3
63.735	1173	2	3
63.816	1174	2	1
63.898	1175	2	1
63.979	1176	3	2
63.979	1177	4	2
64.061	1178	3	3
64.061	1179	4	3
64.142	1180	1	2
64.142	1181	4	2
64.224	1182	1	3
64.224	1183	4	3
64.305	1184	1	2
64.305	1185	2	2
64.387	1186	1	3
64.387	1187	2	3
64.468	1188	2	2
64.468	1189	3	2
64.632	1190	4	2
64.632	1191	2	3
64.795	1192	1	1
64.795	1193	2	2
64.795	1194	3	3
64.795	1195	4	3
64.876	1196	2	3
64.958	1197	1	2
64.958	1198	4	2
65.039	1199	1	3
65.039	1200	4	3
65.121	1201	3	1
65.202	1202	3	1
65.284	1203	1	2
65.284	1204	2	2
65.365	1205	1	3
65.365	1206	2	3
65.447	1207	2	2
65.447	1208	3	2
65.528	1209	2	3
65.528	1210	3	3
65.610	1211	3	2
65.610	1212	4	2
65.691	1213	3	3
65.691	1214	4	3
65.773	1215	1	2
65.773	1216	4	2
65.936	1217	2	2
65.936	1218	4	3
66.099	1219	3	2
66.099	1220	4	2
66.099	1221	1	3
66.099	1222	2	3
66.180	1223	3	3
66.180	1224	4	3
66.262	1225	3	2
66.262	1226	4	2
66.343	1227	3	3
66.343	1228	4	3
66.425	1229	1	1
66.425	1230	3	1
66.507	1231	1	2
66.588	1232	3	1
66.588	1233	4	1
66.751	1234	2	2
66.751	1235	4	2
66.751	1236	1	3
66.833	1237	2	3
66.833	1238	4	3
66.914	1239	2	2
66.914	1240	3	2
66.996	1241	2	3
66.996	1242	3	3
67.077	1243	1	2
67.077	1244	3	2
67.159	1245	1	3
67.159	1246	3	3
67.240	1247	1	2
67.240	1248	4	2
67.403	1249	3	2
67.403	1250	1	3
67.566	1251	1	1
67.566	1252	2	1
67.566	1253	3	3
67.566	1254	4	3
67.729	1255	3	1
67.811	1256	3	2
67.892	1257	2	2
67.892	1258	4	1
67.892	1259	3	3
67.974	1260	1	2
67.974	1261	2	3
68.055	1262	3	2
68.055	1263	1	3
68.137	1264	1	2
68.137	1265	3	3
68.218	1266	2	2
68.218	1267	4	1
68.218	1268	1	3
68.300	1269	1	2
68.382	1270	3	2
68.382	1271	4	1
68.382	1272	1	3
68.382	1273	2	3
68.463	1274	2	2
68.463	1275	3	3
68.545	1276	1	2
68.545	1277	3	1
68.545	1278	4	2
68.545	1279	2	3
68.708	1280	2	2
68.708	1281	4	3
68.871	1282	3	2
68.871	1283	4	1
68.871	1284	1	3
68.871	1285	2	3
68.952	1286	1	2
69.034	1287	4	2
69.034	1288	3	3
69.115	1289	2	2
69.115	1290	1	3
69.197	1291	1	1
69.197	1292	3	2
69.197	1293	2	3
69.197	1294	4	3
69.278	1295	4	2
69.278	1296	3	3
69.360	1297	2	2
69.360	1298	4	3
69.441	1299	4	2
69.441	1300	2	3
69.523	1301	1	1
69.523	1302	3	2
69.523	1303	4	3
69.604	1304	4	2
69.686	1305	1	1
69.686	1306	2	2
69.686	1307	3	3
69.686	1308	4	3
69.767	1309	3	2
69.767	1310	2	3
69.849	1311	1	2
69.849	1312	2	1
69.849	1313	4	2
69.849	1314	3	3
70.012	1315	3	2
70.012	1316	1	3
70.175	1317	1	1
70.175	1318	2	2
70.175	1319	3	3
70.175	1320	4	3
70.257	1321	4	2
70.338	1322	1	2
70.338	1323	2	3
70.420	1324	3	2
70.420	1325	4	3
70.501	1326	2	2
70.501	1327	4	1
70.501	1328	1	3
70.501	1329	3	3
70.583	1330	1	2
70.583	1331	2	3
70.664	1332	3	2
70.664	1333	1	3
70.746	1334	1	2
70.746	1335	3	3
70.827	1336	2	2
70.827	1337	4	1
70.827	1338	1	3
70.909	1339	1	2
70.990	1340	3	2
70.990	1341	4	1
70.990	1342	1	3
70.990	1343	2	3
71.072	1344	2	2
71.072	1345	3	3
71.153	1346	1	2
71.153	1347	3	1
71.153	1348	4	2
71.153	1349	2	3
71.235	1350	2	1
71.316	1351	3	2
71.316	1352	4	3
71.398	1353	2	1
71.398	1354	1	3
71.479	1355	1	2
71.479	1356	4	1
71.479	1357	3	3
71.561	1358	3	1
71.561	1359	1	3
71.642	1360	1	1
71.642	1361	2	2
71.724	1362	3	1
71.724	1363	2	3
71.805	1364	1	2
71.805	1365	4	2
71.887	1366	3	1
71.968	1367	2	2
71.968	1368	1	3
72.050	1369	3	1
72.050	1370	4	3
72.132	1371	1	1
72.132	1372	4	2
72.132	1373	2	3
72.213	1374	2	1
72.213	1375	4	3
72.295	1376	3	2
72.295	1377	4	1
72.376	1378	2	1
72.376	1379	3	3
72.458	1380	1	2
72.458	1381	3	2
72.458	1382	4	2
72.621	1383	1	3
72.621	1384	3	3
72.621	1385	4	3
72.702	1386	2	2
72.702	1387	3	2
72.702	1388	4	2
72.865	1389	2	3
72.865	1390	3	3
72.865	1391	4	3
72.947	1392	1	2
72.947	1393	3	2
72.947	1394	4	2
73.110	1395	1	3
73.110	1396	3	3
73.110	1397	4	3
73.191	1398	1	2
73.191	1399	2	2
73.191	1400	3	2
73.354	1401	1	3
73.354	1402	2	3
73.354	1403	3	3
73.436	1404	2	2
73.436	1405	3	2
73.436	1406	4	2
73.517	1407	2	3
73.517	1408	3	3
73.517	1409	4	3
73.599	1410	1	2
73.599	1411	2	2
73.599	1412	3	2
73.680	1413	1	3
73.680	1414	2	3
73.680	1415	3	3
73.762	1416	1	2
73.762	1417	3	2
73.762	1418	4	2
73.843	1419	1	3
73.843	1420	3	3
73.843	1421	4	3
73.925	1422	1	2
73.925	1423	3	2
73.925	1424	4	2
74.007	1425	3	3
74.007	1426	4	3
74.088	1427	2	2
74.088	1428	3	2
74.088	1429	4	2
74.088	1430	1	3
74.170	1431	2	3
74.170	1432	3	3
74.251	1433	1	2
74.251	1434	2	2
74.251	1435	3	2
74.251	1436	4	3
74.414	1437	1	3
74.414	1438	2	3
74.414	1439	3	3
74.577	1440	2	2
74.577	1441	3	2
74.577	1442	4	2
74.659	1443	2	3
74.659	1444	3	3
74.740	1445	1	2
74.740	1446	2	2
74.740	1447	3	2
74.740	1448	4	3
74.822	1449	2	3
74.822	1450	3	3
74.903	1451	2	2
74.903	1452	3	2
74.903	1453	4	2
74.903	1454	1	3
74.985	1455	3	3
74.985	1456	4	3
75.066	1457	1	2
75.066	1458	3	2
75.066	1459	4	2
75.066	1460	2	3
75.229	1461	1	3
75.229	1462	3	3
75.229	1463	4	3
75.311	1464	1	2
75.311	1465	2	2
75.311	1466	3	2
75.474	1467	1	3
75.474	1468	2	3
75.474	1469	3	3
75.555	1470	1	2
75.555	1471	3	2
75.555	1472	4	2
75.718	1473	2	1
75.718	1474	1	3
75.718	1475	3	3
75.718	1476	4	3
75.773	1477	4	1
75.827	1478	1	1
75.882	1479	3	1
75.963	1480	2	1
76.045	1481	1	1
76.045	1482	4	2
76.126	1483	3	1
76.208	1484	1	1
76.289	1485	3	1
76.289	1486	4	3
76.371	1487	1	2
76.371	1488	2	1
76.371	1489	4	1
76.534	1490	4	1
76.615	1491	4	1
76.697	1492	2	1
76.697	1493	3	1
76.860	1494	3	1
77.023	1495	2	1
77.023	1496	4	1
77.186	1497	4	1
77.349	1498	2	1
77.349	1499	3	1
77.512	1500	2	1
77.675	1501	3	1
77.675	1502	4	2
77.675	1503	1	3
77.838	1504	1	1
77.920	1505	1	1
78.001	1506	2	1
78.001	1507	3	1
78.164	1508	2	1
78.327	1509	1	1
78.327	1510	3	1
78.490	1511	1	1
78.572	1512	3	1
78.653	1513	2	1
78.653	1514	3	1
78.816	1515	1	1
78.816	1516	2	1
78.979	1517	1	1
78.979	1518	3	1
78.979	1519	4	3
79.061	1520	4	1
79.142	1521	1	1
79.142	1522	2	1
79.224	1523	4	1
79.305	1524	2	1
79.305	1525	3	1
79.387	1526	1	1
79.468	1527	3	1
79.468	1528	4	1
79.550	1529	1	1
79.632	1530	2	1
79.632	1531	4	1
79.713	1532	3	1
79.795	1533	1	1
79.795	1534	2	1
79.876	1535	3	1
79.958	1536	1	1
79.958	1537	4	1
80.039	1538	2	1
80.121	1539	3	1
80.121	1540	4	1
80.202	1541	2	1
80.284	1542	1	1
80.284	1543	3	1
80.392	1544	1	1
80.501	1545	1	1
80.610	1546	2	1
80.610	1547	4	1
80.718	1548	2	1
80.827	1549	2	1
80.936	1550	1	1
80.936	1551	3	1
81.045	1552	3	1
81.153	1553	3	1
81.262	1554	1	1
81.262	1555	4	1
81.316	1556	2	1
81.371	1557	4	1
81.425	1558	1	1
81.479	1559	3	1
81.588	1560	1	2
81.588	1561	2	1
81.588	1562	4	2
81.751	1563	2	1
81.751	1564	1	3
81.833	1565	2	1
81.833	1566	4	3
81.914	1567	3	2
81.914	1568	4	1
81.996	1569	3	3
82.077	1570	3	2
82.159	1571	1	1
82.159	1572	3	3
82.240	1573	2	2
82.240	1574	3	2
82.322	1575	2	3
82.403	1576	2	2
82.485	1577	4	1
82.485	1578	3	3
82.566	1579	1	2
82.566	1580	3	2
82.566	1581	2	3
82.648	1582	3	3
82.729	1583	4	2
82.729	1584	1	3
82.811	1585	2	1
82.811	1586	4	3
82.892	1587	1	2
82.892	1588	4	2
83.055	1589	3	1
83.055	1590	4	3
83.137	1591	3	1
83.137	1592	1	3
83.218	1593	1	1
83.218	1594	2	2
83.300	1595	2	3
83.382	1596	2	2
83.463	1597	4	1
83.463	1598	2	3
83.545	1599	2	2
83.545	1600	3	1
83.708	1601	3	2
83.789	1602	4	1
83.871	1603	1	2
83.871	1604	4	2
83.871	1605	2	3
83.871	1606	3	3
83.952	1607	1	3
83.952	1608	4	3
84.034	1609	2	2
84.034	1610	3	2
84.115	1611	2	3
84.115	1612	3	3
84.197	1613	1	1
84.197	1614	2	1
84.197	1615	4	2
84.360	1616	2	2
84.401	1617	3	1
84.441	1618	4	3
84.523	1619	1	1
84.523	1620	4	2
84.523	1621	2	3
84.686	1622	2	2
84.767	1623	4	3
84.849	1624	1	1
84.849	1625	4	2
84.849	1626	2	3
84.890	1627	3	1
85.012	1628	2	2
85.093	1629	3	1
85.093	1630	4	3
85.175	1631	1	1
85.175	1632	4	2
85.175	1633	2	3
85.338	1634	2	2
85.379	1635	3	1
85.420	1636	4	3
85.501	1637	1	2
85.501	1638	4	1
85.501	1639	2	3
85.664	1640	3	2
85.705	1641	2	1
85.746	1642	1	3
85.827	1643	1	2
85.827	1644	4	1
85.827	1645	3	3
85.990	1646	3	2
86.072	1647	1	3
86.153	1648	1	2
86.153	1649	4	1
86.153	1650	3	3
86.194	1651	2	1
86.316	1652	3	2
86.398	1653	2	1
86.398	1654	1	3
86.479	1655	1	2
86.479	1656	4	1
86.479	1657	3	3
86.642	1658	3	2
86.642	1659	4	1
86.683	1660	2	1
86.724	1661	1	3
86.805	1662	1	1
86.805	1663	4	2
86.805	1664	3	3
86.968	1665	2	2
87.009	1666	3	1
87.050	1667	4	3
87.132	1668	1	1
87.132	1669	4	2
87.132	1670	2	3
87.295	1671	2	2
87.376	1672	4	3
87.458	1673	1	1
87.458	1674	4	2
87.458	1675	2	3
87.498	1676	3	1
87.621	1677	2	2
87.702	1678	3	1
87.702	1679	4	3
87.784	1680	1	1
87.784	1681	4	2
87.784	1682	2	3
87.947	1683	2	2
87.988	1684	3	1
88.028	1685	4	3
88.110	1686	1	2
88.110	1687	4	1
88.110	1688	2	3
88.273	1689	3	2
88.314	1690	2	1
88.354	1691	1	3
88.436	1692	1	1
88.436	1693	4	2
88.436	1694	3	3
88.599	1695	3	2
88.680	1696	4	3
88.762	1697	1	2
88.762	1698	4	1
88.762	1699	3	3
88.803	1700	2	1
88.925	1701	3	2
89.007	1702	2	1
89.007	1703	1	3
89.088	1704	1	1
89.088	1705	4	2
89.088	1706	3	3
89.251	1707	3	2
89.292	1708	2	1
89.333	1709	4	3
89.414	1710	1	2
89.414	1711	2	2
89.414	1712	4	1
89.414	1713	3	3
89.577	1714	3	1
89.577	1715	2	3
89.618	1716	4	1
89.740	1717	2	2
89.740	1718	1	3
89.822	1719	2	3
89.903	1720	2	2
89.985	1721	2	3
90.066	1722	1	2
90.066	1723	2	2
90.107	1724	4	1
90.229	1725	1	3
90.311	1726	3	1
90.392	1727	1	2
90.392	1728	4	1
90.392	1729	2	3
90.474	1730	1	3
90.555	1731	1	2
90.596	1732	3	1
90.637	1733	1	3
90.718	1734	1	2
90.718	1735	2	2
90.882	1736	3	1
90.882	1737	2	3
90.922	1738	4	1
91.045	1739	2	2
91.045	1740	1	3
91.126	1741	2	3
91.208	1742	2	2
91.289	1743	2	3
91.371	1744	1	2
91.371	1745	2	2
91.411	1746	4	1
91.534	1747	1	3
91.615	1748	3	1
91.697	1749	1	2
91.697	1750	4	2
91.697	1751	2	3
91.778	1752	1	3
91.778	1753	4	3
91.860	1754	1	1
91.860	1755	4	1
92.023	1756	3	2
92.023	1757	4	2
92.186	1758	2	1
92.186	1759	3	3
92.227	1760	1	1
92.349	1761	3	2
92.349	1762	4	3
92.430	1763	3	3
92.512	1764	3	2
92.593	1765	3	3
92.675	1766	3	2
92.675	1767	4	2
92.716	1768	1	1
92.838	1769	4	3
92.920	1770	2	1
93.001	1771	1	1
93.001	1772	4	2
93.001	1773	3	3
93.083	1774	4	3
93.164	1775	4	2
93.205	1776	2	1
93.246	1777	4	3
93.327	1778	3	2
93.327	1779	4	2
93.490	1780	2	2
93.490	1781	3	3
93.572	1782	2	3
93.653	1783	1	2
93.653	1784	2	2
93.653	1785	4	3
93.816	1786	3	2
93.816	1787	2	3
93.898	1788	3	3
93.979	1789	2	2
93.979	1790	4	2
93.979	1791	1	3
94.142	1792	1	2
94.142	1793	2	3
94.305	1794	2	1
94.305	1795	1	3
94.305	1796	4	3
94.360	1797	3	1
94.414	1798	1	1
94.468	1799	4	1
94.550	1800	2	2
94.632	1801	1	2
94.632	1802	3	2
94.632	1803	4	2
94.713	1804	2	3
94.795	1805	3	3
94.876	1806	4	3
94.958	1807	2	1
94.958	1808	4	1
94.958	1809	1	3
94.998	1810	3	1
95.039	1811	1	1
95.121	1812	4	1
95.202	1813	4	1
95.284	1814	1	1
95.284	1815	2	1
95.338	1816	3	1
95.392	1817	4	1
95.447	1818	2	1
95.610	1819	1	1
95.610	1820	4	1
95.664	1821	3	1
95.718	1822	2	1
95.773	1823	1	1
95.827	1824	3	1
95.882	1825	2	1
95.936	1826	4	1
95.977	1827	1	1
96.017	1828	3	1
96.099	1829	2	1
96.153	1830	3	1
96.262	1831	1	1
96.303	1832	4	1
96.343	1833	2	1
96.425	1834	3	1
96.479	1835	2	1
96.588	1836	1	1
96.588	1837	4	1
96.629	1838	3	1
96.670	1839	2	1
96.751	1840	4	1
96.792	1841	1	1
96.914	1842	3	1
96.955	1843	2	1
96.996	1844	4	1
97.077	1845	1	1
97.118	1846	3	2
97.240	1847	1	2
97.240	1848	2	2
97.240	1849	4	2
97.322	1850	3	3
97.403	1851	2	3
97.485	1852	1	3
97.566	1853	1	1
97.566	1854	3	1
97.566	1855	4	3
97.607	1856	2	1
97.648	1857	4	1
97.729	1858	1	1
97.811	1859	1	1
97.892	1860	3	1
97.892	1861	4	1
97.958	1862	2	1
98.023	1863	3	1
98.088	1864	1	1
98.153	1865	4	1
98.218	1866	2	1
98.284	1867	1	1
98.349	1868	3	1
98.414	1869	2	1
98.479	1870	1	1
98.545	1871	3	1
98.545	1872	4	1
98.610	1873	2	1
98.675	1874	3	1
98.740	1875	1	1
98.805	1876	4	1
98.871	1877	2	1
98.936	1878	1	1
99.001	1879	3	1
99.054	1880	2	1
99.197	1881	1	1
99.197	1882	3	2
99.197	1883	4	2
99.278	1884	3	3
99.278	1885	4	3
99.441	1886	2	2
99.441	1887	3	2
99.441	1888	4	1
99.523	1889	2	3
99.523	1890	3	3
99.686	1891	1	2
99.686	1892	2	1
99.686	1893	3	2
99.767	1894	1	3
99.849	1895	1	2
99.849	1896	2	2
99.849	1897	4	2
99.930	1898	3	3
100.012	1899	2	3
100.093	1900	1	3
100.175	1901	1	1
100.175	1902	3	1
100.175	1903	4	3
100.216	1904	2	1
100.257	1905	4	1
100.338	1906	1	1
100.420	1907	1	1
100.501	1908	3	1
100.501	1909	4	1
100.555	1910	2	1
100.610	1911	1	1
100.664	1912	3	1
100.827	1913	1	1
100.827	1914	4	1
100.882	1915	2	1
100.936	1916	3	1
100.990	1917	4	1
101.045	1918	2	1
101.099	1919	3	1
101.153	1920	1	1
101.194	1921	4	1
101.235	1922	2	1
101.316	1923	3	1
101.371	1924	2	1
101.479	1925	4	1
101.520	1926	1	1
101.561	1927	3	1
101.642	1928	2	1
101.697	1929	3	1
101.805	1930	1	1
101.805	1931	4	1
101.846	1932	2	1
101.887	1933	3	1
101.968	1934	1	1
102.009	1935	4	1
102.132	1936	2	1
102.172	1937	3	1
102.213	1938	1	1
102.295	1939	4	1
102.335	1940	2	2
102.458	1941	1	2
102.458	1942	3	2
102.458	1943	4	2
102.539	1944	2	3
102.621	1945	3	3
102.702	1946	4	3
102.784	1947	2	1
102.784	1948	4	1
102.784	1949	1	3
102.824	1950	3	1
102.865	1951	1	1
102.947	1952	4	1
103.028	1953	4	1
103.110	1954	1	1
103.110	1955	2	2
103.191	1956	4	1
103.191	1957	2	3
103.273	1958	2	1
103.273	1959	3	2
103.354	1960	4	1
103.354	1961	3	3
103.436	1962	1	2
103.436	1963	2	2
103.517	1964	3	1
103.517	1965	1	3
103.517	1966	2	3
103.599	1967	1	1
103.680	1968	3	1
103.762	1969	2	1
103.762	1970	4	2
103.843	1971	1	1
103.925	1972	3	1
104.007	1973	2	1
104.007	1974	4	3
104.088	1975	3	1
104.088	1976	4	2
104.170	1977	1	1
104.170	1978	4	3
104.251	1979	2	1
104.251	1980	3	2
104.333	1981	1	1
104.333	1982	3	3
104.414	1983	2	1
104.414	1984	3	2
104.414	1985	4	2
104.496	1986	3	3
104.496	1987	4	3
104.659	1988	1	1
104.659	1989	2	2
104.659	1990	4	2
104.740	1991	2	3
104.740	1992	4	3
104.903	1993	1	1
104.903	1994	2	2
104.903	1995	3	2
104.985	1996	2	3
104.985	1997	3	3
105.066	1998	4	2
105.148	1999	1	2
105.229	2000	3	2
105.229	2001	1	3
105.311	2002	1	2
105.311	2003	3	3
105.311	2004	4	3
105.392	2005	4	2
105.392	2006	1	3
105.474	2007	3	2
105.555	2008	2	2
105.555	2009	3	3
105.637	2010	3	2
105.637	2011	2	3
105.637	2012	4	3
105.718	2013	1	2
105.718	2014	2	2
105.718	2015	4	2
105.718	2016	3	3
105.962	2017	1	3
105.962	2018	2	3
105.962	2019	4	3
106.044	2020	1	1
106.044	2021	2	2
106.044	2022	3	2
106.044	2023	4	1
106.125	2024	2	3
106.125	2025	3	3
106.207	2026	2	1
106.207	2027	3	1
106.370	2028	1	2
106.370	2029	2	1
106.370	2030	3	2
106.370	2031	4	2
106.451	2032	1	3
106.451	2033	3	3
106.451	2034	4	3
106.533	2035	2	2
106.533	2036	4	2
106.614	2037	2	3
106.614	2038	4	3
106.696	2039	1	2
106.696	2040	2	2
106.696	2041	3	2
106.696	2042	4	1
106.777	2043	1	3
106.777	2044	2	3
106.777	2045	3	3
106.859	2046	1	2
106.859	2047	3	2
106.859	2048	4	2
106.940	2049	1	3
106.940	2050	3	3
106.940	2051	4	3
107.022	2052	1	1
107.022	2053	2	1
107.022	2054	3	1
107.022	2055	4	1
107.185	2056	2	1
107.185	2057	3	1
107.348	2058	1	2
107.348	2059	2	2
107.348	2060	3	1
107.348	2061	4	2
107.429	2062	1	3
107.429	2063	2	3
107.429	2064	4	3
107.511	2065	1	1
107.511	2066	2	1
107.674	2067	1	1
107.674	2068	2	2
107.674	2069	3	2
107.674	2070	4	2
107.756	2071	2	3
107.756	2072	3	3
107.756	2073	4	3
107.837	2074	1	2
107.837	2075	4	2
107.919	2076	1	3
107.919	2077	4	3
108.000	2078	1	1
108.000	2079	2	1
108.000	2080	3	2
108.000	2081	4	2
108.082	2082	1	1
108.082	2083	2	1
108.082	2084	3	3
108.082	2085	4	3
108.163	2086	3	1
108.163	2087	4	1
108.245	2088	3	1
108.245	2089	4	1
108.326	2090	1	1
108.326	2091	2	1
108.489	2092	2	2
108.489	2093	3	2
108.571	2094	2	3
108.571	2095	3	3
108.652	2096	1	1
108.652	2097	2	2
108.652	2098	3	2
108.652	2099	4	1
108.734	2100	2	3
108.734	2101	3	3
108.815	2102	1	2
108.815	2103	4	1
108.897	2104	4	2
108.897	2105	1	3
108.978	2106	1	1
108.978	2107	2	1
108.978	2108	3	1
109.141	2109	2	2
109.141	2110	3	2
109.141	2111	4	3
109.223	2112	2	3
109.223	2113	3	3
109.304	2114	1	2
109.304	2115	2	2
109.304	2116	3	1
109.304	2117	4	1
109.386	2118	1	3
109.386	2119	2	3
109.468	2120	1	2
109.468	2121	4	2
109.549	2122	1	3
109.549	2123	4	3
109.631	2124	1	1
109.631	2125	2	2
109.631	2126	3	2
109.631	2127	4	2
109.712	2128	2	3
109.712	2129	3	3
109.712	2130	4	3
109.794	2131	2	1
109.794	2132	3	1
109.957	2133	1	1
109.957	2134	2	1
109.957	2135	3	1
109.957	2136	4	1
110.120	2137	1	2
110.120	2138	2	2
110.201	2139	1	3
110.201	2140	2	3
110.283	2141	1	1
110.283	2142	2	2
110.283	2143	3	2
110.283	2144	4	2
110.364	2145	2	3
110.364	2146	3	3
110.364	2147	4	3
110.446	2148	1	2
110.446	2149	4	1
110.500	2150	3	1
110.527	2151	1	3
110.554	2152	2	1
110.609	2153	1	2
110.609	2154	3	1
110.609	2155	4	2
110.690	2156	1	3
110.690	2157	4	3
110.772	2158	1	1
110.772	2159	4	2
110.826	2160	2	1
110.853	2161	4	3
110.881	2162	3	1
110.935	2163	1	2
110.935	2164	2	2
110.935	2165	4	2
111.016	2166	1	3
111.016	2167	2	3
111.016	2168	4	3
111.098	2169	3	1
111.098	2170	4	1
111.261	2171	1	1
111.261	2172	2	2
111.261	2173	3	2
111.343	2174	4	2
111.343	2175	2	3
111.424	2176	1	2
111.424	2177	2	2
111.424	2178	3	3
111.424	2179	4	3
111.506	2180	1	3
111.506	2181	2	3
111.587	2182	1	2
111.587	2183	2	1
111.587	2184	3	1
111.587	2185	4	2
111.669	2186	1	3
111.669	2187	4	3
111.750	2188	2	2
111.750	2189	3	2
111.832	2190	2	3
111.832	2191	3	3
111.913	2192	1	2
111.913	2193	2	1
111.913	2194	3	1
111.913	2195	4	2
111.995	2196	1	3
111.995	2197	4	3
112.076	2198	2	2
112.076	2199	4	2
112.158	2200	2	3
112.158	2201	4	3
112.239	2202	1	2
112.239	2203	2	1
112.239	2204	3	2
112.239	2205	4	2
112.321	2206	1	3
112.321	2207	3	3
112.321	2208	4	3
112.402	2209	1	1
112.402	2210	2	1
112.565	2211	2	2
112.565	2212	3	2
112.565	2213	4	1
112.647	2214	1	2
112.647	2215	3	3
112.728	2216	3	2
112.728	2217	4	2
112.728	2218	1	3
112.728	2219	2	3
112.810	2220	3	3
112.810	2221	4	3
112.891	2222	1	2
112.891	2223	2	1
112.891	2224	3	1
112.891	2225	4	2
112.973	2226	1	3
112.973	2227	4	3
113.054	2228	2	2
113.054	2229	3	2
113.136	2230	2	3
113.136	2231	3	3
113.218	2232	1	1
113.218	2233	2	1
113.218	2234	3	2
113.218	2235	4	2
113.299	2236	1	1
113.299	2237	2	1
113.299	2238	3	3
113.299	2239	4	3
113.381	2240	3	1
113.381	2241	4	1
113.462	2242	3	1
113.462	2243	4	1
113.544	2244	1	1
113.544	2245	2	2
113.652	2246	3	1
113.652	2247	4	1
113.761	2248	1	1
113.761	2249	4	1
113.761	2250	2	3
113.870	2251	1	1
113.870	2252	2	1
113.870	2253	3	2
114.033	2254	1	2
114.033	2255	3	3
114.114	2256	1	3
114.196	2257	3	2
114.196	2258	4	1
114.304	2259	1	1
114.304	2260	2	1
114.413	2261	1	1
114.413	2262	4	1
114.413	2263	3	3
114.522	2264	2	2
114.522	2265	3	1
114.522	2266	4	1
114.685	2267	1	2
114.685	2268	2	3
114.766	2269	4	2
114.766	2270	1	3
114.848	2271	1	2
114.848	2272	2	2
114.848	2273	3	2
114.848	2274	4	3
115.011	2275	1	3
115.011	2276	2	3
115.011	2277	3	3
115.093	2278	1	2
115.093	2279	2	2
115.093	2280	3	2
115.256	2281	1	3
115.256	2282	2	3
115.256	2283	3	3
115.337	2284	1	2
115.337	2285	2	2
115.337	2286	3	2
115.500	2287	1	3
115.500	2288	2	3
115.500	2289	3	3
115.663	2290	2	2
115.663	2291	3	2
115.663	2292	4	2
115.745	2293	2	3
115.745	2294	3	3
115.745	2295	4	3
115.826	2296	1	2
115.826	2297	3	2
115.826	2298	4	2
115.908	2299	1	3
115.908	2300	3	3
115.908	2301	4	3
115.989	2302	1	2
115.989	2303	2	2
115.989	2304	3	2
116.071	2305	1	3
116.071	2306	2	3
116.071	2307	3	3
116.152	2308	1	2
116.152	2309	3	1
116.152	2310	4	2
116.315	2311	1	3
116.641	2312	1	1
116.641	2313	2	1
117.131	2314	3	2
117.131	2315	4	3
117.375	2316	4	2
117.375	2317	3	3
117.457	2318	1	1
117.457	2319	2	2
117.457	2320	4	3
117.946	2321	3	1
117.946	2322	4	1
118.272	2323	1	1
118.272	2324	4	1
118.435	2325	1	2
118.435	2326	2	3
118.598	2327	2	1
118.598	2328	3	1
118.679	2329	4	2
118.679	2330	1	3
118.761	2331	1	2
118.761	2332	2	1
118.761	2333	4	3
119.250	2334	3	2
119.250	2335	4	1
119.250	2336	1	3
119.413	2337	1	2
119.413	2338	2	1
119.413	2339	3	3
119.739	2340	3	2
119.739	2341	1	3
119.984	2342	2	2
119.984	2343	3	3
120.065	2344	1	1
120.065	2345	4	2
120.065	2346	2	3
120.554	2347	1	1
120.554	2348	2	1
120.881	2349	2	1
120.881	2350	3	1
120.881	2351	4	3
121.044	2352	1	2
121.044	2353	4	2
121.207	2354	1	3
121.370	2355	1	2
121.370	2356	2	2
121.370	2357	3	2
121.370	2358	4	3
121.533	2359	3	3
121.696	2360	3	2
121.696	2361	1	3
121.777	2362	3	3
121.859	2363	4	2
121.940	2364	4	3
122.022	2365	1	2
122.022	2366	3	2
122.022	2367	4	2
122.022	2368	2	3
122.185	2369	2	2
122.185	2370	4	3
122.266	2371	2	3
122.348	2372	4	2
122.348	2373	1	3
122.429	2374	4	3
122.511	2375	2	2
122.593	2376	2	3
122.674	2377	1	2
122.674	2378	2	2
122.674	2379	4	2
122.674	2380	3	3
122.837	2381	2	3
123.000	2382	3	2
123.000	2383	4	3
123.082	2384	3	3
123.163	2385	2	2
123.245	2386	2	3
123.326	2387	2	2
123.326	2388	3	2
123.326	2389	4	2
123.326	2390	1	3
123.489	2391	1	2
123.489	2392	2	3
123.571	2393	1	3
123.652	2394	1	1
123.652	2395	2	2
123.652	2396	3	3
123.652	2397	4	3
123.734	2398	2	3
123.815	2399	3	2
123.897	2400	3	3
123.978	2401	1	2
123.978	2402	4	2
124.060	2403	1	3
124.141	2404	1	1
124.141	2405	3	1
124.141	2406	4	3
124.304	2407	2	2
124.304	2408	3	2
124.386	2409	2	3
124.386	2410	3	3
124.468	2411	1	2
124.468	2412	4	2
124.549	2413	1	3
124.631	2414	1	1
124.631	2415	3	1
124.631	2416	4	3
124.712	2417	2	1
124.794	2418	3	2
124.875	2419	2	1
124.957	2420	1	1
124.957	2421	4	1
124.957	2422	3	3
125.038	2423	3	1
125.120	2424	1	1
125.120	2425	2	2
125.201	2426	3	2
125.201	2427	2	3
125.283	2428	1	2
125.283	2429	2	2
125.283	2430	4	2
125.283	2431	3	3
125.446	2432	1	3
125.446	2433	2	3
125.446	2434	4	3
125.935	2435	1	2
125.935	2436	2	2
125.935	2437	4	1
126.016	2438	1	3
126.016	2439	2	3
126.179	2440	1	1
126.179	2441	2	2
126.179	2442	3	2
126.261	2443	2	3
126.261	2444	3	3
126.424	2445	1	1
126.424	2446	3	2
126.424	2447	4	2
126.506	2448	3	3
126.506	2449	4	3
126.587	2450	1	2
126.587	2451	2	1
126.587	2452	4	2
126.750	2453	3	2
126.832	2454	1	3
126.913	2455	1	2
126.913	2456	2	2
126.913	2457	3	3
126.913	2458	4	3
126.995	2459	1	3
126.995	2460	2	3
127.076	2461	2	1
127.158	2462	2	1
127.239	2463	3	2
127.239	2464	4	2
127.321	2465	3	3
127.321	2466	4	3
127.402	2467	1	2
127.402	2468	4	2
127.484	2469	1	3
127.484	2470	4	3
127.565	2471	1	2
127.565	2472	2	2
127.647	2473	1	3
127.647	2474	2	3
127.728	2475	2	2
127.728	2476	3	2
127.891	2477	4	2
127.891	2478	2	3
128.054	2479	1	1
128.054	2480	2	2
128.054	2481	3	3
128.054	2482	4	3
128.136	2483	2	3
128.218	2484	1	2
128.218	2485	4	2
128.299	2486	1	3
128.299	2487	4	3
128.381	2488	3	1
128.462	2489	3	1
128.544	2490	1	2
128.544	2491	2	2
128.625	2492	1	3
128.625	2493	2	3
128.707	2494	2	2
128.707	2495	3	2
128.788	2496	2	3
128.788	2497	3	3
128.870	2498	3	2
128.870	2499	4	2
128.951	2500	3	3
128.951	2501	4	3
129.033	2502	1	2
129.033	2503	4	2
129.196	2504	2	2
129.196	2505	4	3
129.359	2506	3	2
129.359	2507	4	2
129.359	2508	1	3
129.359	2509	2	3
129.440	2510	3	3
129.440	2511	4	3
129.522	2512	3	2
129.522	2513	4	2
129.603	2514	3	3
129.603	2515	4	3
129.685	2516	1	1
129.685	2517	3	1
129.766	2518	1	2
129.848	2519	3	1
129.848	2520	4	1
130.011	2521	2	2
130.011	2522	4	2
130.011	2523	1	3
130.093	2524	2	3
130.093	2525	4	3
130.174	2526	2	2
130.174	2527	3	2
130.256	2528	2	3
130.256	2529	3	3
130.337	2530	1	2
130.337	2531	3	2
130.419	2532	1	3
130.419	2533	3	3
130.500	2534	1	2
130.500	2535	4	2
130.663	2536	3	2
130.663	2537	1	3
130.826	2538	1	1
130.826	2539	2	1
130.826	2540	3	3
130.826	2541	4	3
130.989	2542	3	1
131.071	2543	3	2
131.152	2544	2	2
131.152	2545	4	1
131.152	2546	3	3
131.234	2547	1	2
131.234	2548	2	3
131.315	2549	3	2
131.315	2550	1	3
131.397	2551	1	2
131.397	2552	3	3
131.478	2553	2	2
131.478	2554	4	1
131.478	2555	1	3
131.560	2556	1	2
131.641	2557	3	2
131.641	2558	4	1
131.641	2559	1	3
131.641	2560	2	3
131.723	2561	2	2
131.723	2562	3	3
131.804	2563	1	2
131.804	2564	3	1
131.804	2565	4	2
131.804	2566	2	3
131.968	2567	2	2
131.968	2568	4	3
132.131	2569	3	1
132.131	2570	4	1
132.131	2571	1	3
132.131	2572	2	3
132.294	2573	2	1
132.375	2574	2	2
132.457	2575	1	1
132.457	2576	3	2
132.457	2577	2	3
132.538	2578	4	2
132.538	2579	3	3
132.620	2580	2	2
132.620	2581	4	3
132.701	2582	4	2
132.701	2583	2	3
132.783	2584	1	1
132.783	2585	3	2
132.783	2586	4	3
132.864	2587	4	2
132.946	2588	1	1
132.946	2589	2	2
132.946	2590	3	3
132.946	2591	4	3
133.027	2592	3	2
133.027	2593	2	3
133.109	2594	1	2
133.109	2595	2	1
133.109	2596	4	2
133.109	2597	3	3
133.272	2598	3	2
133.272	2599	1	3
133.435	2600	1	1
133.435	2601	2	1
133.435	2602	3	3
133.435	2603	4	3
133.598	2604	3	1
133.679	2605	3	2
133.761	2606	2	2
133.761	2607	4	1
133.761	2608	3	3
133.843	2609	1	2
133.843	2610	2	3
133.924	2611	3	2
133.924	2612	1	3
134.006	2613	1	2
134.006	2614	3	3
134.087	2615	2	2
134.087	2616	4	1
134.087	2617	1	3
134.169	2618	1	2
134.250	2619	3	2
134.250	2620	4	1
134.250	2621	1	3
134.250	2622	2	3
134.332	2623	2	2
134.332	2624	3	3
134.413	2625	1	2
134.413	2626	3	1
134.413	2627	4	2
134.413	2628	2	3
134.576	2629	2	2
134.576	2630	4	3
134.739	2631	3	2
134.739	2632	4	2
134.739	2633	1	3
134.739	2634	2	3
134.821	2635	3	3
134.821	2636	4	3
134.902	2637	2	2
134.902	2638	3	2
134.984	2639	2	3
134.984	2640	3	3
135.065	2641	1	2
135.065	2642	2	1
135.065	2643	4	2
135.228	2644	3	2
135.228	2645	1	3
135.391	2646	1	2
135.391	2647	2	2
135.391	2648	3	3
135.391	2649	4	3
135.473	2650	1	3
135.473	2651	2	3
135.554	2652	3	2
135.554	2653	4	2
135.636	2654	1	2
135.636	2655	3	3
135.636	2656	4	3
135.718	2657	2	2
135.718	2658	3	2
135.718	2659	4	2
135.718	2660	1	3
135.881	2661	2	3
135.881	2662	3	3
135.881	2663	4	3
135.962	2664	2	2
135.962	2665	3	2
135.962	2666	4	2
136.125	2667	2	3
136.125	2668	3	3
136.125	2669	4	3
136.207	2670	1	2
136.207	2671	3	2
136.207	2672	4	2
136.370	2673	2	2
136.370	2674	1	3
136.370	2675	3	3
136.370	2676	4	3
136.451	2677	2	3
136.533	2678	3	2
136.533	2679	4	2
136.614	2680	1	1
136.614	2681	3	3
136.614	2682	4	3
136.696	2683	2	2
136.696	2684	3	2
136.777	2685	2	3
136.777	2686	3	3
136.859	2687	1	2
136.859	2688	2	2
136.940	2689	1	3
136.940	2690	2	3
137.022	2691	1	2
137.022	2692	3	1
137.022	2693	4	2
137.185	2694	2	2
137.266	2695	4	3
137.348	2696	3	2
137.348	2697	4	2
137.348	2698	1	3
137.348	2699	2	3
137.429	2700	3	3
137.429	2701	4	3
137.511	2702	3	1
137.593	2703	3	1
137.674	2704	1	2
137.674	2705	2	2
137.756	2706	1	3
137.756	2707	2	3
137.837	2708	1	2
137.837	2709	4	2
137.919	2710	1	3
137.919	2711	4	3
138.000	2712	3	2
138.000	2713	4	2
138.082	2714	3	3
138.082	2715	4	3
138.163	2716	2	2
138.163	2717	3	2
138.326	2718	1	2
138.326	2719	3	3
138.489	2720	3	2
138.489	2721	4	1
138.489	2722	1	3
138.489	2723	2	3
138.571	2724	3	3
138.652	2725	1	2
138.652	2726	4	2
138.734	2727	1	3
138.734	2728	4	3
138.815	2729	2	1
138.897	2730	2	1
138.978	2731	3	2
138.978	2732	4	2
139.060	2733	3	3
139.060	2734	4	3
139.141	2735	2	2
139.141	2736	3	2
139.223	2737	2	3
139.223	2738	3	3
139.304	2739	1	2
139.304	2740	2	2
139.386	2741	1	3
139.386	2742	2	3
139.468	2743	1	2
139.468	2744	4	2
139.631	2745	3	2
139.631	2746	1	3
139.794	2747	1	2
139.794	2748	2	2
139.794	2749	3	3
139.794	2750	4	3
139.875	2751	1	3
139.875	2752	2	3
139.957	2753	1	2
139.957	2754	2	2
140.038	2755	1	3
140.038	2756	2	3
140.120	2757	2	1
140.120	2758	4	1
140.201	2759	4	2
140.283	2760	1	1
140.283	2761	2	1
140.446	2762	1	2
140.446	2763	3	2
140.446	2764	4	3
140.527	2765	1	3
140.527	2766	3	3
140.609	2767	2	2
140.609	2768	3	2
140.690	2769	2	3
140.690	2770	3	3
140.772	2771	2	2
140.772	2772	4	2
140.853	2773	2	3
140.853	2774	4	3
140.935	2775	1	2
140.935	2776	4	2
141.098	2777	2	2
141.098	2778	4	3
141.261	2779	3	1
141.261	2780	4	1
141.261	2781	1	3
141.261	2782	2	3
141.424	2783	2	1
141.506	2784	2	2
141.587	2785	1	1
141.587	2786	3	2
141.587	2787	2	3
141.669	2788	4	2
141.669	2789	3	3
141.750	2790	2	2
141.750	2791	4	3
141.832	2792	4	2
141.832	2793	2	3
141.913	2794	1	1
141.913	2795	3	2
141.913	2796	4	3
141.995	2797	4	2
142.076	2798	1	1
142.076	2799	2	2
142.076	2800	3	3
142.076	2801	4	3
142.158	2802	3	2
142.158	2803	2	3
142.239	2804	1	2
142.239	2805	2	1
142.239	2806	4	2
142.239	2807	3	3
142.402	2808	3	2
142.402	2809	1	3
142.565	2810	1	1
142.565	2811	2	2
142.565	2812	3	3
142.565	2813	4	3
142.647	2814	4	2
142.728	2815	1	2
142.728	2816	2	3
142.810	2817	3	2
142.810	2818	4	3
142.891	2819	2	2
142.891	2820	4	1
142.891	2821	1	3
142.891	2822	3	3
142.973	2823	1	2
142.973	2824	2	3
143.054	2825	3	2
143.054	2826	1	3
143.136	2827	1	2
143.136	2828	3	3
143.218	2829	2	2
143.218	2830	4	1
143.218	2831	1	3
143.299	2832	1	2
143.381	2833	3	2
143.381	2834	4	1
143.381	2835	1	3
143.381	2836	2	3
143.462	2837	2	2
143.462	2838	3	3
143.544	2839	1	2
143.544	2840	3	1
143.544	2841	4	2
143.544	2842	2	3
143.707	2843	2	2
143.707	2844	4	3
143.870	2845	3	2
143.870	2846	4	1
143.870	2847	1	3
143.870	2848	2	3
143.951	2849	1	2
144.033	2850	4	2
144.033	2851	3	3
144.114	2852	2	2
144.114	2853	1	3
144.196	2854	1	1
144.196	2855	3	2
144.196	2856	2	3
144.196	2857	4	3
144.277	2858	4	2
144.277	2859	3	3
144.359	2860	2	2
144.359	2861	4	3
144.440	2862	4	2
144.440	2863	2	3
144.522	2864	1	1
144.522	2865	3	2
144.522	2866	4	3
144.603	2867	4	2
144.685	2868	1	1
144.685	2869	2	2
144.685	2870	3	3
144.685	2871	4	3
144.766	2872	3	2
144.766	2873	2	3
144.848	2874	1	2
144.848	2875	2	1
144.848	2876	4	2
144.848	2877	3	3
144.929	2878	3	1
145.011	2879	2	2
145.011	2880	1	3
145.093	2881	3	1
145.093	2882	4	3
145.174	2883	1	1
145.174	2884	4	2
145.174	2885	2	3
145.256	2886	2	1
145.256	2887	4	3
145.337	2888	3	2
145.337	2889	4	1
145.419	2890	2	1
145.419	2891	3	3
145.500	2892	1	2
145.500	2893	4	2
145.582	2894	2	1
145.663	2895	3	2
145.663	2896	4	3
145.745	2897	2	1
145.745	2898	1	3
145.826	2899	1	2
145.826	2900	4	1
145.826	2901	3	3
145.908	2902	3	1
145.908	2903	1	3
145.989	2904	1	1
145.989	2905	2	2
146.071	2906	3	1
146.071	2907	2	3
146.152	2908	1	2
146.152	2909	2	2
146.152	2910	4	2
146.315	2911	1	3
146.315	2912	2	3
146.315	2913	4	3
146.397	2914	1	2
146.397	2915	2	2
146.397	2916	3	2
146.560	2917	1	3
146.560	2918	2	3
146.560	2919	3	3
146.641	2920	1	2
146.641	2921	2	2
146.641	2922	4	2
146.804	2923	1	3
146.804	2924	2	3
146.804	2925	4	3
146.886	2926	2	2
146.886	2927	3	2
146.886	2928	4	2
147.049	2929	2	3
147.049	2930	3	3
147.049	2931	4	3
147.131	2932	1	2
147.131	2933	2	2
147.131	2934	3	2
147.212	2935	1	3
147.212	2936	2	3
147.212	2937	3	3
147.294	2938	2	2
147.294	2939	3	2
147.294	2940	4	2
147.375	2941	2	3
147.375	2942	3	3
147.375	2943	4	3
147.457	2944	1	2
147.457	2945	2	2
147.457	2946	4	2
147.538	2947	1	3
147.538	2948	2	3
147.538	2949	4	3
147.620	2950	1	2
147.620	2951	2	2
147.620	2952	4	2
147.701	2953	1	3
147.701	2954	2	3
147.783	2955	1	2
147.783	2956	2	2
147.783	2957	3	2
147.783	2958	4	3
147.864	2959	2	3
147.864	2960	3	3
147.946	2961	2	2
147.946	2962	3	2
147.946	2963	4	2
147.946	2964	1	3
148.109	2965	2	3
148.109	2966	3	3
148.109	2967	4	3
148.272	2968	1	2
148.272	2969	2	2
148.272	2970	3	2
148.353	2971	2	3
148.353	2972	3	3
148.435	2973	2	2
148.435	2974	3	2
148.435	2975	4	2
148.435	2976	1	3
148.516	2977	2	3
148.516	2978	3	3
148.598	2979	1	2
148.598	2980	2	2
148.598	2981	3	2
148.598	2982	4	3
148.679	2983	1	3
148.679	2984	2	3
148.761	2985	1	2
148.761	2986	2	2
148.761	2987	4	2
148.761	2988	3	3
148.924	2989	1	3
148.924	2990	2	3
148.924	2991	4	3
149.006	2992	2	2
149.006	2993	3	2
149.006	2994	4	2
149.169	2995	2	3
149.169	2996	3	3
149.169	2997	4	3
149.250	2998	1	2
149.250	2999	2	2
149.250	3000	4	2
149.495	3001	1	3
149.495	3002	2	3
149.495	3003	4	3
149.739	3004	2	2
149.739	3005	3	2
149.739	3006	4	2
149.984	3007	2	3
149.984	3008	3	3
149.984	3009	4	3
150.228	3010	4	1
150.249	3011	3	1
150.269	3012	1	1
150.391	3013	1	2
150.391	3014	2	2
150.391	3015	3	2
150.391	3016	4	2
150.636	3017	1	3
150.636	3018	2	3
150.636	3019	3	3
150.636	3020	4	3