Song Name	chocolate island (Hard) by Snail's House
Difficulty	25
Primary Color	Flow
Secondary Color	Vibe
Last Note Time	131.082
Total Notes	1886
Fever Fill	406
Fever Time	19.662300
Long Notes	668
BPM	161
Song Length	132.263979167

Timing Points
0.213	372.670807


Song Data
0.213	1	3	2
0.213	2	4	2
0.306	3	4	3
0.399	4	3	3
0.585	5	3	2
0.585	6	4	2
0.678	7	3	3
0.772	8	3	1
0.958	9	1	1
0.958	10	3	1
0.958	11	4	3
1.144	12	1	2
1.144	13	2	2
1.237	14	2	3
1.331	15	1	3
1.517	16	1	2
1.517	17	2	2
1.610	18	1	3
1.703	19	2	3
1.890	20	1	2
1.890	21	2	2
1.983	22	2	3
2.076	23	2	1
2.262	24	2	1
2.262	25	4	1
2.262	26	1	3
2.449	27	3	2
2.449	28	4	2
2.542	29	4	3
2.635	30	3	3
2.821	31	3	2
2.821	32	4	2
2.914	33	3	3
3.194	34	1	2
3.194	35	3	2
3.194	36	4	3
3.287	37	1	3
3.287	38	3	3
3.567	39	1	2
3.567	40	3	2
3.660	41	1	3
3.753	42	1	1
3.939	43	1	1
3.939	44	4	1
3.939	45	3	3
4.126	46	3	2
4.126	47	4	2
4.219	48	4	3
4.312	49	3	3
4.498	50	1	2
4.498	51	2	2
4.591	52	1	3
4.685	53	2	3
4.871	54	1	2
4.871	55	4	2
4.964	56	4	3
5.057	57	4	1
5.244	58	2	1
5.244	59	3	1
5.244	60	1	3
5.430	61	2	2
5.430	62	4	2
5.523	63	2	3
5.616	64	3	2
5.616	65	4	3
5.709	66	3	3
5.803	67	1	2
5.803	68	2	2
5.896	69	1	3
5.989	70	4	2
5.989	71	2	3
6.082	72	4	3
6.175	73	3	2
6.175	74	4	2
6.268	75	4	3
6.362	76	3	3
6.548	77	3	2
6.548	78	4	2
6.641	79	3	3
6.734	80	3	1
6.921	81	1	1
6.921	82	3	1
6.921	83	4	3
7.107	84	1	2
7.107	85	4	2
7.200	86	4	3
7.293	87	1	3
7.480	88	1	2
7.480	89	3	2
7.573	90	1	3
7.666	91	3	3
7.852	92	1	2
7.852	93	2	2
7.945	94	2	3
8.039	95	2	1
8.225	96	3	1
8.225	97	4	1
8.225	98	1	3
8.411	99	2	2
8.411	100	3	2
8.504	101	2	3
8.598	102	2	1
8.598	103	3	3
8.784	104	1	2
8.784	105	4	2
8.877	106	4	3
8.970	107	1	3
9.157	108	2	2
9.157	109	4	2
9.250	110	2	3
9.250	111	4	3
9.529	112	1	2
9.529	113	4	2
9.622	114	1	3
9.716	115	1	1
9.902	116	1	1
9.902	117	2	1
9.902	118	4	3
10.088	119	3	2
10.088	120	4	2
10.181	121	4	3
10.275	122	3	3
10.461	123	3	2
10.523	124	4	2
10.709	125	3	3
10.834	126	1	2
10.834	127	2	2
10.834	128	4	3
10.927	129	2	3
11.020	130	2	1
11.020	131	1	3
11.206	132	3	1
11.206	133	4	1
11.393	134	1	1
11.393	135	2	2
11.486	136	2	3
11.579	137	4	1
11.641	138	3	1
11.703	139	4	1
11.765	140	1	2
11.765	141	2	1
11.858	142	1	3
11.952	143	1	1
11.952	144	4	2
12.045	145	4	3
12.138	146	3	2
12.138	147	4	2
12.231	148	4	3
12.324	149	3	3
12.511	150	3	2
12.511	151	4	2
12.604	152	3	3
12.697	153	1	2
12.790	154	1	3
12.883	155	1	1
12.883	156	3	2
12.883	157	4	3
13.070	158	1	2
13.070	159	2	2
13.070	160	3	3
13.163	161	2	3
13.256	162	3	1
13.256	163	1	3
13.303	164	4	2
13.442	165	1	2
13.442	166	2	2
13.442	167	4	3
13.535	168	1	3
13.629	169	3	1
13.629	170	2	3
13.815	171	1	2
13.815	172	2	2
13.908	173	2	3
14.001	174	2	1
14.188	175	2	1
14.188	176	4	2
14.188	177	1	3
14.281	178	4	3
14.374	179	3	2
14.374	180	4	2
14.467	181	4	3
14.560	182	1	1
14.560	183	3	3
14.747	184	3	2
14.747	185	4	2
14.840	186	3	3
14.933	187	1	2
14.995	188	2	2
15.119	189	3	2
15.119	190	4	3
15.212	191	1	3
15.212	192	3	3
15.306	193	4	1
15.492	194	1	2
15.492	195	3	2
15.492	196	2	3
15.585	197	1	3
15.678	198	1	1
15.865	199	1	1
15.865	200	4	1
15.865	201	3	3
16.051	202	4	2
16.098	203	3	2
16.144	204	4	3
16.237	205	2	1
16.331	206	3	3
16.424	207	1	2
16.470	208	2	2
16.517	209	1	3
16.610	210	4	1
16.610	211	2	3
16.703	212	3	1
16.750	213	2	1
16.796	214	1	2
16.796	215	4	2
16.890	216	4	3
16.983	217	4	1
17.169	218	2	1
17.169	219	1	3
17.355	220	2	2
17.355	221	4	2
17.449	222	2	3
17.542	223	3	2
17.542	224	4	3
17.635	225	3	3
17.728	226	1	2
17.728	227	2	2
17.821	228	1	3
17.914	229	4	2
17.914	230	2	3
17.961	231	3	2
18.101	232	1	2
18.101	233	2	2
18.101	234	4	3
18.194	235	1	3
18.287	236	4	1
18.287	237	2	3
18.287	238	3	3
18.473	239	3	2
18.473	240	4	2
18.567	241	3	3
18.660	242	1	2
18.753	243	1	3
18.846	244	1	1
18.846	245	3	1
18.846	246	4	3
19.032	247	1	2
19.032	248	4	2
19.126	249	4	3
19.219	250	4	2
19.219	251	1	3
19.405	252	1	2
19.405	253	3	2
19.405	254	4	3
19.498	255	1	3
19.591	256	4	1
19.778	257	1	2
19.778	258	2	2
19.778	259	3	3
19.871	260	2	3
19.964	261	4	2
20.150	262	2	1
20.150	263	3	1
20.150	264	1	3
20.150	265	4	3
20.337	266	2	2
20.337	267	3	2
20.430	268	2	3
20.523	269	4	1
20.523	270	3	3
20.709	271	1	2
20.709	272	4	2
20.803	273	4	3
20.896	274	3	2
20.896	275	1	3
21.082	276	1	1
21.082	277	2	1
21.082	278	4	1
21.268	279	2	2
21.268	280	3	3
21.455	281	1	1
21.455	282	3	1
21.455	283	4	2
21.641	284	1	1
21.641	285	2	3
21.827	286	1	1
21.827	287	2	1
21.827	288	4	3
22.014	289	3	2
22.014	290	4	2
22.107	291	4	3
22.200	292	1	1
22.200	293	3	3
22.386	294	3	2
22.449	295	4	2
22.573	296	2	1
22.573	297	3	3
22.759	298	1	2
22.759	299	2	2
22.759	300	4	3
22.852	301	2	3
22.945	302	2	1
22.945	303	1	3
23.132	304	3	1
23.132	305	4	1
23.318	306	1	1
23.318	307	2	1
23.504	308	4	1
23.567	309	3	1
23.629	310	4	1
23.691	311	1	1
23.691	312	2	1
23.877	313	1	1
23.877	314	4	1
24.063	315	2	1
24.063	316	3	2
24.063	317	4	2
24.157	318	4	3
24.250	319	1	1
24.250	320	3	3
24.436	321	3	2
24.436	322	4	2
24.529	323	3	3
24.622	324	2	1
24.622	325	3	1
24.809	326	1	1
24.809	327	2	1
24.809	328	3	1
24.809	329	4	3
24.995	330	1	2
25.042	331	2	2
25.181	332	4	1
25.181	333	1	3
25.181	334	2	3
25.368	335	1	2
25.368	336	2	2
25.461	337	1	3
25.554	338	3	1
25.554	339	2	3
25.740	340	1	2
25.740	341	2	2
25.834	342	2	3
25.927	343	2	1
26.113	344	3	1
26.113	345	4	2
26.113	346	1	3
26.206	347	4	3
26.299	348	1	1
26.299	349	3	2
26.299	350	4	2
26.393	351	4	3
26.486	352	2	1
26.486	353	3	3
26.672	354	3	2
26.672	355	4	2
26.765	356	3	3
26.858	357	1	2
26.921	358	2	2
27.045	359	3	2
27.045	360	4	3
27.138	361	1	3
27.138	362	3	3
27.231	363	4	1
27.417	364	1	2
27.417	365	3	2
27.417	366	2	3
27.511	367	1	3
27.604	368	1	1
27.604	369	4	1
27.790	370	1	1
27.790	371	2	1
27.790	372	4	1
27.790	373	3	3
27.976	374	3	2
27.976	375	4	2
28.070	376	4	3
28.163	377	2	1
28.163	378	3	3
28.349	379	1	2
28.349	380	4	1
28.411	381	2	2
28.442	382	1	3
28.535	383	3	1
28.535	384	2	3
28.722	385	1	2
28.722	386	4	2
28.815	387	4	3
28.908	388	4	1
29.094	389	2	1
29.094	390	3	1
29.094	391	1	3
29.281	392	1	1
29.281	393	2	2
29.281	394	4	2
29.374	395	2	3
29.467	396	3	2
29.467	397	4	3
29.560	398	3	3
29.653	399	1	2
29.653	400	2	2
29.747	401	1	3
29.840	402	4	2
29.840	403	2	3
29.902	404	3	2
30.026	405	1	2
30.026	406	2	2
30.026	407	4	3
30.212	408	4	1
30.212	409	1	3
30.212	410	2	3
30.212	411	3	3
30.399	412	3	2
30.399	413	4	2
30.492	414	3	3
30.585	415	1	1
30.585	416	3	2
30.772	417	1	1
30.772	418	2	1
30.772	419	4	3
30.958	420	1	2
30.958	421	4	2
30.958	422	3	3
31.051	423	4	3
31.144	424	4	1
31.144	425	1	3
31.331	426	1	2
31.331	427	2	1
31.377	428	4	2
31.424	429	1	3
31.517	430	3	1
31.610	431	4	3
31.703	432	1	2
31.750	433	2	2
31.890	434	4	1
32.076	435	3	1
32.076	436	4	1
32.076	437	1	3
32.076	438	2	3
32.262	439	1	1
32.262	440	2	2
32.262	441	3	2
32.355	442	2	3
32.449	443	2	1
32.449	444	3	3
32.635	445	1	2
32.635	446	4	2
32.728	447	4	3
32.821	448	2	1
32.821	449	1	3
32.868	450	3	2
33.008	451	2	2
33.008	452	4	2
33.101	453	4	3
33.194	454	1	1
33.194	455	2	3
33.194	456	3	3
33.380	457	3	2
33.380	458	4	2
33.473	459	3	3
33.567	460	1	1
33.567	461	3	1
33.753	462	1	1
33.753	463	2	1
33.753	464	3	1
33.753	465	4	3
33.939	466	2	2
33.939	467	4	2
34.032	468	4	3
34.126	469	3	1
34.126	470	2	3
34.312	471	1	1
34.312	472	3	2
34.374	473	4	2
34.498	474	2	1
34.560	475	3	3
34.685	476	1	2
34.685	477	2	2
34.685	478	4	3
34.778	479	2	3
34.871	480	2	1
34.871	481	1	3
35.057	482	1	1
35.057	483	3	1
35.244	484	1	1
35.244	485	2	2
35.244	486	4	1
35.337	487	2	3
35.430	488	4	1
35.492	489	3	1
35.554	490	4	1
35.616	491	1	2
35.616	492	2	1
35.709	493	1	3
35.803	494	3	1
35.803	495	4	2
35.896	496	4	3
35.989	497	1	2
35.989	498	4	2
36.082	499	4	3
36.175	500	3	1
36.175	501	4	1
36.175	502	1	3
36.362	503	1	2
36.362	504	3	2
36.455	505	1	3
36.548	506	1	1
36.548	507	2	1
36.548	508	3	3
36.734	509	2	1
36.734	510	3	1
36.734	511	4	1
36.921	512	1	2
36.921	513	4	2
37.014	514	1	3
37.107	515	3	1
37.107	516	4	3
37.293	517	1	2
37.293	518	2	2
37.386	519	2	3
37.480	520	3	1
37.480	521	1	3
37.666	522	2	2
37.666	523	4	2
37.759	524	4	3
37.852	525	3	2
37.852	526	2	3
37.945	527	3	3
38.039	528	1	2
38.039	529	4	1
38.132	530	1	3
38.225	531	1	2
38.225	532	3	1
38.225	533	4	2
38.318	534	4	3
38.411	535	2	2
38.411	536	1	3
38.504	537	2	3
38.598	538	3	2
38.598	539	4	2
38.691	540	3	3
38.691	541	4	3
38.784	542	1	2
38.877	543	1	3
38.970	544	1	1
38.970	545	3	1
39.017	546	4	2
39.157	547	2	2
39.157	548	4	3
39.250	549	2	3
39.343	550	1	2
39.343	551	3	2
39.436	552	1	3
39.529	553	1	1
39.529	554	2	1
39.529	555	3	3
39.716	556	2	1
39.716	557	3	1
39.716	558	4	1
39.902	559	1	2
39.949	560	2	2
39.995	561	1	3
40.088	562	3	1
40.088	563	2	3
40.275	564	2	1
40.275	565	4	2
40.321	566	1	2
40.368	567	4	3
40.461	568	3	1
40.461	569	1	3
40.647	570	2	2
40.647	571	4	2
40.740	572	2	3
40.834	573	1	1
40.834	574	4	3
41.020	575	2	2
41.020	576	4	1
41.113	577	2	3
41.206	578	1	2
41.206	579	2	1
41.206	580	4	2
41.299	581	1	3
41.299	582	4	3
41.393	583	3	2
41.486	584	3	3
41.579	585	2	2
41.579	586	4	2
41.672	587	2	3
41.765	588	1	2
41.765	589	4	3
41.858	590	1	3
41.952	591	1	1
41.952	592	2	1
41.952	593	3	1
41.998	594	4	2
42.138	595	1	1
42.138	596	4	3
42.324	597	2	2
42.324	598	4	2
42.417	599	4	3
42.511	600	3	1
42.511	601	4	1
42.511	602	2	3
42.697	603	1	2
42.697	604	2	1
42.697	605	3	1
42.883	606	3	2
42.883	607	4	2
42.883	608	1	3
42.976	609	3	3
43.070	610	2	2
43.070	611	4	3
43.256	612	1	2
43.256	613	4	2
43.256	614	2	3
43.349	615	1	3
43.442	616	3	1
43.442	617	4	3
43.629	618	1	2
43.629	619	2	2
43.722	620	2	3
43.815	621	2	1
43.815	622	1	3
44.001	623	3	2
44.001	624	4	1
44.094	625	3	3
44.188	626	1	2
44.188	627	3	1
44.188	628	4	2
44.281	629	1	3
44.374	630	2	2
44.374	631	4	3
44.467	632	2	3
44.560	633	1	2
44.560	634	4	2
44.653	635	1	3
44.747	636	2	1
44.747	637	4	3
44.793	638	3	2
44.933	639	2	2
44.933	640	4	2
44.933	641	3	3
45.026	642	4	3
45.119	643	1	2
45.119	644	2	3
45.306	645	3	2
45.306	646	4	2
45.399	647	3	3
45.492	648	2	1
45.492	649	3	1
45.492	650	1	3
45.492	651	4	3
45.678	652	1	1
45.678	653	2	1
45.678	654	4	1
45.865	655	3	2
45.865	656	4	2
45.958	657	4	3
46.051	658	2	1
46.051	659	3	3
46.237	660	1	2
46.237	661	2	2
46.331	662	1	3
46.424	663	3	1
46.424	664	2	3
46.610	665	1	2
46.610	666	4	2
46.703	667	4	3
46.796	668	4	1
46.796	669	1	3
46.983	670	1	1
46.983	671	2	1
47.169	672	2	1
47.169	673	3	2
47.169	674	4	2
47.262	675	3	3
47.355	676	1	1
47.355	677	4	3
47.417	678	2	1
47.480	679	3	1
47.542	680	1	2
47.542	681	4	2
47.635	682	4	3
47.728	683	3	1
47.728	684	4	1
47.728	685	1	3
47.914	686	1	2
47.914	687	2	2
48.008	688	1	3
48.008	689	2	3
48.287	690	3	2
48.287	691	4	2
48.380	692	3	3
48.473	693	1	2
48.473	694	4	3
48.660	695	3	2
48.660	696	1	3
48.846	697	1	2
48.846	698	2	2
48.846	699	3	3
48.939	700	1	3
48.939	701	2	3
49.032	702	3	1
49.079	703	4	2
49.219	704	1	2
49.219	705	2	2
49.219	706	4	3
49.312	707	1	3
49.312	708	2	3
49.405	709	4	1
49.591	710	1	2
49.591	711	2	2
49.685	712	2	3
49.778	713	2	1
49.778	714	1	3
49.964	715	1	2
50.057	716	1	3
50.150	717	3	2
50.150	718	4	2
50.244	719	3	3
50.244	720	4	3
50.337	721	2	1
50.523	722	3	2
50.523	723	4	2
50.616	724	3	3
50.616	725	4	3
50.709	726	1	2
50.772	727	2	2
50.896	728	3	2
50.989	729	1	3
50.989	730	3	3
51.268	731	1	2
51.268	732	3	2
51.268	733	2	3
51.362	734	1	3
51.455	735	1	1
51.455	736	2	1
51.455	737	3	3
51.641	738	1	1
51.641	739	2	1
51.827	740	3	2
51.827	741	4	2
51.921	742	3	3
51.921	743	4	3
52.014	744	2	1
52.200	745	1	2
52.200	746	2	2
52.293	747	1	3
52.293	748	2	3
52.386	749	3	1
52.573	750	1	2
52.573	751	4	2
52.666	752	4	3
52.759	753	4	1
52.759	754	1	3
52.945	755	3	1
52.945	756	4	1
53.132	757	1	2
53.318	758	2	1
53.318	759	1	3
53.504	760	3	2
53.504	761	4	2
53.598	762	3	3
53.691	763	3	1
53.691	764	4	3
53.877	765	1	2
53.877	766	2	2
53.970	767	1	3
53.970	768	2	3
54.063	769	3	1
54.250	770	1	2
54.250	771	4	2
54.343	772	1	3
54.436	773	1	1
54.436	774	2	1
54.436	775	4	3
54.622	776	2	1
54.809	777	3	2
54.809	778	4	2
54.902	779	3	3
54.902	780	4	3
54.995	781	2	1
55.181	782	1	2
55.181	783	4	2
55.275	784	1	3
55.275	785	4	3
55.368	786	3	1
55.554	787	2	2
55.554	788	3	2
55.647	789	2	3
55.740	790	1	1
55.740	791	3	3
55.927	792	1	1
56.113	793	3	2
56.113	794	4	2
56.206	795	3	3
56.299	796	2	1
56.299	797	4	3
56.486	798	1	2
56.486	799	2	2
56.579	800	1	3
56.579	801	2	3
56.672	802	3	1
56.858	803	1	2
56.858	804	4	2
56.952	805	1	3
56.952	806	4	3
57.045	807	4	1
57.231	808	2	2
57.231	809	3	2
57.324	810	3	3
57.417	811	1	1
57.417	812	3	1
57.417	813	2	3
57.604	814	1	1
57.790	815	3	2
57.790	816	4	2
57.883	817	3	3
57.883	818	4	3
57.976	819	2	1
58.163	820	1	2
58.163	821	4	2
58.256	822	1	3
58.349	823	1	1
58.349	824	2	1
58.349	825	4	3
58.535	826	4	1
58.598	827	3	1
58.660	828	4	1
58.722	829	1	1
58.722	830	2	1
58.908	831	1	1
58.908	832	2	1
59.094	833	1	1
59.094	834	3	1
59.094	835	4	1
59.467	836	1	1
59.467	837	4	1
59.840	838	1	2
59.840	839	2	2
59.840	840	4	1
60.026	841	3	1
60.026	842	2	3
60.212	843	3	2
60.212	844	4	2
60.212	845	1	3
60.306	846	3	3
60.399	847	1	1
60.399	848	2	1
60.399	849	4	3
60.585	850	2	1
60.585	851	4	2
60.608	852	3	1
60.772	853	1	2
60.772	854	2	2
60.772	855	4	3
60.865	856	2	3
60.958	857	4	1
60.958	858	1	3
61.144	859	2	2
61.144	860	3	2
61.331	861	1	1
61.331	862	2	3
61.517	863	1	2
61.517	864	2	2
61.517	865	3	3
61.610	866	2	3
61.703	867	4	1
61.703	868	1	3
61.890	869	2	1
61.890	870	3	1
62.076	871	1	2
62.076	872	3	1
62.076	873	4	2
62.169	874	4	3
62.262	875	2	2
62.355	876	1	3
62.355	877	2	3
62.449	878	1	1
62.449	879	3	1
62.449	880	4	1
62.635	881	3	1
62.821	882	1	2
62.821	883	4	2
63.008	884	2	1
63.008	885	4	3
63.194	886	3	2
63.194	887	4	2
63.194	888	1	3
63.287	889	3	3
63.380	890	1	1
63.380	891	2	1
63.380	892	4	3
63.567	893	1	1
63.567	894	4	1
63.590	895	3	1
63.753	896	2	2
63.753	897	4	2
63.846	898	4	3
63.939	899	1	1
63.939	900	2	3
64.126	901	3	2
64.126	902	4	2
64.312	903	2	1
64.312	904	3	3
64.498	905	1	2
64.498	906	3	2
64.498	907	4	3
64.591	908	3	3
64.685	909	4	1
64.685	910	1	3
64.871	911	2	1
64.871	912	3	1
65.057	913	1	1
65.057	914	4	2
65.104	915	2	2
65.150	916	4	3
65.244	917	3	2
65.337	918	2	3
65.337	919	3	3
65.430	920	1	2
65.430	921	4	2
65.523	922	1	3
65.616	923	2	2
65.616	924	4	3
65.803	925	1	2
65.803	926	3	1
65.803	927	4	2
65.803	928	2	3
65.989	929	2	1
65.989	930	1	3
66.175	931	1	2
66.175	932	3	2
66.175	933	4	3
66.268	934	1	3
66.362	935	1	1
66.362	936	2	1
66.362	937	3	3
66.548	938	2	1
66.548	939	4	2
66.594	940	3	1
66.734	941	1	2
66.734	942	2	2
66.734	943	4	3
66.827	944	2	3
66.921	945	4	2
66.921	946	1	3
67.107	947	1	2
67.107	948	2	2
67.107	949	4	3
67.293	950	3	1
67.293	951	2	3
67.480	952	2	2
67.480	953	4	2
67.480	954	1	3
67.573	955	2	3
67.666	956	1	1
67.666	957	4	3
67.852	958	2	1
67.852	959	3	1
68.039	960	1	2
68.039	961	3	1
68.039	962	4	2
68.132	963	4	3
68.225	964	3	2
68.318	965	1	3
68.411	966	1	1
68.411	967	2	1
68.411	968	4	1
68.411	969	3	3
68.598	970	2	1
68.784	971	1	2
68.784	972	4	2
68.970	973	3	1
68.970	974	1	3
69.157	975	1	2
69.157	976	2	2
69.157	977	4	3
69.250	978	2	3
69.343	979	3	1
69.343	980	4	1
69.343	981	1	3
69.529	982	1	1
69.529	983	4	1
69.576	984	2	1
69.716	985	1	2
69.716	986	3	2
69.902	987	4	1
69.902	988	1	3
69.902	989	3	3
70.088	990	1	2
70.088	991	2	2
70.275	992	3	1
70.275	993	2	3
70.321	994	4	1
70.461	995	2	2
70.461	996	3	2
70.461	997	1	3
70.554	998	2	3
70.647	999	1	1
70.647	1000	3	3
70.834	1001	3	1
70.834	1002	4	2
70.927	1003	4	3
71.020	1004	1	2
71.020	1005	2	1
71.020	1006	3	1
71.206	1007	4	2
71.299	1008	1	3
71.299	1009	4	3
71.393	1010	2	2
71.393	1011	3	1
71.393	1012	4	2
71.486	1013	4	3
71.579	1014	3	1
71.579	1015	2	3
71.765	1016	1	2
71.765	1017	2	1
71.765	1018	4	2
71.952	1019	3	2
71.952	1020	1	3
72.138	1021	1	2
72.138	1022	2	2
72.138	1023	3	3
72.138	1024	4	3
72.231	1025	2	3
72.324	1026	3	2
72.324	1027	4	1
72.324	1028	1	3
72.511	1029	1	1
72.511	1030	4	1
72.511	1031	3	3
72.557	1032	2	1
72.697	1033	1	2
72.697	1034	3	2
72.790	1035	1	3
72.883	1036	2	1
72.883	1037	3	3
73.070	1038	1	2
73.070	1039	4	2
73.256	1040	3	1
73.256	1041	4	3
73.442	1042	2	2
73.442	1043	4	2
73.442	1044	1	3
73.535	1045	2	3
73.629	1046	1	1
73.629	1047	4	3
73.815	1048	2	1
73.815	1049	3	1
74.001	1050	1	2
74.001	1051	3	1
74.001	1052	4	2
74.094	1053	4	3
74.188	1054	2	2
74.188	1055	1	3
74.374	1056	1	2
74.374	1057	3	2
74.374	1058	2	3
74.467	1059	3	3
74.560	1060	3	1
74.560	1061	1	3
74.622	1062	4	2
74.747	1063	1	2
74.747	1064	2	2
74.933	1065	3	1
74.933	1066	2	3
75.119	1067	2	2
75.119	1068	3	2
75.119	1069	1	3
75.119	1070	4	3
75.212	1071	3	3
75.306	1072	1	1
75.306	1073	4	1
75.306	1074	2	3
75.492	1075	2	1
75.492	1076	4	1
75.539	1077	3	1
75.678	1078	1	2
75.678	1079	2	2
75.772	1080	2	3
75.865	1081	3	1
75.865	1082	1	3
76.051	1083	2	2
76.051	1084	3	1
76.113	1085	4	2
76.237	1086	1	1
76.237	1087	2	3
76.424	1088	2	2
76.424	1089	3	2
76.424	1090	4	3
76.610	1091	1	1
76.610	1092	2	3
76.610	1093	3	3
76.796	1094	4	2
76.983	1095	1	2
76.983	1096	2	1
76.983	1097	3	2
76.983	1098	4	3
77.076	1099	1	3
77.169	1100	1	2
77.169	1101	3	3
77.355	1102	2	1
77.355	1103	3	1
77.355	1104	4	2
77.355	1105	1	3
77.542	1106	2	2
77.542	1107	4	3
77.728	1108	1	1
77.728	1109	4	1
77.914	1110	3	2
77.914	1111	4	2
77.914	1112	2	3
78.008	1113	3	3
78.008	1114	4	3
78.101	1115	1	2
78.101	1116	2	2
78.194	1117	2	3
78.287	1118	2	2
78.287	1119	3	1
78.287	1120	1	3
78.473	1121	1	1
78.473	1122	4	1
78.520	1123	3	1
78.660	1124	1	2
78.660	1125	4	2
78.660	1126	2	3
78.753	1127	1	3
78.846	1128	2	2
78.846	1129	4	3
79.032	1130	1	2
79.032	1131	3	2
79.032	1132	2	3
79.219	1133	4	1
79.219	1134	1	3
79.405	1135	1	2
79.405	1136	2	2
79.405	1137	3	3
79.591	1138	4	1
79.591	1139	2	3
79.778	1140	2	2
79.778	1141	3	1
79.778	1142	1	3
79.964	1143	1	2
79.964	1144	3	1
79.964	1145	4	2
79.964	1146	2	3
80.150	1147	2	2
80.150	1148	1	3
80.150	1149	4	3
80.337	1150	3	2
80.337	1151	4	2
80.337	1152	2	3
80.523	1153	1	1
80.523	1154	3	3
80.523	1155	4	3
80.585	1156	2	1
80.647	1157	3	2
80.709	1158	1	2
80.709	1159	2	1
80.896	1160	4	1
80.896	1161	1	3
81.082	1162	2	2
81.268	1163	1	1
81.268	1164	4	1
81.268	1165	2	3
81.268	1166	3	3
81.455	1167	2	1
81.455	1168	4	1
81.501	1169	3	1
81.641	1170	1	2
81.641	1171	4	2
81.734	1172	4	3
81.827	1173	2	1
81.827	1174	1	3
82.014	1175	3	2
82.014	1176	4	2
82.200	1177	2	1
82.200	1178	3	3
82.386	1179	1	2
82.386	1180	3	2
82.386	1181	4	3
82.480	1182	3	3
82.573	1183	3	1
82.573	1184	1	3
82.759	1185	2	1
82.759	1186	4	1
82.945	1187	1	2
82.945	1188	2	2
82.945	1189	3	1
83.039	1190	2	3
83.132	1191	4	1
83.132	1192	1	3
83.194	1193	3	1
83.256	1194	4	1
83.318	1195	1	1
83.318	1196	2	1
83.504	1197	1	1
83.504	1198	4	1
83.691	1199	2	2
83.691	1200	3	1
83.691	1201	4	2
83.753	1202	1	2
83.877	1203	3	1
83.877	1204	1	3
83.877	1205	2	3
83.970	1206	2	1
84.063	1207	1	2
84.063	1208	3	2
84.063	1209	4	3
84.157	1210	3	3
84.250	1211	2	1
84.250	1212	4	1
84.250	1213	1	3
84.436	1214	1	1
84.436	1215	4	1
84.483	1216	3	1
84.622	1217	2	2
84.685	1218	1	2
84.809	1219	3	1
84.809	1220	1	3
84.809	1221	2	3
84.995	1222	1	2
84.995	1223	4	2
85.181	1224	2	1
85.181	1225	1	3
85.368	1226	1	2
85.368	1227	3	2
85.368	1228	4	3
85.461	1229	3	3
85.554	1230	2	2
85.554	1231	1	3
85.740	1232	3	2
85.740	1233	4	1
85.740	1234	2	3
85.927	1235	1	2
85.927	1236	2	1
85.927	1237	4	2
85.927	1238	3	3
86.020	1239	4	3
86.113	1240	2	2
86.113	1241	1	3
86.299	1242	1	2
86.299	1243	3	1
86.299	1244	4	2
86.299	1245	2	3
86.393	1246	1	3
86.486	1247	1	1
86.486	1248	4	3
86.672	1249	3	2
86.672	1250	4	2
86.765	1251	3	3
86.858	1252	2	1
86.858	1253	4	3
86.952	1254	3	1
87.045	1255	1	2
87.045	1256	4	2
87.138	1257	4	3
87.231	1258	2	1
87.231	1259	3	1
87.231	1260	1	3
87.417	1261	1	1
87.417	1262	4	1
87.464	1263	3	1
87.604	1264	1	2
87.604	1265	2	2
87.697	1266	2	3
87.790	1267	3	2
87.883	1268	1	3
87.883	1269	3	3
87.976	1270	2	2
87.976	1271	4	2
88.070	1272	2	3
88.163	1273	1	1
88.163	1274	3	2
88.256	1275	3	3
88.256	1276	4	3
88.349	1277	2	2
88.349	1278	4	2
88.442	1279	4	3
88.535	1280	3	2
88.535	1281	2	3
88.722	1282	1	2
88.722	1283	2	2
88.722	1284	4	2
88.722	1285	3	3
88.815	1286	1	3
88.815	1287	2	3
88.815	1288	4	3
88.908	1289	1	2
88.908	1290	2	1
88.908	1291	4	2
89.094	1292	3	1
89.094	1293	1	3
89.094	1294	4	3
89.281	1295	1	1
89.281	1296	2	2
89.281	1297	4	1
89.467	1298	3	2
89.467	1299	2	3
89.653	1300	1	1
89.653	1301	4	2
89.653	1302	3	3
89.716	1303	2	2
89.747	1304	4	3
89.840	1305	4	2
89.840	1306	2	3
90.026	1307	1	2
90.026	1308	2	2
90.026	1309	4	3
90.119	1310	2	3
90.212	1311	3	1
90.212	1312	4	1
90.212	1313	1	3
90.399	1314	1	1
90.399	1315	4	1
90.445	1316	2	1
90.585	1317	1	2
90.585	1318	3	2
90.678	1319	1	3
90.772	1320	2	2
90.772	1321	3	3
90.958	1322	1	2
90.958	1323	4	2
90.958	1324	2	3
91.051	1325	4	3
91.144	1326	4	2
91.144	1327	1	3
91.237	1328	4	3
91.331	1329	2	2
91.331	1330	4	2
91.424	1331	4	3
91.517	1332	3	1
91.517	1333	2	3
91.703	1334	1	1
91.703	1335	2	2
91.890	1336	1	1
91.890	1337	3	1
91.890	1338	4	1
91.890	1339	2	3
92.076	1340	3	1
92.138	1341	4	2
92.262	1342	1	1
92.262	1343	2	2
92.262	1344	3	1
92.262	1345	4	3
92.449	1346	4	2
92.449	1347	2	3
92.635	1348	1	2
92.635	1349	2	2
92.635	1350	4	3
92.728	1351	2	3
92.821	1352	3	2
92.821	1353	1	3
93.008	1354	1	2
93.008	1355	4	2
93.008	1356	3	3
93.101	1357	1	3
93.194	1358	2	1
93.194	1359	3	1
93.194	1360	4	3
93.380	1361	1	1
93.380	1362	4	1
93.427	1363	2	1
93.567	1364	3	2
93.567	1365	4	2
93.660	1366	4	3
93.753	1367	1	1
93.753	1368	3	3
93.939	1369	2	2
93.939	1370	3	2
94.032	1371	3	3
94.126	1372	4	1
94.126	1373	2	3
94.312	1374	1	2
94.312	1375	2	2
94.405	1376	2	3
94.498	1377	3	1
94.498	1378	1	3
94.685	1379	2	1
94.685	1380	4	1
94.871	1381	1	2
94.871	1382	3	1
94.871	1383	4	1
95.057	1384	3	1
95.057	1385	1	3
95.244	1386	1	1
95.244	1387	2	1
95.244	1388	4	2
95.430	1389	2	1
95.616	1390	1	2
95.616	1391	2	2
95.616	1392	3	1
95.616	1393	4	3
95.803	1394	4	1
95.803	1395	2	3
95.989	1396	2	2
95.989	1397	3	2
95.989	1398	1	3
96.082	1399	2	3
96.175	1400	1	1
96.175	1401	4	1
96.175	1402	3	3
96.362	1403	1	1
96.362	1404	3	1
96.408	1405	2	1
96.548	1406	2	2
96.548	1407	4	2
96.641	1408	2	3
96.734	1409	1	1
96.734	1410	4	3
96.921	1411	2	2
96.921	1412	3	2
97.014	1413	3	3
97.107	1414	4	1
97.107	1415	2	3
97.293	1416	1	2
97.293	1417	2	2
97.386	1418	2	3
97.480	1419	3	1
97.480	1420	1	3
97.666	1421	1	1
97.666	1422	2	1
97.852	1423	1	1
97.852	1424	3	2
97.852	1425	4	2
97.945	1426	3	3
98.039	1427	2	1
98.039	1428	4	3
98.225	1429	1	2
98.225	1430	2	2
98.225	1431	4	1
98.318	1432	2	3
98.411	1433	3	1
98.411	1434	1	3
98.598	1435	1	2
98.598	1436	4	2
98.691	1437	1	3
98.784	1438	2	1
98.784	1439	4	3
98.970	1440	1	2
98.970	1441	4	2
99.157	1442	2	1
99.157	1443	3	1
99.157	1444	4	3
99.343	1445	2	1
99.343	1446	4	1
99.343	1447	1	3
99.390	1448	3	1
99.529	1449	1	2
99.529	1450	4	2
99.622	1451	1	3
99.716	1452	2	1
99.716	1453	4	3
99.902	1454	1	2
99.902	1455	2	2
99.995	1456	2	3
100.088	1457	4	1
100.088	1458	1	3
100.275	1459	2	2
100.275	1460	3	2
100.461	1461	1	1
100.461	1462	2	3
100.647	1463	2	1
100.647	1464	4	1
100.647	1465	3	3
100.834	1466	1	1
100.834	1467	2	2
100.834	1468	3	2
100.927	1469	2	3
101.020	1470	1	1
101.020	1471	3	3
101.206	1472	2	1
101.206	1473	3	2
101.206	1474	4	2
101.299	1475	3	3
101.393	1476	1	1
101.393	1477	4	3
101.579	1478	3	2
101.579	1479	4	2
101.672	1480	3	3
101.765	1481	2	1
101.765	1482	4	3
101.952	1483	1	2
101.952	1484	4	2
102.045	1485	1	3
102.138	1486	1	1
102.138	1487	2	1
102.138	1488	4	3
102.324	1489	2	1
102.324	1490	4	2
102.371	1491	3	1
102.511	1492	1	2
102.511	1493	3	2
102.511	1494	4	3
102.604	1495	3	3
102.697	1496	4	2
102.697	1497	1	3
102.883	1498	1	2
102.883	1499	2	2
102.883	1500	4	3
102.976	1501	2	3
103.070	1502	3	1
103.070	1503	1	3
103.116	1504	4	1
103.256	1505	2	2
103.256	1506	3	2
103.349	1507	2	3
103.442	1508	1	1
103.442	1509	3	3
103.629	1510	3	1
103.629	1511	4	1
103.815	1512	1	2
103.815	1513	2	2
103.815	1514	4	1
104.001	1515	3	1
104.001	1516	2	3
104.188	1517	2	1
104.188	1518	3	2
104.188	1519	4	2
104.188	1520	1	3
104.374	1521	1	1
104.374	1522	3	3
104.560	1523	1	2
104.560	1524	2	2
104.560	1525	4	3
104.653	1526	2	3
104.747	1527	3	1
104.747	1528	1	3
104.933	1529	1	2
104.933	1530	4	2
105.119	1531	2	1
105.119	1532	3	1
105.119	1533	1	3
105.306	1534	1	1
105.306	1535	3	1
105.306	1536	4	3
105.352	1537	2	1
105.492	1538	1	2
105.492	1539	4	2
105.678	1540	3	1
105.678	1541	4	3
105.865	1542	3	1
105.865	1543	4	2
105.865	1544	1	3
105.958	1545	2	2
106.237	1546	1	2
106.237	1547	3	2
106.237	1548	2	3
106.237	1549	4	3
106.424	1550	3	3
106.610	1551	2	1
106.610	1552	3	1
106.610	1553	1	3
106.796	1554	1	1
106.796	1555	2	1
106.796	1556	4	1
106.983	1557	4	1
107.045	1558	3	1
107.107	1559	4	1
107.169	1560	1	1
107.169	1561	2	1
107.355	1562	1	1
107.355	1563	4	1
107.542	1564	2	1
107.542	1565	3	2
107.542	1566	4	2
107.635	1567	4	3
107.728	1568	1	2
107.728	1569	3	3
107.914	1570	3	2
107.914	1571	4	2
107.914	1572	1	3
108.101	1573	2	2
108.101	1574	3	3
108.287	1575	1	1
108.287	1576	3	2
108.287	1577	2	3
108.287	1578	4	3
108.473	1579	1	2
108.473	1580	2	2
108.473	1581	3	3
108.567	1582	2	3
108.660	1583	4	2
108.660	1584	1	3
108.846	1585	2	2
108.846	1586	3	2
108.846	1587	4	3
108.939	1588	2	3
109.032	1589	4	1
109.032	1590	3	3
109.219	1591	1	2
109.219	1592	2	2
109.405	1593	4	1
109.405	1594	2	3
109.591	1595	2	1
109.591	1596	3	1
109.591	1597	1	3
109.778	1598	3	2
109.778	1599	4	2
109.964	1600	1	1
109.964	1601	3	3
109.964	1602	4	3
110.150	1603	3	2
110.150	1604	4	2
110.337	1605	2	1
110.337	1606	3	3
110.523	1607	1	2
110.523	1608	3	2
110.523	1609	4	3
110.616	1610	1	3
110.616	1611	3	3
110.709	1612	4	1
110.896	1613	1	2
110.896	1614	3	2
111.082	1615	2	1
111.082	1616	1	3
111.268	1617	1	1
111.268	1618	4	1
111.268	1619	3	3
111.455	1620	3	2
111.455	1621	4	2
111.548	1622	3	3
111.548	1623	4	3
111.641	1624	1	1
111.827	1625	1	2
111.827	1626	2	2
111.921	1627	1	3
111.921	1628	2	3
112.014	1629	4	1
112.200	1630	1	2
112.200	1631	3	2
112.386	1632	4	1
112.386	1633	3	3
112.573	1634	2	1
112.573	1635	3	1
112.573	1636	1	3
112.759	1637	1	2
112.759	1638	2	2
112.945	1639	4	1
112.945	1640	1	3
112.945	1641	2	3
113.132	1642	3	2
113.132	1643	4	2
113.318	1644	1	1
113.318	1645	3	3
113.318	1646	4	3
113.504	1647	2	2
113.504	1648	4	2
113.598	1649	2	3
113.691	1650	1	1
113.691	1651	4	3
113.877	1652	3	2
113.877	1653	4	2
114.063	1654	2	1
114.063	1655	3	3
114.250	1656	1	1
114.250	1657	3	1
114.250	1658	4	3
114.436	1659	2	2
114.436	1660	4	2
114.529	1661	2	3
114.622	1662	3	1
114.622	1663	4	3
114.809	1664	1	2
114.809	1665	3	2
114.902	1666	1	3
114.995	1667	4	1
114.995	1668	3	3
115.181	1669	1	2
115.181	1670	2	2
115.368	1671	3	1
115.368	1672	2	3
115.554	1673	2	1
115.554	1674	4	1
115.554	1675	1	3
115.740	1676	1	2
115.740	1677	2	2
115.927	1678	3	1
115.927	1679	1	3
115.927	1680	2	3
116.113	1681	3	2
116.113	1682	4	2
116.299	1683	1	1
116.299	1684	3	3
116.299	1685	4	3
116.486	1686	2	2
116.486	1687	4	2
116.579	1688	2	3
116.579	1689	4	3
116.858	1690	1	2
116.858	1691	4	2
117.045	1692	3	1
117.045	1693	1	3
117.231	1694	1	1
117.231	1695	2	1
117.231	1696	4	3
117.417	1697	3	2
117.417	1698	4	2
117.604	1699	3	3
117.604	1700	4	3
117.790	1701	1	2
117.790	1702	2	2
117.976	1703	4	1
117.976	1704	1	3
117.976	1705	2	3
118.163	1706	2	2
118.163	1707	3	2
118.349	1708	1	1
118.349	1709	2	3
118.535	1710	2	1
118.535	1711	4	1
118.535	1712	3	3
118.722	1713	1	2
118.722	1714	2	2
118.908	1715	3	2
118.908	1716	1	3
118.908	1717	2	3
119.001	1718	3	3
119.094	1719	3	2
119.094	1720	4	2
119.281	1721	2	2
119.281	1722	3	3
119.281	1723	4	3
119.374	1724	2	3
119.467	1725	3	2
119.467	1726	4	2
119.560	1727	3	3
119.653	1728	1	2
119.653	1729	4	3
119.840	1730	3	2
119.840	1731	4	2
119.840	1732	1	3
120.026	1733	2	2
120.026	1734	3	3
120.212	1735	1	1
120.212	1736	3	2
120.212	1737	2	3
120.212	1738	4	3
120.399	1739	1	2
120.399	1740	2	2
120.399	1741	3	3
120.492	1742	1	3
120.585	1743	4	2
120.585	1744	2	3
120.772	1745	1	2
120.772	1746	3	2
120.772	1747	4	3
120.865	1748	1	3
120.958	1749	4	1
120.958	1750	3	3
121.144	1751	1	2
121.144	1752	2	2
121.331	1753	4	1
121.331	1754	2	3
121.517	1755	2	1
121.517	1756	3	1
121.517	1757	1	3
121.703	1758	3	2
121.703	1759	4	2
121.890	1760	1	1
121.890	1761	3	3
121.890	1762	4	3
122.076	1763	3	2
122.076	1764	4	2
122.262	1765	1	2
122.262	1766	3	3
122.324	1767	2	2
122.449	1768	3	2
122.449	1769	4	3
122.542	1770	1	3
122.542	1771	3	3
122.635	1772	4	1
122.821	1773	1	2
122.821	1774	3	2
122.821	1775	2	3
123.008	1776	2	1
123.008	1777	1	3
123.194	1778	1	1
123.194	1779	4	1
123.194	1780	3	3
123.380	1781	3	2
123.380	1782	4	2
123.473	1783	3	3
123.473	1784	4	3
123.567	1785	1	1
123.753	1786	1	2
123.799	1787	2	2
123.846	1788	1	3
123.939	1789	4	1
123.939	1790	2	3
124.126	1791	1	2
124.126	1792	3	2
124.312	1793	4	1
124.312	1794	3	3
124.498	1795	2	2
124.498	1796	3	1
124.498	1797	1	3
124.591	1798	2	3
124.685	1799	1	2
124.685	1800	3	2
124.871	1801	4	2
124.871	1802	1	3
124.871	1803	3	3
124.964	1804	4	3
125.057	1805	3	2
125.057	1806	4	2
125.244	1807	1	2
125.244	1808	3	3
125.244	1809	4	3
125.290	1810	2	2
125.430	1811	3	1
125.430	1812	4	1
125.430	1813	1	3
125.616	1814	4	2
125.616	1815	2	3
125.709	1816	4	3
125.803	1817	3	2
125.803	1818	4	2
125.989	1819	2	2
125.989	1820	3	3
126.175	1821	1	1
126.175	1822	3	1
126.175	1823	4	3
126.362	1824	1	2
126.362	1825	4	2
126.362	1826	2	3
126.455	1827	4	3
126.548	1828	2	1
126.548	1829	1	3
126.734	1830	1	2
126.734	1831	3	2
126.827	1832	1	3
126.921	1833	4	1
127.107	1834	1	2
127.107	1835	2	2
127.107	1836	3	3
127.293	1837	3	1
127.293	1838	2	3
127.480	1839	2	1
127.480	1840	4	1
127.480	1841	1	3
127.666	1842	1	2
127.666	1843	2	2
127.852	1844	4	1
127.852	1845	1	3
127.852	1846	2	3
128.039	1847	2	2
128.039	1848	3	2
128.225	1849	1	1
128.225	1850	2	3
128.225	1851	3	3
128.272	1852	4	2
128.411	1853	2	1
128.411	1854	3	1
128.598	1855	1	1
128.598	1856	4	3
128.784	1857	2	2
128.784	1858	4	2
128.970	1859	3	1
128.970	1860	2	3
129.157	1861	1	1
129.157	1862	2	1
129.157	1863	4	3
129.343	1864	3	2
129.343	1865	4	2
129.529	1866	1	1
129.529	1867	3	3
129.529	1868	4	3
129.716	1869	1	2
129.716	1870	2	2
129.902	1871	3	1
129.902	1872	4	1
129.902	1873	1	3
129.902	1874	2	3
130.088	1875	1	1
130.150	1876	2	1
130.212	1877	1	1
130.275	1878	3	1
130.275	1879	4	1
130.461	1880	3	1
130.461	1881	4	1
130.647	1882	1	1
130.647	1883	2	1
130.647	1884	4	1
131.020	1885	1	1
131.082	1886	4	1