Song Name	Chroma 'Heavenly' Mashup [EXTENDED CUT] (Hard) by Chroma (Arranged by CosmosGalaxies & iiJohn0)
Difficulty	34
Primary Color	Rush
Secondary Color	Rush
Last Note Time	333.712
Total Notes	4921
Fever Fill	1217
Fever Time	50.056800
Long Notes	1267
BPM	178
Song Length	336.732494331

Timing Points
9.055	333.3333
9.055	333.3333
54.564	400.0000
54.564	400.0000
55.005	400.0000
55.005	333.3333
55.251	333.3333
55.251	333.3333
62.072	333.3333
62.072	333.3333
71.405	333.3333
71.405	384.6154
72.655	333.3333
72.655	333.3333
72.805	384.6154
72.805	384.6154
76.330	384.6154
76.330	461.5385
77.253	400.0000
77.253	400.0000
79.655	400.0000
79.655	400.0000
118.255	400.0000
118.255	400.0000
131.029	278.4223
131.029	278.4223
135.483	279.1996
135.483	279.1996
182.389	295.9412
182.389	295.9412
192.134	295.9412
192.134	315.7895
194.060	308.8962
194.060	308.8962
215.082	308.8962
215.082	328.6681
234.473	328.6681
234.473	324.6665
235.122	328.6681
235.122	328.6681
235.780	315.7895
235.780	315.7895
236.250	272.7273
236.250	272.7273
237.134	256.4103
237.134	256.4103
237.781	256.4103
237.781	308.1664
238.397	308.1664
238.397	308.1664
275.077	308.1664
275.077	294.4063
277.128	338.9831
277.142	338.9831
282.113	338.9831
282.113	270.2703
282.180	284.3602
282.180	284.3602
282.251	300.0000
282.251	300.0000
282.326	300.0000
282.326	317.4603
282.405	352.9412
282.405	352.9412
282.493	352.9412
282.493	461.5385
282.608	500.0000
282.608	500.0000
282.733	500.0000
282.733	750.0000
282.920	750.0000
282.920	1200.0000
283.220	1200.0000
283.220	1578.9474
285.443	328.6681
285.443	328.6681
287.442	586.7971
287.442	586.7971
288.028	487.8049
288.028	487.8049
289.979	650.4065
289.979	650.4065
290.629	355.0296
290.629	355.0296
292.508	355.0296
292.508	464.2166
292.976	464.2166
292.976	571.4286
293.356	571.4286
293.356	609.1371
293.813	466.9261
293.813	466.9261
293.923	466.9261
293.923	466.9261
294.103	466.9261
294.103	466.9261
294.478	519.4805
294.478	519.4805
294.998	428.5714
294.998	428.5714
295.245	428.5714
295.245	472.4409
295.717	472.4409
295.717	333.3333
296.064	504.2017
296.064	504.2017
296.568	545.4545
296.568	545.4545
296.828	591.1330
296.828	591.1330
297.420	300.0000
297.420	300.0000
297.679	446.0967
297.679	446.0967
297.901	333.3333
297.901	333.3333
298.037	410.9589
298.037	410.9589
298.241	571.4286
298.241	571.4286
298.383	240.0000
298.383	240.0000
298.711	260.8696
298.713	260.8696
307.315	441.1765
307.315	441.1765
307.904	441.1765
307.904	441.1765


Song Data
6.388	1	1	2
6.721	2	4	2
6.721	3	1	3
7.055	4	1	1
7.055	5	4	3
7.221	6	2	1
7.388	7	3	1
7.555	8	4	1
7.721	9	1	1
7.888	10	2	1
8.055	11	3	1
8.221	12	4	1
8.388	13	1	1
8.555	14	2	1
8.721	15	3	1
8.888	16	4	1
9.055	17	1	1
9.221	18	2	1
9.388	19	3	1
9.555	20	4	1
9.721	21	1	1
9.888	22	2	1
10.054	23	3	1
10.221	24	4	1
10.388	25	1	1
10.554	26	2	1
10.721	27	3	1
10.888	28	4	1
11.054	29	1	2
11.054	30	2	1
11.638	31	1	3
11.721	32	2	2
11.721	33	3	1
11.721	34	4	1
12.054	35	3	2
12.054	36	2	3
12.221	37	1	1
12.388	38	2	1
12.388	39	4	2
12.388	40	3	3
12.721	41	3	2
12.721	42	4	3
12.888	43	2	1
13.054	44	1	2
13.054	45	4	1
13.054	46	3	3
13.221	47	2	1
13.388	48	3	1
13.388	49	4	1
13.554	50	2	1
13.721	51	3	1
13.721	52	4	1
13.721	53	1	3
13.888	54	2	2
14.054	55	3	2
14.054	56	2	3
14.221	57	4	2
14.221	58	3	3
14.388	59	1	2
14.388	60	2	1
14.388	61	4	3
14.471	62	4	2
14.471	63	1	3
14.554	64	2	2
14.554	65	4	3
14.721	66	1	2
14.721	67	2	3
14.888	68	4	1
15.054	69	2	1
15.054	70	3	1
15.388	71	3	1
15.554	72	2	1
15.721	73	3	1
15.721	74	4	1
15.888	75	2	1
16.054	76	3	1
16.054	77	4	1
16.388	78	2	1
16.388	79	4	1
16.554	80	4	1
16.721	81	2	1
16.888	82	3	1
17.054	83	2	2
17.054	84	3	1
17.054	85	4	1
17.054	86	1	3
17.388	87	3	2
17.388	88	2	3
17.554	89	1	1
17.721	90	2	1
17.721	91	4	2
17.721	92	3	3
18.054	93	3	2
18.054	94	4	3
18.221	95	2	1
18.388	96	1	2
18.388	97	4	1
18.388	98	3	3
18.554	99	2	1
18.721	100	3	1
18.721	101	4	1
18.888	102	2	1
19.054	103	3	1
19.054	104	4	1
19.054	105	1	3
19.221	106	2	2
19.388	107	3	2
19.388	108	2	3
19.554	109	4	2
19.554	110	3	3
19.721	111	1	1
19.721	112	3	2
19.721	113	4	3
19.888	114	2	2
19.888	115	3	3
20.054	116	1	2
20.054	117	2	3
20.221	118	4	1
20.388	119	2	1
20.388	120	3	1
20.554	121	4	1
20.721	122	3	1
20.888	123	2	1
21.054	124	3	1
21.054	125	4	2
21.054	126	1	3
21.221	127	1	1
21.388	128	2	1
21.388	129	3	1
21.554	130	2	1
21.721	131	1	1
21.721	132	3	1
21.888	133	1	1
21.888	134	3	1
22.054	135	2	1
22.054	136	3	1
22.221	137	2	1
22.221	138	3	1
22.388	139	1	1
22.388	140	2	2
22.388	141	3	1
22.388	142	4	3
22.721	143	3	2
22.721	144	2	3
22.888	145	1	1
23.054	146	2	1
23.054	147	4	2
23.054	148	3	3
23.388	149	3	2
23.388	150	4	3
23.554	151	2	1
23.721	152	1	2
23.721	153	4	1
23.721	154	3	3
23.888	155	2	1
24.054	156	3	1
24.054	157	4	1
24.221	158	2	1
24.388	159	3	1
24.388	160	4	1
24.388	161	1	3
24.554	162	2	2
24.721	163	3	2
24.721	164	2	3
24.888	165	4	2
24.888	166	3	3
25.054	167	1	2
25.054	168	2	1
25.054	169	4	3
25.138	170	4	2
25.138	171	1	3
25.221	172	2	2
25.221	173	4	3
25.388	174	1	2
25.388	175	2	3
25.554	176	4	1
25.721	177	2	1
25.721	178	3	1
25.721	179	1	3
25.888	180	1	2
26.054	181	2	2
26.054	182	1	3
26.221	183	4	2
26.221	184	2	3
26.388	185	1	1
26.388	186	3	2
26.388	187	4	3
26.554	188	4	1
26.721	189	2	2
26.721	190	3	3
26.888	191	1	1
27.054	192	3	1
27.054	193	4	2
27.054	194	2	3
27.221	195	1	1
27.388	196	2	1
27.554	197	3	1
27.721	198	1	2
27.721	199	2	1
27.721	200	3	1
27.721	201	4	3
28.054	202	4	1
28.221	203	2	1
28.388	204	3	1
28.388	205	4	1
28.721	206	2	2
28.721	207	1	3
28.888	208	3	2
28.888	209	2	3
29.054	210	1	1
29.054	211	4	2
29.054	212	3	3
29.221	213	3	1
29.388	214	1	1
29.388	215	2	1
29.554	216	3	1
29.721	217	1	1
29.721	218	2	1
30.054	219	2	1
30.221	220	3	1
30.388	221	1	2
30.388	222	2	1
30.388	223	4	3
30.721	224	2	1
30.888	225	4	1
31.054	226	2	1
31.054	227	3	1
31.221	228	4	1
31.388	229	3	1
31.554	230	2	1
31.721	231	3	1
31.721	232	4	1
31.888	233	2	1
32.054	234	3	1
32.054	235	4	1
32.221	236	3	1
32.388	237	2	1
32.388	238	4	1
32.554	239	2	1
32.554	240	4	1
32.721	241	3	1
32.721	242	4	1
32.888	243	3	1
32.888	244	4	1
33.054	245	2	1
33.054	246	3	1
33.054	247	4	1
33.054	248	1	3
33.721	249	2	1
33.721	250	3	2
33.888	251	3	3
34.054	252	3	2
34.221	253	4	2
34.221	254	3	3
34.388	255	1	1
34.388	256	2	2
34.388	257	4	3
34.554	258	2	3
34.721	259	1	1
34.721	260	2	2
34.888	261	4	2
35.054	262	3	1
35.388	263	1	2
35.388	264	3	2
35.388	265	2	3
35.388	266	4	3
35.721	267	2	1
35.721	268	4	1
35.721	269	1	3
35.721	270	3	3
36.388	271	2	1
36.388	272	3	2
36.554	273	1	2
36.554	274	3	3
36.721	275	3	2
36.721	276	1	3
36.888	277	1	2
36.888	278	3	3
36.971	279	2	1
37.054	280	3	2
37.054	281	4	1
37.054	282	1	3
37.221	283	1	2
37.388	284	2	1
37.388	285	4	1
37.554	286	2	2
37.554	287	4	2
37.554	288	1	3
37.554	289	3	3
37.721	290	1	1
38.054	291	3	1
38.388	292	1	1
38.388	293	3	1
38.388	294	2	3
38.388	295	4	3
39.054	296	3	1
39.054	297	4	2
39.221	298	2	2
39.388	299	1	2
39.388	300	2	3
39.388	301	4	3
39.554	302	3	1
39.638	303	4	1
39.721	304	2	1
39.721	305	3	1
39.721	306	1	3
40.054	307	1	1
40.054	308	2	1
40.388	309	3	1
40.388	310	4	2
40.554	311	2	2
40.721	312	1	2
40.721	313	2	3
40.721	314	4	3
40.888	315	3	1
40.971	316	4	1
41.054	317	2	1
41.054	318	3	1
41.054	319	1	3
41.721	320	1	2
41.721	321	2	1
41.888	322	4	1
41.888	323	1	3
42.054	324	1	2
42.221	325	3	1
42.221	326	1	3
42.304	327	3	1
42.388	328	2	2
42.388	329	4	1
42.554	330	3	2
42.721	331	1	1
42.721	332	4	1
42.721	333	2	3
42.721	334	3	3
42.888	335	2	2
43.054	336	4	1
43.221	337	1	2
43.221	338	2	3
43.388	339	3	1
43.721	340	2	1
43.721	341	4	1
43.721	342	1	3
44.054	343	3	1
44.221	344	1	1
44.388	345	2	2
44.388	346	4	1
44.554	347	1	2
44.554	348	2	3
44.721	349	3	2
44.721	350	1	3
44.888	351	4	2
44.888	352	3	3
45.054	353	1	1
45.054	354	2	2
45.054	355	4	3
45.221	356	3	1
45.221	357	2	3
45.388	358	1	1
45.388	359	2	2
45.554	360	4	2
45.721	361	3	1
46.054	362	1	2
46.054	363	3	2
46.054	364	2	3
46.054	365	4	3
46.388	366	2	1
46.388	367	4	1
46.388	368	1	3
46.388	369	3	3
46.721	370	1	1
46.888	371	4	1
47.054	372	2	1
47.054	373	3	2
47.221	374	1	2
47.221	375	3	3
47.388	376	3	2
47.388	377	1	3
47.554	378	1	2
47.554	379	3	3
47.638	380	2	1
47.721	381	3	2
47.721	382	4	1
47.721	383	1	3
47.888	384	1	2
48.054	385	2	1
48.054	386	4	1
48.221	387	2	2
48.221	388	4	2
48.221	389	1	3
48.221	390	3	3
48.388	391	1	1
48.721	392	3	1
49.054	393	1	1
49.054	394	3	1
49.054	395	2	3
49.054	396	4	3
49.388	397	2	1
49.554	398	1	1
49.721	399	3	1
49.721	400	4	2
49.888	401	2	2
50.054	402	1	2
50.054	403	2	3
50.054	404	4	3
50.221	405	3	1
50.304	406	4	1
50.388	407	2	1
50.388	408	3	1
50.388	409	1	3
50.721	410	1	1
50.721	411	2	1
50.888	412	1	1
51.054	413	3	1
51.054	414	4	2
51.221	415	2	2
51.388	416	1	2
51.388	417	2	3
51.388	418	4	3
51.554	419	3	1
51.638	420	4	1
51.721	421	2	1
51.721	422	3	1
51.721	423	1	3
52.054	424	1	2
52.221	425	3	2
52.221	426	1	3
52.304	427	4	1
52.388	428	1	2
52.388	429	2	1
52.388	430	3	3
52.554	431	1	3
52.721	432	1	2
52.888	433	3	2
52.888	434	1	3
53.054	435	1	2
53.054	436	2	1
53.054	437	4	2
53.054	438	3	3
53.221	439	1	3
53.388	440	1	1
53.388	441	2	2
53.554	442	3	2
53.554	443	2	3
53.721	444	1	1
53.721	445	2	1
53.721	446	3	3
53.721	447	4	3
53.888	448	3	1
54.054	449	1	1
54.096	450	2	1
54.221	451	4	1
54.242	452	3	1
54.388	453	3	1
54.409	454	2	1
54.534	455	1	1
54.564	456	4	1
54.614	457	3	1
54.664	458	1	1
54.714	459	2	1
54.764	460	3	1
54.764	461	4	1
54.830	462	2	1
54.897	463	1	1
54.939	464	4	1
55.005	465	2	1
55.005	466	3	1
55.088	467	1	1
55.171	468	3	1
55.251	469	1	1
55.251	470	4	1
55.417	471	2	1
55.501	472	3	1
55.584	473	1	1
55.584	474	2	1
55.626	475	4	1
55.667	476	3	1
55.709	477	2	1
55.751	478	1	1
55.751	479	4	1
55.834	480	3	1
55.917	481	1	1
55.917	482	2	1
55.917	483	4	1
56.084	484	2	1
56.251	485	1	1
56.251	486	3	1
56.251	487	4	1
56.334	488	2	1
56.376	489	3	1
56.417	490	1	1
56.417	491	4	1
56.501	492	2	1
56.584	493	3	1
56.584	494	4	1
56.667	495	1	1
56.751	496	2	1
56.834	497	3	1
56.876	498	2	1
56.917	499	1	1
56.917	500	4	1
57.084	501	3	1
57.084	502	4	1
57.167	503	2	1
57.251	504	1	1
57.251	505	3	1
57.251	506	4	1
57.417	507	1	1
57.501	508	2	1
57.501	509	4	1
57.584	510	1	1
57.584	511	3	1
57.751	512	2	1
57.751	513	4	1
57.917	514	1	1
57.917	515	3	1
57.917	516	4	1
58.084	517	4	1
58.126	518	3	1
58.167	519	2	1
58.209	520	1	1
58.251	521	3	1
58.251	522	4	1
58.417	523	1	1
58.417	524	2	1
58.473	525	3	1
58.528	526	2	1
58.584	527	1	1
58.584	528	3	1
58.584	529	4	1
58.750	530	3	1
58.834	531	1	1
58.834	532	2	1
58.917	533	3	1
58.917	534	4	1
59.084	535	1	1
59.084	536	2	1
59.139	537	3	1
59.195	538	2	1
59.250	539	1	1
59.250	540	3	1
59.250	541	4	1
59.417	542	2	2
59.500	543	3	2
59.584	544	1	1
59.584	545	4	1
59.584	546	2	3
59.584	547	3	3
59.834	548	2	1
59.834	549	3	1
60.084	550	1	1
60.084	551	2	1
60.250	552	4	2
60.417	553	1	2
60.417	554	4	3
60.584	555	2	2
60.584	556	1	3
60.625	557	4	1
60.750	558	3	2
60.750	559	2	3
60.834	560	1	1
60.917	561	4	2
60.917	562	3	3
60.959	563	2	1
61.084	564	3	2
61.084	565	4	3
61.250	566	1	1
61.250	567	3	3
61.306	568	2	1
61.362	569	3	1
61.417	570	4	1
61.473	571	1	1
61.528	572	2	1
61.584	573	4	1
61.625	574	3	1
61.667	575	2	1
61.709	576	1	1
61.750	577	3	1
61.750	578	4	1
61.862	579	2	1
61.862	580	3	1
61.973	581	1	1
61.973	582	2	1
62.072	583	1	1
62.072	584	3	1
62.072	585	4	1
62.155	586	2	1
62.238	587	4	1
62.322	588	2	1
62.322	589	3	1
62.405	590	1	1
62.488	591	3	1
62.572	592	1	1
62.572	593	4	1
62.738	594	2	1
62.822	595	3	1
62.905	596	1	1
62.905	597	2	1
62.947	598	4	1
62.988	599	3	1
63.030	600	2	1
63.072	601	1	1
63.072	602	4	1
63.155	603	3	1
63.238	604	1	1
63.238	605	2	1
63.238	606	4	1
63.405	607	2	1
63.572	608	1	1
63.572	609	3	1
63.572	610	4	1
63.655	611	2	1
63.697	612	3	1
63.738	613	1	1
63.738	614	4	1
63.822	615	2	1
63.905	616	3	1
63.905	617	4	1
63.988	618	1	1
64.072	619	2	1
64.155	620	3	1
64.197	621	2	1
64.238	622	1	1
64.238	623	4	1
64.405	624	3	1
64.405	625	4	1
64.488	626	2	1
64.572	627	1	1
64.572	628	3	1
64.572	629	4	1
64.738	630	1	1
64.822	631	2	1
64.822	632	4	1
64.905	633	1	1
64.905	634	3	1
65.072	635	2	1
65.072	636	4	1
65.238	637	1	1
65.238	638	3	1
65.238	639	4	1
65.405	640	4	1
65.447	641	3	1
65.488	642	2	1
65.530	643	1	1
65.572	644	3	1
65.572	645	4	1
65.738	646	1	1
65.738	647	2	1
65.794	648	3	1
65.842	649	2	1
65.905	650	1	1
65.905	651	3	1
65.905	652	4	1
66.072	653	3	1
66.155	654	1	1
66.155	655	2	1
66.238	656	3	1
66.238	657	4	1
66.405	658	1	1
66.405	659	2	1
66.460	660	3	1
66.509	661	2	1
66.572	662	1	1
66.572	663	3	1
66.572	664	4	1
66.738	665	2	2
66.822	666	3	2
66.905	667	1	1
66.905	668	4	1
66.905	669	2	3
66.905	670	3	3
67.155	671	2	1
67.155	672	3	1
67.405	673	1	1
67.405	674	2	1
67.572	675	4	2
67.738	676	1	2
67.738	677	4	3
67.905	678	2	2
67.905	679	1	3
67.947	680	4	1
68.072	681	3	2
68.072	682	2	3
68.155	683	1	1
68.238	684	4	2
68.238	685	3	3
68.280	686	2	1
68.405	687	3	2
68.405	688	4	3
68.572	689	1	1
68.572	690	3	3
68.627	691	2	1
68.676	692	3	1
68.738	693	4	1
68.794	694	1	1
68.849	695	2	1
68.905	696	4	1
68.947	697	3	1
68.988	698	2	1
69.030	699	1	1
69.072	700	3	1
69.072	701	4	1
69.176	702	2	1
69.176	703	3	1
69.294	704	1	1
69.294	705	2	1
69.405	706	1	1
69.405	707	3	1
69.405	708	4	1
69.571	709	2	1
69.655	710	3	1
69.655	711	4	1
69.738	712	1	1
69.905	713	3	1
69.905	714	4	1
69.988	715	2	1
70.127	716	3	1
70.127	717	4	1
70.238	718	1	1
70.349	719	3	1
70.349	720	4	1
70.446	721	2	1
70.571	722	3	1
70.571	723	4	1
70.655	724	1	1
70.738	725	3	1
70.738	726	4	1
70.821	727	2	1
70.905	728	3	1
70.905	729	4	1
70.988	730	1	1
71.009	731	3	1
71.009	732	4	1
71.113	733	3	1
71.113	734	4	1
71.196	735	1	1
71.238	736	2	1
71.280	737	3	1
71.321	738	4	1
71.405	739	1	2
71.405	740	2	2
71.405	741	3	1
71.501	742	1	3
71.501	743	2	3
71.597	744	2	2
71.597	745	3	2
71.597	746	4	1
71.693	747	2	3
71.693	748	3	3
71.789	749	1	1
71.789	750	3	2
71.789	751	4	2
71.885	752	3	3
71.885	753	4	3
72.655	754	2	1
72.710	755	3	1
72.766	756	4	1
72.805	757	1	2
72.805	758	2	2
73.061	759	4	2
73.061	760	2	3
73.189	761	2	2
73.189	762	4	3
73.317	763	3	2
73.446	764	4	2
75.753	765	1	3
75.753	766	2	3
75.753	767	3	3
75.753	768	4	3
76.074	769	2	1
76.074	770	3	1
76.330	771	2	2
76.522	772	1	1
76.522	773	2	3
76.599	774	4	2
76.714	775	4	3
76.733	776	1	1
76.791	777	2	1
76.849	778	3	1
76.906	779	2	2
76.906	780	4	1
77.099	781	3	2
77.253	782	1	1
77.253	783	4	2
77.253	784	2	3
77.253	785	3	3
77.453	786	3	1
77.553	787	4	3
77.653	788	1	1
77.653	789	2	1
77.653	790	4	2
77.853	791	3	1
77.986	792	1	2
77.986	793	2	1
77.986	794	4	3
78.253	795	4	1
78.386	796	2	1
78.453	797	3	1
78.453	798	4	1
78.653	799	2	1
78.786	800	4	1
78.853	801	2	1
78.853	802	3	1
79.053	803	4	1
79.186	804	2	1
79.253	805	3	1
79.253	806	4	1
79.253	807	1	3
79.453	808	2	1
79.586	809	3	1
79.653	810	2	2
79.788	811	1	1
79.788	812	2	3
79.855	813	4	2
79.921	814	4	3
80.055	815	1	1
80.055	816	3	1
80.255	817	2	1
80.388	818	3	1
80.455	819	1	1
80.455	820	2	1
80.455	821	4	2
80.655	822	3	1
80.755	823	4	3
80.855	824	1	1
80.855	825	2	1
80.855	826	4	2
81.055	827	3	1
81.188	828	1	2
81.188	829	2	1
81.188	830	4	3
81.455	831	4	1
81.588	832	2	1
81.655	833	3	1
81.655	834	4	1
81.855	835	2	1
81.988	836	4	1
82.055	837	2	1
82.055	838	3	1
82.255	839	2	1
82.388	840	3	1
82.388	841	4	1
82.388	842	1	3
82.455	843	1	1
82.455	844	2	1
82.588	845	3	1
82.588	846	4	1
82.655	847	1	1
82.655	848	2	1
82.788	849	3	1
82.855	850	2	2
82.988	851	1	1
82.988	852	2	3
83.055	853	4	2
83.121	854	4	3
83.255	855	1	1
83.255	856	3	1
83.455	857	2	1
83.588	858	3	1
83.655	859	1	1
83.655	860	2	1
83.655	861	4	2
83.855	862	3	1
83.955	863	4	3
84.055	864	1	1
84.055	865	2	1
84.055	866	4	2
84.255	867	3	1
84.388	868	1	2
84.388	869	2	1
84.388	870	4	3
84.655	871	4	1
84.788	872	2	1
84.855	873	3	1
84.855	874	4	1
85.055	875	2	1
85.188	876	4	1
85.255	877	2	1
85.255	878	3	1
85.455	879	4	1
85.588	880	2	1
85.655	881	3	1
85.655	882	4	1
85.655	883	1	3
85.855	884	2	1
85.988	885	3	1
86.055	886	2	2
86.188	887	1	1
86.188	888	2	3
86.255	889	4	2
86.321	890	4	3
86.455	891	1	1
86.455	892	3	1
86.655	893	2	1
86.788	894	3	1
86.855	895	1	1
86.855	896	2	1
86.855	897	4	2
87.055	898	3	1
87.155	899	4	3
87.255	900	1	1
87.255	901	2	1
87.255	902	4	2
87.455	903	3	1
87.588	904	1	2
87.588	905	2	1
87.588	906	4	3
87.855	907	2	1
87.988	908	4	1
88.055	909	2	1
88.055	910	3	1
88.255	911	4	1
88.388	912	2	1
88.455	913	3	1
88.455	914	4	1
88.455	915	1	3
88.588	916	1	1
88.588	917	2	1
88.655	918	3	1
88.655	919	4	1
88.788	920	3	1
88.788	921	4	1
88.855	922	1	1
88.855	923	2	1
89.255	924	1	2
89.255	925	4	1
89.588	926	3	1
89.588	927	1	3
89.655	928	2	2
89.788	929	1	1
89.788	930	2	3
89.855	931	3	2
89.988	932	2	1
89.988	933	3	3
90.055	934	1	1
90.055	935	4	2
90.388	936	1	1
90.388	937	4	3
90.455	938	3	2
90.588	939	2	1
90.588	940	3	3
90.655	941	3	2
90.788	942	4	1
90.788	943	3	3
90.855	944	1	1
90.855	945	2	2
91.655	946	3	2
91.655	947	2	3
92.055	948	1	2
92.055	949	3	3
92.388	950	1	3
92.455	951	1	2
92.455	952	4	1
92.788	953	3	1
92.788	954	1	3
92.855	955	2	2
92.988	956	1	1
92.988	957	2	3
93.055	958	3	2
93.188	959	2	1
93.188	960	3	3
93.255	961	1	1
93.255	962	4	2
93.588	963	1	1
93.588	964	4	3
93.655	965	3	2
93.788	966	2	1
93.788	967	3	3
93.855	968	4	2
93.988	969	3	1
93.988	970	4	3
94.055	971	1	1
94.055	972	2	2
94.255	973	3	1
94.321	974	1	1
94.388	975	4	1
94.455	976	1	1
94.555	977	4	1
94.655	978	1	1
94.788	979	4	1
94.855	980	3	2
94.855	981	2	3
94.921	982	1	1
95.055	983	4	1
95.188	984	1	1
95.188	985	2	1
95.188	986	3	3
95.255	987	3	1
95.255	988	4	1
95.388	989	1	1
95.388	990	2	1
95.455	991	3	1
95.455	992	4	1
95.655	993	1	2
95.655	994	2	1
95.788	995	4	1
95.855	996	2	1
95.855	997	3	1
95.988	998	4	1
95.988	999	1	3
96.055	1000	2	2
96.055	1001	3	1
96.188	1002	1	1
96.188	1003	2	3
96.255	1004	3	2
96.388	1005	1	1
96.388	1006	3	3
96.455	1007	2	1
96.455	1008	4	2
96.655	1009	1	1
96.788	1010	2	1
96.788	1011	4	3
96.855	1012	1	1
96.855	1013	3	2
96.988	1014	2	1
96.988	1015	3	3
97.055	1016	3	2
97.188	1017	4	1
97.188	1018	3	3
97.255	1019	1	1
97.255	1020	2	2
97.455	1021	3	1
97.588	1022	4	1
97.655	1023	1	1
97.655	1024	3	1
97.855	1025	4	1
97.988	1026	1	1
98.055	1027	3	2
98.055	1028	4	1
98.055	1029	2	3
98.255	1030	1	1
98.388	1031	2	1
98.455	1032	1	2
98.455	1033	4	1
98.455	1034	3	3
98.655	1035	4	1
98.788	1036	3	1
98.788	1037	1	3
98.855	1038	1	2
98.855	1039	2	1
98.988	1040	4	1
99.055	1041	2	1
99.055	1042	3	1
99.188	1043	4	1
99.188	1044	1	3
99.255	1045	2	2
99.255	1046	3	1
99.388	1047	1	1
99.388	1048	2	3
99.455	1049	3	2
99.588	1050	1	1
99.588	1051	3	3
99.655	1052	2	1
99.655	1053	4	2
99.855	1054	1	1
99.988	1055	2	1
99.988	1056	4	3
100.055	1057	1	1
100.055	1058	3	2
100.188	1059	2	1
100.188	1060	3	3
100.255	1061	4	2
100.388	1062	2	2
100.388	1063	4	3
100.455	1064	1	1
100.455	1065	2	3
100.521	1066	3	2
100.588	1067	4	1
100.588	1068	3	3
100.655	1069	2	2
100.721	1070	1	1
100.721	1071	2	3
100.788	1072	3	2
100.855	1073	2	1
100.855	1074	4	1
100.855	1075	3	3
101.055	1076	1	1
101.188	1077	3	1
101.255	1078	1	2
101.255	1079	2	1
101.388	1080	4	2
101.388	1081	1	3
101.455	1082	3	2
101.455	1083	4	3
101.521	1084	2	2
101.521	1085	3	3
101.588	1086	1	2
101.588	1087	2	3
101.655	1088	3	1
101.655	1089	4	2
101.655	1090	1	3
101.721	1091	4	3
101.788	1092	1	2
101.855	1093	2	2
101.855	1094	1	3
101.921	1095	3	2
101.921	1096	2	3
101.988	1097	4	2
101.988	1098	3	3
102.055	1099	1	1
102.055	1100	2	1
102.055	1101	4	3
102.388	1102	3	1
102.455	1103	1	1
102.455	1104	2	2
102.588	1105	4	1
102.588	1106	2	3
102.655	1107	3	2
102.721	1108	1	1
102.788	1109	2	1
102.788	1110	3	3
102.855	1111	1	1
102.855	1112	4	2
102.988	1113	3	1
103.055	1114	2	1
103.121	1115	1	1
103.188	1116	3	1
103.255	1117	1	1
103.255	1118	2	2
103.255	1119	4	3
103.388	1120	4	1
103.388	1121	2	3
103.455	1122	3	2
103.521	1123	1	1
103.588	1124	4	2
103.588	1125	3	3
103.655	1126	1	1
103.655	1127	2	1
103.655	1128	4	3
103.855	1129	4	2
103.988	1130	3	1
104.055	1131	1	1
104.055	1132	2	1
104.055	1133	4	3
104.255	1134	2	2
104.388	1135	4	2
104.455	1136	1	1
104.455	1137	3	1
104.455	1138	2	3
104.455	1139	4	3
104.655	1140	2	2
104.655	1141	3	2
104.855	1142	1	1
104.855	1143	4	1
104.855	1144	2	3
104.855	1145	3	3
105.055	1146	1	2
105.055	1147	2	2
105.255	1148	4	2
105.255	1149	1	3
105.255	1150	2	3
105.321	1151	4	3
105.388	1152	3	2
105.455	1153	4	2
105.455	1154	3	3
105.521	1155	4	3
105.588	1156	3	2
105.655	1157	1	1
105.655	1158	2	2
105.655	1159	3	3
105.788	1160	4	1
105.788	1161	2	3
105.855	1162	3	2
105.921	1163	1	1
105.988	1164	2	1
105.988	1165	3	3
106.055	1166	1	1
106.055	1167	4	2
106.188	1168	3	1
106.255	1169	2	1
106.321	1170	1	1
106.388	1171	3	1
106.455	1172	1	1
106.455	1173	2	2
106.455	1174	4	3
106.588	1175	3	1
106.588	1176	2	3
106.655	1177	4	2
106.721	1178	1	1
106.788	1179	2	2
106.788	1180	4	3
106.855	1181	1	1
106.855	1182	3	1
106.855	1183	2	3
106.988	1184	2	2
107.055	1185	4	2
107.055	1186	2	3
107.121	1187	4	3
107.188	1188	2	1
107.255	1189	1	1
107.255	1190	4	1
107.388	1191	3	1
107.455	1192	2	1
107.588	1193	2	1
107.655	1194	1	1
107.655	1195	3	1
107.655	1196	4	2
107.855	1197	2	1
107.988	1198	3	1
108.055	1199	1	2
108.055	1200	2	1
108.255	1201	3	2
108.255	1202	1	3
108.455	1203	2	1
108.455	1204	3	3
108.455	1205	4	3
108.655	1206	4	1
108.788	1207	3	1
108.855	1208	1	1
108.855	1209	2	2
108.988	1210	4	1
108.988	1211	2	3
109.055	1212	3	2
109.121	1213	1	1
109.188	1214	2	1
109.188	1215	3	3
109.255	1216	1	1
109.255	1217	4	2
109.388	1218	3	1
109.455	1219	2	1
109.521	1220	1	1
109.588	1221	3	1
109.655	1222	1	1
109.655	1223	2	2
109.655	1224	4	3
109.788	1225	4	1
109.788	1226	2	3
109.855	1227	3	2
109.921	1228	1	1
109.988	1229	4	2
109.988	1230	3	3
110.055	1231	1	1
110.055	1232	2	1
110.055	1233	4	3
110.255	1234	4	2
110.388	1235	3	1
110.455	1236	1	1
110.455	1237	2	1
110.455	1238	4	3
110.605	1239	4	1
110.655	1240	3	1
110.705	1241	1	1
110.755	1242	2	1
110.805	1243	3	1
110.855	1244	1	1
110.855	1245	4	1
111.055	1246	2	2
111.055	1247	3	2
111.255	1248	1	1
111.255	1249	4	1
111.255	1250	2	3
111.255	1251	3	3
111.455	1252	1	2
111.455	1253	2	2
111.655	1254	4	2
111.655	1255	1	3
111.655	1256	2	3
111.721	1257	4	3
111.855	1258	3	2
111.988	1259	4	1
111.988	1260	3	3
112.055	1261	1	1
112.055	1262	2	2
112.188	1263	4	1
112.188	1264	2	3
112.255	1265	3	2
112.321	1266	1	1
112.388	1267	2	1
112.388	1268	3	3
112.455	1269	1	1
112.455	1270	4	2
112.588	1271	3	1
112.655	1272	2	1
112.721	1273	1	1
112.788	1274	3	1
112.855	1275	1	1
112.855	1276	2	2
112.855	1277	4	3
112.988	1278	3	1
112.988	1279	2	3
113.055	1280	4	2
113.121	1281	1	1
113.188	1282	2	2
113.188	1283	4	3
113.255	1284	1	1
113.255	1285	3	1
113.255	1286	2	3
113.388	1287	2	1
113.455	1288	4	1
113.588	1289	3	1
113.655	1290	1	1
113.655	1291	2	1
113.721	1292	3	1
113.721	1293	4	1
113.788	1294	1	1
113.788	1295	2	1
113.855	1296	3	1
113.855	1297	4	1
113.988	1298	2	1
114.055	1299	1	1
114.055	1300	3	2
114.055	1301	4	2
114.555	1302	1	2
114.655	1303	1	3
114.655	1304	3	3
114.655	1305	4	3
114.855	1306	1	2
114.855	1307	3	1
114.855	1308	4	1
114.988	1309	2	1
115.055	1310	3	1
115.121	1311	4	1
115.188	1312	2	1
115.255	1313	3	2
115.321	1314	4	1
115.388	1315	2	1
115.388	1316	3	3
115.455	1317	3	2
115.521	1318	4	1
115.588	1319	2	1
115.588	1320	3	3
115.655	1321	3	1
115.655	1322	4	2
115.655	1323	1	3
115.788	1324	2	1
115.855	1325	3	1
115.921	1326	1	1
115.988	1327	3	1
116.055	1328	2	2
116.121	1329	1	1
116.188	1330	3	1
116.188	1331	2	3
116.255	1332	2	2
116.321	1333	1	1
116.388	1334	3	1
116.388	1335	2	3
116.455	1336	1	2
116.455	1337	2	1
116.455	1338	4	3
116.588	1339	3	1
116.655	1340	4	1
116.721	1341	2	1
116.788	1342	3	1
116.855	1343	4	2
116.921	1344	2	1
116.988	1345	3	1
116.988	1346	4	3
117.055	1347	2	2
117.121	1348	4	1
117.188	1349	3	1
117.188	1350	2	3
117.255	1351	2	1
117.255	1352	4	2
117.255	1353	1	3
117.388	1354	1	1
117.455	1355	2	1
117.521	1356	3	2
117.588	1357	2	2
117.588	1358	3	3
117.655	1359	1	2
117.655	1360	2	3
117.921	1361	2	1
117.921	1362	3	1
117.921	1363	1	3
117.921	1364	4	3
117.988	1365	1	1
117.988	1366	4	1
118.055	1367	2	1
118.055	1368	3	1
118.121	1369	1	1
118.121	1370	4	1
118.188	1371	2	1
118.188	1372	3	1
118.255	1373	1	1
118.255	1374	4	2
118.355	1375	4	3
118.388	1376	1	2
118.455	1377	2	2
118.455	1378	3	1
118.555	1379	4	2
118.555	1380	1	3
118.555	1381	2	3
118.655	1382	2	1
118.655	1383	3	1
118.655	1384	4	3
118.788	1385	2	2
118.855	1386	1	2
118.855	1387	3	1
118.955	1388	4	2
118.955	1389	1	3
118.955	1390	2	3
119.055	1391	2	1
119.055	1392	3	1
119.055	1393	4	3
119.188	1394	1	2
119.255	1395	2	2
119.255	1396	3	1
119.355	1397	4	2
119.355	1398	1	3
119.355	1399	2	3
119.455	1400	2	1
119.455	1401	3	1
119.455	1402	4	3
119.588	1403	2	2
119.655	1404	1	2
119.655	1405	3	1
119.755	1406	4	2
119.755	1407	1	3
119.755	1408	2	3
119.855	1409	2	1
119.855	1410	3	1
119.855	1411	4	3
119.988	1412	3	1
120.055	1413	1	2
120.055	1414	4	1
120.188	1415	2	1
120.255	1416	3	1
120.255	1417	4	1
120.255	1418	1	3
120.355	1419	2	2
120.455	1420	3	1
120.521	1421	1	1
120.521	1422	2	3
120.588	1423	4	1
120.655	1424	2	1
120.655	1425	3	2
120.788	1426	1	1
120.855	1427	2	1
120.921	1428	4	2
120.921	1429	3	3
120.988	1430	1	1
121.055	1431	2	1
121.055	1432	3	1
121.188	1433	3	1
121.255	1434	1	2
121.255	1435	2	1
121.255	1436	4	3
121.388	1437	2	1
121.455	1438	3	1
121.455	1439	4	1
121.588	1440	3	1
121.655	1441	2	1
121.655	1442	4	1
121.788	1443	2	1
121.855	1444	3	1
121.855	1445	4	1
121.988	1446	3	1
122.055	1447	2	1
122.055	1448	4	1
122.188	1449	4	1
122.255	1450	2	1
122.255	1451	3	1
122.255	1452	1	3
122.321	1453	1	1
122.388	1454	3	1
122.455	1455	2	1
122.521	1456	4	1
122.588	1457	3	1
122.621	1458	2	1
122.655	1459	1	2
122.788	1460	4	1
122.788	1461	1	3
122.821	1462	3	1
122.855	1463	2	2
122.988	1464	1	1
122.988	1465	2	3
123.021	1466	3	1
123.055	1467	4	2
123.155	1468	1	1
123.155	1469	4	3
123.221	1470	2	1
123.255	1471	3	1
123.321	1472	4	1
123.355	1473	1	2
123.405	1474	3	1
123.455	1475	2	1
123.505	1476	4	1
123.588	1477	3	1
123.655	1478	2	1
123.721	1479	3	1
123.788	1480	4	1
123.855	1481	2	1
123.855	1482	3	1
123.980	1483	4	1
124.055	1484	2	1
124.055	1485	3	1
124.055	1486	1	3
124.188	1487	1	1
124.255	1488	3	1
124.255	1489	4	1
124.388	1490	3	1
124.455	1491	1	1
124.455	1492	2	1
124.588	1493	3	1
124.655	1494	2	1
124.655	1495	4	2
124.755	1496	4	3
124.788	1497	1	2
124.855	1498	2	2
124.855	1499	3	1
124.955	1500	4	2
124.955	1501	1	3
124.955	1502	2	3
125.055	1503	2	1
125.055	1504	3	1
125.055	1505	4	3
125.188	1506	2	2
125.255	1507	1	2
125.255	1508	3	1
125.355	1509	4	2
125.355	1510	1	3
125.355	1511	2	3
125.455	1512	2	1
125.455	1513	3	1
125.455	1514	4	3
125.588	1515	1	2
125.655	1516	2	2
125.655	1517	3	1
125.755	1518	4	2
125.755	1519	1	3
125.755	1520	2	3
125.855	1521	2	1
125.855	1522	3	1
125.855	1523	4	3
125.988	1524	2	2
126.055	1525	1	2
126.055	1526	3	1
126.155	1527	4	2
126.155	1528	1	3
126.155	1529	2	3
126.255	1530	2	1
126.255	1531	3	1
126.255	1532	4	3
126.388	1533	3	1
126.455	1534	1	2
126.455	1535	4	1
126.588	1536	2	1
126.655	1537	3	1
126.655	1538	4	1
126.655	1539	1	3
126.755	1540	2	2
126.855	1541	3	1
126.921	1542	1	1
126.921	1543	2	3
126.988	1544	4	1
127.055	1545	2	1
127.055	1546	3	2
127.188	1547	1	1
127.255	1548	2	1
127.321	1549	4	2
127.321	1550	3	3
127.388	1551	1	1
127.455	1552	2	1
127.455	1553	3	1
127.588	1554	3	1
127.655	1555	1	2
127.655	1556	2	1
127.655	1557	4	3
127.788	1558	2	1
127.855	1559	3	1
127.855	1560	4	1
127.988	1561	3	1
128.055	1562	2	1
128.055	1563	4	1
128.188	1564	2	1
128.255	1565	3	1
128.255	1566	4	1
128.388	1567	3	1
128.455	1568	2	1
128.455	1569	4	1
128.588	1570	4	1
128.655	1571	2	1
128.655	1572	3	1
128.655	1573	1	3
128.721	1574	1	1
128.788	1575	3	1
128.855	1576	2	1
128.921	1577	4	1
128.988	1578	3	1
129.021	1579	2	1
129.055	1580	1	2
129.188	1581	4	1
129.188	1582	1	3
129.221	1583	3	1
129.255	1584	2	2
129.388	1585	1	1
129.388	1586	2	3
129.421	1587	3	1
129.455	1588	4	2
129.555	1589	1	1
129.555	1590	4	3
129.621	1591	2	1
129.655	1592	3	1
129.721	1593	1	1
129.755	1594	4	2
129.788	1595	2	1
129.855	1596	3	1
129.905	1597	1	1
129.988	1598	2	1
130.055	1599	3	1
130.121	1600	2	1
130.188	1601	1	1
130.255	1602	2	1
130.255	1603	3	1
130.380	1604	1	1
130.455	1605	2	1
130.455	1606	3	1
130.455	1607	4	3
130.588	1608	1	1
130.655	1609	3	1
130.655	1610	4	1
130.788	1611	3	1
130.855	1612	1	1
130.855	1613	2	1
130.988	1614	1	1
131.029	1615	2	1
131.029	1616	3	1
131.029	1617	4	1
131.168	1618	1	2
131.307	1619	3	2
131.307	1620	1	3
131.446	1621	2	2
131.446	1622	4	1
131.446	1623	3	3
131.585	1624	3	1
131.725	1625	1	2
131.725	1626	2	3
131.864	1627	3	2
131.864	1628	4	1
131.864	1629	1	3
132.003	1630	2	2
132.003	1631	3	3
132.142	1632	1	1
132.142	1633	3	1
132.142	1634	4	1
132.281	1635	1	2
132.281	1636	2	3
132.421	1637	4	2
132.421	1638	1	3
132.560	1639	1	1
132.560	1640	3	2
132.560	1641	4	3
132.699	1642	4	1
132.838	1643	2	2
132.838	1644	3	3
132.977	1645	1	1
132.977	1646	3	1
132.977	1647	4	2
132.977	1648	2	3
133.117	1649	3	2
133.117	1650	4	3
133.256	1651	1	1
133.256	1652	2	1
133.256	1653	4	1
133.395	1654	1	2
133.395	1655	3	3
133.534	1656	2	2
133.534	1657	1	3
133.674	1658	3	1
133.674	1659	4	2
133.674	1660	2	3
133.813	1661	1	1
133.813	1662	4	3
133.882	1663	1	1
133.952	1664	3	2
134.091	1665	1	1
134.091	1666	4	2
134.091	1667	3	3
134.230	1668	2	2
134.230	1669	4	3
134.370	1670	1	1
134.370	1671	3	1
134.370	1672	4	1
134.509	1673	1	2
134.509	1674	2	3
134.578	1675	1	3
134.648	1676	1	2
134.787	1677	3	2
134.787	1678	4	1
134.926	1679	2	1
134.926	1680	1	3
134.926	1681	3	3
135.066	1682	2	2
135.205	1683	1	2
135.205	1684	3	1
135.205	1685	4	1
135.205	1686	2	3
135.344	1687	3	2
135.344	1688	1	3
135.483	1689	1	1
135.483	1690	2	1
135.483	1691	4	1
135.483	1692	3	3
135.622	1693	3	1
135.692	1694	3	1
135.762	1695	2	1
135.901	1696	1	1
135.901	1697	4	1
135.971	1698	3	1
136.041	1699	3	1
136.180	1700	2	2
136.320	1701	1	1
136.320	1702	4	2
136.320	1703	2	3
136.460	1704	3	2
136.460	1705	4	3
136.599	1706	1	1
136.599	1707	2	1
136.599	1708	4	1
136.739	1709	1	2
136.739	1710	3	3
136.809	1711	1	3
136.878	1712	1	2
137.018	1713	2	1
137.018	1714	4	1
137.158	1715	3	2
137.158	1716	4	1
137.158	1717	1	3
137.297	1718	1	2
137.297	1719	3	3
137.437	1720	2	1
137.437	1721	3	1
137.437	1722	4	2
137.437	1723	1	3
137.576	1724	2	2
137.576	1725	4	3
137.716	1726	1	2
137.716	1727	3	1
137.716	1728	4	1
137.716	1729	2	3
137.856	1730	2	1
137.856	1731	1	3
137.925	1732	2	1
137.995	1733	3	2
138.135	1734	2	1
138.135	1735	4	1
138.135	1736	3	3
138.205	1737	2	1
138.274	1738	3	2
138.414	1739	2	1
138.414	1740	3	3
138.484	1741	2	1
138.554	1742	4	2
138.693	1743	3	2
138.693	1744	4	3
138.833	1745	1	1
138.833	1746	2	1
138.833	1747	4	1
138.972	1748	1	2
138.972	1749	3	3
139.042	1750	1	3
139.112	1751	1	2
139.182	1752	3	1
139.252	1753	2	1
139.321	1754	4	1
139.391	1755	2	1
139.391	1756	3	1
139.461	1757	4	1
139.531	1758	3	1
139.601	1759	2	1
139.670	1760	3	1
139.670	1761	4	1
139.670	1762	1	3
139.740	1763	1	1
139.740	1764	2	1
139.810	1765	3	1
139.810	1766	4	1
139.880	1767	1	1
139.880	1768	2	1
139.950	1769	1	1
139.950	1770	3	1
139.950	1771	4	1
140.089	1772	1	2
140.089	1773	2	1
140.229	1774	3	2
140.229	1775	1	3
140.368	1776	2	2
140.368	1777	4	1
140.368	1778	3	3
140.508	1779	3	1
140.648	1780	1	2
140.648	1781	2	3
140.787	1782	3	2
140.787	1783	4	1
140.787	1784	1	3
140.927	1785	2	2
140.927	1786	3	3
141.066	1787	1	1
141.066	1788	3	1
141.066	1789	4	1
141.206	1790	1	2
141.206	1791	3	1
141.206	1792	2	3
141.346	1793	4	2
141.346	1794	1	3
141.485	1795	1	1
141.485	1796	3	2
141.485	1797	4	3
141.625	1798	4	1
141.764	1799	2	2
141.764	1800	3	3
141.904	1801	1	1
141.904	1802	3	1
141.904	1803	4	2
141.904	1804	2	3
142.044	1805	3	2
142.044	1806	4	3
142.183	1807	1	1
142.183	1808	2	1
142.183	1809	4	1
142.323	1810	1	2
142.323	1811	2	1
142.323	1812	3	3
142.462	1813	2	2
142.462	1814	1	3
142.602	1815	3	1
142.602	1816	4	2
142.602	1817	2	3
142.742	1818	1	1
142.742	1819	4	3
142.811	1820	1	1
142.881	1821	3	2
143.021	1822	1	1
143.021	1823	4	2
143.021	1824	3	3
143.160	1825	2	2
143.160	1826	4	3
143.300	1827	1	1
143.300	1828	3	1
143.300	1829	4	1
143.440	1830	1	2
143.440	1831	4	1
143.440	1832	2	3
143.509	1833	3	2
143.509	1834	1	3
143.579	1835	1	2
143.579	1836	3	3
143.719	1837	3	2
143.719	1838	4	1
143.858	1839	2	1
143.858	1840	1	3
143.858	1841	3	3
143.998	1842	2	2
144.138	1843	1	2
144.138	1844	3	1
144.138	1845	4	1
144.138	1846	2	3
144.277	1847	3	2
144.277	1848	1	3
144.417	1849	1	1
144.417	1850	2	1
144.417	1851	4	1
144.417	1852	3	3
144.556	1853	3	1
144.626	1854	3	1
144.696	1855	1	1
144.696	1856	4	1
144.836	1857	3	1
144.905	1858	3	1
144.975	1859	1	1
144.975	1860	2	1
145.115	1861	1	2
145.254	1862	3	1
145.254	1863	4	2
145.254	1864	1	3
145.394	1865	2	2
145.394	1866	4	3
145.534	1867	1	1
145.534	1868	3	1
145.534	1869	4	1
145.534	1870	2	3
145.673	1871	2	1
145.743	1872	2	1
145.813	1873	3	1
145.813	1874	4	1
145.952	1875	2	1
146.022	1876	2	1
146.092	1877	1	1
146.092	1878	4	1
146.232	1879	1	2
146.371	1880	2	2
146.371	1881	3	1
146.371	1882	4	1
146.371	1883	1	3
146.511	1884	4	2
146.511	1885	2	3
146.650	1886	1	1
146.650	1887	2	1
146.650	1888	3	1
146.650	1889	4	3
146.790	1890	4	1
146.860	1891	4	1
146.930	1892	1	1
146.930	1893	2	1
147.069	1894	4	1
147.139	1895	4	1
147.209	1896	1	1
147.209	1897	3	1
147.348	1898	2	2
147.488	1899	1	1
147.488	1900	3	2
147.488	1901	4	1
147.488	1902	2	3
147.628	1903	4	2
147.628	1904	3	3
147.767	1905	1	1
147.767	1906	2	1
147.767	1907	3	1
147.907	1908	1	1
147.907	1909	2	1
148.046	1910	2	1
148.046	1911	3	1
148.186	1912	1	1
148.256	1913	3	1
148.326	1914	1	2
148.326	1915	2	1
148.326	1916	4	3
148.605	1917	3	2
148.884	1918	2	1
148.884	1919	4	2
148.884	1920	1	3
148.884	1921	3	3
149.024	1922	2	2
149.024	1923	4	3
149.163	1924	1	1
149.163	1925	4	2
149.163	1926	2	3
149.303	1927	2	2
149.303	1928	4	3
149.442	1929	3	1
149.442	1930	4	2
149.442	1931	2	3
149.582	1932	2	2
149.582	1933	4	3
149.722	1934	1	1
149.722	1935	4	2
149.722	1936	2	3
149.861	1937	2	2
149.861	1938	4	3
150.001	1939	3	1
150.001	1940	4	2
150.001	1941	2	3
150.140	1942	2	2
150.140	1943	4	3
150.280	1944	1	1
150.280	1945	4	2
150.280	1946	2	3
150.420	1947	2	2
150.420	1948	4	3
150.559	1949	3	1
150.559	1950	4	2
150.559	1951	2	3
150.699	1952	1	2
150.699	1953	4	3
150.838	1954	2	2
150.838	1955	3	1
150.838	1956	1	3
150.978	1957	4	2
150.978	1958	2	3
151.118	1959	1	1
151.118	1960	3	2
151.118	1961	4	3
151.257	1962	2	1
151.397	1963	1	1
151.397	1964	4	2
151.397	1965	3	3
151.536	1966	2	2
151.536	1967	4	3
151.676	1968	3	1
151.676	1969	4	1
151.816	1970	1	2
151.816	1971	2	3
151.955	1972	2	1
151.955	1973	4	2
151.955	1974	1	3
152.095	1975	3	2
152.095	1976	4	3
152.234	1977	1	1
152.234	1978	2	1
152.374	1979	2	1
152.444	1980	4	1
152.514	1981	1	1
152.514	1982	2	1
152.583	1983	4	1
152.653	1984	1	1
152.723	1985	2	1
152.793	1986	1	1
152.793	1987	4	1
152.863	1988	2	1
152.932	1989	4	1
153.002	1990	2	1
153.072	1991	1	1
153.072	1992	4	1
153.072	1993	3	3
153.119	1994	2	1
153.165	1995	3	1
153.212	1996	1	1
153.212	1997	4	1
153.281	1998	2	1
153.281	1999	3	1
153.351	2000	1	1
153.351	2001	4	2
153.491	2002	2	2
153.491	2003	4	3
153.630	2004	3	1
153.630	2005	4	2
153.630	2006	2	3
153.770	2007	2	2
153.770	2008	4	3
153.910	2009	1	1
153.910	2010	4	2
153.910	2011	2	3
154.049	2012	2	2
154.049	2013	4	3
154.189	2014	3	1
154.189	2015	4	2
154.189	2016	2	3
154.328	2017	2	2
154.328	2018	4	3
154.468	2019	1	1
154.468	2020	4	2
154.468	2021	2	3
154.608	2022	2	2
154.608	2023	4	3
154.747	2024	3	1
154.747	2025	4	2
154.747	2026	2	3
154.887	2027	2	2
154.887	2028	4	3
155.026	2029	1	1
155.026	2030	4	2
155.026	2031	2	3
155.166	2032	1	2
155.166	2033	4	3
155.306	2034	2	2
155.306	2035	3	1
155.306	2036	1	3
155.445	2037	4	2
155.445	2038	2	3
155.585	2039	1	1
155.585	2040	3	2
155.585	2041	4	3
155.724	2042	2	1
155.864	2043	1	1
155.864	2044	4	2
155.864	2045	3	3
156.004	2046	2	2
156.004	2047	4	3
156.143	2048	3	1
156.143	2049	4	1
156.283	2050	1	2
156.283	2051	2	3
156.422	2052	2	1
156.422	2053	4	2
156.422	2054	1	3
156.562	2055	3	2
156.562	2056	4	3
156.702	2057	1	1
156.702	2058	2	1
156.841	2059	2	1
156.911	2060	4	1
156.981	2061	1	1
156.981	2062	2	1
157.051	2063	4	1
157.120	2064	1	1
157.190	2065	2	1
157.260	2066	1	1
157.260	2067	4	1
157.330	2068	2	1
157.400	2069	4	1
157.469	2070	2	1
157.539	2071	1	1
157.539	2072	4	1
157.539	2073	3	3
157.586	2074	2	1
157.632	2075	3	1
157.679	2076	1	1
157.679	2077	4	1
157.749	2078	2	1
157.749	2079	3	1
157.818	2080	1	1
157.818	2081	4	2
157.958	2082	2	2
157.958	2083	4	3
158.098	2084	4	2
158.098	2085	2	3
158.237	2086	2	2
158.237	2087	4	3
158.377	2088	4	2
158.377	2089	2	3
158.516	2090	2	2
158.516	2091	4	3
158.656	2092	4	2
158.656	2093	2	3
158.796	2094	2	2
158.796	2095	4	3
158.935	2096	1	1
158.935	2097	4	2
158.935	2098	2	3
159.075	2099	2	2
159.075	2100	4	3
159.214	2101	4	2
159.214	2102	2	3
159.354	2103	2	2
159.354	2104	4	3
159.494	2105	4	2
159.494	2106	2	3
159.633	2107	1	2
159.633	2108	4	3
159.773	2109	2	2
159.773	2110	1	3
159.912	2111	4	2
159.912	2112	2	3
160.052	2113	1	1
160.052	2114	3	2
160.052	2115	4	3
160.192	2116	2	1
160.331	2117	4	2
160.331	2118	3	3
160.471	2119	2	2
160.471	2120	4	3
160.610	2121	3	1
160.750	2122	1	2
160.750	2123	2	3
160.890	2124	4	2
160.890	2125	1	3
161.029	2126	3	2
161.029	2127	4	3
161.169	2128	1	1
161.169	2129	2	1
161.308	2130	4	2
161.308	2131	3	3
161.378	2132	2	2
161.378	2133	4	3
161.448	2134	1	2
161.448	2135	2	3
161.588	2136	2	1
161.588	2137	4	1
161.727	2138	2	1
161.727	2139	4	1
161.867	2140	2	1
161.867	2141	3	1
162.006	2142	2	1
162.006	2143	3	1
162.146	2144	3	1
162.146	2145	4	1
162.286	2146	2	2
162.286	2147	3	2
162.286	2148	4	2
162.286	2149	1	3
162.355	2150	2	3
162.355	2151	3	3
162.355	2152	4	3
162.425	2153	2	2
162.425	2154	3	2
162.425	2155	4	2
162.495	2156	2	3
162.495	2157	3	3
162.495	2158	4	3
163.682	2159	1	2
164.519	2160	2	2
165.636	2161	3	2
165.636	2162	1	3
165.636	2163	2	3
165.683	2164	4	2
165.683	2165	3	3
165.723	2166	3	2
165.723	2167	4	3
165.776	2168	3	3
166.334	2169	1	2
166.474	2170	2	2
166.474	2171	1	3
166.613	2172	3	2
166.613	2173	2	3
166.753	2174	1	1
166.753	2175	2	1
166.753	2176	4	2
166.753	2177	3	3
166.892	2178	1	2
166.892	2179	2	1
167.032	2180	2	1
167.032	2181	3	2
167.032	2182	1	3
167.032	2183	4	3
167.172	2184	1	2
167.172	2185	3	3
167.241	2186	2	2
167.241	2187	1	3
167.311	2188	1	2
167.311	2189	4	1
167.311	2190	2	3
167.381	2191	2	2
167.381	2192	1	3
167.451	2193	1	2
167.451	2194	3	1
167.451	2195	2	3
167.590	2196	2	2
167.590	2197	4	1
167.590	2198	1	3
167.730	2199	3	2
167.730	2200	2	3
167.870	2201	1	1
167.870	2202	2	1
167.870	2203	4	2
167.870	2204	3	3
168.009	2205	1	2
168.009	2206	2	1
168.149	2207	2	1
168.149	2208	3	2
168.149	2209	1	3
168.149	2210	4	3
168.288	2211	2	2
168.288	2212	3	3
168.358	2213	3	2
168.358	2214	2	3
168.428	2215	1	1
168.428	2216	2	2
168.428	2217	3	3
168.498	2218	3	2
168.498	2219	2	3
168.568	2220	1	2
168.568	2221	4	1
168.568	2222	3	3
168.707	2223	2	2
168.707	2224	4	1
168.707	2225	1	3
168.847	2226	3	2
168.847	2227	2	3
168.986	2228	1	1
168.986	2229	2	1
168.986	2230	4	2
168.986	2231	3	3
169.126	2232	1	1
169.126	2233	2	2
169.266	2234	1	1
169.266	2235	3	2
169.266	2236	2	3
169.266	2237	4	3
169.405	2238	4	2
169.405	2239	3	3
169.475	2240	3	2
169.475	2241	4	3
169.545	2242	1	1
169.545	2243	4	2
169.545	2244	3	3
169.615	2245	3	2
169.615	2246	4	3
169.684	2247	1	1
169.684	2248	3	3
169.754	2249	1	1
169.824	2250	2	1
169.824	2251	4	2
169.964	2252	2	2
169.964	2253	4	3
170.033	2254	3	1
170.103	2255	1	1
170.103	2256	4	1
170.243	2257	3	1
170.243	2258	4	1
170.382	2259	3	2
170.382	2260	4	1
170.382	2261	2	3
170.452	2262	2	2
170.452	2263	3	3
170.522	2264	1	1
170.522	2265	3	2
170.522	2266	2	3
170.592	2267	2	2
170.592	2268	3	3
170.662	2269	3	1
170.662	2270	4	1
170.662	2271	2	3
170.801	2272	1	1
170.801	2273	4	1
170.941	2274	2	2
170.941	2275	3	1
171.080	2276	3	2
171.080	2277	2	3
171.220	2278	1	1
171.220	2279	2	1
171.220	2280	4	2
171.220	2281	3	3
171.360	2282	1	2
171.360	2283	2	1
171.499	2284	2	1
171.499	2285	3	2
171.499	2286	1	3
171.499	2287	4	3
171.639	2288	1	2
171.639	2289	3	3
171.709	2290	2	2
171.709	2291	1	3
171.778	2292	1	2
171.778	2293	4	1
171.778	2294	2	3
171.848	2295	2	2
171.848	2296	1	3
171.918	2297	1	2
171.918	2298	3	1
171.918	2299	2	3
172.058	2300	2	2
172.058	2301	4	1
172.058	2302	1	3
172.197	2303	3	2
172.197	2304	2	3
172.337	2305	1	1
172.337	2306	2	1
172.337	2307	4	2
172.337	2308	3	3
172.476	2309	1	2
172.476	2310	2	1
172.476	2311	4	3
172.616	2312	2	1
172.616	2313	4	2
172.616	2314	1	3
172.756	2315	1	2
172.756	2316	3	1
172.756	2317	4	3
172.825	2318	2	1
172.895	2319	3	1
172.895	2320	4	2
172.895	2321	1	3
173.035	2322	1	2
173.035	2323	2	1
173.035	2324	4	3
173.174	2325	3	2
173.174	2326	4	1
173.174	2327	1	3
173.314	2328	2	2
173.314	2329	3	3
173.454	2330	1	1
173.454	2331	3	1
173.454	2332	4	2
173.454	2333	2	3
173.593	2334	1	2
173.593	2335	2	1
173.733	2336	2	1
173.733	2337	3	2
173.733	2338	1	3
173.733	2339	4	3
173.803	2340	3	3
173.872	2341	1	1
173.872	2342	3	2
173.942	2343	2	1
174.012	2344	1	1
174.012	2345	4	1
174.082	2346	2	1
174.152	2347	1	1
174.221	2348	4	1
174.291	2349	1	1
174.291	2350	2	1
174.291	2351	3	3
174.361	2352	3	1
174.361	2353	4	1
174.431	2354	1	1
174.431	2355	2	1
174.501	2356	3	1
174.501	2357	4	1
174.570	2358	1	2
174.570	2359	2	2
174.570	2360	4	2
174.640	2361	1	3
174.640	2362	2	3
174.640	2363	4	3
174.710	2364	1	2
174.710	2365	2	2
174.710	2366	4	2
174.780	2367	1	3
174.780	2368	2	3
174.780	2369	4	3
174.989	2370	2	2
174.989	2371	3	2
174.989	2372	4	2
175.268	2373	1	2
175.268	2374	2	3
175.268	2375	3	3
175.268	2376	4	3
175.408	2377	3	1
175.408	2378	4	1
175.408	2379	1	3
175.478	2380	1	1
175.478	2381	2	1
175.548	2382	3	1
175.548	2383	4	1
175.617	2384	1	1
175.617	2385	2	1
175.687	2386	1	1
175.687	2387	3	1
175.687	2388	4	2
175.827	2389	1	2
175.827	2390	2	1
175.966	2391	2	1
175.966	2392	3	2
175.966	2393	1	3
175.966	2394	4	3
176.106	2395	1	2
176.106	2396	3	3
176.176	2397	2	2
176.176	2398	1	3
176.246	2399	1	2
176.246	2400	4	1
176.246	2401	2	3
176.315	2402	2	2
176.315	2403	1	3
176.385	2404	1	2
176.385	2405	3	1
176.385	2406	2	3
176.525	2407	2	2
176.525	2408	4	1
176.525	2409	1	3
176.664	2410	3	2
176.664	2411	2	3
176.804	2412	1	1
176.804	2413	2	1
176.804	2414	4	2
176.804	2415	3	3
176.944	2416	1	2
176.944	2417	2	1
177.083	2418	2	1
177.083	2419	3	2
177.083	2420	1	3
177.083	2421	4	3
177.223	2422	2	2
177.223	2423	3	3
177.293	2424	3	2
177.293	2425	2	3
177.362	2426	1	1
177.362	2427	2	2
177.362	2428	3	3
177.432	2429	3	2
177.432	2430	2	3
177.502	2431	1	2
177.502	2432	4	1
177.502	2433	3	3
177.642	2434	2	2
177.642	2435	4	1
177.642	2436	1	3
177.781	2437	3	2
177.781	2438	2	3
177.921	2439	1	1
177.921	2440	2	1
177.921	2441	4	2
177.921	2442	3	3
178.060	2443	1	1
178.060	2444	2	2
178.200	2445	1	1
178.200	2446	3	2
178.200	2447	2	3
178.200	2448	4	3
178.340	2449	4	2
178.340	2450	3	3
178.409	2451	3	2
178.409	2452	4	3
178.479	2453	1	1
178.479	2454	4	2
178.479	2455	3	3
178.549	2456	3	2
178.549	2457	4	3
178.619	2458	1	1
178.619	2459	3	3
178.689	2460	1	1
178.758	2461	2	1
178.758	2462	4	2
178.898	2463	2	2
178.898	2464	4	3
178.968	2465	3	1
179.038	2466	1	1
179.038	2467	4	1
179.177	2468	3	1
179.177	2469	4	1
179.177	2470	2	3
179.247	2471	2	2
179.317	2472	1	2
179.317	2473	4	1
179.317	2474	2	3
179.387	2475	2	2
179.387	2476	1	3
179.456	2477	1	2
179.456	2478	3	1
179.456	2479	2	3
179.526	2480	2	2
179.526	2481	1	3
179.596	2482	1	1
179.596	2483	3	1
179.596	2484	4	1
179.596	2485	2	3
179.736	2486	1	1
179.736	2487	2	1
179.875	2488	3	1
179.875	2489	4	1
179.945	2490	1	1
179.945	2491	2	1
180.015	2492	3	1
180.015	2493	4	1
180.085	2494	1	1
180.085	2495	2	1
180.154	2496	1	1
180.154	2497	3	1
180.154	2498	4	2
180.294	2499	1	2
180.294	2500	2	1
180.434	2501	2	1
180.434	2502	3	2
180.434	2503	1	3
180.434	2504	4	3
180.573	2505	1	2
180.573	2506	3	3
180.643	2507	2	2
180.643	2508	1	3
180.713	2509	1	2
180.713	2510	4	1
180.713	2511	2	3
180.783	2512	2	2
180.783	2513	1	3
180.852	2514	1	2
180.852	2515	3	1
180.852	2516	2	3
180.992	2517	2	2
180.992	2518	4	1
180.992	2519	1	3
181.132	2520	1	2
181.132	2521	2	3
181.271	2522	3	1
181.271	2523	4	2
181.271	2524	1	3
181.341	2525	1	1
181.341	2526	2	2
181.341	2527	4	3
181.411	2528	3	1
181.411	2529	4	2
181.411	2530	2	3
181.481	2531	1	1
181.481	2532	2	2
181.481	2533	4	3
181.550	2534	3	1
181.550	2535	4	2
181.550	2536	2	3
181.620	2537	2	2
181.620	2538	4	3
181.690	2539	4	2
181.690	2540	2	3
181.760	2541	2	2
181.760	2542	4	3
181.830	2543	4	2
181.830	2544	2	3
181.969	2545	2	2
181.969	2546	4	3
182.109	2547	3	2
182.109	2548	2	3
182.248	2549	4	2
182.248	2550	3	3
182.388	2551	1	1
182.388	2552	2	2
182.388	2553	3	1
182.388	2554	4	3
182.832	2555	4	2
182.832	2556	2	3
182.906	2557	3	2
182.906	2558	4	3
182.980	2559	1	2
182.980	2560	3	3
183.572	2561	4	2
184.756	2562	1	3
187.124	2563	4	3
192.134	2564	4	2
192.923	2565	3	2
193.397	2566	1	1
193.397	2567	3	3
193.397	2568	4	3
193.449	2569	2	1
193.502	2570	3	1
193.555	2571	4	1
193.607	2572	1	1
193.660	2573	2	1
193.712	2574	3	1
193.765	2575	4	1
193.818	2576	1	1
193.870	2577	2	1
193.923	2578	3	1
193.976	2579	4	1
194.060	2580	1	1
194.060	2581	2	1
194.060	2582	3	1
194.060	2583	4	2
194.214	2584	1	1
194.214	2585	3	1
194.368	2586	2	1
194.368	2587	3	1
194.523	2588	1	1
194.523	2589	2	1
194.523	2590	3	1
194.677	2591	1	1
194.677	2592	2	1
194.832	2593	1	2
194.832	2594	4	3
194.870	2595	2	2
194.870	2596	1	3
194.909	2597	3	2
194.909	2598	2	3
194.948	2599	4	2
194.948	2600	3	3
194.986	2601	1	2
194.986	2602	2	1
194.986	2603	4	3
195.141	2604	3	2
195.141	2605	4	1
195.141	2606	1	3
195.295	2607	1	1
195.295	2608	2	1
195.295	2609	4	2
195.295	2610	3	3
195.450	2611	2	1
195.450	2612	3	1
195.604	2613	1	1
195.604	2614	3	1
195.758	2615	1	1
195.758	2616	2	1
195.758	2617	3	1
195.913	2618	1	1
195.913	2619	2	1
196.067	2620	2	2
196.067	2621	4	3
196.106	2622	1	2
196.106	2623	2	3
196.145	2624	3	2
196.145	2625	1	3
196.183	2626	4	2
196.183	2627	3	3
196.222	2628	1	1
196.222	2629	2	2
196.222	2630	4	3
196.376	2631	3	1
196.376	2632	4	2
196.376	2633	2	3
196.531	2634	1	1
196.531	2635	2	1
196.531	2636	3	2
196.531	2637	4	3
196.685	2638	1	1
196.685	2639	4	1
196.840	2640	2	1
196.840	2641	4	1
196.994	2642	1	1
196.994	2643	2	1
196.994	2644	4	1
197.148	2645	1	1
197.148	2646	4	2
197.148	2647	3	3
197.303	2648	1	1
197.303	2649	2	1
197.380	2650	3	2
197.380	2651	4	3
197.457	2652	1	1
197.457	2653	2	1
197.535	2654	4	1
197.535	2655	3	3
197.573	2656	2	1
197.612	2657	1	2
197.766	2658	2	1
197.766	2659	3	2
197.766	2660	4	1
197.766	2661	1	3
197.921	2662	1	1
197.921	2663	2	1
198.075	2664	1	1
198.075	2665	4	1
198.075	2666	3	3
198.230	2667	1	1
198.230	2668	2	1
198.230	2669	4	1
198.307	2670	1	1
198.384	2671	3	1
198.384	2672	4	2
198.538	2673	1	1
198.538	2674	2	1
198.538	2675	4	3
198.596	2676	3	1
198.641	2677	4	1
198.693	2678	1	2
198.693	2679	2	1
198.847	2680	3	2
198.847	2681	1	3
199.002	2682	1	1
199.002	2683	2	1
199.002	2684	4	2
199.002	2685	3	3
199.156	2686	1	1
199.156	2687	3	1
199.311	2688	2	1
199.311	2689	3	1
199.465	2690	1	1
199.465	2691	3	2
199.465	2692	4	3
199.542	2693	2	2
199.542	2694	3	3
199.620	2695	1	1
199.620	2696	4	2
199.620	2697	2	3
199.697	2698	3	2
199.697	2699	4	3
199.774	2700	1	2
199.774	2701	2	1
199.774	2702	3	3
199.929	2703	3	2
199.929	2704	4	1
199.929	2705	1	3
200.083	2706	1	1
200.083	2707	4	2
200.083	2708	3	3
200.237	2709	1	1
200.237	2710	2	1
200.237	2711	3	2
200.237	2712	4	3
200.392	2713	2	1
200.392	2714	4	1
200.546	2715	1	1
200.546	2716	2	1
200.701	2717	2	2
200.701	2718	4	1
200.701	2719	3	3
200.778	2720	1	2
200.778	2721	2	3
200.855	2722	3	2
200.855	2723	4	1
200.855	2724	1	3
200.932	2725	2	2
200.932	2726	3	3
201.010	2727	1	2
201.010	2728	4	1
201.010	2729	2	3
201.164	2730	2	1
201.164	2731	3	2
201.164	2732	1	3
201.319	2733	1	1
201.319	2734	4	2
201.319	2735	3	3
201.473	2736	1	1
201.473	2737	2	2
201.473	2738	3	1
201.473	2739	4	3
201.627	2740	3	1
201.627	2741	4	1
201.782	2742	1	1
201.782	2743	3	2
201.782	2744	4	1
201.782	2745	2	3
201.936	2746	1	1
201.936	2747	2	1
202.091	2748	1	1
202.091	2749	2	2
202.091	2750	4	1
202.091	2751	3	3
202.245	2752	1	1
202.245	2753	4	2
202.245	2754	2	3
202.322	2755	3	2
202.322	2756	4	3
202.400	2757	1	2
202.400	2758	2	1
202.400	2759	4	1
202.400	2760	3	3
202.554	2761	3	1
202.554	2762	4	1
202.709	2763	2	1
202.709	2764	3	2
202.709	2765	4	1
202.709	2766	1	3
202.863	2767	1	1
202.863	2768	4	1
203.017	2769	1	1
203.017	2770	2	1
203.172	2771	2	1
203.172	2772	4	2
203.172	2773	3	3
203.249	2774	3	2
203.249	2775	4	3
203.326	2776	1	1
203.326	2777	2	2
203.326	2778	3	3
203.481	2779	3	1
203.481	2780	4	1
203.635	2781	1	2
203.635	2782	4	1
203.790	2783	3	2
203.790	2784	1	3
203.790	2785	2	3
203.944	2786	1	1
203.944	2787	2	1
203.944	2788	4	2
203.944	2789	3	3
204.099	2790	1	1
204.099	2791	3	1
204.253	2792	2	1
204.253	2793	3	1
204.408	2794	1	1
204.408	2795	2	1
204.408	2796	3	1
204.562	2797	1	1
204.562	2798	2	1
204.716	2799	1	2
204.716	2800	4	3
204.755	2801	2	2
204.755	2802	1	3
204.794	2803	3	2
204.794	2804	2	3
204.832	2805	4	2
204.832	2806	3	3
204.871	2807	1	2
204.871	2808	2	1
204.871	2809	4	3
205.025	2810	3	2
205.025	2811	4	1
205.025	2812	1	3
205.180	2813	1	1
205.180	2814	2	1
205.180	2815	4	2
205.180	2816	3	3
205.334	2817	2	1
205.334	2818	3	1
205.489	2819	1	1
205.489	2820	3	1
205.643	2821	1	1
205.643	2822	2	1
205.643	2823	3	1
205.798	2824	1	1
205.798	2825	2	1
205.952	2826	2	2
205.952	2827	4	3
205.991	2828	1	2
205.991	2829	2	3
206.029	2830	3	2
206.029	2831	1	3
206.068	2832	4	2
206.068	2833	3	3
206.106	2834	1	1
206.106	2835	2	2
206.106	2836	4	3
206.261	2837	3	1
206.261	2838	4	2
206.261	2839	2	3
206.415	2840	1	1
206.415	2841	2	1
206.415	2842	3	2
206.415	2843	4	3
206.570	2844	1	1
206.570	2845	4	1
206.724	2846	2	1
206.724	2847	4	1
206.879	2848	1	1
206.879	2849	2	1
206.879	2850	4	1
207.033	2851	1	1
207.033	2852	4	2
207.033	2853	3	3
207.188	2854	1	1
207.188	2855	2	1
207.265	2856	3	2
207.265	2857	4	3
207.342	2858	1	1
207.342	2859	2	1
207.419	2860	4	1
207.419	2861	3	3
207.458	2862	2	1
207.496	2863	1	2
207.651	2864	2	1
207.651	2865	3	2
207.651	2866	4	1
207.651	2867	1	3
207.805	2868	1	1
207.805	2869	2	1
207.960	2870	1	1
207.960	2871	4	1
207.960	2872	3	3
208.114	2873	1	1
208.114	2874	3	1
208.114	2875	4	1
208.192	2876	1	1
208.269	2877	2	1
208.269	2878	4	2
208.423	2879	1	1
208.423	2880	2	1
208.423	2881	4	3
208.481	2882	3	1
208.526	2883	4	1
208.578	2884	1	2
208.578	2885	2	1
208.732	2886	3	2
208.732	2887	1	3
208.887	2888	1	1
208.887	2889	2	1
208.887	2890	4	2
208.887	2891	3	3
209.041	2892	1	1
209.041	2893	3	1
209.195	2894	2	1
209.195	2895	3	1
209.350	2896	1	1
209.350	2897	3	2
209.350	2898	4	3
209.427	2899	2	2
209.427	2900	3	3
209.504	2901	1	1
209.504	2902	4	2
209.504	2903	2	3
209.582	2904	3	2
209.582	2905	4	3
209.659	2906	1	2
209.659	2907	2	1
209.659	2908	3	3
209.813	2909	3	2
209.813	2910	4	1
209.813	2911	1	3
209.968	2912	1	1
209.968	2913	4	2
209.968	2914	3	3
210.122	2915	1	1
210.122	2916	2	1
210.122	2917	3	2
210.122	2918	4	3
210.277	2919	2	1
210.277	2920	4	1
210.431	2921	1	1
210.431	2922	2	1
210.585	2923	2	2
210.585	2924	4	1
210.585	2925	3	3
210.663	2926	1	2
210.663	2927	2	3
210.740	2928	3	2
210.740	2929	4	1
210.740	2930	1	3
210.817	2931	2	2
210.817	2932	3	3
210.894	2933	1	2
210.894	2934	4	1
210.894	2935	2	3
211.049	2936	2	1
211.049	2937	3	2
211.049	2938	1	3
211.203	2939	2	2
211.203	2940	4	1
211.203	2941	3	3
211.358	2942	1	1
211.358	2943	3	1
211.358	2944	4	2
211.358	2945	2	3
211.512	2946	1	1
211.512	2947	3	1
211.667	2948	1	1
211.667	2949	2	1
211.667	2950	3	2
211.667	2951	4	3
211.821	2952	2	1
211.821	2953	4	1
211.975	2954	1	1
211.975	2955	2	2
211.975	2956	4	1
211.975	2957	3	3
212.130	2958	1	1
212.130	2959	4	2
212.130	2960	2	3
212.207	2961	3	2
212.207	2962	4	3
212.284	2963	1	2
212.284	2964	2	1
212.284	2965	4	1
212.284	2966	3	3
212.439	2967	3	1
212.439	2968	4	1
212.593	2969	2	1
212.593	2970	3	1
212.593	2971	4	2
212.593	2972	1	3
212.748	2973	1	1
212.748	2974	2	1
212.902	2975	1	1
212.902	2976	3	1
213.057	2977	1	1
213.057	2978	2	1
213.057	2979	4	3
213.134	2980	3	1
213.134	2981	4	1
213.211	2982	1	1
213.211	2983	2	1
213.211	2984	4	2
213.288	2985	3	1
213.366	2986	1	1
213.366	2987	2	1
213.366	2988	4	3
213.423	2989	3	1
213.468	2990	4	1
213.520	2991	1	2
213.520	2992	2	1
213.597	2993	4	1
213.674	2994	3	2
213.674	2995	1	3
213.829	2996	1	1
213.829	2997	2	2
213.829	2998	4	1
213.829	2999	3	3
214.447	3000	1	1
214.447	3001	4	1
214.447	3002	2	3
214.601	3003	3	1
214.601	3004	4	1
214.756	3005	3	1
214.756	3006	4	1
214.910	3007	3	1
214.910	3008	4	1
215.082	3009	1	1
215.082	3010	2	1
215.082	3011	3	1
215.082	3012	4	2
215.164	3013	4	3
215.246	3014	1	1
215.246	3015	2	2
215.328	3016	2	3
215.410	3017	2	1
215.410	3018	3	2
215.492	3019	3	3
215.575	3020	1	2
215.575	3021	4	1
215.739	3022	3	1
215.739	3023	4	2
215.739	3024	1	3
215.903	3025	1	1
215.903	3026	2	2
215.903	3027	4	3
215.985	3028	2	3
216.068	3029	2	1
216.068	3030	3	2
216.150	3031	3	3
216.232	3032	1	2
216.232	3033	4	1
216.396	3034	3	1
216.396	3035	4	2
216.396	3036	1	3
216.561	3037	1	2
216.561	3038	2	1
216.561	3039	4	3
216.643	3040	1	3
216.725	3041	2	2
216.725	3042	4	1
216.807	3043	2	3
216.889	3044	1	1
216.889	3045	3	2
216.971	3046	3	3
217.054	3047	2	1
217.054	3048	4	2
217.136	3049	4	3
217.218	3050	1	1
217.273	3051	2	1
217.327	3052	3	1
217.382	3053	1	1
217.382	3054	4	2
217.547	3055	2	1
217.547	3056	4	3
217.601	3057	1	1
217.656	3058	2	1
217.711	3059	3	1
217.711	3060	4	2
217.793	3061	1	1
217.793	3062	4	3
217.875	3063	2	2
217.875	3064	3	1
217.957	3065	4	1
217.957	3066	2	3
218.040	3067	2	2
218.040	3068	3	1
218.122	3069	4	1
218.122	3070	2	3
218.204	3071	1	2
218.204	3072	3	1
218.286	3073	2	1
218.368	3074	3	1
218.368	3075	4	2
218.368	3076	1	3
218.450	3077	1	1
218.450	3078	4	3
218.533	3079	2	2
218.533	3080	3	1
218.615	3081	4	1
218.615	3082	2	3
218.697	3083	2	2
218.697	3084	3	1
218.779	3085	4	1
218.779	3086	2	3
218.861	3087	1	2
218.861	3088	3	1
218.943	3089	2	1
219.026	3090	3	1
219.026	3091	4	2
219.026	3092	1	3
219.108	3093	1	1
219.108	3094	4	3
219.190	3095	2	2
219.190	3096	3	1
219.272	3097	4	1
219.354	3098	1	1
219.354	3099	3	1
219.354	3100	2	3
219.436	3101	4	1
219.519	3102	1	1
219.519	3103	2	2
219.601	3104	3	1
219.683	3105	1	1
219.683	3106	4	1
219.683	3107	2	3
219.765	3108	2	1
219.847	3109	3	2
219.929	3110	2	2
219.929	3111	3	3
220.012	3112	1	1
220.012	3113	4	1
220.012	3114	2	3
220.094	3115	3	1
220.176	3116	2	2
220.258	3117	3	2
220.258	3118	2	3
220.340	3119	1	1
220.340	3120	4	2
220.340	3121	3	3
220.505	3122	2	1
220.587	3123	3	1
220.669	3124	1	1
220.669	3125	2	1
220.669	3126	4	3
220.751	3127	3	1
220.833	3128	2	1
220.915	3129	4	1
220.998	3130	1	2
220.998	3131	3	1
221.080	3132	2	1
221.162	3133	4	1
221.244	3134	3	1
221.326	3135	2	1
221.326	3136	4	1
221.326	3137	1	3
221.408	3138	3	1
221.491	3139	1	1
221.573	3140	2	1
221.655	3141	3	1
221.655	3142	4	1
221.737	3143	1	1
221.819	3144	2	1
221.819	3145	4	1
221.901	3146	3	1
221.984	3147	1	1
221.984	3148	2	1
222.066	3149	4	1
222.148	3150	1	1
222.148	3151	2	1
222.230	3152	3	1
222.312	3153	1	1
222.312	3154	4	1
222.367	3155	2	1
222.422	3156	3	1
222.477	3157	4	1
222.531	3158	3	1
222.586	3159	2	1
222.641	3160	1	1
222.641	3161	4	1
222.696	3162	3	1
222.750	3163	2	1
222.805	3164	1	1
222.860	3165	2	1
222.915	3166	1	1
222.970	3167	3	1
222.970	3168	4	1
223.052	3169	2	1
223.134	3170	1	1
223.216	3171	4	1
223.298	3172	2	1
223.298	3173	3	1
223.380	3174	1	1
223.463	3175	2	1
223.545	3176	4	1
223.627	3177	1	1
223.627	3178	3	1
223.709	3179	2	1
223.791	3180	4	1
223.873	3181	1	1
223.956	3182	2	1
223.956	3183	3	1
224.038	3184	4	1
224.120	3185	2	1
224.202	3186	1	1
224.284	3187	2	1
224.284	3188	3	2
224.284	3189	4	2
224.366	3190	1	1
224.449	3191	2	1
224.449	3192	3	3
224.449	3193	4	3
224.531	3194	1	1
224.613	3195	2	2
224.613	3196	3	2
224.613	3197	4	1
224.695	3198	1	1
224.777	3199	4	1
224.777	3200	2	3
224.777	3201	3	3
224.859	3202	3	1
224.942	3203	1	2
224.942	3204	2	2
224.942	3205	4	1
225.106	3206	3	1
225.106	3207	4	1
225.106	3208	1	3
225.106	3209	2	3
225.270	3210	2	2
225.270	3211	3	2
225.435	3212	1	1
225.435	3213	4	1
225.435	3214	2	3
225.435	3215	3	3
225.599	3216	1	1
225.599	3217	3	1
225.599	3218	4	2
225.681	3219	4	3
225.763	3220	1	1
225.763	3221	2	2
225.845	3222	2	3
225.928	3223	2	1
225.928	3224	3	2
226.010	3225	3	3
226.092	3226	1	2
226.092	3227	4	1
226.256	3228	3	1
226.256	3229	4	2
226.256	3230	1	3
226.421	3231	1	1
226.421	3232	2	2
226.421	3233	4	3
226.503	3234	2	3
226.585	3235	2	1
226.585	3236	3	2
226.667	3237	3	3
226.749	3238	1	2
226.749	3239	4	1
226.914	3240	3	1
226.914	3241	4	2
226.914	3242	1	3
227.078	3243	1	2
227.078	3244	2	1
227.078	3245	4	3
227.160	3246	1	3
227.242	3247	2	2
227.242	3248	4	1
227.324	3249	2	3
227.407	3250	1	1
227.407	3251	3	2
227.489	3252	3	3
227.571	3253	2	1
227.571	3254	4	2
227.653	3255	4	3
227.735	3256	1	1
227.790	3257	2	1
227.845	3258	3	1
227.900	3259	1	1
227.900	3260	4	2
228.064	3261	2	1
228.064	3262	4	3
228.119	3263	1	1
228.173	3264	2	1
228.228	3265	3	1
228.228	3266	4	2
228.310	3267	1	1
228.310	3268	4	3
228.393	3269	2	2
228.393	3270	3	1
228.475	3271	4	1
228.475	3272	2	3
228.557	3273	2	2
228.557	3274	3	1
228.639	3275	4	1
228.639	3276	2	3
228.721	3277	1	2
228.721	3278	3	1
228.803	3279	2	1
228.886	3280	3	1
228.886	3281	4	2
228.886	3282	1	3
228.968	3283	1	1
228.968	3284	4	3
229.050	3285	2	2
229.050	3286	3	1
229.132	3287	4	1
229.132	3288	2	3
229.214	3289	2	2
229.214	3290	3	1
229.296	3291	4	1
229.296	3292	2	3
229.379	3293	1	2
229.379	3294	3	1
229.461	3295	2	1
229.543	3296	3	1
229.543	3297	4	2
229.543	3298	1	3
229.625	3299	1	1
229.625	3300	4	3
229.707	3301	2	2
229.707	3302	3	1
229.789	3303	4	1
229.872	3304	1	1
229.872	3305	3	1
229.872	3306	2	3
229.954	3307	4	1
230.036	3308	1	1
230.036	3309	2	2
230.118	3310	3	1
230.200	3311	1	1
230.200	3312	4	1
230.200	3313	2	3
230.282	3314	2	1
230.365	3315	3	2
230.447	3316	2	2
230.447	3317	3	3
230.529	3318	1	1
230.529	3319	4	1
230.529	3320	2	3
230.611	3321	3	1
230.693	3322	2	2
230.775	3323	3	2
230.775	3324	2	3
230.858	3325	1	1
230.858	3326	4	2
230.858	3327	3	3
231.022	3328	2	1
231.104	3329	3	1
231.186	3330	1	1
231.186	3331	2	1
231.186	3332	4	3
231.268	3333	3	1
231.351	3334	2	1
231.433	3335	4	1
231.515	3336	1	2
231.515	3337	3	1
231.597	3338	2	1
231.679	3339	4	1
231.761	3340	3	1
231.844	3341	2	1
231.844	3342	4	1
231.844	3343	1	3
231.926	3344	3	1
232.008	3345	1	1
232.090	3346	2	1
232.172	3347	3	1
232.172	3348	4	1
232.254	3349	1	1
232.337	3350	2	1
232.337	3351	4	1
232.419	3352	3	1
232.501	3353	1	1
232.501	3354	2	1
232.583	3355	4	1
232.665	3356	1	1
232.665	3357	2	1
232.747	3358	3	1
232.830	3359	1	1
232.830	3360	4	1
232.884	3361	3	1
232.939	3362	2	1
232.994	3363	1	1
233.049	3364	2	1
233.103	3365	4	1
233.158	3366	1	1
233.158	3367	3	1
233.213	3368	4	1
233.268	3369	2	1
233.323	3370	3	1
233.377	3371	2	1
233.432	3372	1	1
233.487	3373	3	1
233.487	3374	4	1
233.569	3375	2	1
233.651	3376	1	1
233.651	3377	4	1
233.733	3378	3	1
233.816	3379	1	1
233.816	3380	2	1
233.898	3381	3	1
233.980	3382	1	1
233.980	3383	4	1
234.062	3384	2	1
234.144	3385	3	1
234.144	3386	4	1
234.226	3387	2	1
234.309	3388	1	1
234.309	3389	4	1
234.391	3390	3	1
234.473	3391	1	1
234.473	3392	2	1
234.473	3393	4	2
234.635	3394	4	3
235.122	3395	1	1
235.122	3396	4	2
235.286	3397	4	3
235.780	3398	1	1
235.780	3399	4	1
235.858	3400	4	1
235.937	3401	2	1
236.016	3402	2	1
236.095	3403	4	1
236.174	3404	4	1
236.250	3405	1	1
236.295	3406	2	1
236.340	3407	3	1
236.386	3408	1	1
236.386	3409	4	1
236.431	3410	2	1
236.477	3411	3	1
236.522	3412	1	1
236.522	3413	4	2
236.704	3414	4	3
237.134	3415	1	1
237.134	3416	3	1
237.134	3417	4	1
237.219	3418	1	1
237.219	3419	2	1
237.304	3420	3	1
237.304	3421	4	1
237.390	3422	1	1
237.390	3423	2	1
237.390	3424	4	1
237.475	3425	1	1
237.475	3426	3	1
237.561	3427	2	1
237.561	3428	4	1
237.646	3429	1	1
237.646	3430	3	1
237.646	3431	4	1
237.732	3432	1	1
237.732	3433	2	1
237.781	3434	3	2
237.819	3435	4	2
237.819	3436	3	3
237.858	3437	2	2
237.858	3438	4	3
237.896	3439	1	2
237.896	3440	2	3
237.935	3441	3	2
237.935	3442	1	3
237.973	3443	4	2
237.973	3444	3	3
238.012	3445	2	2
238.012	3446	4	3
238.050	3447	1	2
238.050	3448	2	3
238.089	3449	3	2
238.089	3450	1	3
238.127	3451	4	2
238.127	3452	3	3
238.166	3453	2	2
238.166	3454	4	3
238.204	3455	1	2
238.204	3456	2	3
238.243	3457	3	2
238.243	3458	1	3
238.281	3459	4	2
238.281	3460	3	3
238.320	3461	2	2
238.320	3462	4	3
238.358	3463	1	2
238.358	3464	2	3
238.397	3465	3	2
238.397	3466	4	1
238.397	3467	1	3
238.474	3468	2	2
238.474	3469	3	3
238.551	3470	1	2
238.551	3471	4	1
238.551	3472	2	3
238.628	3473	3	2
238.628	3474	1	3
238.705	3475	2	2
238.705	3476	4	1
238.705	3477	3	3
238.782	3478	1	2
238.782	3479	3	1
238.782	3480	2	3
238.859	3481	2	2
238.859	3482	1	3
238.936	3483	4	2
238.936	3484	2	3
239.013	3485	1	1
239.013	3486	3	2
239.013	3487	4	3
239.090	3488	2	2
239.090	3489	3	3
239.167	3490	1	2
239.167	3491	4	1
239.167	3492	2	3
239.244	3493	3	2
239.244	3494	1	3
239.321	3495	2	2
239.321	3496	4	1
239.321	3497	3	3
239.398	3498	1	2
239.398	3499	3	1
239.398	3500	2	3
239.475	3501	2	2
239.475	3502	1	3
239.552	3503	4	2
239.552	3504	2	3
239.629	3505	1	1
239.629	3506	3	2
239.629	3507	4	3
239.706	3508	2	2
239.706	3509	3	3
239.783	3510	1	2
239.783	3511	4	1
239.783	3512	2	3
239.860	3513	3	2
239.860	3514	1	3
239.937	3515	2	2
239.937	3516	4	1
239.937	3517	3	3
240.014	3518	1	2
240.014	3519	3	1
240.014	3520	2	3
240.091	3521	2	2
240.091	3522	1	3
240.168	3523	4	2
240.168	3524	2	3
240.245	3525	1	1
240.245	3526	3	2
240.245	3527	4	3
240.323	3528	2	2
240.323	3529	3	3
240.400	3530	1	2
240.400	3531	4	1
240.400	3532	2	3
240.477	3533	3	2
240.477	3534	1	3
240.554	3535	2	2
240.554	3536	4	1
240.554	3537	3	3
240.631	3538	1	2
240.631	3539	3	1
240.631	3540	2	3
240.708	3541	2	2
240.708	3542	1	3
240.785	3543	4	2
240.785	3544	2	3
240.862	3545	1	1
240.862	3546	2	2
240.862	3547	4	3
240.939	3548	3	2
240.939	3549	2	3
241.016	3550	1	1
241.016	3551	4	2
241.016	3552	3	3
241.093	3553	2	2
241.093	3554	4	3
241.170	3555	1	1
241.170	3556	3	2
241.170	3557	2	3
241.247	3558	2	1
241.247	3559	4	2
241.247	3560	3	3
241.324	3561	3	2
241.324	3562	4	3
241.401	3563	1	2
241.401	3564	3	3
241.478	3565	2	2
241.478	3566	4	1
241.478	3567	1	3
241.555	3568	3	2
241.555	3569	2	3
241.632	3570	1	1
241.632	3571	4	2
241.632	3572	3	3
241.709	3573	2	2
241.709	3574	4	3
241.786	3575	1	1
241.786	3576	3	2
241.786	3577	2	3
241.863	3578	2	1
241.863	3579	4	2
241.863	3580	3	3
241.940	3581	3	2
241.940	3582	4	3
242.017	3583	1	2
242.017	3584	3	3
242.094	3585	2	2
242.094	3586	4	1
242.094	3587	1	3
242.172	3588	3	2
242.172	3589	2	3
242.249	3590	1	1
242.249	3591	4	2
242.249	3592	3	3
242.326	3593	2	2
242.326	3594	4	3
242.403	3595	1	1
242.403	3596	3	2
242.403	3597	2	3
242.480	3598	2	1
242.480	3599	4	2
242.480	3600	3	3
242.557	3601	3	2
242.557	3602	4	3
242.634	3603	1	2
242.634	3604	3	3
242.711	3605	2	2
242.711	3606	4	1
242.711	3607	1	3
242.788	3608	3	2
242.788	3609	2	3
242.865	3610	2	1
242.865	3611	4	2
242.865	3612	3	3
242.942	3613	1	2
242.942	3614	4	3
243.019	3615	2	2
243.019	3616	4	1
243.019	3617	1	3
243.096	3618	3	2
243.096	3619	2	3
243.173	3620	4	2
243.173	3621	3	3
243.250	3622	3	2
243.250	3623	4	3
243.327	3624	1	2
243.327	3625	2	2
243.327	3626	4	1
243.327	3627	3	3
243.404	3628	1	3
243.404	3629	2	3
243.481	3630	1	2
243.481	3631	2	2
243.558	3632	1	3
243.558	3633	2	3
243.635	3634	3	1
243.635	3635	4	2
243.789	3636	1	1
243.789	3637	2	1
243.789	3638	4	3
243.866	3639	3	1
243.866	3640	4	1
243.943	3641	1	2
243.943	3642	2	2
243.943	3643	4	1
244.021	3644	1	3
244.021	3645	2	3
244.098	3646	1	2
244.098	3647	2	2
244.175	3648	1	3
244.175	3649	2	3
244.252	3650	4	1
244.406	3651	1	2
244.406	3652	2	1
244.560	3653	3	1
244.560	3654	4	1
244.714	3655	3	2
244.714	3656	4	1
244.714	3657	1	3
244.868	3658	1	1
244.868	3659	2	2
244.868	3660	3	3
245.022	3661	1	2
245.022	3662	4	1
245.022	3663	2	3
245.099	3664	3	2
245.099	3665	1	3
245.176	3666	1	1
245.176	3667	2	1
245.176	3668	4	2
245.176	3669	3	3
245.330	3670	2	2
245.330	3671	4	3
245.407	3672	3	2
245.407	3673	2	3
245.484	3674	1	1
245.484	3675	2	2
245.484	3676	3	3
245.638	3677	4	2
245.638	3678	2	3
245.792	3679	1	2
245.792	3680	2	2
245.792	3681	3	1
245.792	3682	4	3
245.870	3683	1	3
245.870	3684	2	3
245.947	3685	1	2
245.947	3686	2	2
246.024	3687	1	3
246.024	3688	2	3
246.101	3689	3	1
246.101	3690	4	2
246.255	3691	1	1
246.255	3692	2	1
246.255	3693	4	3
246.332	3694	3	1
246.332	3695	4	1
246.409	3696	1	2
246.409	3697	2	2
246.409	3698	4	1
246.486	3699	1	3
246.486	3700	2	3
246.563	3701	1	2
246.563	3702	2	2
246.640	3703	1	3
246.640	3704	2	3
246.717	3705	4	1
246.871	3706	3	1
246.871	3707	4	2
247.025	3708	1	1
247.025	3709	2	1
247.179	3710	1	1
247.179	3711	4	3
247.231	3712	2	1
247.282	3713	3	1
247.333	3714	1	2
247.333	3715	4	1
247.487	3716	3	1
247.487	3717	4	1
247.487	3718	1	3
247.564	3719	1	1
247.564	3720	2	1
247.641	3721	1	1
247.641	3722	3	2
247.641	3723	4	1
247.796	3724	1	1
247.796	3725	2	2
247.796	3726	3	3
247.950	3727	3	1
247.950	3728	4	1
247.950	3729	2	3
248.027	3730	1	1
248.027	3731	2	1
248.104	3732	3	1
248.104	3733	4	1
248.181	3734	1	1
248.181	3735	2	1
248.258	3736	1	1
248.258	3737	3	2
248.258	3738	4	1
248.335	3739	2	2
248.335	3740	3	3
248.412	3741	1	2
248.412	3742	4	1
248.412	3743	2	3
248.489	3744	3	2
248.489	3745	1	3
248.566	3746	2	2
248.566	3747	4	1
248.566	3748	3	3
248.643	3749	1	2
248.643	3750	3	1
248.643	3751	2	3
248.720	3752	2	2
248.720	3753	1	3
248.797	3754	4	2
248.797	3755	2	3
248.874	3756	1	1
248.874	3757	3	2
248.874	3758	4	3
248.951	3759	2	2
248.951	3760	3	3
249.028	3761	1	2
249.028	3762	4	1
249.028	3763	2	3
249.105	3764	3	2
249.105	3765	1	3
249.182	3766	2	2
249.182	3767	4	1
249.182	3768	3	3
249.259	3769	1	2
249.259	3770	3	1
249.259	3771	2	3
249.336	3772	2	2
249.336	3773	1	3
249.413	3774	4	2
249.413	3775	2	3
249.490	3776	1	1
249.490	3777	3	2
249.490	3778	4	3
249.568	3779	2	2
249.568	3780	3	3
249.645	3781	1	2
249.645	3782	4	1
249.645	3783	2	3
249.722	3784	3	2
249.722	3785	1	3
249.799	3786	2	2
249.799	3787	4	1
249.799	3788	3	3
249.876	3789	1	2
249.876	3790	3	1
249.876	3791	2	3
249.953	3792	2	2
249.953	3793	1	3
250.030	3794	4	2
250.030	3795	2	3
250.107	3796	1	1
250.107	3797	3	2
250.107	3798	4	3
250.184	3799	2	2
250.184	3800	3	3
250.261	3801	1	2
250.261	3802	4	1
250.261	3803	2	3
250.338	3804	3	2
250.338	3805	1	3
250.415	3806	2	2
250.415	3807	4	1
250.415	3808	3	3
250.492	3809	1	2
250.492	3810	3	1
250.492	3811	2	3
250.569	3812	2	2
250.569	3813	1	3
250.646	3814	4	2
250.646	3815	2	3
250.723	3816	1	1
250.723	3817	2	2
250.723	3818	4	3
250.800	3819	3	2
250.800	3820	2	3
250.877	3821	1	1
250.877	3822	4	2
250.877	3823	3	3
250.954	3824	2	2
250.954	3825	4	3
251.031	3826	1	1
251.031	3827	3	2
251.031	3828	2	3
251.108	3829	2	1
251.108	3830	4	2
251.108	3831	3	3
251.185	3832	3	2
251.185	3833	4	3
251.262	3834	1	2
251.262	3835	3	3
251.339	3836	2	2
251.339	3837	4	1
251.339	3838	1	3
251.417	3839	3	2
251.417	3840	2	3
251.494	3841	1	1
251.494	3842	4	2
251.494	3843	3	3
251.571	3844	2	2
251.571	3845	4	3
251.648	3846	1	1
251.648	3847	3	2
251.648	3848	2	3
251.725	3849	2	1
251.725	3850	4	2
251.725	3851	3	3
251.802	3852	3	2
251.802	3853	4	3
251.879	3854	1	2
251.879	3855	3	3
251.956	3856	2	2
251.956	3857	4	1
251.956	3858	1	3
252.033	3859	3	2
252.033	3860	2	3
252.110	3861	1	1
252.110	3862	4	2
252.110	3863	3	3
252.187	3864	2	2
252.187	3865	4	3
252.264	3866	1	1
252.264	3867	3	2
252.264	3868	2	3
252.341	3869	2	1
252.341	3870	4	2
252.341	3871	3	3
252.418	3872	3	2
252.418	3873	4	3
252.495	3874	1	2
252.495	3875	3	3
252.572	3876	2	2
252.572	3877	4	1
252.572	3878	1	3
252.649	3879	3	2
252.649	3880	2	3
252.726	3881	2	1
252.726	3882	4	2
252.726	3883	3	3
252.803	3884	1	2
252.803	3885	4	3
252.880	3886	2	2
252.880	3887	4	1
252.880	3888	1	3
252.957	3889	3	2
252.957	3890	2	3
253.034	3891	4	2
253.034	3892	3	3
253.111	3893	3	2
253.111	3894	4	3
253.188	3895	1	1
253.188	3896	2	1
253.188	3897	4	1
253.188	3898	3	3
253.343	3899	1	1
253.343	3900	2	1
253.343	3901	4	1
253.420	3902	1	1
253.497	3903	4	1
253.574	3904	4	1
253.651	3905	3	1
253.728	3906	3	1
253.805	3907	1	1
253.882	3908	1	1
253.959	3909	2	1
254.036	3910	2	1
254.113	3911	4	1
254.190	3912	4	1
254.267	3913	1	1
254.267	3914	2	1
254.267	3915	3	1
254.344	3916	1	1
254.421	3917	3	1
254.498	3918	3	1
254.575	3919	1	1
254.575	3920	4	1
254.652	3921	4	1
254.729	3922	1	1
254.729	3923	2	1
254.729	3924	3	1
254.806	3925	2	1
254.883	3926	4	1
254.960	3927	1	1
254.960	3928	4	1
255.037	3929	1	1
255.037	3930	2	1
255.037	3931	3	1
255.115	3932	2	1
255.192	3933	3	1
255.192	3934	4	1
255.269	3935	3	1
255.346	3936	1	1
255.346	3937	4	1
255.397	3938	2	1
255.448	3939	3	1
255.500	3940	4	1
255.551	3941	1	1
255.602	3942	2	1
255.654	3943	3	2
255.654	3944	4	2
255.731	3945	3	3
255.731	3946	4	3
255.808	3947	3	2
255.808	3948	4	2
255.885	3949	3	3
255.885	3950	4	3
255.962	3951	1	1
255.962	3952	2	1
255.962	3953	4	1
256.116	3954	3	1
256.116	3955	4	1
256.193	3956	1	1
256.193	3957	2	1
256.270	3958	1	1
256.270	3959	3	2
256.270	3960	4	2
256.347	3961	3	3
256.347	3962	4	3
256.424	3963	3	2
256.424	3964	4	2
256.501	3965	3	3
256.501	3966	4	3
256.578	3967	1	1
256.578	3968	3	1
256.578	3969	4	1
256.732	3970	1	1
256.732	3971	2	1
256.809	3972	3	1
256.809	3973	4	1
256.886	3974	1	2
256.925	3975	2	2
256.925	3976	1	3
256.964	3977	4	2
256.964	3978	2	3
257.002	3979	3	2
257.002	3980	4	3
257.041	3981	1	2
257.041	3982	3	3
257.079	3983	2	2
257.079	3984	1	3
257.118	3985	4	2
257.118	3986	2	3
257.156	3987	3	2
257.156	3988	4	3
257.195	3989	1	2
257.195	3990	3	3
257.233	3991	2	2
257.233	3992	1	3
257.272	3993	4	2
257.272	3994	2	3
257.310	3995	3	2
257.310	3996	4	3
257.349	3997	1	2
257.349	3998	3	3
257.387	3999	2	2
257.387	4000	1	3
257.426	4001	4	2
257.426	4002	2	3
257.464	4003	3	2
257.464	4004	4	3
257.503	4005	1	2
257.503	4006	3	3
257.541	4007	2	2
257.541	4008	1	3
257.580	4009	4	2
257.580	4010	2	3
257.618	4011	3	2
257.618	4012	4	3
257.657	4013	1	2
257.657	4014	3	3
257.695	4015	2	2
257.695	4016	1	3
257.734	4017	4	2
257.734	4018	2	3
257.772	4019	3	2
257.772	4020	4	3
257.811	4021	1	2
257.811	4022	3	3
257.850	4023	2	2
257.850	4024	1	3
257.888	4025	4	2
257.888	4026	2	3
257.927	4027	3	2
257.927	4028	4	3
257.965	4029	1	2
257.965	4030	3	3
258.004	4031	2	2
258.004	4032	1	3
258.042	4033	4	2
258.042	4034	2	3
258.081	4035	3	2
258.081	4036	4	3
258.119	4037	1	2
258.119	4038	2	1
258.119	4039	3	3
258.427	4040	3	2
258.427	4041	1	3
258.735	4042	2	2
258.735	4043	3	3
259.044	4044	4	2
259.044	4045	2	3
259.198	4046	3	2
259.198	4047	4	3
259.506	4048	2	2
259.506	4049	3	3
259.557	4050	3	2
259.557	4051	2	3
259.609	4052	2	2
259.609	4053	3	3
259.660	4054	3	2
259.660	4055	2	3
259.814	4056	1	2
259.814	4057	3	3
259.968	4058	2	2
259.968	4059	1	3
260.122	4060	1	1
260.122	4061	3	1
260.122	4062	4	1
260.276	4063	1	1
260.276	4064	3	1
260.276	4065	4	2
260.276	4066	2	3
260.584	4067	2	2
260.584	4068	4	3
260.893	4069	4	2
260.893	4070	2	3
261.047	4071	3	2
261.047	4072	4	3
261.355	4073	2	2
261.355	4074	3	3
261.406	4075	3	2
261.406	4076	2	3
261.458	4077	2	2
261.458	4078	3	3
261.509	4079	3	2
261.509	4080	2	3
261.663	4081	1	2
261.663	4082	3	3
261.817	4083	2	2
261.817	4084	3	1
261.817	4085	4	1
261.817	4086	1	3
262.125	4087	1	1
262.125	4088	3	1
262.125	4089	4	2
262.125	4090	2	3
262.433	4091	1	2
262.433	4092	4	3
262.742	4093	4	2
262.742	4094	1	3
262.896	4095	3	2
262.896	4096	4	3
263.204	4097	2	2
263.204	4098	3	3
263.255	4099	3	2
263.255	4100	2	3
263.307	4101	2	2
263.307	4102	3	3
263.358	4103	3	2
263.358	4104	2	3
263.512	4105	1	2
263.512	4106	3	3
263.666	4107	2	2
263.666	4108	1	3
263.820	4109	1	1
263.820	4110	3	1
263.820	4111	4	1
263.974	4112	1	1
263.974	4113	3	1
263.974	4114	4	2
263.974	4115	2	3
264.282	4116	2	2
264.282	4117	4	3
264.591	4118	4	2
264.591	4119	2	3
264.745	4120	3	2
264.745	4121	4	3
265.053	4122	2	2
265.053	4123	3	3
265.104	4124	3	2
265.104	4125	2	3
265.156	4126	2	2
265.156	4127	3	3
265.207	4128	1	1
265.207	4129	3	2
265.207	4130	4	1
265.207	4131	2	3
265.361	4132	2	2
265.361	4133	3	3
265.515	4134	1	2
265.515	4135	3	1
265.515	4136	4	1
265.515	4137	2	3
265.823	4138	3	1
265.823	4139	4	1
266.131	4140	2	2
266.131	4141	3	1
266.131	4142	4	1
266.131	4143	1	3
266.440	4144	3	1
266.440	4145	4	1
266.748	4146	1	1
266.748	4147	3	2
266.748	4148	4	1
266.748	4149	2	3
267.056	4150	1	1
267.056	4151	4	1
267.364	4152	1	1
267.364	4153	2	1
267.364	4154	4	2
267.364	4155	3	3
267.672	4156	1	1
267.672	4157	2	1
267.980	4158	1	2
267.980	4159	2	1
267.980	4160	3	1
267.980	4161	4	3
268.135	4162	2	1
268.135	4163	4	1
268.289	4164	2	1
268.289	4165	4	1
268.443	4166	2	1
268.443	4167	4	1
268.597	4168	2	2
268.597	4169	3	1
268.597	4170	4	1
268.597	4171	1	3
268.751	4172	3	1
268.751	4173	4	1
268.905	4174	3	1
268.905	4175	4	1
269.059	4176	3	1
269.059	4177	4	1
269.213	4178	1	1
269.213	4179	3	2
269.213	4180	4	1
269.213	4181	2	3
269.367	4182	1	1
269.367	4183	2	1
269.521	4184	1	1
269.521	4185	2	1
269.675	4186	1	1
269.675	4187	2	1
269.829	4188	1	1
269.829	4189	2	1
269.829	4190	4	2
269.829	4191	3	3
269.984	4192	1	1
269.984	4193	3	1
270.138	4194	1	1
270.138	4195	2	1
270.138	4196	3	1
270.138	4197	4	3
270.446	4198	1	1
270.446	4199	2	1
270.446	4200	3	1
270.446	4201	4	1
270.754	4202	2	2
270.857	4203	3	2
270.857	4204	2	3
270.959	4205	4	2
270.959	4206	3	3
271.062	4207	1	2
271.062	4208	4	3
271.114	4209	4	2
271.114	4210	1	3
271.165	4211	1	2
271.165	4212	4	3
271.216	4213	4	2
271.216	4214	1	3
271.268	4215	1	2
271.268	4216	4	3
271.319	4217	4	2
271.319	4218	1	3
271.370	4219	1	2
271.370	4220	4	3
271.422	4221	4	2
271.422	4222	1	3
271.473	4223	1	2
271.473	4224	4	3
271.524	4225	4	2
271.524	4226	1	3
271.576	4227	1	2
271.576	4228	4	3
271.627	4229	4	2
271.627	4230	1	3
271.678	4231	1	1
271.678	4232	2	1
271.678	4233	3	1
271.678	4234	4	3
271.987	4235	2	2
272.089	4236	3	2
272.089	4237	2	3
272.192	4238	4	2
272.192	4239	3	3
272.295	4240	2	2
272.295	4241	4	3
272.346	4242	3	2
272.346	4243	2	3
272.398	4244	2	2
272.398	4245	3	3
272.449	4246	3	2
272.449	4247	2	3
272.500	4248	2	2
272.500	4249	3	3
272.552	4250	3	2
272.552	4251	2	3
272.603	4252	2	2
272.603	4253	3	3
272.654	4254	3	2
272.654	4255	2	3
272.706	4256	2	2
272.706	4257	3	3
272.757	4258	3	2
272.757	4259	2	3
272.808	4260	2	2
272.808	4261	3	3
272.860	4262	3	2
272.860	4263	2	3
272.911	4264	1	1
272.911	4265	2	1
272.911	4266	4	1
272.911	4267	3	3
273.219	4268	1	2
273.219	4269	3	1
273.322	4270	2	2
273.322	4271	4	1
273.322	4272	1	3
273.425	4273	1	1
273.425	4274	3	2
273.425	4275	2	3
273.527	4276	2	1
273.527	4277	4	2
273.527	4278	3	3
273.630	4279	1	2
273.630	4280	3	1
273.630	4281	4	3
273.733	4282	2	2
273.733	4283	4	1
273.733	4284	1	3
273.836	4285	1	1
273.836	4286	3	2
273.836	4287	2	3
273.938	4288	2	1
273.938	4289	4	2
273.938	4290	3	3
274.041	4291	1	2
274.041	4292	3	1
274.041	4293	4	3
274.144	4294	2	2
274.144	4295	4	1
274.144	4296	1	3
274.247	4297	1	1
274.247	4298	3	2
274.247	4299	2	3
274.349	4300	2	1
274.349	4301	4	2
274.349	4302	3	3
274.452	4303	1	2
274.452	4304	3	1
274.452	4305	4	3
274.555	4306	2	2
274.555	4307	4	1
274.555	4308	1	3
274.657	4309	1	1
274.657	4310	3	2
274.657	4311	2	3
274.760	4312	2	1
274.760	4313	4	2
274.760	4314	3	3
274.863	4315	1	2
274.863	4316	3	1
274.863	4317	4	3
274.966	4318	2	2
274.966	4319	4	1
274.966	4320	1	3
275.068	4321	1	2
275.068	4322	3	1
275.068	4323	2	3
275.923	4324	3	1
275.960	4325	4	2
275.960	4326	1	3
276.033	4327	4	3
277.128	4328	1	2
277.170	4329	2	2
277.170	4330	1	3
277.212	4331	3	2
277.212	4332	2	3
277.255	4333	4	2
277.255	4334	3	3
277.297	4335	1	2
277.297	4336	4	3
277.339	4337	2	2
277.339	4338	1	3
277.382	4339	3	2
277.382	4340	2	3
277.424	4341	4	2
277.424	4342	3	3
277.466	4343	1	2
277.466	4344	4	3
277.509	4345	2	2
277.509	4346	1	3
277.551	4347	3	2
277.551	4348	2	3
277.594	4349	4	2
277.594	4350	3	3
277.636	4351	1	2
277.636	4352	4	3
277.678	4353	2	2
277.678	4354	1	3
277.721	4355	3	2
277.721	4356	2	3
277.763	4357	4	2
277.763	4358	3	3
277.805	4359	1	2
277.805	4360	4	3
277.848	4361	2	2
277.848	4362	1	3
277.890	4363	3	2
277.890	4364	2	3
277.933	4365	4	2
277.933	4366	3	3
277.975	4367	1	2
277.975	4368	4	3
278.017	4369	2	2
278.017	4370	1	3
278.060	4371	3	2
278.060	4372	2	3
278.102	4373	4	2
278.102	4374	3	3
278.144	4375	1	2
278.144	4376	4	3
278.187	4377	2	2
278.187	4378	1	3
278.229	4379	3	2
278.229	4380	2	3
278.272	4381	4	2
278.272	4382	3	3
278.314	4383	1	2
278.314	4384	4	3
278.356	4385	2	2
278.356	4386	1	3
278.399	4387	3	2
278.399	4388	2	3
278.441	4389	4	2
278.441	4390	3	3
278.483	4391	1	2
278.483	4392	4	3
278.526	4393	2	2
278.526	4394	1	3
278.568	4395	3	2
278.568	4396	2	3
278.611	4397	4	2
278.611	4398	3	3
278.653	4399	1	2
278.653	4400	4	3
278.695	4401	2	2
278.695	4402	1	3
278.738	4403	3	2
278.738	4404	2	3
278.780	4405	4	2
278.780	4406	3	3
278.822	4407	1	2
278.822	4408	4	3
278.865	4409	2	2
278.865	4410	1	3
278.907	4411	3	2
278.907	4412	2	3
278.950	4413	4	2
278.950	4414	3	3
278.992	4415	1	2
278.992	4416	4	3
279.034	4417	2	2
279.034	4418	1	3
279.077	4419	3	2
279.077	4420	2	3
279.119	4421	4	2
279.119	4422	3	3
279.161	4423	1	2
279.161	4424	4	3
279.204	4425	2	2
279.204	4426	1	3
279.246	4427	3	2
279.246	4428	2	3
279.289	4429	4	2
279.289	4430	3	3
279.331	4431	1	2
279.331	4432	4	3
279.373	4433	2	2
279.373	4434	1	3
279.416	4435	3	2
279.416	4436	2	3
279.458	4437	4	2
279.458	4438	3	3
279.500	4439	1	2
279.500	4440	4	3
279.543	4441	2	2
279.543	4442	1	3
279.585	4443	3	2
279.585	4444	2	3
279.628	4445	4	2
279.628	4446	3	3
279.670	4447	1	2
279.670	4448	4	3
279.712	4449	2	2
279.712	4450	1	3
279.755	4451	3	2
279.755	4452	2	3
279.797	4453	4	2
279.797	4454	3	3
279.839	4455	1	2
279.839	4456	4	3
279.882	4457	2	2
279.882	4458	1	3
279.924	4459	3	2
279.924	4460	2	3
279.966	4461	4	2
279.966	4462	3	3
280.009	4463	1	2
280.009	4464	4	3
280.051	4465	2	2
280.051	4466	1	3
280.094	4467	3	2
280.094	4468	2	3
280.136	4469	4	2
280.136	4470	3	3
280.178	4471	1	2
280.178	4472	4	3
280.221	4473	2	2
280.221	4474	1	3
280.263	4475	3	2
280.263	4476	2	3
280.305	4477	4	2
280.305	4478	3	3
280.348	4479	1	2
280.348	4480	4	3
280.390	4481	2	2
280.390	4482	1	3
280.433	4483	3	2
280.433	4484	2	3
280.475	4485	4	2
280.475	4486	3	3
280.517	4487	1	2
280.517	4488	4	3
280.560	4489	2	2
280.560	4490	1	3
280.602	4491	3	2
280.602	4492	2	3
280.644	4493	4	2
280.644	4494	3	3
280.687	4495	1	2
280.687	4496	4	3
280.729	4497	2	2
280.729	4498	1	3
280.772	4499	3	2
280.772	4500	2	3
280.814	4501	4	2
280.814	4502	3	3
280.856	4503	1	2
280.856	4504	4	3
280.899	4505	2	2
280.899	4506	1	3
280.941	4507	3	2
280.941	4508	2	3
280.983	4509	4	2
280.983	4510	3	3
281.026	4511	1	2
281.026	4512	4	3
281.068	4513	2	2
281.068	4514	1	3
281.111	4515	3	2
281.111	4516	2	3
281.153	4517	4	2
281.153	4518	3	3
281.195	4519	1	2
281.195	4520	4	3
281.238	4521	2	2
281.238	4522	1	3
281.280	4523	3	2
281.280	4524	2	3
281.322	4525	4	2
281.322	4526	3	3
281.365	4527	1	2
281.365	4528	4	3
281.407	4529	2	2
281.407	4530	1	3
281.450	4531	3	2
281.450	4532	2	3
281.492	4533	4	2
281.492	4534	3	3
281.534	4535	1	2
281.534	4536	4	3
281.577	4537	2	2
281.577	4538	1	3
281.619	4539	3	2
281.619	4540	2	3
281.661	4541	4	2
281.661	4542	3	3
281.704	4543	1	2
281.704	4544	4	3
281.746	4545	2	2
281.746	4546	1	3
281.789	4547	3	2
281.789	4548	2	3
281.831	4549	4	2
281.831	4550	3	3
281.873	4551	1	2
281.873	4552	4	3
281.916	4553	2	2
281.916	4554	1	3
281.958	4555	3	2
281.958	4556	2	3
282.000	4557	4	2
282.000	4558	3	3
282.043	4559	4	3
282.113	4560	1	1
282.180	4561	2	1
282.251	4562	3	1
282.326	4563	4	1
282.405	4564	1	1
282.493	4565	2	1
282.608	4566	3	1
282.733	4567	4	1
282.920	4568	1	1
283.220	4569	2	1
283.614	4570	3	2
284.009	4571	4	2
284.009	4572	3	3
284.404	4573	1	2
284.404	4574	4	3
285.443	4575	4	1
285.443	4576	1	3
285.607	4577	2	1
285.771	4578	3	1
285.936	4579	1	1
286.100	4580	4	1
286.264	4581	2	1
286.429	4582	3	1
286.593	4583	1	1
286.757	4584	4	1
286.922	4585	2	1
287.086	4586	3	1
287.250	4587	2	2
287.442	4588	4	2
287.442	4589	2	3
288.028	4590	1	1
288.028	4591	4	3
288.271	4592	3	1
288.434	4593	2	1
288.515	4594	1	1
288.678	4595	3	1
288.759	4596	4	1
288.922	4597	2	1
289.003	4598	1	1
289.247	4599	4	1
289.410	4600	2	1
289.491	4601	1	1
289.654	4602	3	1
289.735	4603	4	1
289.897	4604	2	1
289.979	4605	4	2
290.629	4606	1	2
290.629	4607	2	1
290.629	4608	4	3
290.984	4609	4	1
290.984	4610	1	3
291.161	4611	2	1
291.250	4612	3	1
291.339	4613	4	1
291.427	4614	2	1
291.516	4615	1	1
291.694	4616	3	1
291.871	4617	4	1
292.049	4618	2	2
292.404	4619	1	1
292.404	4620	2	3
292.492	4621	4	2
292.972	4622	2	2
292.976	4623	4	3
293.166	4624	3	1
293.261	4625	1	1
293.261	4626	2	3
293.356	4627	4	2
293.812	4628	2	1
293.812	4629	4	3
293.813	4630	1	1
293.923	4631	1	1
293.923	4632	2	1
294.103	4633	1	1
294.103	4634	2	1
294.375	4635	2	1
294.375	4636	3	1
294.478	4637	4	2
294.998	4638	1	1
294.998	4639	2	1
294.998	4640	4	3
295.105	4641	1	1
295.105	4642	2	1
295.245	4643	3	1
295.245	4644	4	2
295.717	4645	1	1
295.717	4646	4	3
295.772	4647	2	1
295.828	4648	3	1
295.883	4649	4	1
295.939	4650	1	1
295.994	4651	2	1
296.050	4652	3	1
296.050	4653	4	2
296.568	4654	2	1
296.568	4655	4	3
296.704	4656	1	2
296.828	4657	4	2
296.828	4658	1	3
297.345	4659	2	1
297.419	4660	1	1
297.420	4661	3	2
297.420	4662	4	3
297.495	4663	2	2
297.495	4664	3	3
297.570	4665	1	2
297.570	4666	2	3
297.645	4667	1	3
297.679	4668	4	2
297.901	4669	1	2
297.901	4670	4	3
297.902	4671	2	2
298.037	4672	4	2
298.037	4673	1	3
298.039	4674	2	3
298.241	4675	2	1
298.241	4676	4	3
298.312	4677	2	2
298.383	4678	4	2
298.383	4679	2	3
298.503	4680	1	2
298.623	4681	2	2
298.711	4682	1	3
298.711	4683	2	3
298.711	4684	4	3
298.713	4685	3	2
298.727	4686	3	3
298.759	4687	2	2
298.776	4688	2	3
298.808	4689	4	2
298.825	4690	4	3
298.841	4691	1	2
298.857	4692	1	3
298.906	4693	3	2
298.971	4694	1	2
298.971	4695	4	2
299.102	4696	2	2
299.102	4697	1	3
299.102	4698	3	3
299.102	4699	4	3
299.118	4700	2	3
299.167	4701	3	2
299.183	4702	3	3
299.232	4703	4	2
299.249	4704	4	3
299.297	4705	2	2
299.314	4706	2	3
299.363	4707	1	2
299.379	4708	1	3
299.428	4709	3	2
299.444	4710	3	3
299.493	4711	2	2
299.509	4712	2	3
307.315	4713	1	1
307.462	4714	2	1
307.756	4715	3	1
307.903	4716	1	1
307.904	4717	4	1
308.345	4718	1	1
308.345	4719	4	1
308.639	4720	1	1
308.639	4721	2	1
308.786	4722	3	1
309.227	4723	3	1
309.227	4724	4	1
309.521	4725	2	1
309.668	4726	1	1
309.668	4727	4	1
309.962	4728	3	1
310.109	4729	1	1
310.109	4730	2	1
310.404	4731	2	1
310.404	4732	3	1
310.551	4733	1	1
310.845	4734	2	1
310.992	4735	3	1
310.992	4736	4	1
311.286	4737	4	1
311.433	4738	1	1
311.433	4739	3	1
311.874	4740	1	1
311.874	4741	3	1
312.168	4742	2	1
312.242	4743	3	1
312.315	4744	1	1
312.315	4745	4	1
312.609	4746	2	1
312.756	4747	3	1
312.756	4748	4	1
313.051	4749	2	1
313.051	4750	3	1
313.198	4751	1	1
313.492	4752	4	1
313.565	4753	3	1
313.639	4754	1	1
313.639	4755	2	1
313.933	4756	3	1
313.933	4757	4	1
314.080	4758	1	1
314.521	4759	2	1
314.521	4760	4	1
314.668	4761	3	1
314.815	4762	2	1
314.962	4763	1	1
314.962	4764	4	1
315.404	4765	1	1
315.404	4766	4	1
315.698	4767	1	1
315.698	4768	2	1
315.845	4769	3	1
316.286	4770	3	1
316.286	4771	4	1
316.580	4772	2	1
316.727	4773	1	1
316.727	4774	4	1
317.021	4775	3	1
317.168	4776	1	1
317.168	4777	2	1
317.462	4778	3	1
317.462	4779	4	1
317.609	4780	1	1
317.904	4781	4	1
318.051	4782	1	1
318.051	4783	3	1
318.345	4784	2	1
318.492	4785	1	1
318.492	4786	4	1
318.933	4787	1	1
318.933	4788	3	1
319.227	4789	2	1
319.301	4790	3	1
319.374	4791	1	1
319.374	4792	4	1
319.521	4793	3	1
319.668	4794	2	1
319.815	4795	3	1
319.815	4796	4	1
319.962	4797	1	1
320.109	4798	2	1
320.109	4799	3	1
320.256	4800	1	1
320.256	4801	4	1
320.551	4802	4	1
320.624	4803	3	1
320.698	4804	1	1
320.698	4805	2	1
320.845	4806	4	1
320.992	4807	2	1
320.992	4808	3	1
321.139	4809	1	1
321.433	4810	3	1
321.433	4811	4	1
321.580	4812	1	1
321.580	4813	2	1
321.874	4814	2	1
321.874	4815	3	1
322.021	4816	1	1
322.021	4817	3	1
322.021	4818	4	1
322.168	4819	2	1
322.315	4820	3	1
322.315	4821	4	1
322.462	4822	1	1
322.462	4823	2	1
322.609	4824	4	1
322.756	4825	2	1
322.756	4826	3	1
322.904	4827	1	1
323.051	4828	3	1
323.198	4829	2	1
323.198	4830	4	1
323.345	4831	1	2
323.345	4832	3	1
323.492	4833	2	2
323.492	4834	1	3
323.639	4835	3	2
323.639	4836	2	3
323.786	4837	1	1
323.786	4838	4	2
323.786	4839	3	3
323.933	4840	2	1
324.080	4841	3	1
324.227	4842	1	1
324.227	4843	2	1
324.374	4844	3	2
324.374	4845	4	3
324.521	4846	1	1
324.521	4847	2	2
324.521	4848	3	3
324.668	4849	1	2
324.668	4850	4	1
324.668	4851	2	3
324.815	4852	3	1
324.962	4853	4	1
325.109	4854	2	1
325.109	4855	3	1
325.109	4856	1	3
325.256	4857	3	1
325.256	4858	4	1
325.404	4859	1	1
325.404	4860	2	1
325.551	4861	1	1
325.551	4862	3	1
325.551	4863	4	1
325.698	4864	2	1
325.845	4865	3	1
325.845	4866	4	1
325.992	4867	1	1
325.992	4868	2	1
326.139	4869	4	1
326.286	4870	2	1
326.286	4871	3	1
326.433	4872	1	1
326.580	4873	3	1
326.727	4874	2	1
326.727	4875	4	1
326.874	4876	1	2
326.874	4877	3	1
327.021	4878	2	2
327.168	4879	4	2
327.168	4880	1	3
327.168	4881	2	3
327.315	4882	1	1
327.315	4883	2	1
327.315	4884	3	1
327.315	4885	4	3
327.609	4886	1	1
327.609	4887	2	1
327.609	4888	3	1
328.124	4889	3	1
328.198	4890	3	1
328.271	4891	2	2
328.565	4892	3	2
328.565	4893	2	3
328.712	4894	4	2
328.712	4895	3	3
328.859	4896	3	2
328.859	4897	4	3
329.006	4898	1	2
329.006	4899	3	3
330.036	4900	4	1
330.036	4901	1	3
330.109	4902	3	1
330.155	4903	2	1
330.207	4904	1	1
330.256	4905	4	1
330.305	4906	3	1
330.354	4907	2	1
330.404	4908	1	2
330.440	4909	4	2
330.440	4910	1	3
330.477	4911	4	3
330.514	4912	3	2
330.551	4913	2	2
330.551	4914	3	3
330.587	4915	1	2
330.661	4916	4	2
330.734	4917	3	2
332.830	4918	3	3
332.830	4919	4	3
333.712	4920	1	3
333.712	4921	2	3