Song Name	Combat High (Hard) by Yooh
Title	Combat High (Hard)
Artist	Yooh
Description	A new melody born at the edge of despair - Track 2 from YooH's 2018 album 'Destopia'.
Difficulty	31
Primary Color	Rush
Secondary Color	Beat
Cover Image ID	135115973761976
Audio Asset ID	rbxassetid://104356787247749
Audio File	104356787247749.ogg
Last Note Time	102.356
Total Notes	1446
Fever Fill	422
Fever Time	15.353400
Long Notes	179
BPM	170
Song Length	103.356000000

Timing Points
0.709	352.941176
34.591	352.941176
59.297	352.941176
60.003	352.941176
79.767	352.941176


Song Data
0.709	1	1	1
0.709	2	2	1
0.709	3	3	1
0.709	4	4	1
0.885	5	4	1
0.973	6	4	1
1.061	7	3	1
1.061	8	1	1
1.150	9	2	1
1.238	10	3	1
1.326	11	4	1
1.414	12	1	1
1.503	13	1	1
1.591	14	4	1
1.591	15	3	1
1.679	16	3	1
1.767	17	1	1
1.767	18	4	1
1.856	19	2	1
1.944	20	3	1
2.032	21	1	1
2.120	22	4	1
2.297	23	1	1
2.297	24	3	1
2.297	25	2	1
2.473	26	4	1
2.561	27	4	1
2.650	28	3	1
2.738	29	1	1
2.826	30	2	1
2.826	31	3	1
2.914	32	1	1
3.003	33	3	1
3.003	34	2	1
3.091	35	4	1
3.179	36	1	1
3.267	37	2	1
3.356	38	3	1
3.444	39	3	1
3.532	40	2	1
3.532	41	1	1
3.532	42	4	1
3.708	43	4	1
3.797	44	4	1
3.885	45	2	1
3.885	46	1	1
3.973	47	3	1
4.061	48	4	1
4.150	49	2	1
4.238	50	3	1
4.326	51	3	1
4.414	52	1	1
4.414	53	4	1
4.503	54	2	1
4.591	55	1	1
4.679	56	3	1
4.767	57	2	1
4.856	58	2	1
4.944	59	4	1
4.944	60	1	1
5.120	61	1	1
5.120	62	2	1
5.120	63	3	1
5.297	64	4	1
5.385	65	4	1
5.473	66	2	1
5.561	67	3	1
5.650	68	2	1
5.650	69	1	1
5.738	70	4	1
5.826	71	1	1
5.826	72	2	1
5.914	73	3	1
6.003	74	1	1
6.091	75	3	1
6.179	76	2	1
6.267	77	2	1
6.356	78	3	1
6.356	79	4	1
6.356	80	1	1
6.532	81	1	1
6.620	82	1	1
6.708	83	3	1
6.797	84	3	1
6.885	85	2	1
6.973	86	4	1
7.061	87	3	1
7.150	88	2	1
7.238	89	4	1
7.238	90	1	1
7.326	91	2	1
7.414	92	1	1
7.414	93	3	1
7.503	94	4	1
7.591	95	2	1
7.679	96	2	1
7.767	97	3	1
7.944	98	1	1
7.944	99	2	1
7.944	100	4	1
8.120	101	4	1
8.208	102	4	1
8.297	103	2	1
8.385	104	4	1
8.473	105	1	1
8.473	106	3	1
8.561	107	2	1
8.650	108	3	1
8.650	109	1	1
8.738	110	4	1
8.826	111	2	1
8.914	112	3	1
9.003	113	1	1
9.091	114	1	1
9.179	115	4	1
9.179	116	2	1
9.179	117	3	1
9.356	118	1	1
9.444	119	1	1
9.532	120	4	1
9.532	121	2	1
9.620	122	3	1
9.708	123	4	1
9.797	124	4	1
9.885	125	1	1
9.973	126	1	1
10.061	127	4	1
10.061	128	3	1
10.150	129	2	1
10.238	130	4	1
10.238	131	3	1
10.326	132	2	1
10.414	133	1	1
10.503	134	2	1
10.591	135	4	1
10.767	136	1	1
10.767	137	2	1
10.767	138	4	1
10.944	139	3	1
11.032	140	3	1
11.120	141	4	1
11.208	142	2	1
11.297	143	3	1
11.297	144	4	1
11.385	145	1	1
11.473	146	4	1
11.473	147	3	1
11.561	148	2	1
11.650	149	1	1
11.738	150	3	1
11.826	151	4	1
11.914	152	4	1
12.003	153	1	2
12.179	154	1	3
12.003	155	3	1
12.003	156	2	1
12.179	157	4	1
12.267	158	3	1
12.356	159	1	1
12.356	160	4	2
12.532	161	4	3
12.532	162	3	1
12.708	163	3	2
12.885	164	3	3
12.797	165	4	1
12.885	166	1	1
12.885	167	2	2
13.061	168	2	3
12.973	169	3	1
13.061	170	1	1
13.061	171	4	1
13.150	172	2	1
13.238	173	3	2
13.414	174	3	3
13.414	175	2	1
13.591	176	3	1
13.591	177	4	1
13.591	178	1	1
13.767	179	2	1
13.856	180	2	1
13.944	181	4	1
14.032	182	3	1
14.120	183	1	1
14.120	184	2	1
14.208	185	4	1
14.297	186	1	1
14.385	187	3	1
14.473	188	2	1
14.561	189	2	1
14.650	190	1	1
14.738	191	3	1
14.738	192	4	1
14.826	193	2	1
14.826	194	1	2
15.003	195	1	3
15.003	196	3	1
15.091	197	2	1
15.179	198	1	1
15.179	199	4	2
15.356	200	4	3
15.267	201	3	1
15.356	202	2	1
15.444	203	4	1
15.532	204	3	2
15.708	205	3	3
15.620	206	1	1
15.708	207	4	1
15.708	208	2	2
15.885	209	2	3
15.797	210	1	1
15.885	211	3	1
15.973	212	2	1
16.061	213	3	2
16.238	214	3	3
16.150	215	4	1
16.238	216	1	1
16.414	217	4	1
16.414	218	3	1
16.414	219	2	1
16.591	220	1	1
16.679	221	1	1
16.767	222	4	1
16.856	223	3	1
16.944	224	2	1
16.944	225	1	1
16.944	226	4	1
17.120	227	4	2
17.297	228	4	3
17.120	229	3	2
17.297	230	3	3
17.297	231	1	1
17.385	232	4	2
17.473	233	4	3
17.385	234	3	2
17.473	235	3	3
17.473	236	2	1
17.650	237	4	1
17.650	238	1	2
17.826	239	1	3
17.826	240	3	1
17.914	241	2	1
18.003	242	1	1
18.003	243	4	2
18.179	244	4	3
18.091	245	2	1
18.179	246	3	1
18.356	247	3	2
18.532	248	3	3
18.444	249	4	1
18.532	250	1	1
18.532	251	2	2
18.708	252	2	3
18.620	253	3	1
18.708	254	4	1
18.797	255	2	1
18.885	256	3	2
19.061	257	3	3
18.973	258	1	1
19.061	259	2	1
19.238	260	4	1
19.238	261	3	1
19.238	262	1	1
19.414	263	2	1
19.503	264	2	1
19.591	265	1	1
19.679	266	3	1
19.767	267	1	1
19.767	268	4	1
19.856	269	2	1
19.944	270	3	1
20.032	271	2	1
20.120	272	4	1
20.208	273	4	1
20.297	274	3	1
20.385	275	2	1
20.473	276	4	1
20.473	277	1	2
20.650	278	1	3
20.650	279	3	1
20.738	280	2	1
20.826	281	1	1
20.826	282	4	2
21.003	283	4	3
20.914	284	3	1
21.003	285	2	1
21.091	286	4	1
21.179	287	3	2
21.356	288	3	3
21.267	289	1	1
21.356	290	2	2
21.532	291	2	3
21.356	292	4	1
21.444	293	1	1
21.532	294	3	1
21.620	295	4	1
21.708	296	3	2
23.208	297	3	3
21.797	298	1	1
21.885	299	2	1
22.061	300	1	1
22.061	301	4	2
23.208	302	4	3
22.326	303	2	1
22.414	304	1	1
22.591	305	2	2
23.208	306	2	3
22.591	307	1	2
23.208	308	1	3
23.297	309	1	1
23.297	310	2	1
23.297	311	3	1
23.297	312	4	1
23.650	313	1	1
24.003	314	1	1
24.356	315	1	1
24.708	316	2	1
24.708	317	1	2
28.591	318	1	3
25.061	319	2	1
25.414	320	2	1
25.767	321	2	1
26.120	322	3	1
26.120	323	2	2
28.591	324	2	3
26.385	325	3	1
26.650	326	3	1
26.914	327	3	1
27.179	328	3	1
27.532	329	4	1
27.532	330	3	2
28.591	331	3	3
27.885	332	4	1
28.238	333	4	1
28.591	334	4	1
28.679	335	4	1
28.767	336	1	1
28.767	337	2	1
28.856	338	4	1
28.856	339	3	1
28.944	340	1	1
28.944	341	2	1
28.944	342	4	1
29.120	343	3	1
29.120	344	2	1
29.297	345	3	1
29.297	346	1	1
29.297	347	4	1
29.473	348	1	1
29.473	349	2	1
29.650	350	2	1
29.650	351	4	1
29.650	352	3	1
29.826	353	3	1
29.826	354	4	1
30.003	355	1	1
30.003	356	2	1
30.003	357	4	1
30.179	358	3	1
30.179	359	4	1
30.356	360	3	1
30.356	361	2	1
30.356	362	1	1
30.532	363	1	1
30.532	364	2	1
30.708	365	4	1
30.708	366	3	1
30.708	367	1	1
30.885	368	1	1
30.885	369	2	1
31.061	370	2	1
31.061	371	4	1
31.061	372	3	1
31.238	373	3	1
31.238	374	4	1
31.414	375	1	1
31.414	376	2	1
31.414	377	4	1
31.591	378	4	1
31.591	379	3	1
31.767	380	1	1
31.767	381	2	1
31.767	382	3	1
31.856	383	4	1
31.944	384	2	1
31.944	385	3	1
32.032	386	1	1
32.120	387	2	1
32.120	388	4	1
32.120	389	3	1
32.208	390	1	1
32.297	391	3	1
32.297	392	2	1
32.385	393	4	1
32.473	394	1	1
32.473	395	2	1
32.473	396	3	1
32.561	397	4	1
32.650	398	1	1
32.650	399	3	1
32.738	400	2	1
32.826	401	4	1
32.826	402	3	1
32.914	403	1	1
32.914	404	2	1
33.003	405	4	1
33.003	406	3	1
33.091	407	1	2
34.503	408	1	3
33.091	409	2	1
33.444	410	4	2
34.503	411	4	3
34.591	412	1	1
34.591	413	2	1
34.591	414	3	1
34.591	415	4	1
34.767	416	4	1
34.767	417	3	1
34.944	418	4	1
34.944	419	1	1
34.944	420	2	1
35.032	421	3	1
35.032	422	4	1
35.208	423	1	2
35.297	424	1	3
35.208	425	2	2
35.297	426	2	3
35.297	427	4	1
35.385	428	1	1
35.385	429	2	1
35.473	430	4	1
35.473	431	3	1
35.650	432	1	1
35.650	433	2	1
35.650	434	3	1
35.650	435	4	1
35.826	436	1	1
35.826	437	2	1
36.003	438	4	1
36.003	439	3	1
36.179	440	3	1
36.179	441	4	1
36.356	442	4	1
36.356	443	1	1
36.356	444	2	1
36.444	445	3	1
36.444	446	4	1
36.620	447	1	2
36.708	448	1	3
36.620	449	2	2
36.708	450	2	3
36.708	451	4	1
36.797	452	2	1
36.797	453	1	1
36.885	454	4	1
36.885	455	3	1
37.061	456	4	1
37.061	457	2	1
37.061	458	1	1
37.061	459	3	1
37.238	460	2	1
37.326	461	3	1
37.414	462	2	1
37.414	463	1	1
37.414	464	4	1
37.591	465	4	1
37.591	466	3	1
37.767	467	1	1
37.767	468	2	1
37.767	469	4	1
37.856	470	4	1
37.856	471	3	1
38.032	472	1	2
38.120	473	1	3
38.032	474	2	2
38.120	475	2	3
38.120	476	4	1
38.208	477	2	1
38.208	478	1	1
38.297	479	4	1
38.297	480	3	1
38.473	481	1	1
38.473	482	2	1
38.473	483	3	1
38.473	484	4	1
38.650	485	1	1
38.650	486	2	1
38.826	487	4	1
38.826	488	3	1
39.003	489	4	2
39.532	490	4	3
39.179	491	1	1
39.179	492	2	1
39.179	493	3	1
39.356	494	3	1
39.444	495	1	1
39.444	496	2	1
39.532	497	3	1
39.620	498	1	1
39.620	499	2	1
39.708	500	4	1
39.708	501	3	1
39.885	502	1	1
39.885	503	2	1
39.885	504	4	2
40.238	505	4	3
40.061	506	3	1
40.238	507	1	1
40.238	508	2	1
40.414	509	4	1
40.414	510	3	1
40.591	511	1	1
40.591	512	2	1
40.591	513	4	1
40.679	514	4	1
40.679	515	3	1
40.856	516	1	2
40.944	517	1	3
40.856	518	2	2
40.944	519	2	3
40.944	520	4	1
41.032	521	1	1
41.032	522	2	1
41.120	523	4	1
41.120	524	3	1
41.297	525	1	1
41.297	526	2	1
41.297	527	3	1
41.297	528	4	1
41.473	529	1	1
41.473	530	2	1
41.650	531	3	1
41.650	532	4	1
41.826	533	4	1
41.826	534	3	1
42.003	535	1	1
42.003	536	2	1
42.003	537	4	1
42.091	538	4	1
42.091	539	3	1
42.267	540	2	2
42.356	541	2	3
42.267	542	1	2
42.356	543	1	3
42.356	544	4	1
42.444	545	1	1
42.444	546	2	1
42.532	547	4	1
42.532	548	3	1
42.708	549	1	1
42.708	550	2	1
42.708	551	3	1
42.708	552	4	1
42.885	553	2	1
42.973	554	3	1
43.061	555	1	1
43.061	556	2	1
43.061	557	4	1
43.238	558	4	1
43.238	559	3	1
43.414	560	1	1
43.414	561	2	1
43.414	562	4	1
43.503	563	3	1
43.503	564	4	1
43.679	565	2	2
43.767	566	2	3
43.679	567	1	2
43.767	568	1	3
43.767	569	4	1
43.856	570	1	1
43.856	571	2	1
43.944	572	4	1
43.944	573	3	1
44.120	574	3	1
44.120	575	2	1
44.120	576	1	1
44.120	577	4	1
44.297	578	1	1
44.297	579	2	1
44.473	580	4	1
44.473	581	3	1
44.650	582	3	1
44.650	583	4	1
44.826	584	1	1
44.826	585	2	1
44.826	586	4	1
45.003	587	4	1
45.003	588	1	1
45.003	589	2	1
45.091	590	3	1
45.179	591	2	1
45.267	592	4	1
45.267	593	3	1
45.356	594	1	1
45.356	595	2	1
45.532	596	1	1
45.532	597	2	1
45.620	598	4	1
45.620	599	3	1
45.885	600	1	1
45.885	601	2	1
45.885	602	3	1
45.885	603	4	1
46.061	604	1	1
46.061	605	2	1
46.238	606	1	1
46.238	607	4	1
46.238	608	3	1
46.326	609	2	1
46.326	610	1	1
46.503	611	4	2
46.591	612	4	3
46.503	613	3	2
46.591	614	3	3
46.591	615	1	1
46.679	616	4	1
46.679	617	3	1
46.767	618	1	1
46.767	619	2	1
46.944	620	4	1
46.944	621	3	1
46.944	622	2	1
46.944	623	1	1
47.120	624	4	1
47.120	625	3	1
47.297	626	1	1
47.297	627	2	1
47.473	628	2	1
47.473	629	1	1
47.650	630	4	1
47.650	631	3	1
47.650	632	1	1
47.738	633	1	1
47.738	634	2	1
47.914	635	4	2
48.003	636	4	3
47.914	637	3	2
48.003	638	3	3
48.003	639	1	1
48.091	640	3	1
48.091	641	4	1
48.179	642	1	1
48.179	643	2	1
48.356	644	1	1
48.356	645	3	1
48.356	646	4	1
48.356	647	2	1
48.532	648	3	1
48.620	649	2	1
48.708	650	3	1
48.708	651	4	1
48.708	652	1	1
48.885	653	1	1
48.885	654	2	1
49.061	655	3	1
49.061	656	4	1
49.061	657	1	1
49.150	658	2	1
49.150	659	1	1
49.326	660	4	2
49.414	661	4	3
49.326	662	3	2
49.414	663	3	3
49.414	664	1	1
49.503	665	3	1
49.503	666	4	1
49.591	667	1	1
49.591	668	2	1
49.767	669	4	1
49.767	670	3	1
49.767	671	2	1
49.767	672	1	1
49.944	673	4	1
49.944	674	3	1
50.120	675	1	1
50.120	676	2	1
50.297	677	1	2
50.826	678	1	3
50.473	679	4	1
50.473	680	3	1
50.473	681	2	1
50.650	682	2	1
50.738	683	4	1
50.738	684	3	1
50.826	685	2	1
50.914	686	4	1
50.914	687	3	1
51.003	688	1	1
51.003	689	2	1
51.179	690	4	1
51.179	691	3	1
51.179	692	1	2
51.532	693	1	3
51.356	694	2	1
51.532	695	4	1
51.532	696	3	1
51.708	697	1	1
51.708	698	2	1
51.885	699	4	1
51.885	700	3	1
51.885	701	1	1
51.973	702	1	1
51.973	703	2	1
52.150	704	4	2
52.238	705	4	3
52.150	706	3	2
52.238	707	3	3
52.238	708	1	1
52.326	709	4	1
52.326	710	3	1
52.414	711	1	1
52.414	712	2	1
52.591	713	4	1
52.591	714	3	1
52.591	715	2	1
52.591	716	1	1
52.767	717	4	1
52.767	718	3	1
52.944	719	2	1
52.944	720	1	1
53.120	721	1	1
53.120	722	2	1
53.297	723	4	1
53.297	724	3	1
53.297	725	1	1
53.385	726	1	1
53.385	727	2	1
53.561	728	3	2
53.650	729	3	3
53.561	730	4	2
53.650	731	4	3
53.650	732	1	1
53.738	733	4	1
53.738	734	3	1
53.826	735	1	1
53.826	736	2	1
54.003	737	3	1
54.003	738	4	1
54.091	739	4	1
54.179	740	2	1
54.267	741	2	1
54.356	742	4	1
54.356	743	3	1
54.356	744	1	1
54.532	745	1	1
54.532	746	2	1
54.708	747	4	1
54.708	748	3	1
54.708	749	1	1
54.797	750	2	1
54.797	751	1	1
54.973	752	3	2
55.061	753	3	3
54.973	754	4	2
55.061	755	4	3
55.061	756	1	1
55.150	757	4	1
55.150	758	3	1
55.238	759	1	1
55.238	760	2	1
55.414	761	2	1
55.414	762	3	1
55.414	763	4	1
55.414	764	1	1
55.591	765	4	1
55.591	766	3	1
55.679	767	1	1
55.679	768	2	1
55.767	769	4	1
55.767	770	3	1
55.944	771	2	1
56.032	772	3	1
56.120	773	1	1
56.120	774	4	1
56.297	775	1	1
56.297	776	2	1
56.385	777	3	1
56.473	778	4	1
56.561	779	2	1
56.650	780	1	1
56.738	781	3	1
56.826	782	2	1
56.826	783	4	1
56.914	784	1	1
57.003	785	3	1
57.091	786	2	1
57.179	787	1	2
57.356	788	1	3
57.179	789	4	2
57.356	790	4	3
57.179	791	3	2
57.356	792	3	3
57.356	793	2	1
57.532	794	3	2
57.797	795	3	3
57.620	796	4	2
57.797	797	4	3
57.797	798	1	2
57.885	799	1	3
57.885	800	4	1
57.973	801	1	2
58.061	802	1	3
58.238	803	3	2
58.503	804	3	3
58.326	805	4	2
58.503	806	4	3
58.503	807	1	2
58.591	808	1	3
58.591	809	4	1
58.679	810	1	2
58.767	811	1	3
58.944	812	3	2
59.208	813	3	3
58.944	814	2	2
59.032	815	2	3
59.032	816	4	2
59.208	817	4	3
59.208	818	1	2
59.297	819	1	3
59.297	820	4	1
59.385	821	1	2
59.473	822	1	3
59.650	823	1	1
59.650	824	4	1
59.738	825	2	1
59.826	826	4	1
59.826	827	3	1
59.914	828	2	1
60.003	829	1	2
60.091	830	1	3
60.003	831	4	1
60.003	832	3	1
60.179	833	1	2
60.267	834	1	3
60.356	835	2	2
60.444	836	2	3
60.356	837	1	1
60.356	838	3	2
60.620	839	3	3
60.444	840	4	2
60.620	841	4	3
60.620	842	1	2
60.708	843	1	3
60.708	844	4	1
60.797	845	1	2
60.885	846	1	3
60.885	847	4	1
60.885	848	3	1
61.061	849	1	1
61.061	850	2	2
61.150	851	2	3
61.061	852	3	2
61.326	853	3	3
61.150	854	4	2
61.326	855	4	3
61.326	856	1	2
61.414	857	1	3
61.414	858	4	1
61.503	859	1	2
61.591	860	1	3
61.591	861	3	1
61.591	862	4	1
61.767	863	1	1
61.767	864	2	2
61.856	865	2	3
61.767	866	3	2
62.032	867	3	3
61.856	868	4	2
62.032	869	4	3
62.032	870	1	2
62.120	871	1	3
62.120	872	4	1
62.208	873	1	2
62.297	874	1	3
62.297	875	3	1
62.297	876	4	1
62.473	877	1	1
62.473	878	2	1
62.473	879	3	1
62.473	880	4	1
62.738	881	1	1
62.767	882	4	1
62.797	883	3	1
62.826	884	2	1
62.826	885	1	2
62.914	886	1	3
63.003	887	1	2
63.091	888	1	3
63.179	889	1	1
63.179	890	2	2
63.267	891	2	3
63.179	892	3	2
63.444	893	3	3
63.267	894	4	2
63.444	895	4	3
63.444	896	1	2
63.532	897	1	3
63.532	898	4	1
63.620	899	1	2
63.708	900	1	3
63.708	901	4	1
63.708	902	3	1
63.885	903	1	1
63.885	904	2	2
63.973	905	2	3
63.885	906	3	2
64.150	907	3	3
63.973	908	4	2
64.150	909	4	3
64.150	910	1	2
64.238	911	1	3
64.238	912	4	1
64.326	913	1	2
64.414	914	1	3
64.414	915	4	1
64.414	916	3	1
64.591	917	1	1
64.591	918	2	2
64.679	919	2	3
64.591	920	3	2
64.856	921	3	3
64.679	922	4	2
64.856	923	4	3
64.856	924	1	2
64.944	925	1	3
64.944	926	4	1
65.032	927	1	2
65.120	928	1	3
65.120	929	4	1
65.120	930	3	1
65.297	931	1	1
65.297	932	2	1
65.297	933	3	1
65.297	934	4	1
65.473	935	1	1
65.561	936	4	1
65.561	937	3	1
65.650	938	1	2
65.738	939	1	3
65.650	940	2	1
65.826	941	1	2
65.914	942	1	3
66.003	943	2	2
66.091	944	2	3
66.003	945	1	1
66.003	946	3	2
66.267	947	3	3
66.091	948	4	2
66.267	949	4	3
66.267	950	1	2
66.356	951	1	3
66.356	952	4	1
66.444	953	1	2
66.532	954	1	3
66.532	955	3	1
66.532	956	4	1
66.708	957	1	1
66.708	958	2	2
66.797	959	2	3
66.708	960	3	2
66.973	961	3	3
66.797	962	4	2
66.973	963	4	3
66.973	964	1	2
67.061	965	1	3
67.061	966	4	1
67.061	967	3	1
67.238	968	1	1
67.238	969	2	1
67.414	970	2	1
67.414	971	4	1
67.414	972	3	1
67.414	973	1	1
67.591	974	1	1
67.591	975	2	1
67.591	976	3	1
67.591	977	4	1
67.767	978	3	1
67.856	979	2	1
67.856	980	1	1
67.856	981	4	1
67.944	982	4	1
67.944	983	3	1
68.120	984	1	1
68.120	985	2	1
68.120	986	3	1
68.120	987	4	1
68.473	988	1	1
68.473	989	4	2
68.650	990	4	3
68.473	991	3	2
68.650	992	3	3
68.473	993	2	2
68.650	994	2	3
68.650	995	1	1
68.826	996	3	2
69.091	997	3	3
68.826	998	4	2
69.091	999	4	3
68.914	1000	2	2
69.091	1001	2	3
69.091	1002	1	1
69.179	1003	4	1
69.267	1004	1	1
69.532	1005	4	2
69.797	1006	4	3
69.532	1007	3	2
69.797	1008	3	3
69.620	1009	2	2
69.797	1010	2	3
69.797	1011	1	1
69.885	1012	4	1
69.973	1013	1	1
70.238	1014	4	2
70.503	1015	4	3
70.238	1016	3	2
70.503	1017	3	3
70.326	1018	2	2
70.503	1019	2	3
70.503	1020	1	1
70.591	1021	4	1
70.679	1022	1	1
70.767	1023	4	1
70.767	1024	3	1
70.856	1025	2	1
70.944	1026	4	1
70.944	1027	1	1
71.032	1028	3	1
71.120	1029	1	1
71.120	1030	2	1
71.208	1031	3	1
71.297	1032	1	1
71.297	1033	2	1
71.297	1034	4	2
71.385	1035	4	3
71.473	1036	4	2
71.561	1037	4	3
71.650	1038	2	2
71.914	1039	2	3
71.650	1040	4	1
71.650	1041	3	2
71.738	1042	3	3
71.738	1043	1	2
71.914	1044	1	3
71.914	1045	4	2
72.003	1046	4	3
72.003	1047	1	1
72.091	1048	4	2
72.179	1049	4	3
72.179	1050	2	1
72.179	1051	1	1
72.356	1052	2	2
72.620	1053	2	3
72.356	1054	3	2
72.444	1055	3	3
72.356	1056	4	1
72.444	1057	1	2
72.620	1058	1	3
72.620	1059	4	2
72.708	1060	4	3
72.708	1061	1	1
72.797	1062	4	2
72.885	1063	4	3
72.885	1064	1	1
72.885	1065	2	1
73.061	1066	2	2
73.326	1067	2	3
73.061	1068	3	2
73.150	1069	3	3
73.061	1070	4	1
73.150	1071	1	2
73.326	1072	1	3
73.326	1073	4	2
73.414	1074	4	3
73.414	1075	1	1
73.503	1076	4	2
73.591	1077	4	3
73.591	1078	1	1
73.591	1079	2	1
73.767	1080	2	1
73.767	1081	1	1
73.767	1082	4	1
73.767	1083	3	1
73.944	1084	4	1
74.032	1085	1	1
74.120	1086	2	1
74.120	1087	4	2
74.208	1088	4	3
74.120	1089	3	1
74.297	1090	4	2
74.385	1091	4	3
74.473	1092	2	2
74.738	1093	2	3
74.473	1094	3	2
74.561	1095	3	3
74.473	1096	4	1
74.561	1097	1	2
74.738	1098	1	3
74.738	1099	4	2
74.826	1100	4	3
74.826	1101	1	1
74.914	1102	4	2
75.003	1103	4	3
75.003	1104	2	1
75.003	1105	1	1
75.179	1106	2	2
75.444	1107	2	3
75.179	1108	3	2
75.267	1109	3	3
75.179	1110	4	1
75.267	1111	1	2
75.444	1112	1	3
75.444	1113	4	2
75.532	1114	4	3
75.532	1115	3	1
75.532	1116	1	1
75.620	1117	4	2
75.708	1118	4	3
75.708	1119	2	1
75.708	1120	1	1
75.885	1121	2	2
76.150	1122	2	3
75.885	1123	3	2
75.973	1124	3	3
75.885	1125	4	1
75.973	1126	1	2
76.150	1127	1	3
76.150	1128	4	2
76.238	1129	4	3
76.238	1130	1	1
76.326	1131	4	2
76.414	1132	4	3
76.414	1133	2	1
76.414	1134	1	1
76.591	1135	3	2
76.767	1136	3	3
76.591	1137	4	1
76.591	1138	2	1
76.591	1139	1	1
76.767	1140	4	1
76.856	1141	2	1
76.856	1142	1	1
76.944	1143	1	1
76.944	1144	3	1
76.944	1145	4	2
77.032	1146	4	3
77.120	1147	4	2
77.208	1148	4	3
77.297	1149	2	2
77.561	1150	2	3
77.297	1151	4	1
77.297	1152	3	2
77.385	1153	3	3
77.385	1154	1	2
77.561	1155	1	3
77.561	1156	4	2
77.650	1157	4	3
77.650	1158	3	1
77.650	1159	1	1
77.738	1160	4	2
77.826	1161	4	3
77.826	1162	1	1
77.826	1163	2	1
78.003	1164	2	2
78.267	1165	2	3
78.003	1166	3	2
78.091	1167	3	3
78.003	1168	4	1
78.091	1169	1	2
78.267	1170	1	3
78.267	1171	4	2
78.356	1172	4	3
78.356	1173	2	1
78.356	1174	1	1
78.532	1175	3	1
78.532	1176	4	1
78.708	1177	2	1
78.708	1178	4	1
78.708	1179	3	1
78.708	1180	1	1
78.885	1181	2	1
78.885	1182	1	1
78.973	1183	1	1
78.973	1184	3	1
78.973	1185	4	1
79.150	1186	2	1
79.150	1187	1	1
79.150	1188	4	1
79.238	1189	4	1
79.238	1190	3	1
79.414	1191	1	1
79.503	1192	1	1
79.591	1193	4	1
79.679	1194	4	1
79.767	1195	1	1
79.767	1196	2	1
79.767	1197	3	1
79.944	1198	4	1
80.032	1199	3	1
80.120	1200	1	1
80.208	1201	4	1
80.297	1202	2	1
80.385	1203	3	1
80.473	1204	4	1
80.561	1205	4	1
80.650	1206	1	1
80.738	1207	1	1
80.826	1208	3	1
80.914	1209	2	1
81.003	1210	4	1
81.091	1211	3	1
81.179	1212	1	1
81.267	1213	2	1
81.356	1214	3	1
81.444	1215	4	1
81.532	1216	1	1
81.620	1217	1	1
81.708	1218	4	1
81.797	1219	4	1
81.885	1220	3	1
81.973	1221	2	1
82.061	1222	4	1
82.150	1223	1	1
82.238	1224	2	1
82.326	1225	3	1
82.414	1226	4	1
82.503	1227	2	1
82.591	1228	3	1
82.767	1229	1	1
82.856	1230	3	1
82.944	1231	2	1
83.032	1232	4	1
83.120	1233	1	1
83.208	1234	2	1
83.297	1235	3	1
83.385	1236	3	1
83.473	1237	2	1
83.561	1238	2	1
83.650	1239	4	1
83.738	1240	3	1
83.826	1241	2	1
83.914	1242	1	1
84.003	1243	4	1
84.179	1244	2	1
84.267	1245	1	1
84.356	1246	3	1
84.444	1247	4	1
84.532	1248	2	1
84.620	1249	1	1
84.708	1250	4	1
84.797	1251	4	1
84.885	1252	1	1
84.973	1253	1	1
85.061	1254	4	1
85.150	1255	2	1
85.238	1256	4	1
85.326	1257	2	1
85.414	1258	3	1
85.591	1259	1	1
85.679	1260	2	1
85.767	1261	4	1
85.856	1262	3	1
85.944	1263	2	1
86.032	1264	1	1
86.120	1265	3	1
86.208	1266	2	1
86.297	1267	4	1
86.385	1268	4	1
86.473	1269	2	1
86.561	1270	3	1
86.650	1271	4	1
86.738	1272	1	1
86.826	1273	3	1
86.914	1274	2	1
87.003	1275	4	1
87.091	1276	2	1
87.179	1277	3	1
87.267	1278	1	1
87.356	1279	1	1
87.444	1280	4	1
87.532	1281	3	1
87.620	1282	2	1
87.708	1283	4	1
87.797	1284	1	1
87.885	1285	2	1
87.973	1286	3	1
88.061	1287	4	1
88.150	1288	4	1
88.238	1289	2	1
88.414	1290	3	1
88.503	1291	4	1
88.591	1292	2	1
88.679	1293	3	1
88.767	1294	1	1
88.856	1295	2	1
88.944	1296	1	1
89.032	1297	3	1
89.120	1298	2	1
89.208	1299	4	1
89.297	1300	3	1
89.385	1301	4	1
89.473	1302	2	1
89.561	1303	3	1
89.650	1304	4	1
89.826	1305	1	1
89.914	1306	3	1
90.003	1307	2	1
90.091	1308	4	1
90.179	1309	2	1
90.267	1310	3	1
90.356	1311	4	1
90.444	1312	4	1
90.532	1313	1	1
90.620	1314	1	1
90.708	1315	2	1
90.797	1316	3	1
90.885	1317	4	1
90.973	1318	1	1
91.061	1319	4	1
91.061	1320	3	1
91.061	1321	2	1
91.150	1322	1	1
91.238	1323	3	1
91.326	1324	2	1
91.414	1325	4	1
91.503	1326	4	1
91.591	1327	1	1
91.679	1328	2	1
91.767	1329	3	1
91.856	1330	4	1
91.944	1331	3	1
92.032	1332	1	1
92.120	1333	4	1
92.208	1334	2	1
92.297	1335	3	1
92.385	1336	1	1
92.473	1337	2	1
92.561	1338	3	1
92.650	1339	4	1
92.738	1340	2	1
92.826	1341	3	1
92.914	1342	1	1
93.003	1343	4	1
93.091	1344	3	1
93.179	1345	2	1
93.267	1346	1	1
93.356	1347	3	1
93.444	1348	2	1
93.532	1349	4	1
93.620	1350	2	1
93.708	1351	3	1
93.797	1352	3	1
93.885	1353	1	1
94.061	1354	4	1
94.150	1355	3	1
94.238	1356	2	1
94.326	1357	1	1
94.414	1358	2	1
94.503	1359	3	1
94.591	1360	4	1
94.679	1361	1	1
94.767	1362	2	1
94.856	1363	3	1
94.944	1364	4	1
95.032	1365	3	1
95.120	1366	2	1
95.208	1367	1	1
95.297	1368	4	1
95.473	1369	3	1
95.561	1370	3	1
95.650	1371	4	1
95.738	1372	2	1
95.826	1373	4	1
95.914	1374	1	1
96.003	1375	1	1
96.091	1376	3	1
96.179	1377	2	1
96.267	1378	4	1
96.356	1379	1	1
96.444	1380	2	1
96.532	1381	3	1
96.620	1382	4	1
96.708	1383	1	1
96.885	1384	2	1
96.973	1385	2	1
97.061	1386	3	1
97.150	1387	4	1
97.238	1388	2	1
97.326	1389	3	1
97.414	1390	4	1
97.503	1391	1	1
97.591	1392	2	1
97.679	1393	3	1
97.767	1394	1	1
97.856	1395	2	1
97.944	1396	3	1
98.032	1397	4	1
98.120	1398	1	1
98.297	1399	3	1
98.385	1400	3	1
98.473	1401	4	1
98.561	1402	2	1
98.650	1403	3	1
98.738	1404	1	1
98.826	1405	2	1
98.914	1406	2	1
99.003	1407	4	1
99.091	1408	1	1
99.179	1409	4	1
99.267	1410	3	1
99.356	1411	1	1
99.444	1412	1	1
99.532	1413	4	1
99.708	1414	2	1
99.797	1415	2	1
99.885	1416	1	1
99.973	1417	4	1
100.061	1418	2	1
100.150	1419	4	1
100.238	1420	1	1
100.326	1421	3	1
100.414	1422	1	1
100.503	1423	4	1
100.591	1424	2	1
100.679	1425	3	1
100.767	1426	4	1
100.856	1427	2	1
100.944	1428	1	1
101.120	1429	4	1
101.208	1430	4	1
101.297	1431	2	1
101.385	1432	4	1
101.473	1433	3	1
101.561	1434	2	1
101.650	1435	1	1
101.738	1436	3	1
101.826	1437	2	1
101.914	1438	4	1
102.003	1439	1	1
102.091	1440	3	1
102.179	1441	2	1
102.267	1442	4	1
102.356	1443	4	1
102.356	1444	3	1
102.356	1445	2	1
102.356	1446	1	1