Song Name	Comfort Zone (Hard) by KepoWorld
Difficulty	23
Primary Color	Chill
Secondary Color	Vibe
Last Note Time	148.228
Total Notes	1118
Fever Fill	333
Fever Time	22.234200
Long Notes	120
BPM	160
Song Length	153.051428571

Timing Points
3.010	375.0000


Song Data
3.010	1	1	2
3.135	2	4	2
4.135	3	2	1
4.135	4	1	3
4.135	5	4	3
4.197	6	3	1
4.260	7	4	1
4.322	8	1	2
4.322	9	2	2
6.010	10	3	2
6.010	11	1	3
6.010	12	2	3
6.135	13	4	2
7.010	14	3	3
7.010	15	4	3
7.135	16	2	2
7.135	17	3	2
8.822	18	4	1
8.822	19	2	3
8.822	20	3	3
8.885	21	3	1
8.947	22	2	1
9.010	23	1	2
9.135	24	4	2
9.760	25	2	1
9.760	26	4	3
9.947	27	3	1
10.135	28	2	1
10.135	29	1	3
10.322	30	1	2
10.322	31	4	2
11.260	32	3	1
12.010	33	2	2
12.010	34	1	3
12.010	35	4	3
12.135	36	3	2
13.010	37	2	3
13.010	38	3	3
13.135	39	1	2
13.135	40	2	2
14.635	41	3	1
14.635	42	1	3
14.635	43	2	3
14.697	44	2	1
14.760	45	1	1
14.822	46	4	1
14.885	47	2	1
14.947	48	3	1
15.010	49	1	2
15.135	50	3	2
16.135	51	4	1
16.135	52	1	3
16.135	53	3	3
16.197	54	2	1
16.260	55	3	1
16.322	56	1	2
16.322	57	4	2
18.010	58	2	2
18.010	59	1	3
18.010	60	4	3
18.135	61	3	2
19.010	62	2	3
19.010	63	3	3
19.135	64	1	2
19.135	65	2	2
20.822	66	4	1
20.822	67	1	3
20.822	68	2	3
20.885	69	3	1
20.947	70	2	1
21.010	71	1	2
21.150	72	4	2
21.760	73	2	1
21.760	74	4	3
21.947	75	3	1
22.135	76	2	1
22.135	77	1	3
22.322	78	1	2
22.322	79	4	2
23.260	80	3	1
24.010	81	2	2
24.010	82	1	3
24.010	83	4	3
24.135	84	3	2
25.010	85	2	3
25.010	86	3	3
25.135	87	1	2
25.135	88	2	2
26.635	89	4	1
26.635	90	1	3
26.635	91	2	3
26.697	92	3	1
26.760	93	1	1
26.822	94	2	1
26.885	95	3	1
26.947	96	4	1
27.010	97	1	1
27.010	98	2	1
27.197	99	1	1
27.385	100	1	1
27.572	101	1	1
27.760	102	1	1
27.947	103	1	1
28.135	104	1	1
28.322	105	4	1
28.510	106	4	1
28.697	107	4	1
28.885	108	4	1
29.072	109	4	1
29.260	110	4	1
29.447	111	4	1
29.635	112	4	1
29.822	113	4	1
30.010	114	3	1
30.197	115	3	1
30.385	116	3	1
30.572	117	3	1
30.760	118	3	1
30.947	119	3	1
31.135	120	2	1
31.322	121	2	1
31.510	122	2	1
31.697	123	2	1
31.885	124	2	1
32.072	125	2	1
32.260	126	2	1
32.447	127	2	1
32.635	128	2	1
32.822	129	2	1
33.010	130	1	1
33.197	131	1	1
33.385	132	1	1
33.572	133	1	1
33.760	134	1	1
33.947	135	1	1
34.135	136	1	1
34.322	137	4	1
34.510	138	4	1
34.697	139	4	1
34.885	140	4	1
35.072	141	4	1
35.260	142	4	1
35.447	143	4	1
35.635	144	4	1
35.822	145	4	1
36.010	146	4	1
36.197	147	3	1
36.385	148	3	1
36.572	149	3	1
36.760	150	3	1
36.947	151	3	1
37.135	152	2	1
37.322	153	2	1
37.385	154	1	1
37.447	155	4	1
37.510	156	3	1
37.697	157	2	1
37.885	158	2	1
37.885	159	3	1
38.072	160	2	1
38.072	161	3	1
38.260	162	1	2
38.260	163	4	1
38.447	164	3	1
38.635	165	2	1
38.822	166	3	1
39.010	167	4	1
39.010	168	1	3
39.072	169	3	1
39.135	170	2	1
39.197	171	1	1
39.385	172	1	1
39.572	173	1	1
39.760	174	3	1
39.760	175	4	1
39.947	176	2	1
39.947	177	3	1
40.135	178	1	1
40.135	179	4	1
40.322	180	1	1
40.322	181	2	1
40.510	182	4	1
40.697	183	4	1
40.885	184	4	1
41.072	185	4	1
41.260	186	4	1
41.447	187	4	1
41.635	188	4	1
41.822	189	4	1
42.010	190	3	1
42.197	191	3	1
42.385	192	3	1
42.572	193	3	1
42.760	194	1	1
42.760	195	2	1
42.947	196	2	1
42.947	197	3	1
43.135	198	1	1
43.135	199	4	1
43.322	200	1	1
43.322	201	2	1
43.510	202	3	1
43.510	203	4	1
43.697	204	2	1
43.885	205	3	1
43.947	206	4	1
44.072	207	2	1
44.260	208	2	1
44.447	209	2	1
44.635	210	2	1
44.822	211	2	1
45.010	212	3	1
45.010	213	4	1
45.197	214	1	1
45.385	215	1	1
45.572	216	1	1
45.760	217	3	1
45.760	218	4	1
45.947	219	2	1
45.947	220	3	1
46.135	221	1	1
46.135	222	4	1
46.322	223	1	1
46.322	224	2	1
46.510	225	3	1
46.510	226	4	1
46.697	227	4	1
46.885	228	4	1
47.072	229	4	1
47.260	230	4	1
47.447	231	4	1
47.635	232	1	1
47.635	233	4	1
47.822	234	2	1
48.010	235	3	1
48.010	236	4	1
48.197	237	3	1
48.385	238	3	1
48.572	239	3	1
48.760	240	3	1
48.947	241	3	1
49.135	242	1	1
49.135	243	4	1
49.322	244	2	1
49.510	245	1	1
49.510	246	3	1
49.697	247	2	1
49.885	248	3	1
49.947	249	4	1
50.072	250	2	1
50.260	251	2	1
50.447	252	2	1
50.635	253	2	1
50.822	254	2	1
51.010	255	4	1
51.072	256	3	1
51.135	257	2	1
51.197	258	1	1
51.385	259	1	1
51.431	260	4	1
51.572	261	1	1
51.619	262	2	1
51.760	263	3	1
51.760	264	4	1
51.947	265	2	1
51.947	266	3	1
52.135	267	1	1
52.135	268	4	1
52.322	269	1	1
52.322	270	2	1
52.510	271	4	1
52.697	272	4	1
52.885	273	4	1
53.072	274	4	1
53.260	275	4	1
53.447	276	4	1
53.635	277	1	1
53.635	278	4	1
53.822	279	4	1
54.010	280	3	1
54.197	281	3	1
54.385	282	3	1
54.431	283	1	1
54.572	284	3	1
54.619	285	4	1
54.760	286	1	1
54.760	287	2	1
54.806	288	3	1
54.947	289	2	1
54.947	290	4	1
55.135	291	1	1
55.135	292	3	1
55.181	293	4	1
55.322	294	1	1
55.322	295	2	1
55.510	296	3	1
55.510	297	4	1
55.697	298	2	1
55.885	299	3	1
55.947	300	4	1
56.072	301	2	1
56.260	302	2	1
56.447	303	1	2
56.447	304	4	2
56.635	305	2	1
56.635	306	3	1
56.635	307	1	3
56.635	308	4	3
56.822	309	1	1
56.822	310	2	1
57.010	311	3	1
57.010	312	4	1
57.103	313	2	1
57.197	314	1	1
57.291	315	4	1
57.385	316	3	1
57.478	317	2	1
57.572	318	1	1
57.666	319	2	1
57.760	320	3	1
57.760	321	4	1
57.853	322	1	1
57.947	323	2	1
57.947	324	3	1
58.041	325	4	1
58.135	326	1	1
58.135	327	3	1
58.228	328	2	1
58.322	329	1	1
58.322	330	3	1
58.416	331	2	1
58.510	332	3	1
58.510	333	4	1
58.603	334	1	1
58.697	335	2	1
58.791	336	3	1
58.885	337	4	1
58.978	338	2	1
59.072	339	1	1
59.166	340	3	1
59.260	341	4	1
59.353	342	2	1
59.447	343	4	1
59.541	344	2	1
59.635	345	1	1
59.635	346	3	1
59.681	347	4	1
59.728	348	2	1
59.822	349	1	1
59.916	350	3	1
60.010	351	2	1
60.010	352	4	1
60.197	353	3	1
60.291	354	1	1
60.385	355	3	1
60.478	356	4	1
60.572	357	2	1
60.666	358	1	1
60.760	359	3	1
60.853	360	4	1
60.947	361	2	1
61.041	362	3	1
61.135	363	1	1
61.135	364	4	1
61.228	365	3	1
61.322	366	1	1
61.416	367	3	1
61.510	368	2	1
61.510	369	4	1
61.697	370	1	1
61.885	371	3	1
62.072	372	4	1
62.260	373	4	1
62.447	374	3	1
62.635	375	2	1
63.010	376	1	1
63.010	377	2	1
63.010	378	3	1
63.010	379	4	1
63.385	380	4	1
63.431	381	3	1
63.572	382	2	1
63.619	383	1	1
63.760	384	3	1
63.806	385	4	1
63.947	386	2	1
63.994	387	1	1
64.135	388	2	2
64.135	389	3	2
64.322	390	1	2
64.322	391	4	2
64.791	392	1	3
64.791	393	2	3
64.791	394	3	3
64.791	395	4	3
64.885	396	1	1
64.885	397	2	1
64.885	398	3	1
65.260	399	1	1
65.260	400	3	1
65.260	401	4	1
65.635	402	1	1
65.635	403	2	1
65.916	404	3	1
66.010	405	2	1
66.010	406	4	1
66.103	407	1	1
66.103	408	3	1
66.197	409	2	1
66.197	410	4	1
66.385	411	3	1
66.385	412	4	1
66.572	413	3	1
66.572	414	4	1
66.760	415	1	1
66.760	416	3	1
66.760	417	4	1
67.135	418	1	2
67.135	419	2	2
67.322	420	3	2
67.322	421	4	2
67.791	422	1	3
67.791	423	2	3
67.791	424	3	3
67.791	425	4	3
67.885	426	4	1
67.931	427	3	1
68.072	428	2	1
68.119	429	1	1
68.260	430	2	1
68.260	431	3	1
68.260	432	4	1
68.635	433	1	1
68.635	434	3	1
69.010	435	1	2
69.010	436	2	2
69.010	437	3	2
69.010	438	4	2
69.385	439	1	3
69.385	440	2	3
69.385	441	3	3
69.385	442	4	3
69.760	443	1	1
69.760	444	3	1
69.760	445	4	1
69.947	446	2	1
69.947	447	3	1
70.135	448	1	2
70.135	449	4	2
70.322	450	2	2
70.322	451	3	2
70.791	452	1	3
70.791	453	2	3
70.791	454	3	3
70.791	455	4	3
70.885	456	1	1
70.885	457	2	1
70.885	458	3	1
71.260	459	1	1
71.260	460	3	1
71.260	461	4	1
71.635	462	2	1
71.635	463	3	1
71.822	464	4	1
72.010	465	1	2
72.010	466	2	2
72.103	467	3	2
72.103	468	4	2
72.572	469	1	3
72.572	470	2	3
72.572	471	3	3
72.572	472	4	3
72.760	473	1	1
72.760	474	3	1
72.760	475	4	1
72.947	476	2	1
73.135	477	3	1
73.322	478	1	2
73.322	479	4	2
73.510	480	2	2
73.510	481	3	2
74.072	482	1	3
74.072	483	2	3
74.072	484	3	3
74.072	485	4	3
74.260	486	1	1
74.260	487	2	1
74.260	488	4	1
74.635	489	3	1
75.010	490	2	1
75.010	491	4	1
75.103	492	1	1
75.103	493	3	1
75.197	494	2	1
75.197	495	4	1
75.291	496	1	1
75.291	497	3	1
75.385	498	4	1
75.431	499	3	1
75.572	500	2	1
75.619	501	1	1
75.760	502	3	1
75.806	503	4	1
75.947	504	2	1
75.994	505	1	1
76.135	506	2	2
76.135	507	3	2
76.322	508	1	2
76.322	509	4	2
76.791	510	1	3
76.791	511	2	3
76.791	512	3	3
76.791	513	4	3
76.885	514	1	1
76.885	515	2	1
76.885	516	3	1
77.260	517	1	1
77.260	518	3	1
77.260	519	4	1
77.635	520	1	1
77.635	521	2	1
77.916	522	3	1
78.010	523	2	1
78.010	524	4	1
78.103	525	1	1
78.103	526	3	1
78.197	527	2	1
78.197	528	4	1
78.385	529	3	1
78.385	530	4	1
78.572	531	3	1
78.572	532	4	1
78.760	533	1	1
78.760	534	3	1
78.760	535	4	1
79.135	536	1	2
79.135	537	2	2
79.322	538	3	2
79.322	539	4	2
79.791	540	1	3
79.791	541	2	3
79.791	542	3	3
79.791	543	4	3
79.885	544	4	1
79.931	545	3	1
80.072	546	2	1
80.119	547	1	1
80.260	548	2	1
80.260	549	3	1
80.260	550	4	1
80.635	551	1	1
80.635	552	3	1
81.010	553	1	2
81.010	554	2	2
81.010	555	3	2
81.010	556	4	2
81.385	557	1	3
81.385	558	2	3
81.385	559	3	3
81.385	560	4	3
81.760	561	1	1
81.760	562	3	1
81.760	563	4	1
81.947	564	2	1
81.947	565	3	1
82.135	566	1	2
82.135	567	4	2
82.322	568	2	2
82.322	569	3	2
82.791	570	1	3
82.791	571	2	3
82.791	572	3	3
82.791	573	4	3
82.885	574	1	1
82.885	575	2	1
82.885	576	3	1
83.260	577	1	1
83.260	578	3	1
83.260	579	4	1
83.635	580	2	1
83.635	581	3	1
83.822	582	4	1
84.010	583	1	2
84.010	584	2	2
84.103	585	3	2
84.103	586	4	2
84.572	587	1	3
84.572	588	2	3
84.572	589	3	3
84.572	590	4	3
84.760	591	1	1
84.760	592	3	1
84.760	593	4	1
84.947	594	2	1
85.135	595	3	1
85.322	596	1	2
85.322	597	4	2
85.510	598	2	2
85.510	599	3	2
86.072	600	1	3
86.072	601	2	3
86.072	602	3	3
86.072	603	4	3
86.260	604	1	1
86.260	605	2	1
86.260	606	4	1
86.635	607	3	1
87.010	608	1	1
87.197	609	3	1
87.197	610	4	1
87.385	611	1	1
87.431	612	2	1
87.572	613	4	1
87.619	614	3	1
87.760	615	1	1
87.806	616	2	1
87.947	617	4	1
87.994	618	3	1
88.135	619	2	1
88.181	620	1	1
88.322	621	3	1
88.369	622	4	1
88.510	623	2	1
88.697	624	3	1
88.697	625	4	1
88.885	626	1	1
89.072	627	3	1
89.072	628	4	1
89.260	629	2	1
89.447	630	3	1
89.447	631	4	1
89.635	632	1	1
89.822	633	2	1
89.822	634	4	1
90.010	635	3	1
90.197	636	1	1
90.197	637	2	1
90.385	638	4	1
90.572	639	1	1
90.572	640	2	1
90.760	641	3	1
90.947	642	1	1
90.947	643	2	1
91.135	644	3	1
91.322	645	2	1
91.369	646	1	1
91.510	647	3	1
91.556	648	4	1
91.697	649	2	1
91.744	650	1	1
91.885	651	4	1
91.931	652	3	1
92.072	653	1	1
92.119	654	2	1
92.260	655	3	1
92.306	656	4	1
92.447	657	2	1
92.494	658	1	1
92.635	659	3	1
92.681	660	2	1
92.822	661	4	1
92.869	662	3	1
93.010	663	2	1
93.056	664	1	1
93.197	665	3	1
93.244	666	4	1
93.385	667	2	1
93.572	668	1	1
93.572	669	3	1
93.760	670	2	1
93.947	671	3	1
93.947	672	4	1
94.135	673	1	1
94.228	674	2	1
94.322	675	3	1
94.322	676	4	1
94.510	677	2	1
94.556	678	1	1
94.697	679	2	1
94.697	680	4	1
94.885	681	3	1
95.072	682	1	1
95.072	683	2	1
95.260	684	3	1
95.447	685	2	1
95.447	686	4	1
95.635	687	3	1
95.728	688	2	1
95.822	689	1	1
95.822	690	4	1
96.010	691	3	1
96.056	692	2	1
96.197	693	1	1
96.197	694	4	1
96.572	695	1	1
96.572	696	4	1
96.947	697	1	1
96.947	698	2	1
96.947	699	3	1
97.135	700	4	1
97.228	701	3	1
97.322	702	1	1
97.322	703	2	1
97.322	704	4	1
97.510	705	1	1
97.510	706	2	1
97.697	707	1	1
97.697	708	4	1
97.885	709	4	1
98.072	710	4	1
98.260	711	4	1
98.447	712	3	1
98.635	713	3	2
98.822	714	1	2
98.822	715	2	2
99.010	716	4	1
99.010	717	1	3
99.010	718	2	3
99.010	719	3	3
99.385	720	2	1
99.572	721	1	1
99.572	722	3	1
99.572	723	4	1
99.947	724	1	1
99.947	725	3	1
99.947	726	4	1
100.135	727	1	1
100.228	728	2	1
100.228	729	4	1
100.322	730	1	1
100.322	731	3	1
100.510	732	1	2
100.510	733	3	2
100.697	734	2	1
100.697	735	4	1
100.697	736	1	3
100.697	737	3	3
100.885	738	1	1
101.072	739	2	1
101.072	740	3	1
101.072	741	4	1
101.447	742	3	1
101.447	743	4	1
101.635	744	1	1
101.635	745	2	1
101.635	746	4	1
101.822	747	2	1
101.822	748	3	1
102.010	749	1	1
102.010	750	4	1
102.197	751	1	1
102.197	752	2	1
102.197	753	4	1
102.385	754	2	1
102.385	755	3	1
102.385	756	4	1
102.572	757	1	1
102.572	758	2	1
102.572	759	3	1
102.947	760	1	1
102.947	761	2	1
102.947	762	3	1
103.135	763	2	1
103.135	764	4	1
103.322	765	1	1
103.322	766	3	1
103.322	767	4	1
103.697	768	1	1
103.697	769	3	1
103.697	770	4	1
103.885	771	2	1
103.885	772	3	1
104.072	773	1	1
104.072	774	3	1
104.072	775	4	1
104.447	776	1	1
104.447	777	2	1
104.447	778	4	1
104.635	779	2	1
104.635	780	3	1
104.822	781	1	1
104.822	782	2	1
104.822	783	4	1
105.010	784	3	1
105.197	785	1	1
105.197	786	2	1
105.385	787	1	1
105.385	788	2	1
105.572	789	1	1
105.572	790	3	1
105.572	791	4	1
105.947	792	1	1
105.947	793	3	1
105.947	794	4	1
106.135	795	2	1
106.135	796	3	1
106.322	797	1	1
106.322	798	2	1
106.322	799	4	1
106.510	800	2	1
106.510	801	3	1
106.697	802	3	1
106.697	803	4	1
106.885	804	1	1
106.885	805	2	1
107.072	806	1	1
107.072	807	3	1
107.072	808	4	1
107.447	809	1	1
107.447	810	3	1
107.447	811	4	1
107.635	812	2	1
107.635	813	4	1
107.822	814	1	1
107.822	815	3	1
108.010	816	1	1
108.010	817	4	1
108.197	818	1	1
108.197	819	2	1
108.197	820	4	1
108.385	821	2	1
108.385	822	3	1
108.572	823	1	1
108.572	824	3	1
108.572	825	4	1
108.947	826	1	1
108.947	827	2	1
108.947	828	4	1
109.135	829	2	1
109.135	830	3	1
109.322	831	1	1
109.322	832	3	1
109.322	833	4	1
109.510	834	2	1
109.697	835	1	1
109.697	836	3	1
109.697	837	4	1
109.885	838	2	1
109.885	839	3	1
110.072	840	1	1
110.072	841	2	1
110.072	842	4	1
110.260	843	3	1
110.447	844	1	1
110.447	845	2	1
110.447	846	4	1
110.635	847	1	1
110.635	848	2	1
110.822	849	3	1
110.869	850	2	1
110.916	851	1	1
111.010	852	3	1
111.010	853	4	1
111.385	854	1	1
111.385	855	2	1
111.385	856	3	1
111.385	857	4	1
111.572	858	1	1
111.572	859	3	1
111.572	860	4	1
111.760	861	2	1
111.947	862	1	1
111.947	863	3	1
111.947	864	4	1
112.135	865	1	1
112.135	866	2	1
112.322	867	1	1
112.322	868	3	1
112.322	869	4	1
112.510	870	1	2
112.510	871	3	2
112.697	872	2	1
112.697	873	4	1
112.697	874	1	3
112.697	875	3	3
112.885	876	1	1
112.885	877	3	1
113.072	878	2	1
113.072	879	3	1
113.072	880	4	1
113.260	881	1	1
113.447	882	3	1
113.447	883	4	1
113.635	884	1	1
113.635	885	2	1
113.635	886	4	1
113.822	887	2	1
113.822	888	3	1
114.010	889	1	1
114.010	890	4	1
114.197	891	1	1
114.197	892	2	1
114.197	893	4	1
114.385	894	2	1
114.385	895	3	1
114.572	896	1	1
114.572	897	2	1
114.572	898	3	1
114.760	899	4	1
114.947	900	1	1
114.947	901	2	1
114.947	902	3	1
115.135	903	2	1
115.135	904	4	1
115.322	905	1	1
115.322	906	3	1
115.322	907	4	1
115.510	908	2	1
115.697	909	1	1
115.697	910	3	1
115.697	911	4	1
115.885	912	2	1
115.885	913	3	1
116.072	914	1	1
116.072	915	3	1
116.072	916	4	1
116.260	917	2	1
116.447	918	1	1
116.447	919	3	1
116.447	920	4	1
116.635	921	1	1
116.635	922	2	1
116.822	923	1	1
116.822	924	2	1
117.010	925	3	1
117.197	926	1	1
117.197	927	2	1
117.385	928	1	1
117.385	929	2	1
117.572	930	1	1
117.572	931	3	1
117.572	932	4	1
117.760	933	2	1
117.947	934	1	1
117.947	935	3	1
117.947	936	4	1
118.135	937	2	1
118.135	938	3	1
118.322	939	1	1
118.322	940	2	1
118.322	941	4	1
118.510	942	2	1
118.510	943	3	1
118.697	944	3	1
118.697	945	4	1
118.885	946	1	1
118.885	947	2	1
119.072	948	1	1
119.072	949	3	1
119.072	950	4	1
119.260	951	2	1
119.447	952	1	1
119.447	953	3	1
119.447	954	4	1
119.635	955	2	1
119.635	956	4	1
119.822	957	1	1
119.822	958	3	1
120.010	959	1	1
120.010	960	4	1
120.197	961	1	1
120.197	962	2	1
120.197	963	4	1
120.385	964	2	1
120.385	965	3	1
120.572	966	1	1
120.572	967	3	1
120.572	968	4	1
120.760	969	2	1
120.947	970	1	1
120.947	971	2	1
120.947	972	4	1
121.135	973	2	1
121.135	974	3	1
121.322	975	1	1
121.322	976	3	1
121.322	977	4	1
121.510	978	2	1
121.697	979	1	1
121.697	980	3	1
121.697	981	4	1
121.885	982	2	1
121.885	983	3	1
122.072	984	1	1
122.072	985	2	1
122.072	986	4	1
122.260	987	3	1
122.447	988	1	1
122.447	989	2	1
122.447	990	4	1
122.635	991	1	1
122.635	992	2	1
122.822	993	3	1
122.822	994	4	1
123.010	995	1	2
123.010	996	2	1
123.385	997	3	1
123.385	998	1	3
123.431	999	4	1
123.572	1000	2	1
123.619	1001	1	1
123.760	1002	3	1
123.806	1003	4	1
123.947	1004	2	1
123.994	1005	1	1
124.135	1006	3	1
124.181	1007	4	1
124.228	1008	2	1
124.275	1009	1	1
124.322	1010	3	2
124.510	1011	2	1
124.885	1012	4	2
125.260	1013	1	1
125.635	1014	2	1
126.010	1015	1	1
126.010	1016	3	3
126.010	1017	4	3
126.056	1018	2	1
126.103	1019	3	1
126.150	1020	4	1
126.197	1021	1	2
127.041	1022	1	3
127.135	1023	2	2
127.135	1024	4	2
128.822	1025	3	1
128.822	1026	2	3
128.822	1027	4	3
128.916	1028	2	1
129.010	1029	1	2
129.135	1030	4	2
129.760	1031	2	1
129.760	1032	4	3
129.947	1033	4	1
130.135	1034	3	1
130.135	1035	1	3
130.322	1036	1	2
130.322	1037	2	2
130.510	1038	4	1
130.697	1039	3	1
130.885	1040	4	1
131.072	1041	3	1
131.260	1042	4	1
131.635	1043	4	1
132.010	1044	3	2
132.010	1045	1	3
132.010	1046	2	3
132.135	1047	4	2
132.197	1048	2	1
132.385	1049	1	1
132.572	1050	2	1
132.760	1051	1	1
133.010	1052	3	3
133.010	1053	4	3
133.135	1054	2	2
133.135	1055	3	2
133.322	1056	1	1
133.510	1057	4	1
133.697	1058	1	1
133.885	1059	4	1
134.072	1060	1	1
134.260	1061	4	1
134.635	1062	1	1
134.635	1063	4	1
134.635	1064	2	3
134.635	1065	3	3
134.822	1066	3	1
135.010	1067	1	2
135.135	1068	4	2
136.135	1069	2	1
136.135	1070	1	3
136.135	1071	4	3
136.197	1072	3	1
136.260	1073	4	1
136.322	1074	1	2
136.322	1075	2	2
138.010	1076	3	2
138.010	1077	1	3
138.010	1078	2	3
138.135	1079	4	2
139.010	1080	3	3
139.010	1081	4	3
139.135	1082	2	2
139.135	1083	3	2
140.822	1084	4	1
140.822	1085	2	3
140.822	1086	3	3
140.885	1087	3	1
140.947	1088	2	1
141.010	1089	1	2
141.135	1090	4	2
141.760	1091	2	1
141.760	1092	4	3
141.947	1093	4	1
142.135	1094	3	1
142.135	1095	1	3
142.322	1096	1	2
142.322	1097	2	2
143.260	1098	4	1
144.010	1099	3	2
144.010	1100	1	3
144.010	1101	2	3
144.135	1102	4	2
145.010	1103	3	3
145.010	1104	4	3
145.135	1105	2	2
145.135	1106	3	2
147.010	1107	4	1
147.010	1108	2	3
147.010	1109	3	3
147.103	1110	1	1
147.291	1111	4	1
147.385	1112	1	1
147.572	1113	4	1
147.666	1114	1	1
147.853	1115	4	1
147.947	1116	1	1
148.135	1117	4	1
148.228	1118	1	1