Song Name	Dark Desire of Ark Six (Hard) by Se-U-Ra
Difficulty	35
Primary Color	Vibe
Secondary Color	Chill
Last Note Time	110.361
Total Notes	2104
Fever Fill	592
Fever Time	16.554150
Long Notes	329
BPM	209
Song Length	112.750068027

Timing Points
0.122	287.0813


Song Data
0.122	1	2	2
1.270	2	1	2
1.270	3	2	3
1.413	4	2	1
1.413	5	1	3
1.485	6	3	1
1.557	7	2	2
1.700	8	4	2
1.700	9	2	3
1.844	10	1	2
1.844	11	4	3
1.916	12	4	1
1.988	13	2	1
1.988	14	1	3
2.023	15	3	1
2.059	16	4	1
2.131	17	2	2
2.203	18	3	1
2.275	19	1	2
2.275	20	2	3
2.418	21	2	1
2.418	22	1	3
2.490	23	3	1
2.562	24	4	2
2.633	25	1	1
2.705	26	3	2
2.705	27	4	3
2.777	28	2	1
2.849	29	1	1
2.849	30	3	3
2.921	31	4	1
2.992	32	2	1
3.064	33	3	1
3.136	34	4	1
3.208	35	3	1
3.279	36	1	2
3.566	37	2	1
3.566	38	3	1
3.566	39	4	1
3.566	40	1	3
3.854	41	4	1
3.925	42	3	2
4.141	43	1	1
4.141	44	4	1
4.212	45	2	1
4.212	46	3	3
4.284	47	1	1
4.356	48	2	1
4.428	49	3	2
4.499	50	3	3
4.571	51	3	2
4.643	52	3	3
4.715	53	1	1
4.715	54	3	2
4.858	55	3	3
5.002	56	3	2
5.145	57	1	1
5.145	58	3	3
5.217	59	2	1
5.289	60	3	2
5.289	61	4	1
5.361	62	3	3
5.433	63	3	2
5.504	64	3	3
5.576	65	1	1
5.576	66	3	2
5.720	67	3	3
5.863	68	2	1
5.863	69	3	2
5.935	70	3	3
6.007	71	3	2
6.078	72	3	3
6.150	73	1	1
6.222	74	4	2
6.437	75	2	1
6.437	76	3	1
6.437	77	4	3
6.724	78	4	1
7.011	79	1	1
7.011	80	2	1
7.155	81	3	1
7.155	82	4	1
7.299	83	3	1
7.299	84	4	1
7.442	85	1	1
7.442	86	2	1
7.586	87	3	1
7.586	88	4	1
7.729	89	3	1
7.729	90	4	1
7.873	91	1	1
7.873	92	2	1
8.016	93	3	1
8.016	94	4	1
8.088	95	1	1
8.088	96	2	1
8.160	97	3	1
8.160	98	4	1
8.255	99	2	1
8.351	100	3	1
8.447	101	1	1
8.543	102	4	1
8.638	103	2	1
8.734	104	3	1
8.830	105	1	1
8.925	106	4	1
9.021	107	2	1
9.117	108	3	1
9.212	109	1	1
9.308	110	2	1
9.308	111	3	1
9.308	112	4	1
9.380	113	1	1
9.452	114	2	1
9.523	115	3	1
9.595	116	1	1
9.595	117	4	1
9.667	118	2	1
9.739	119	3	1
9.810	120	4	1
9.882	121	1	1
9.882	122	3	1
9.954	123	2	1
10.026	124	3	1
10.098	125	4	1
10.169	126	1	1
10.169	127	2	1
10.241	128	3	1
10.313	129	4	1
10.385	130	3	1
10.456	131	2	1
10.456	132	4	1
10.528	133	1	1
10.600	134	3	1
10.672	135	2	1
10.744	136	1	1
10.744	137	3	1
10.815	138	4	1
10.887	139	1	1
10.959	140	2	1
11.031	141	1	1
11.031	142	3	1
11.102	143	2	1
11.174	144	4	1
11.210	145	3	1
11.246	146	2	1
11.282	147	1	1
11.318	148	2	1
11.389	149	3	1
11.461	150	4	1
11.533	151	3	1
11.605	152	2	1
11.605	153	4	1
11.677	154	1	1
11.748	155	3	1
11.820	156	2	1
11.892	157	1	1
11.928	158	2	1
11.964	159	3	1
11.999	160	4	1
12.035	161	1	1
12.071	162	2	1
12.107	163	3	1
12.143	164	4	1
12.179	165	1	1
12.179	166	2	1
12.251	167	3	1
12.322	168	4	1
12.394	169	3	1
12.466	170	1	1
12.502	171	2	1
12.538	172	3	1
12.574	173	4	1
12.610	174	1	1
12.681	175	2	1
12.753	176	1	1
12.753	177	3	1
12.825	178	2	1
12.897	179	4	1
12.968	180	3	1
13.040	181	2	1
13.040	182	4	1
13.112	183	1	1
13.184	184	2	1
13.255	185	3	1
13.327	186	2	1
13.327	187	4	1
13.375	188	1	1
13.423	189	3	1
13.471	190	2	1
13.519	191	4	1
13.566	192	1	1
13.614	193	2	1
13.614	194	3	1
13.662	195	4	1
13.710	196	1	1
13.758	197	2	1
13.806	198	3	1
13.854	199	1	1
13.901	200	2	1
13.901	201	4	1
14.045	202	1	1
14.117	203	3	1
14.188	204	1	1
14.188	205	4	1
14.260	206	2	1
14.332	207	3	1
14.404	208	4	1
14.476	209	1	1
14.476	210	3	1
14.619	211	2	1
14.691	212	3	1
14.763	213	1	1
14.763	214	4	1
14.834	215	2	1
14.906	216	3	1
14.978	217	4	1
15.050	218	1	1
15.050	219	2	1
15.050	220	3	1
15.193	221	2	1
15.265	222	3	1
15.337	223	2	1
15.337	224	4	1
15.409	225	3	1
15.480	226	1	1
15.552	227	2	1
15.624	228	1	1
15.624	229	3	1
15.624	230	4	1
15.696	231	2	1
15.767	232	3	1
15.839	233	2	1
15.911	234	1	1
15.911	235	3	1
15.911	236	4	1
15.983	237	2	1
16.055	238	3	1
16.126	239	4	1
16.198	240	1	1
16.198	241	2	1
16.198	242	3	1
16.270	243	4	1
16.342	244	2	1
16.342	245	3	1
16.413	246	1	1
16.485	247	2	1
16.485	248	4	1
16.557	249	3	1
16.629	250	1	1
16.629	251	2	1
16.629	252	4	1
16.700	253	3	1
16.772	254	1	1
16.772	255	4	1
16.820	256	2	1
16.868	257	3	1
16.916	258	2	1
16.916	259	4	1
16.964	260	1	1
17.011	261	4	1
17.059	262	2	1
17.059	263	3	1
17.107	264	1	1
17.155	265	4	1
17.203	266	2	1
17.203	267	3	1
17.239	268	1	1
17.275	269	4	1
17.310	270	3	1
17.346	271	1	1
17.346	272	2	1
17.418	273	3	1
17.490	274	2	1
17.490	275	4	1
17.562	276	1	1
17.633	277	2	1
17.633	278	3	1
17.705	279	1	1
17.777	280	3	1
17.777	281	4	1
17.849	282	2	1
17.921	283	3	1
17.921	284	4	1
17.992	285	1	1
17.992	286	2	1
18.064	287	3	1
18.064	288	4	1
18.136	289	1	1
18.136	290	2	1
18.208	291	4	1
18.244	292	3	1
18.279	293	2	1
18.315	294	1	1
18.351	295	4	1
18.387	296	3	1
18.423	297	2	1
18.459	298	1	1
18.495	299	3	2
18.495	300	4	1
18.782	301	2	1
18.782	302	4	1
18.782	303	3	3
18.925	304	1	2
19.069	305	2	1
19.069	306	3	1
19.212	307	1	3
19.356	308	3	2
19.356	309	4	1
19.643	310	2	1
19.643	311	4	1
19.643	312	3	3
19.787	313	1	2
19.930	314	2	1
19.930	315	4	1
20.074	316	3	2
20.074	317	1	3
20.217	318	1	1
20.217	319	4	1
20.217	320	3	3
20.289	321	2	1
20.361	322	4	2
20.433	323	3	1
20.504	324	1	1
20.504	325	2	1
20.576	326	3	1
20.648	327	2	1
20.720	328	1	1
20.791	329	2	1
20.791	330	3	2
20.791	331	4	3
20.863	332	1	1
20.935	333	2	1
21.007	334	4	1
21.078	335	1	1
21.078	336	2	1
21.078	337	3	3
21.150	338	4	1
21.222	339	1	2
21.294	340	3	1
21.366	341	2	1
21.366	342	4	1
21.437	343	3	1
21.509	344	4	1
21.509	345	1	3
21.581	346	2	1
21.653	347	1	1
21.653	348	3	2
21.724	349	2	1
21.796	350	4	1
21.868	351	2	1
21.940	352	1	1
21.940	353	4	1
21.940	354	3	3
22.011	355	2	1
22.083	356	1	2
22.155	357	4	1
22.227	358	2	1
22.227	359	3	1
22.299	360	4	1
22.370	361	3	2
22.370	362	1	3
22.442	363	2	1
22.514	364	1	1
22.514	365	4	1
22.514	366	3	3
22.586	367	3	1
22.657	368	4	2
22.729	369	2	1
22.801	370	1	1
22.801	371	3	2
22.801	372	4	3
22.873	373	2	1
22.944	374	4	2
22.944	375	3	3
23.016	376	1	1
23.088	377	2	1
23.088	378	3	2
23.088	379	4	3
23.375	380	2	1
23.375	381	3	3
23.519	382	1	2
23.806	383	4	1
23.806	384	1	3
23.949	385	3	2
24.236	386	2	1
24.236	387	3	3
24.380	388	1	2
24.523	389	1	3
24.667	390	3	2
24.810	391	3	3
24.954	392	4	2
25.098	393	2	1
25.241	394	1	1
25.385	395	1	1
25.385	396	2	1
25.385	397	3	1
25.385	398	4	3
25.528	399	3	1
25.528	400	4	1
25.672	401	1	1
25.672	402	2	1
25.815	403	3	1
25.815	404	4	1
25.959	405	1	1
25.995	406	2	1
26.031	407	3	1
26.066	408	4	1
26.102	409	1	1
26.102	410	2	1
26.246	411	3	1
26.246	412	4	1
26.389	413	1	1
26.389	414	2	1
26.461	415	3	1
26.461	416	4	1
26.533	417	1	1
26.569	418	2	1
26.605	419	3	1
26.641	420	4	1
26.677	421	1	1
26.677	422	2	1
26.748	423	3	1
26.748	424	4	1
26.820	425	1	1
26.856	426	2	1
26.892	427	3	1
26.928	428	4	1
26.964	429	1	1
26.964	430	2	1
27.035	431	3	1
27.035	432	4	1
27.107	433	1	1
27.107	434	2	1
27.179	435	3	1
27.179	436	4	1
27.251	437	1	1
27.251	438	2	1
27.322	439	3	1
27.322	440	4	1
27.394	441	1	1
27.394	442	2	1
27.466	443	3	1
27.466	444	4	1
27.538	445	1	1
27.538	446	2	1
27.610	447	3	1
27.610	448	4	1
27.681	449	1	1
27.681	450	2	1
27.681	451	4	2
27.968	452	1	2
27.968	453	2	1
27.968	454	4	3
28.040	455	4	2
28.040	456	1	3
28.112	457	1	2
28.112	458	4	3
28.255	459	3	2
28.255	460	4	1
28.255	461	1	3
28.327	462	3	3
28.399	463	3	1
28.399	464	4	1
28.471	465	3	1
28.471	466	4	1
28.543	467	1	1
28.543	468	2	1
28.614	469	1	1
28.614	470	2	1
28.686	471	3	1
28.686	472	4	1
28.758	473	1	1
28.758	474	2	1
28.830	475	1	2
28.830	476	2	1
28.973	477	4	1
28.973	478	1	3
29.021	479	3	1
29.069	480	2	1
29.117	481	1	1
29.117	482	3	2
29.260	483	4	2
29.260	484	3	3
29.404	485	1	2
29.404	486	3	1
29.404	487	4	3
29.547	488	2	1
29.547	489	1	3
29.619	490	3	1
29.619	491	4	1
29.691	492	1	1
29.691	493	2	1
29.763	494	1	1
29.763	495	2	1
29.834	496	1	1
29.834	497	2	1
29.906	498	3	1
29.906	499	4	1
29.978	500	1	1
29.978	501	2	1
30.026	502	4	1
30.074	503	3	1
30.122	504	1	1
30.169	505	2	1
30.217	506	4	1
30.265	507	1	1
30.265	508	3	1
30.361	509	1	1
30.361	510	3	1
30.456	511	1	1
30.456	512	3	1
30.552	513	2	1
30.552	514	4	1
30.648	515	2	1
30.648	516	4	1
30.744	517	2	1
30.744	518	4	1
30.839	519	1	1
30.839	520	3	1
30.911	521	2	1
30.911	522	4	1
30.983	523	2	1
30.983	524	4	1
31.055	525	1	1
31.055	526	3	1
31.126	527	2	1
31.126	528	4	1
31.198	529	3	1
31.270	530	1	1
31.318	531	4	1
31.366	532	3	1
31.413	533	1	1
31.413	534	2	2
31.557	535	4	2
31.557	536	2	3
31.700	537	1	1
31.700	538	3	2
31.700	539	4	3
31.844	540	2	2
31.844	541	3	3
31.916	542	2	3
31.988	543	1	1
31.988	544	3	1
32.059	545	3	1
32.131	546	3	1
32.203	547	3	1
32.275	548	1	1
32.275	549	2	1
32.322	550	4	1
32.370	551	3	1
32.418	552	1	1
32.466	553	2	1
32.514	554	3	1
32.562	555	1	1
32.562	556	4	1
32.610	557	2	1
32.657	558	3	1
32.705	559	4	1
32.753	560	2	1
32.801	561	1	1
32.849	562	3	2
32.849	563	4	1
32.992	564	2	2
32.992	565	3	3
33.064	566	2	3
33.136	567	2	2
33.136	568	3	1
33.208	569	2	3
33.279	570	2	2
33.351	571	2	3
33.423	572	2	2
33.423	573	4	1
33.495	574	2	3
33.566	575	2	2
33.638	576	2	3
33.710	577	2	2
33.710	578	3	1
33.782	579	2	3
33.854	580	2	2
33.854	581	3	1
33.997	582	2	3
34.141	583	2	2
34.141	584	3	1
34.284	585	4	2
34.284	586	2	3
34.428	587	1	1
34.428	588	2	2
34.428	589	4	3
34.571	590	3	1
34.571	591	4	1
34.571	592	2	3
34.715	593	1	1
34.763	594	2	1
34.810	595	3	1
34.858	596	1	1
34.858	597	4	1
34.906	598	2	1
34.954	599	3	1
35.002	600	4	1
35.050	601	1	1
35.098	602	2	1
35.145	603	3	2
35.145	604	4	1
35.289	605	1	1
35.289	606	3	3
35.433	607	2	1
35.433	608	3	2
35.504	609	3	3
35.576	610	3	2
35.648	611	3	3
35.720	612	1	1
35.720	613	3	2
35.791	614	3	3
35.863	615	3	2
35.935	616	2	1
35.935	617	3	3
36.007	618	1	1
36.007	619	4	1
36.078	620	2	1
36.150	621	3	2
36.222	622	4	1
36.222	623	3	3
36.294	624	1	1
36.294	625	2	1
36.437	626	4	2
36.581	627	1	1
36.581	628	2	2
36.724	629	3	2
36.724	630	2	3
36.868	631	1	1
36.868	632	2	1
36.868	633	3	3
36.868	634	4	3
36.916	635	3	1
36.964	636	4	1
37.011	637	1	1
37.059	638	2	1
37.107	639	3	1
37.155	640	1	1
37.155	641	4	1
37.203	642	2	1
37.251	643	3	1
37.370	644	3	2
37.442	645	1	1
37.442	646	4	1
37.442	647	3	3
37.514	648	2	1
37.514	649	3	1
37.586	650	1	1
37.586	651	4	1
37.657	652	2	1
37.657	653	3	1
37.729	654	2	1
37.729	655	3	2
37.801	656	3	3
37.873	657	1	1
37.873	658	2	2
37.944	659	2	3
38.016	660	3	1
38.016	661	4	2
38.160	662	1	1
38.160	663	2	1
38.160	664	4	3
38.232	665	1	1
38.232	666	2	1
38.303	667	3	1
38.303	668	4	2
38.447	669	1	1
38.447	670	2	1
38.447	671	4	3
38.519	672	1	1
38.519	673	2	1
38.590	674	3	1
38.590	675	4	1
38.662	676	2	1
38.734	677	1	1
38.734	678	3	1
38.806	679	1	1
38.806	680	2	1
38.877	681	3	1
38.877	682	4	2
39.021	683	1	1
39.021	684	2	1
39.021	685	4	3
39.093	686	1	1
39.093	687	2	1
39.165	688	3	2
39.165	689	4	1
39.236	690	3	3
39.308	691	3	2
39.452	692	1	1
39.452	693	3	3
39.499	694	2	1
39.547	695	3	1
39.595	696	4	1
39.643	697	1	1
39.691	698	2	1
39.739	699	3	1
39.739	700	4	2
39.810	701	1	1
39.810	702	2	1
39.810	703	4	3
39.882	704	3	2
39.882	705	4	1
39.954	706	1	1
39.954	707	2	1
39.954	708	3	3
40.026	709	1	1
40.026	710	3	2
40.098	711	3	3
40.169	712	3	2
40.169	713	4	1
40.241	714	3	3
40.313	715	1	1
40.313	716	2	1
40.385	717	4	2
40.456	718	3	1
40.528	719	2	1
40.528	720	4	3
40.600	721	3	1
40.600	722	4	1
40.672	723	1	1
40.672	724	2	1
40.744	725	1	1
40.744	726	2	1
40.815	727	3	1
40.815	728	4	1
40.887	729	3	1
40.887	730	4	1
40.959	731	1	1
40.959	732	2	1
41.031	733	1	1
41.031	734	2	1
41.102	735	3	1
41.102	736	4	1
41.174	737	1	1
41.174	738	2	1
41.222	739	3	1
41.270	740	4	1
41.318	741	2	1
41.366	742	1	1
41.413	743	3	1
41.461	744	2	1
41.461	745	4	1
41.509	746	1	1
41.557	747	3	1
41.605	748	2	1
41.653	749	4	1
41.700	750	1	1
41.748	751	2	1
41.796	752	3	1
41.844	753	4	1
41.892	754	2	1
41.964	755	3	2
42.035	756	1	1
42.035	757	2	1
42.035	758	3	3
42.107	759	3	1
42.107	760	4	1
42.179	761	1	1
42.179	762	2	1
42.251	763	3	1
42.251	764	4	1
42.322	765	1	1
42.322	766	2	2
42.394	767	2	3
42.466	768	1	2
42.466	769	4	1
42.538	770	1	3
42.610	771	2	1
42.610	772	3	1
42.753	773	1	1
42.753	774	4	1
42.825	775	1	1
42.825	776	4	1
42.897	777	2	1
42.897	778	3	1
43.040	779	1	1
43.040	780	4	1
43.112	781	1	1
43.112	782	4	1
43.184	783	2	1
43.184	784	3	1
43.327	785	1	1
43.327	786	4	1
43.399	787	1	1
43.399	788	4	1
43.471	789	2	1
43.471	790	3	1
43.614	791	1	1
43.614	792	4	1
43.686	793	1	1
43.686	794	4	1
43.758	795	2	1
43.758	796	3	2
43.830	797	3	3
43.901	798	3	2
44.045	799	1	1
44.045	800	3	3
44.093	801	2	1
44.141	802	3	1
44.188	803	4	1
44.236	804	1	1
44.284	805	2	1
44.332	806	3	1
44.332	807	4	2
44.404	808	1	1
44.404	809	2	1
44.404	810	4	3
44.476	811	3	2
44.476	812	4	1
44.547	813	1	1
44.547	814	2	1
44.547	815	3	3
44.619	816	1	1
44.619	817	3	2
44.691	818	3	3
44.763	819	3	2
44.763	820	4	1
44.834	821	3	3
44.906	822	1	2
44.906	823	2	1
45.050	824	3	1
45.122	825	4	1
45.122	826	1	3
45.193	827	1	1
45.193	828	2	1
45.265	829	3	1
45.265	830	4	1
45.337	831	3	1
45.337	832	4	1
45.409	833	1	1
45.409	834	2	1
45.480	835	1	1
45.480	836	2	1
45.552	837	3	1
45.552	838	4	1
45.624	839	3	1
45.624	840	4	1
45.696	841	1	1
45.696	842	2	1
45.767	843	3	1
45.767	844	4	1
45.839	845	1	1
45.839	846	2	1
45.911	847	3	1
45.911	848	4	1
45.983	849	1	1
45.983	850	2	1
46.055	851	3	2
46.055	852	4	1
46.198	853	2	1
46.342	854	1	1
46.342	855	3	3
46.485	856	1	2
46.629	857	4	1
46.772	858	2	1
46.772	859	1	3
46.916	860	3	2
47.059	861	4	1
47.203	862	2	1
47.203	863	3	3
47.346	864	1	2
47.490	865	3	1
47.633	866	2	1
47.633	867	3	2
47.633	868	4	1
47.633	869	1	3
47.777	870	1	1
47.777	871	3	3
47.921	872	1	1
47.921	873	3	1
47.921	874	4	2
48.064	875	2	1
48.208	876	1	1
48.208	877	2	1
48.208	878	3	1
48.208	879	4	3
48.351	880	1	1
48.351	881	3	2
48.351	882	4	1
48.495	883	2	1
48.638	884	1	1
48.638	885	3	3
48.782	886	1	2
48.925	887	4	1
49.069	888	2	1
49.069	889	1	3
49.212	890	3	2
49.356	891	2	1
49.499	892	4	1
49.499	893	3	3
49.643	894	1	2
49.930	895	2	1
49.930	896	3	2
49.930	897	4	1
49.930	898	1	3
50.074	899	1	1
50.074	900	3	3
50.217	901	1	1
50.217	902	3	1
50.217	903	4	2
50.361	904	2	1
50.504	905	1	1
50.504	906	4	3
50.648	907	3	1
50.648	908	4	1
50.720	909	1	1
50.720	910	2	1
50.791	911	3	1
50.791	912	4	1
50.863	913	1	1
50.863	914	2	1
50.935	915	3	1
50.935	916	4	1
51.078	917	1	1
51.078	918	2	1
51.150	919	3	1
51.150	920	4	1
51.222	921	1	1
51.222	922	2	1
51.294	923	3	1
51.294	924	4	1
51.366	925	1	1
51.366	926	2	1
51.509	927	3	1
51.509	928	4	1
51.581	929	1	1
51.581	930	2	1
51.653	931	3	1
51.653	932	4	1
51.724	933	1	1
51.724	934	2	1
51.796	935	3	1
51.796	936	4	1
51.940	937	1	1
51.940	938	2	1
52.011	939	3	1
52.011	940	4	1
52.083	941	1	1
52.083	942	2	1
52.155	943	3	1
52.155	944	4	1
52.227	945	1	1
52.227	946	2	2
52.370	947	2	3
52.514	948	3	2
52.514	949	4	1
52.657	950	3	3
52.801	951	1	1
52.801	952	2	1
52.801	953	3	1
52.944	954	3	1
52.944	955	4	1
53.016	956	1	1
53.016	957	2	1
53.088	958	3	1
53.088	959	4	1
53.160	960	1	1
53.160	961	2	1
53.232	962	3	1
53.232	963	4	1
53.375	964	1	1
53.375	965	2	1
53.447	966	3	1
53.447	967	4	1
53.519	968	1	1
53.519	969	2	1
53.590	970	3	1
53.590	971	4	1
53.662	972	1	1
53.662	973	2	1
53.806	974	3	1
53.806	975	4	1
53.877	976	1	1
53.877	977	2	1
53.949	978	3	1
53.949	979	4	1
54.021	980	1	1
54.021	981	2	1
54.093	982	4	1
54.129	983	3	1
54.165	984	2	1
54.200	985	1	1
54.236	986	3	1
54.236	987	4	1
54.308	988	1	1
54.308	989	2	1
54.380	990	4	1
54.416	991	3	1
54.452	992	2	1
54.488	993	1	1
54.523	994	3	1
54.523	995	4	1
54.595	996	1	1
54.595	997	2	1
54.667	998	3	1
54.667	999	4	1
54.739	1000	1	1
54.739	1001	2	1
54.810	1002	3	1
54.810	1003	4	1
54.882	1004	1	1
54.882	1005	2	1
54.954	1006	3	1
54.954	1007	4	1
55.026	1008	1	1
55.026	1009	2	1
55.098	1010	3	1
55.098	1011	4	1
55.169	1012	1	1
55.169	1013	2	1
55.241	1014	1	2
55.241	1015	3	1
55.241	1016	4	1
56.389	1017	4	1
56.533	1018	3	2
56.677	1019	2	1
56.677	1020	3	3
56.748	1021	3	1
56.820	1022	4	1
56.892	1023	2	1
56.964	1024	3	2
57.107	1025	2	1
57.107	1026	3	3
57.179	1027	3	1
57.251	1028	4	1
57.251	1029	1	3
57.322	1030	3	1
57.394	1031	2	1
57.466	1032	1	1
57.538	1033	2	2
57.538	1034	3	1
57.538	1035	4	1
57.633	1036	4	2
57.633	1037	2	3
57.729	1038	2	2
57.729	1039	4	3
57.825	1040	3	2
57.825	1041	2	3
57.921	1042	4	2
57.921	1043	3	3
58.016	1044	1	2
58.016	1045	4	3
58.112	1046	2	2
58.112	1047	1	3
58.208	1048	4	2
58.208	1049	2	3
58.303	1050	1	2
58.303	1051	4	3
58.399	1052	3	2
58.399	1053	1	3
58.495	1054	4	2
58.495	1055	3	3
58.590	1056	2	2
58.590	1057	4	3
58.686	1058	1	1
58.686	1059	4	2
58.686	1060	2	3
58.782	1061	3	2
58.782	1062	4	3
58.877	1063	2	2
58.877	1064	3	3
58.973	1065	1	2
58.973	1066	2	3
59.069	1067	3	2
59.069	1068	1	3
59.165	1069	2	2
59.165	1070	3	3
59.260	1071	3	2
59.260	1072	2	3
59.356	1073	3	3
59.547	1074	2	2
59.834	1075	1	1
59.834	1076	4	2
59.834	1077	2	3
59.930	1078	3	2
59.930	1079	4	3
60.026	1080	2	2
60.026	1081	3	3
60.122	1082	3	2
60.122	1083	2	3
60.217	1084	2	2
60.217	1085	3	3
60.313	1086	1	2
60.313	1087	2	3
60.409	1088	3	2
60.409	1089	1	3
60.504	1090	2	2
60.504	1091	3	3
60.600	1092	1	2
60.600	1093	2	3
60.696	1094	2	2
60.696	1095	1	3
60.791	1096	3	2
60.791	1097	2	3
60.887	1098	4	2
60.887	1099	3	3
60.983	1100	3	2
60.983	1101	4	3
61.270	1102	4	2
61.270	1103	3	3
61.557	1104	1	1
61.557	1105	4	3
61.629	1106	2	1
61.700	1107	3	1
61.772	1108	4	1
61.844	1109	1	1
61.916	1110	2	1
61.988	1111	3	1
62.059	1112	4	1
62.131	1113	1	2
62.131	1114	2	2
62.131	1115	3	1
62.275	1116	1	3
62.275	1117	2	3
62.562	1118	2	2
62.562	1119	3	2
62.705	1120	2	3
62.705	1121	3	3
62.992	1122	3	2
62.992	1123	4	2
63.136	1124	3	3
63.136	1125	4	3
63.423	1126	2	2
63.423	1127	3	2
63.566	1128	3	3
63.854	1129	4	2
63.925	1130	4	3
63.997	1131	3	2
64.069	1132	3	3
64.141	1133	1	2
64.141	1134	2	3
64.212	1135	1	3
64.284	1136	2	2
64.356	1137	2	3
64.428	1138	1	2
64.428	1139	2	2
64.428	1140	3	1
64.571	1141	4	1
64.571	1142	1	3
64.571	1143	2	3
64.715	1144	1	1
64.858	1145	2	2
64.858	1146	3	2
65.002	1147	1	1
65.002	1148	4	1
65.002	1149	2	3
65.002	1150	3	3
65.145	1151	2	1
65.289	1152	3	2
65.289	1153	4	2
65.433	1154	1	1
65.433	1155	3	3
65.433	1156	4	3
65.576	1157	1	1
65.576	1158	2	1
65.720	1159	3	2
65.720	1160	4	2
65.863	1161	1	1
65.863	1162	3	3
66.007	1163	2	1
66.007	1164	3	1
66.150	1165	1	1
66.150	1166	2	1
66.150	1167	4	3
66.222	1168	3	1
66.294	1169	4	1
66.366	1170	1	1
66.437	1171	2	1
66.509	1172	3	1
66.581	1173	4	1
66.653	1174	1	1
66.724	1175	2	1
66.724	1176	3	1
66.724	1177	4	1
66.820	1178	1	1
66.916	1179	2	1
67.011	1180	4	1
67.107	1181	3	1
67.203	1182	2	1
67.299	1183	3	1
67.299	1184	4	1
67.394	1185	1	1
67.490	1186	4	1
67.586	1187	3	1
67.681	1188	2	1
67.777	1189	1	1
67.873	1190	2	1
67.873	1191	4	1
67.968	1192	3	1
68.064	1193	4	1
68.088	1194	2	1
68.088	1195	3	1
68.160	1196	1	1
68.255	1197	2	1
68.303	1198	1	1
68.303	1199	4	1
68.351	1200	3	1
68.447	1201	1	1
68.447	1202	2	1
68.543	1203	4	1
68.638	1204	3	1
68.734	1205	4	1
68.782	1206	3	1
68.830	1207	2	1
68.925	1208	1	1
69.021	1209	2	1
69.021	1210	4	1
69.117	1211	3	1
69.212	1212	4	1
69.308	1213	2	1
69.404	1214	3	1
69.499	1215	4	1
69.595	1216	1	1
69.595	1217	2	1
69.691	1218	3	1
69.787	1219	4	1
69.882	1220	2	1
69.978	1221	3	1
70.074	1222	4	1
70.169	1223	1	1
70.169	1224	3	1
70.265	1225	2	1
70.361	1226	1	1
70.456	1227	3	1
70.552	1228	2	1
70.600	1229	3	1
70.600	1230	4	1
70.648	1231	1	1
70.744	1232	2	1
70.744	1233	4	1
70.839	1234	3	1
70.935	1235	2	1
71.031	1236	3	1
71.126	1237	2	1
71.222	1238	1	1
71.318	1239	2	1
71.318	1240	3	1
71.318	1241	4	1
71.461	1242	1	1
71.509	1243	3	1
71.605	1244	2	1
71.700	1245	4	1
71.748	1246	3	1
71.892	1247	1	1
72.035	1248	4	1
72.083	1249	2	1
72.179	1250	1	1
72.275	1251	3	1
72.322	1252	4	1
72.466	1253	2	1
72.610	1254	1	1
72.657	1255	3	1
72.753	1256	2	1
72.849	1257	4	1
72.897	1258	3	1
73.040	1259	4	1
73.184	1260	1	1
73.232	1261	2	1
73.327	1262	3	1
73.327	1263	4	1
73.399	1264	1	1
73.399	1265	2	1
73.471	1266	3	1
73.471	1267	4	1
73.543	1268	1	1
73.543	1269	2	1
73.614	1270	4	1
73.650	1271	3	1
73.686	1272	2	1
73.722	1273	1	1
73.758	1274	3	1
73.758	1275	4	1
73.830	1276	1	1
73.830	1277	2	1
73.901	1278	4	1
73.937	1279	3	1
73.973	1280	2	1
74.009	1281	1	1
74.045	1282	3	1
74.045	1283	4	1
74.117	1284	1	1
74.117	1285	2	1
74.188	1286	3	1
74.188	1287	4	1
74.260	1288	1	1
74.260	1289	2	1
74.332	1290	3	1
74.332	1291	4	1
74.404	1292	1	1
74.404	1293	2	1
74.476	1294	3	1
74.476	1295	4	1
74.547	1296	1	1
74.547	1297	2	1
74.619	1298	3	1
74.619	1299	4	1
74.691	1300	1	1
74.691	1301	2	1
74.763	1302	3	1
74.763	1303	4	2
74.834	1304	1	1
74.906	1305	2	2
74.906	1306	4	3
74.978	1307	1	2
74.978	1308	2	3
75.050	1309	2	2
75.050	1310	1	3
75.122	1311	4	1
75.193	1312	3	2
75.193	1313	2	3
75.265	1314	1	2
75.265	1315	3	3
75.337	1316	2	1
75.337	1317	4	2
75.337	1318	1	3
75.480	1319	2	2
75.480	1320	4	3
75.552	1321	1	1
75.552	1322	3	2
75.552	1323	2	3
75.696	1324	1	2
75.696	1325	3	3
75.767	1326	2	2
75.767	1327	4	1
75.767	1328	1	3
75.911	1329	1	1
75.911	1330	3	2
75.911	1331	4	1
75.911	1332	2	3
76.055	1333	2	2
76.055	1334	3	3
76.126	1335	1	2
76.126	1336	2	3
76.198	1337	2	1
76.198	1338	4	2
76.198	1339	1	3
76.342	1340	3	2
76.342	1341	4	3
76.413	1342	2	2
76.413	1343	3	3
76.485	1344	1	1
76.485	1345	4	1
76.557	1346	3	2
76.557	1347	2	3
76.700	1348	1	2
76.700	1349	3	3
76.772	1350	2	2
76.772	1351	3	1
76.772	1352	1	3
76.916	1353	4	2
76.916	1354	2	3
77.059	1355	1	1
77.059	1356	3	2
77.059	1357	4	3
77.203	1358	2	2
77.203	1359	3	3
77.275	1360	1	2
77.275	1361	2	3
77.346	1362	3	2
77.346	1363	4	1
77.346	1364	1	3
77.490	1365	2	2
77.490	1366	3	3
77.562	1367	1	2
77.562	1368	2	3
77.633	1369	2	1
77.633	1370	3	1
77.633	1371	1	3
77.705	1372	2	1
77.705	1373	3	1
77.777	1374	1	1
77.777	1375	4	1
77.849	1376	2	1
77.849	1377	3	1
77.921	1378	1	1
77.921	1379	4	1
77.992	1380	2	1
77.992	1381	3	1
78.064	1382	1	1
78.064	1383	4	1
78.136	1384	1	1
78.136	1385	4	1
78.208	1386	2	1
78.208	1387	3	2
78.351	1388	2	2
78.351	1389	3	3
78.423	1390	1	2
78.423	1391	2	3
78.495	1392	3	2
78.495	1393	4	1
78.495	1394	1	3
78.638	1395	2	2
78.638	1396	3	3
78.710	1397	3	1
78.710	1398	4	2
78.710	1399	2	3
78.782	1400	1	2
78.782	1401	4	3
78.854	1402	3	2
78.854	1403	4	1
78.854	1404	1	3
78.925	1405	2	2
78.925	1406	3	3
78.997	1407	3	2
78.997	1408	4	1
78.997	1409	2	3
79.069	1410	1	2
79.069	1411	2	1
79.069	1412	3	3
79.212	1413	3	1
79.212	1414	4	1
79.356	1415	2	1
79.356	1416	3	1
79.571	1417	2	1
79.571	1418	3	1
79.787	1419	2	1
79.787	1420	3	1
79.930	1421	2	1
79.930	1422	3	1
80.074	1423	2	1
80.074	1424	3	1
80.074	1425	1	3
80.217	1426	1	2
80.217	1427	4	1
80.361	1428	2	2
80.361	1429	1	3
80.504	1430	1	1
80.504	1431	3	2
80.504	1432	4	1
80.504	1433	2	3
80.648	1434	2	2
80.648	1435	3	3
80.720	1436	1	2
80.720	1437	2	3
80.791	1438	2	1
80.791	1439	4	2
80.791	1440	1	3
80.935	1441	3	2
80.935	1442	4	3
81.007	1443	2	2
81.007	1444	3	3
81.078	1445	1	1
81.078	1446	4	1
81.150	1447	3	2
81.150	1448	2	3
81.294	1449	1	2
81.294	1450	3	3
81.366	1451	2	2
81.366	1452	3	1
81.366	1453	1	3
81.509	1454	4	2
81.509	1455	2	3
81.653	1456	2	1
81.653	1457	3	2
81.653	1458	4	3
81.796	1459	1	1
81.796	1460	4	1
81.868	1461	2	2
81.868	1462	3	3
81.940	1463	4	2
81.940	1464	2	3
82.083	1465	1	1
82.083	1466	3	1
82.083	1467	4	3
82.155	1468	1	1
82.155	1469	3	1
82.227	1470	2	1
82.227	1471	4	1
82.299	1472	1	1
82.299	1473	3	1
82.370	1474	2	1
82.370	1475	4	1
82.442	1476	1	1
82.442	1477	3	1
82.514	1478	2	1
82.514	1479	4	1
82.586	1480	1	1
82.586	1481	3	1
82.657	1482	2	1
82.657	1483	4	1
82.729	1484	2	1
82.729	1485	4	1
82.801	1486	1	1
82.801	1487	3	2
82.944	1488	2	2
82.944	1489	3	3
83.016	1490	1	2
83.016	1491	2	3
83.088	1492	3	1
83.088	1493	4	2
83.088	1494	1	3
83.232	1495	1	1
83.232	1496	3	2
83.232	1497	4	3
83.303	1498	2	2
83.303	1499	3	3
83.375	1500	1	2
83.375	1501	2	3
83.519	1502	3	2
83.519	1503	4	1
83.519	1504	1	3
83.662	1505	1	1
83.662	1506	2	2
83.662	1507	3	3
83.806	1508	1	2
83.806	1509	4	1
83.806	1510	2	3
83.877	1511	2	2
83.877	1512	1	3
83.949	1513	3	2
83.949	1514	4	1
83.949	1515	2	3
84.093	1516	1	2
84.093	1517	3	3
84.165	1518	3	1
84.165	1519	4	2
84.165	1520	1	3
84.308	1521	2	2
84.308	1522	4	3
84.380	1523	1	1
84.380	1524	3	2
84.380	1525	2	3
84.523	1526	2	1
84.523	1527	4	2
84.523	1528	3	3
84.667	1529	1	1
84.667	1530	3	2
84.667	1531	4	3
84.739	1532	3	3
84.810	1533	2	2
84.810	1534	4	1
85.098	1535	1	1
85.098	1536	3	2
85.098	1537	4	1
85.098	1538	2	3
85.241	1539	2	2
85.241	1540	3	3
85.313	1541	1	2
85.313	1542	2	3
85.385	1543	4	2
85.385	1544	1	3
85.528	1545	3	2
85.528	1546	4	3
85.600	1547	2	2
85.600	1548	3	3
85.672	1549	1	1
85.672	1550	4	1
85.744	1551	3	2
85.744	1552	2	3
85.887	1553	1	2
85.887	1554	3	3
85.959	1555	2	2
85.959	1556	3	1
85.959	1557	1	3
86.102	1558	4	2
86.102	1559	2	3
86.246	1560	1	1
86.246	1561	3	2
86.246	1562	4	3
86.389	1563	2	2
86.389	1564	3	3
86.461	1565	3	2
86.461	1566	2	3
86.533	1567	1	1
86.533	1568	4	1
86.677	1569	2	2
86.677	1570	3	3
86.748	1571	1	2
86.748	1572	2	3
86.820	1573	2	1
86.820	1574	3	1
86.820	1575	1	3
86.892	1576	2	1
86.892	1577	3	1
86.964	1578	1	1
86.964	1579	4	1
87.035	1580	2	1
87.035	1581	3	1
87.107	1582	1	1
87.107	1583	4	1
87.179	1584	2	1
87.179	1585	3	1
87.251	1586	1	1
87.251	1587	4	1
87.322	1588	1	1
87.322	1589	4	1
87.394	1590	2	1
87.394	1591	3	2
87.538	1592	2	2
87.538	1593	3	3
87.610	1594	1	2
87.610	1595	2	3
87.681	1596	3	2
87.681	1597	4	1
87.681	1598	1	3
87.825	1599	2	2
87.825	1600	3	3
87.897	1601	3	1
87.897	1602	4	2
87.897	1603	2	3
87.968	1604	1	2
87.968	1605	4	3
88.040	1606	3	2
88.040	1607	4	1
88.040	1608	1	3
88.112	1609	2	2
88.112	1610	3	3
88.184	1611	3	2
88.184	1612	4	1
88.184	1613	2	3
88.255	1614	1	2
88.255	1615	2	1
88.255	1616	3	3
88.399	1617	3	1
88.399	1618	4	1
88.543	1619	2	1
88.543	1620	3	1
88.830	1621	3	1
88.830	1622	4	1
88.973	1623	2	1
88.973	1624	3	1
89.117	1625	2	1
89.117	1626	3	1
89.260	1627	2	1
89.260	1628	3	1
89.260	1629	1	3
89.404	1630	1	2
89.404	1631	4	1
89.547	1632	2	1
89.691	1633	3	2
89.691	1634	4	1
89.691	1635	1	3
89.834	1636	2	2
89.834	1637	3	3
89.906	1638	1	2
89.906	1639	2	3
89.978	1640	2	1
89.978	1641	4	2
89.978	1642	1	3
90.122	1643	3	2
90.122	1644	4	3
90.193	1645	2	2
90.193	1646	3	3
90.265	1647	1	1
90.265	1648	4	1
90.337	1649	3	2
90.337	1650	2	3
90.480	1651	1	2
90.480	1652	3	3
90.552	1653	2	2
90.552	1654	3	1
90.552	1655	1	3
90.696	1656	4	2
90.696	1657	2	3
90.839	1658	2	1
90.839	1659	3	2
90.839	1660	4	3
90.983	1661	2	2
90.983	1662	3	3
91.055	1663	1	2
91.055	1664	2	3
91.126	1665	3	1
91.126	1666	4	2
91.126	1667	1	3
91.270	1668	3	2
91.270	1669	4	3
91.342	1670	2	2
91.342	1671	3	3
91.413	1672	1	1
91.413	1673	4	2
91.413	1674	2	3
91.557	1675	3	2
91.557	1676	4	3
91.629	1677	4	2
91.629	1678	3	3
91.700	1679	1	1
91.700	1680	2	1
91.772	1681	3	2
91.772	1682	4	3
91.844	1683	2	2
91.844	1684	3	3
91.916	1685	3	2
91.916	1686	2	3
91.988	1687	1	1
91.988	1688	4	2
91.988	1689	3	3
92.131	1690	2	1
92.131	1691	3	2
92.131	1692	4	3
92.203	1693	3	3
92.275	1694	2	2
92.275	1695	4	1
92.418	1696	1	2
92.418	1697	3	1
92.418	1698	2	3
92.490	1699	1	3
92.562	1700	2	2
92.562	1701	4	1
92.705	1702	1	1
92.705	1703	3	2
92.705	1704	2	3
92.849	1705	2	2
92.849	1706	4	1
92.849	1707	3	3
92.992	1708	1	2
92.992	1709	3	1
92.992	1710	2	3
93.064	1711	4	2
93.064	1712	1	3
93.136	1713	1	1
93.136	1714	4	3
93.172	1715	2	1
93.208	1716	3	1
93.244	1717	4	1
93.279	1718	1	1
93.279	1719	2	1
93.351	1720	3	1
93.351	1721	4	1
93.423	1722	1	1
93.459	1723	2	1
93.495	1724	3	1
93.531	1725	4	1
93.566	1726	1	1
93.566	1727	2	1
93.638	1728	3	1
93.638	1729	4	1
93.710	1730	1	1
93.710	1731	2	1
93.782	1732	3	1
93.782	1733	4	1
93.854	1734	1	1
93.854	1735	2	1
93.925	1736	3	1
93.925	1737	4	1
93.997	1738	1	1
93.997	1739	2	1
94.069	1740	3	1
94.069	1741	4	1
94.141	1742	1	1
94.141	1743	2	1
94.212	1744	3	1
94.212	1745	4	1
94.284	1746	1	1
94.284	1747	2	1
94.332	1748	3	1
94.380	1749	4	1
94.428	1750	1	1
94.476	1751	2	1
94.523	1752	3	1
94.571	1753	1	1
94.571	1754	4	1
94.619	1755	2	1
94.667	1756	3	1
94.787	1757	3	2
94.858	1758	1	1
94.858	1759	4	1
94.858	1760	3	3
94.930	1761	2	1
94.930	1762	3	1
95.002	1763	1	1
95.002	1764	4	1
95.074	1765	2	1
95.074	1766	3	1
95.145	1767	2	1
95.145	1768	3	2
95.217	1769	3	3
95.289	1770	1	1
95.289	1771	2	2
95.361	1772	2	3
95.433	1773	3	1
95.433	1774	4	1
95.576	1775	1	1
95.576	1776	2	1
95.648	1777	1	1
95.648	1778	2	1
95.720	1779	3	1
95.720	1780	4	1
95.863	1781	1	1
95.863	1782	2	1
95.935	1783	1	1
95.935	1784	2	1
96.007	1785	3	1
96.007	1786	4	1
96.078	1787	2	1
96.150	1788	1	1
96.150	1789	3	1
96.222	1790	1	1
96.222	1791	2	1
96.294	1792	3	1
96.294	1793	4	1
96.437	1794	1	1
96.437	1795	2	1
96.509	1796	1	1
96.509	1797	2	1
96.581	1798	3	2
96.581	1799	4	1
96.653	1800	3	3
96.724	1801	3	2
96.868	1802	1	1
96.868	1803	3	3
96.916	1804	2	1
96.964	1805	3	1
97.011	1806	4	1
97.059	1807	1	1
97.107	1808	2	1
97.155	1809	3	1
97.155	1810	4	2
97.227	1811	1	1
97.227	1812	2	1
97.227	1813	4	3
97.299	1814	3	2
97.299	1815	4	1
97.370	1816	1	1
97.370	1817	2	1
97.370	1818	3	3
97.442	1819	1	1
97.442	1820	3	2
97.514	1821	3	3
97.586	1822	3	2
97.586	1823	4	1
97.657	1824	3	3
97.729	1825	1	1
97.729	1826	2	1
97.801	1827	4	2
97.873	1828	3	1
97.944	1829	2	1
97.944	1830	4	3
98.016	1831	3	1
98.016	1832	4	1
98.088	1833	1	1
98.088	1834	2	1
98.160	1835	1	1
98.160	1836	2	1
98.232	1837	3	1
98.232	1838	4	1
98.303	1839	3	1
98.303	1840	4	1
98.375	1841	1	1
98.375	1842	2	1
98.447	1843	1	1
98.447	1844	2	1
98.519	1845	3	1
98.519	1846	4	1
98.590	1847	1	1
98.590	1848	2	1
98.638	1849	3	1
98.686	1850	4	1
98.734	1851	2	1
98.782	1852	1	1
98.830	1853	3	1
98.877	1854	2	1
98.877	1855	4	1
98.925	1856	1	1
98.973	1857	3	1
99.021	1858	2	1
99.069	1859	4	1
99.117	1860	1	1
99.165	1861	2	1
99.212	1862	3	1
99.260	1863	4	1
99.308	1864	2	1
99.380	1865	3	2
99.452	1866	1	1
99.452	1867	2	1
99.452	1868	3	3
99.523	1869	3	1
99.523	1870	4	1
99.595	1871	1	1
99.595	1872	2	1
99.667	1873	3	1
99.667	1874	4	1
99.739	1875	1	1
99.739	1876	2	2
99.810	1877	2	3
99.882	1878	1	2
99.882	1879	4	1
99.954	1880	1	3
100.026	1881	2	1
100.026	1882	3	1
100.169	1883	1	1
100.169	1884	4	1
100.241	1885	1	1
100.241	1886	4	1
100.313	1887	2	1
100.313	1888	3	1
100.456	1889	1	1
100.456	1890	4	1
100.528	1891	1	1
100.528	1892	4	1
100.600	1893	2	1
100.600	1894	3	1
100.744	1895	1	1
100.744	1896	4	1
100.815	1897	1	1
100.815	1898	4	1
100.887	1899	2	1
100.887	1900	3	1
101.031	1901	1	1
101.031	1902	4	1
101.102	1903	1	1
101.102	1904	4	1
101.174	1905	2	1
101.174	1906	3	2
101.246	1907	3	3
101.318	1908	3	2
101.461	1909	1	1
101.461	1910	3	3
101.509	1911	2	1
101.557	1912	3	1
101.605	1913	4	1
101.653	1914	1	1
101.700	1915	2	1
101.748	1916	3	1
101.748	1917	4	2
101.820	1918	1	1
101.820	1919	2	1
101.820	1920	4	3
101.892	1921	3	2
101.892	1922	4	1
101.964	1923	1	1
101.964	1924	2	1
101.964	1925	3	3
102.035	1926	1	1
102.035	1927	3	2
102.107	1928	3	3
102.179	1929	3	2
102.179	1930	4	1
102.251	1931	3	3
102.322	1932	4	1
102.358	1933	3	1
102.394	1934	2	1
102.430	1935	1	1
102.466	1936	3	1
102.466	1937	4	1
102.538	1938	1	1
102.538	1939	2	1
102.610	1940	4	1
102.645	1941	3	1
102.681	1942	2	1
102.717	1943	1	1
102.753	1944	3	1
102.753	1945	4	1
102.825	1946	1	1
102.825	1947	2	1
102.897	1948	3	1
102.897	1949	4	1
102.968	1950	1	1
102.968	1951	2	1
103.040	1952	3	1
103.040	1953	4	1
103.112	1954	1	1
103.112	1955	2	1
103.184	1956	3	1
103.184	1957	4	2
103.255	1958	2	2
103.255	1959	4	3
103.327	1960	3	2
103.327	1961	2	3
103.399	1962	1	2
103.399	1963	3	3
103.471	1964	3	1
103.471	1965	4	1
103.471	1966	1	3
103.543	1967	1	1
103.543	1968	2	1
103.614	1969	3	1
103.614	1970	4	1
103.686	1971	1	1
103.686	1972	2	1
103.758	1973	3	2
103.758	1974	4	1
103.901	1975	1	1
103.901	1976	4	1
103.901	1977	3	3
103.973	1978	2	1
103.973	1979	3	1
104.045	1980	1	1
104.045	1981	4	1
104.117	1982	2	1
104.117	1983	3	1
104.188	1984	1	1
104.188	1985	4	2
104.332	1986	1	1
104.332	1987	3	1
104.332	1988	4	3
104.404	1989	2	1
104.404	1990	4	1
104.476	1991	1	1
104.476	1992	3	1
104.547	1993	2	1
104.547	1994	4	1
104.619	1995	1	2
104.619	1996	3	1
104.763	1997	2	1
104.763	1998	4	1
104.763	1999	1	3
104.834	2000	1	1
104.834	2001	3	1
104.906	2002	2	1
104.906	2003	4	1
104.978	2004	1	1
104.978	2005	3	1
105.050	2006	2	2
105.050	2007	4	1
105.193	2008	2	3
105.337	2009	3	1
105.337	2010	4	2
105.480	2011	4	3
105.624	2012	2	2
105.624	2013	3	1
105.767	2014	4	1
105.767	2015	2	3
105.803	2016	3	1
105.839	2017	2	1
105.875	2018	1	1
105.911	2019	3	1
105.911	2020	4	1
105.983	2021	1	1
105.983	2022	2	1
106.055	2023	4	1
106.090	2024	3	1
106.126	2025	2	1
106.162	2026	1	1
106.198	2027	3	1
106.198	2028	4	1
106.270	2029	1	1
106.270	2030	2	1
106.342	2031	3	1
106.342	2032	4	1
106.413	2033	1	1
106.413	2034	2	1
106.485	2035	3	1
106.485	2036	4	1
106.557	2037	1	1
106.557	2038	2	1
106.629	2039	4	1
106.665	2040	3	1
106.700	2041	2	1
106.736	2042	1	1
106.772	2043	3	1
106.772	2044	4	1
106.844	2045	1	1
106.844	2046	2	1
106.916	2047	4	1
106.952	2048	3	1
106.988	2049	2	1
107.023	2050	1	1
107.059	2051	3	1
107.059	2052	4	1
107.131	2053	1	1
107.131	2054	2	1
107.203	2055	3	1
107.203	2056	4	1
107.275	2057	1	1
107.275	2058	2	1
107.346	2059	3	1
107.346	2060	4	1
107.418	2061	1	1
107.418	2062	2	1
107.490	2063	3	1
107.490	2064	4	1
107.562	2065	1	1
107.562	2066	2	1
107.633	2067	3	1
107.633	2068	4	1
107.705	2069	1	1
107.705	2070	2	1
107.777	2071	3	1
107.777	2072	4	1
107.849	2073	1	1
107.849	2074	2	1
107.921	2075	3	1
107.921	2076	4	1
107.992	2077	1	1
107.992	2078	2	1
108.064	2079	3	1
108.064	2080	4	1
108.136	2081	2	1
108.208	2082	1	1
108.279	2083	3	1
108.351	2084	2	1
108.423	2085	3	1
108.495	2086	4	1
108.566	2087	1	1
108.638	2088	2	1
108.638	2089	4	1
108.710	2090	1	1
108.734	2091	3	1
108.782	2092	2	1
108.830	2093	4	1
108.854	2094	3	1
108.925	2095	2	1
108.997	2096	1	1
109.021	2097	3	1
109.069	2098	2	1
109.117	2099	4	1
109.141	2100	1	1
109.212	2101	2	2
109.212	2102	3	2
110.361	2103	2	3
110.361	2104	3	3