Song Name	Daydream (Hard) by RiraN
Difficulty	22
Primary Color	Vibe
Secondary Color	Vibe
Audio Asset ID	rbxassetid://9062387367
Audio File	9062387367.ogg
Last Note Time	146.425
Total Notes	1376
Fever Fill	413
Fever Time	21.963750
Long Notes	138
BPM	150
Song Length	147.425000000

Timing Points
0.025	400.000000
41.625	400.000000
67.225	400.000000
105.625	400.000000
144.025	400.000000


Song Data
0.825	1	4	2
3.225	2	1	1
3.225	3	3	1
3.225	4	4	3
3.425	5	2	1
3.625	6	3	1
3.825	7	2	1
4.025	8	1	2
4.425	9	2	2
4.825	10	4	1
4.825	11	1	3
4.825	12	2	3
5.025	13	3	1
5.225	14	2	1
5.425	15	1	1
5.625	16	2	1
5.825	17	3	1
6.025	18	3	1
6.125	19	3	1
6.225	20	2	1
6.425	21	4	1
6.625	22	3	1
6.825	23	2	1
7.025	24	1	1
7.225	25	2	2
7.625	26	4	2
8.025	27	3	1
8.025	28	2	3
8.025	29	4	3
8.225	30	2	2
8.625	31	1	1
8.625	32	2	3
8.825	33	2	2
9.225	34	3	2
9.225	35	2	3
9.625	36	1	1
9.625	37	2	1
9.625	38	3	3
10.025	39	1	1
10.225	40	3	1
10.425	41	2	1
10.425	42	4	1
10.625	43	3	1
10.825	44	1	1
10.825	45	2	1
11.025	46	4	1
11.225	47	2	1
11.225	48	3	2
11.625	49	1	1
11.625	50	4	1
11.625	51	3	3
11.825	52	3	1
12.025	53	2	1
12.025	54	4	1
12.225	55	3	1
12.425	56	1	2
12.425	57	2	1
12.825	58	3	1
12.825	59	1	3
13.225	60	4	1
13.425	61	1	1
13.525	62	2	1
13.625	63	3	1
13.625	64	4	1
13.825	65	1	1
14.025	66	2	1
14.025	67	3	1
14.225	68	4	2
14.425	69	1	1
14.625	70	3	1
14.625	71	4	3
14.825	72	1	1
14.825	73	2	1
15.025	74	4	1
15.225	75	2	1
15.225	76	3	1
15.425	77	1	1
15.625	78	3	1
15.625	79	4	1
15.825	80	1	1
16.025	81	2	2
16.025	82	3	1
16.325	83	4	2
16.325	84	2	3
16.625	85	2	2
16.625	86	4	3
16.925	87	3	2
16.925	88	2	3
17.225	89	4	2
17.225	90	3	3
17.625	91	4	3
17.825	92	3	1
18.025	93	2	1
18.225	94	1	1
18.425	95	2	1
18.625	96	2	1
18.725	97	2	1
18.825	98	3	1
19.025	99	4	1
19.225	100	1	2
19.525	101	2	2
19.525	102	1	3
19.825	103	3	2
19.825	104	2	3
20.125	105	4	2
20.125	106	3	3
20.425	107	3	2
20.425	108	4	3
20.825	109	3	3
21.025	110	2	1
21.225	111	1	1
21.425	112	2	1
21.625	113	3	1
21.825	114	3	1
21.925	115	3	1
22.025	116	2	1
22.225	117	1	1
22.425	118	4	2
22.725	119	3	2
22.725	120	4	3
23.025	121	2	2
23.025	122	3	3
23.325	123	1	2
23.325	124	2	3
23.625	125	2	2
23.625	126	1	3
24.025	127	2	3
24.225	128	4	1
24.425	129	3	1
24.625	130	2	1
24.825	131	1	1
25.025	132	2	1
25.125	133	2	1
25.225	134	3	1
25.425	135	2	1
25.625	136	1	2
25.925	137	2	2
25.925	138	1	3
26.225	139	3	2
26.225	140	2	3
26.525	141	4	2
26.525	142	3	3
26.825	143	3	2
26.825	144	4	3
27.225	145	3	3
27.425	146	4	1
27.625	147	3	1
27.825	148	2	1
28.025	149	3	1
28.225	150	1	1
28.325	151	1	1
28.425	152	2	1
28.625	153	3	1
28.825	154	1	1
28.825	155	2	2
29.225	156	1	1
29.225	157	3	1
29.225	158	2	3
29.325	159	3	1
29.425	160	2	1
29.525	161	2	1
29.625	162	1	1
29.625	163	4	1
29.825	164	3	1
30.025	165	1	1
30.025	166	2	1
30.225	167	3	1
30.425	168	1	1
30.425	169	4	1
30.625	170	3	1
30.825	171	1	1
30.825	172	2	1
30.925	173	2	1
31.025	174	3	1
31.125	175	3	1
31.225	176	1	1
31.225	177	4	1
31.425	178	3	1
31.625	179	1	1
31.625	180	2	1
31.825	181	3	1
32.025	182	2	2
32.025	183	4	1
32.425	184	3	1
32.425	185	4	1
32.425	186	2	3
32.525	187	3	1
32.625	188	2	1
32.725	189	2	1
32.825	190	1	1
32.825	191	4	1
33.025	192	2	1
33.225	193	3	1
33.225	194	4	1
33.425	195	2	1
33.625	196	1	1
33.625	197	4	1
33.825	198	3	1
34.025	199	1	1
34.025	200	4	1
34.125	201	1	1
34.225	202	2	1
34.325	203	2	1
34.425	204	3	1
34.425	205	4	1
34.625	206	1	1
34.825	207	3	1
34.825	208	4	1
35.025	209	2	1
35.225	210	1	1
35.225	211	3	1
35.225	212	4	1
35.425	213	1	1
35.425	214	2	1
35.625	215	3	1
35.625	216	4	1
35.825	217	1	1
35.825	218	2	1
36.025	219	2	1
36.025	220	4	1
36.225	221	1	1
36.225	222	3	1
36.425	223	2	1
36.425	224	4	1
36.625	225	1	1
36.625	226	3	1
36.825	227	2	1
36.825	228	3	1
36.825	229	4	1
37.025	230	1	1
37.025	231	4	1
37.225	232	2	1
37.225	233	3	1
37.425	234	1	1
37.425	235	4	1
37.625	236	2	1
37.625	237	4	1
37.825	238	1	1
37.825	239	3	1
38.025	240	2	1
38.025	241	4	1
38.225	242	1	1
38.225	243	3	1
38.425	244	1	1
38.425	245	2	1
38.425	246	3	1
38.525	247	4	1
38.625	248	2	1
38.725	249	3	1
38.825	250	1	1
38.925	251	2	1
39.025	252	3	1
39.125	253	4	1
39.225	254	1	1
39.325	255	1	1
39.425	256	4	1
39.525	257	4	1
39.625	258	2	1
39.725	259	2	1
39.825	260	3	1
39.925	261	3	1
40.025	262	1	1
40.025	263	2	1
40.025	264	3	1
40.025	265	4	1
40.225	266	1	1
40.225	267	2	1
40.225	268	3	1
40.225	269	4	1
40.425	270	1	1
40.425	271	2	1
40.425	272	3	1
40.625	273	1	1
40.625	274	2	1
40.825	275	1	1
40.925	276	1	1
41.025	277	1	2
41.225	278	2	2
41.225	279	3	1
41.625	280	3	2
41.625	281	4	1
41.625	282	1	3
41.625	283	2	3
42.025	284	1	1
42.025	285	2	1
42.025	286	3	3
42.125	287	2	1
42.225	288	3	1
42.325	289	3	1
42.425	290	1	1
42.425	291	4	1
42.625	292	3	1
42.825	293	1	1
42.825	294	2	1
43.025	295	4	1
43.225	296	1	1
43.225	297	3	1
43.425	298	2	1
43.625	299	1	1
43.625	300	4	1
43.725	301	4	1
43.825	302	3	1
43.925	303	3	1
44.025	304	1	1
44.025	305	2	1
44.225	306	3	1
44.425	307	1	1
44.425	308	4	1
44.625	309	2	1
44.825	310	2	1
44.825	311	3	2
44.825	312	4	1
45.225	313	1	1
45.225	314	4	1
45.225	315	3	3
45.325	316	1	1
45.425	317	2	1
45.525	318	2	1
45.625	319	3	1
45.625	320	4	1
45.825	321	2	1
46.025	322	1	1
46.025	323	3	1
46.225	324	2	1
46.425	325	3	1
46.425	326	4	1
46.625	327	1	1
46.825	328	2	1
46.825	329	4	1
46.925	330	4	1
47.025	331	3	1
47.125	332	3	1
47.225	333	1	1
47.225	334	2	1
47.425	335	1	1
47.425	336	2	1
47.625	337	1	1
47.625	338	2	1
47.625	339	3	1
47.825	340	4	1
48.025	341	1	2
48.025	342	2	1
48.025	343	3	1
48.425	344	2	1
48.425	345	4	1
48.425	346	1	3
48.525	347	4	1
48.625	348	3	1
48.725	349	3	1
48.825	350	1	1
48.825	351	2	1
49.025	352	4	1
49.225	353	2	1
49.225	354	3	1
49.425	355	1	1
49.625	356	3	1
49.625	357	4	1
49.825	358	2	1
50.025	359	1	1
50.025	360	3	1
50.125	361	1	1
50.225	362	2	1
50.325	363	2	1
50.425	364	3	1
50.425	365	4	1
50.625	366	2	1
50.825	367	1	1
50.825	368	3	1
51.025	369	4	1
51.225	370	1	2
51.225	371	2	1
51.225	372	3	1
51.625	373	3	1
51.625	374	4	1
51.625	375	1	3
51.725	376	3	1
51.825	377	2	1
51.925	378	2	1
52.025	379	1	1
52.025	380	3	1
52.225	381	2	1
52.425	382	1	1
52.425	383	4	1
52.625	384	3	1
52.825	385	1	1
52.825	386	2	1
52.825	387	3	1
52.825	388	4	1
53.025	389	1	1
53.025	390	2	1
53.025	391	3	1
53.025	392	4	1
53.225	393	2	1
53.225	394	3	1
53.225	395	4	1
53.425	396	3	1
53.425	397	4	1
53.625	398	4	1
53.725	399	3	1
53.825	400	2	1
54.025	401	1	2
54.025	402	2	1
54.225	403	3	1
54.425	404	2	1
54.425	405	4	2
54.425	406	1	3
54.825	407	1	2
54.825	408	3	1
54.825	409	4	3
54.925	410	2	1
55.025	411	3	1
55.025	412	1	3
55.125	413	4	1
55.225	414	2	2
55.225	415	3	1
55.425	416	4	1
55.425	417	2	3
55.625	418	1	1
55.625	419	3	1
55.825	420	2	1
55.825	421	3	2
56.025	422	1	1
56.025	423	3	3
56.225	424	2	1
56.225	425	4	2
56.425	426	1	1
56.425	427	4	3
56.525	428	2	1
56.625	429	1	1
56.625	430	4	2
56.725	431	2	1
56.825	432	1	1
56.825	433	3	2
56.825	434	4	3
57.025	435	4	1
57.025	436	3	3
57.225	437	2	2
57.225	438	3	1
57.425	439	4	1
57.425	440	2	3
57.625	441	1	2
57.625	442	2	1
57.625	443	3	1
58.025	444	3	1
58.025	445	4	2
58.025	446	1	3
58.125	447	2	1
58.225	448	1	1
58.225	449	4	3
58.325	450	2	1
58.425	451	3	1
58.425	452	4	2
58.625	453	2	1
58.625	454	4	3
58.825	455	1	1
58.825	456	3	1
59.025	457	2	2
59.025	458	4	1
59.225	459	3	1
59.225	460	2	3
59.425	461	2	2
59.425	462	3	1
59.625	463	4	1
59.625	464	2	3
59.725	465	3	1
59.825	466	2	2
59.825	467	4	1
59.925	468	3	1
60.025	469	1	2
60.025	470	4	1
60.025	471	2	3
60.225	472	3	1
60.225	473	1	3
60.425	474	1	2
60.425	475	2	1
60.425	476	4	1
60.625	477	3	1
60.625	478	1	3
60.825	479	1	1
60.825	480	3	1
60.825	481	4	2
61.025	482	2	1
61.225	483	2	2
61.225	484	3	1
61.225	485	4	3
61.325	486	1	1
61.425	487	4	1
61.425	488	2	3
61.525	489	1	1
61.625	490	2	2
61.625	491	3	1
61.825	492	4	1
61.825	493	2	3
62.025	494	1	1
62.025	495	2	1
62.225	496	3	2
62.225	497	4	1
62.425	498	1	1
62.425	499	3	3
62.625	500	2	1
62.625	501	3	2
62.825	502	1	1
62.825	503	3	3
62.925	504	4	1
63.025	505	2	1
63.025	506	3	2
63.125	507	1	1
63.225	508	2	1
63.225	509	4	2
63.225	510	3	3
63.425	511	3	1
63.425	512	4	3
63.625	513	2	1
63.625	514	4	2
63.825	515	1	1
63.825	516	4	3
64.025	517	1	1
64.025	518	2	1
64.025	519	3	1
64.125	520	4	1
64.225	521	1	1
64.225	522	3	1
64.325	523	4	1
64.425	524	1	1
64.425	525	2	1
64.525	526	3	1
64.525	527	4	1
64.625	528	1	1
64.625	529	2	1
64.725	530	3	1
64.725	531	4	1
64.825	532	1	1
64.825	533	2	1
64.925	534	3	1
65.025	535	1	1
65.025	536	4	1
65.125	537	3	1
65.225	538	1	1
65.225	539	4	1
65.325	540	3	1
65.425	541	1	1
65.425	542	2	1
65.525	543	3	1
65.625	544	1	1
65.625	545	2	1
65.625	546	3	1
65.625	547	4	1
65.825	548	1	1
65.825	549	2	1
65.825	550	3	1
65.825	551	4	1
66.025	552	2	1
66.025	553	3	1
66.025	554	4	1
66.225	555	3	1
66.225	556	4	1
66.425	557	4	1
66.525	558	4	1
66.625	559	4	2
66.825	560	1	1
66.825	561	2	2
67.025	562	3	1
67.225	563	1	1
67.225	564	2	3
67.225	565	4	3
67.425	566	2	1
67.625	567	3	1
67.825	568	2	1
68.025	569	1	2
68.425	570	2	2
68.825	571	4	1
68.825	572	1	3
68.825	573	2	3
69.025	574	3	1
69.225	575	2	1
69.425	576	3	1
69.625	577	2	1
69.825	578	1	1
70.025	579	1	1
70.125	580	1	1
70.225	581	2	1
70.425	582	4	1
70.625	583	3	1
70.825	584	2	1
71.025	585	1	1
71.225	586	2	2
71.625	587	3	2
72.025	588	4	1
72.025	589	2	3
72.025	590	3	3
72.225	591	3	2
72.625	592	1	1
72.625	593	3	3
72.825	594	2	2
73.225	595	4	2
73.225	596	2	3
73.625	597	1	1
73.625	598	4	3
74.025	599	3	1
74.225	600	2	1
74.425	601	1	1
74.425	602	4	1
74.625	603	3	1
74.825	604	2	1
74.825	605	4	1
75.025	606	3	1
75.225	607	1	2
75.225	608	2	1
75.625	609	3	1
75.625	610	1	3
75.825	611	2	1
76.025	612	1	1
76.025	613	4	1
76.225	614	3	1
76.425	615	2	2
76.425	616	4	1
76.825	617	3	1
76.825	618	2	3
77.225	619	2	1
77.425	620	1	1
77.525	621	2	1
77.625	622	3	1
77.625	623	4	1
77.825	624	2	1
78.025	625	1	1
78.025	626	4	1
78.225	627	3	2
78.425	628	2	1
78.625	629	1	1
78.625	630	3	3
78.825	631	2	1
78.825	632	4	1
79.025	633	1	1
79.225	634	2	1
79.225	635	3	1
79.425	636	1	1
79.625	637	3	1
79.625	638	4	1
79.825	639	2	1
80.025	640	1	1
80.025	641	3	1
80.025	642	4	2
80.325	643	3	2
80.325	644	4	3
80.625	645	2	1
80.625	646	4	2
80.625	647	3	3
80.725	648	1	1
80.825	649	2	1
80.925	650	3	2
80.925	651	4	3
81.025	652	1	1
81.225	653	2	1
81.225	654	4	2
81.225	655	3	3
81.425	656	3	1
81.625	657	2	1
81.625	658	4	3
81.825	659	1	1
81.825	660	4	1
82.025	661	2	1
82.025	662	3	1
82.225	663	1	1
82.225	664	4	1
82.425	665	2	2
82.425	666	3	1
82.625	667	3	1
82.725	668	3	1
82.825	669	1	2
82.825	670	4	1
82.825	671	2	3
83.025	672	3	1
83.225	673	2	1
83.225	674	4	1
83.225	675	1	3
83.425	676	1	2
83.525	677	3	1
83.825	678	2	2
83.825	679	4	1
83.825	680	1	3
84.125	681	3	1
84.225	682	1	2
84.225	683	2	3
84.425	684	4	1
84.625	685	2	2
84.625	686	1	3
84.825	687	4	1
85.025	688	3	1
85.225	689	1	1
85.425	690	3	1
85.625	691	4	1
85.825	692	3	1
85.925	693	3	1
86.025	694	4	1
86.225	695	3	1
86.425	696	1	1
86.425	697	4	1
86.425	698	2	3
86.725	699	2	1
86.825	700	3	1
86.825	701	4	1
87.025	702	1	1
87.025	703	3	1
87.225	704	2	1
87.325	705	4	1
87.425	706	3	1
87.625	707	1	1
87.625	708	2	1
87.825	709	3	1
88.025	710	2	2
88.225	711	4	1
88.425	712	1	1
88.425	713	3	1
88.425	714	2	3
88.625	715	3	1
88.625	716	4	1
88.725	717	3	1
88.725	718	4	1
88.925	719	1	1
88.925	720	2	1
89.025	721	1	1
89.025	722	2	1
89.125	723	4	1
89.225	724	2	1
89.225	725	3	2
89.425	726	1	1
89.625	727	2	1
89.625	728	3	3
89.925	729	3	1
90.025	730	2	1
90.025	731	4	1
90.225	732	1	1
90.225	733	2	1
90.325	734	3	1
90.425	735	4	1
90.525	736	2	1
90.625	737	1	1
90.825	738	2	1
90.825	739	4	1
91.025	740	1	2
91.425	741	3	1
91.425	742	4	1
91.425	743	1	3
91.625	744	1	1
91.625	745	2	1
91.825	746	3	1
91.825	747	4	1
91.925	748	3	1
91.925	749	4	1
92.125	750	1	1
92.125	751	2	1
92.225	752	1	1
92.225	753	2	1
92.325	754	3	1
92.425	755	1	1
92.425	756	4	1
92.625	757	2	1
92.625	758	4	1
92.825	759	1	1
92.825	760	4	2
93.125	761	3	2
93.125	762	4	3
93.225	763	1	1
93.425	764	2	2
93.425	765	3	3
93.625	766	1	1
93.725	767	3	2
93.725	768	2	3
94.025	769	1	1
94.025	770	4	2
94.025	771	3	3
94.425	772	2	1
94.425	773	3	2
94.425	774	4	3
94.725	775	4	2
94.725	776	3	3
94.825	777	2	1
95.025	778	1	2
95.025	779	4	3
95.225	780	2	1
95.325	781	3	2
95.325	782	1	3
95.625	783	2	1
95.625	784	4	2
95.625	785	3	3
96.025	786	2	2
96.025	787	3	1
96.025	788	4	3
96.325	789	1	2
96.325	790	2	3
96.425	791	3	1
96.625	792	2	2
96.625	793	1	3
96.825	794	3	1
96.925	795	4	2
96.925	796	2	3
97.225	797	2	2
97.225	798	3	1
97.225	799	4	3
97.625	800	1	2
97.625	801	4	1
97.625	802	2	3
97.925	803	2	2
97.925	804	1	3
98.025	805	4	1
98.225	806	3	2
98.225	807	2	3
98.425	808	4	1
98.525	809	1	2
98.525	810	3	3
98.825	811	2	2
98.825	812	4	1
98.825	813	1	3
99.225	814	1	1
99.225	815	3	1
99.225	816	2	3
99.425	817	2	1
99.425	818	4	1
99.625	819	1	1
99.625	820	3	1
99.825	821	2	2
99.825	822	4	2
100.025	823	1	1
100.025	824	3	1
100.025	825	2	3
100.025	826	4	3
100.225	827	1	1
100.225	828	3	1
100.425	829	2	1
100.425	830	4	1
100.625	831	2	2
100.625	832	4	2
100.825	833	1	1
100.825	834	3	1
100.825	835	2	3
100.825	836	4	3
101.025	837	1	1
101.025	838	2	1
101.225	839	2	1
101.225	840	4	1
101.425	841	3	2
101.425	842	4	2
101.625	843	1	1
101.625	844	2	1
101.625	845	3	3
101.625	846	4	3
101.825	847	3	1
101.825	848	4	1
102.025	849	2	1
102.025	850	3	1
102.225	851	1	2
102.225	852	2	2
102.425	853	3	1
102.425	854	4	1
102.425	855	1	3
102.425	856	2	3
102.525	857	1	1
102.525	858	2	1
102.625	859	3	1
102.625	860	4	1
102.725	861	1	1
102.725	862	2	1
102.825	863	3	1
102.825	864	4	1
102.925	865	1	1
102.925	866	2	1
103.025	867	3	1
103.025	868	4	1
103.125	869	1	1
103.125	870	2	1
103.225	871	3	1
103.225	872	4	1
103.325	873	3	1
103.325	874	4	1
103.425	875	1	1
103.425	876	2	1
103.525	877	1	1
103.525	878	2	1
103.625	879	3	1
103.625	880	4	1
103.725	881	3	1
103.725	882	4	1
103.825	883	1	1
103.825	884	2	1
103.925	885	1	1
103.925	886	2	1
104.025	887	3	1
104.025	888	4	2
104.225	889	2	1
104.425	890	1	1
104.525	891	2	1
104.625	892	3	1
104.725	893	2	1
104.825	894	1	2
105.025	895	2	1
105.125	896	3	1
105.225	897	2	1
105.225	898	3	1
105.625	899	2	1
105.625	900	3	1
105.625	901	1	3
105.625	902	4	3
105.825	903	2	1
106.025	904	1	1
106.025	905	2	1
106.025	906	3	1
106.225	907	4	1
106.425	908	1	1
106.425	909	2	1
106.425	910	3	1
106.625	911	4	1
106.825	912	2	1
106.825	913	3	1
106.825	914	4	1
107.025	915	1	2
107.025	916	2	1
107.225	917	3	1
107.225	918	4	1
107.425	919	2	1
107.425	920	1	3
107.625	921	2	1
107.625	922	3	1
107.625	923	4	1
107.825	924	1	1
108.025	925	2	1
108.025	926	3	1
108.025	927	4	1
108.225	928	2	1
108.225	929	3	1
108.225	930	4	1
108.325	931	1	1
108.425	932	2	1
108.425	933	3	1
108.425	934	4	1
108.625	935	1	1
108.825	936	1	1
108.825	937	3	1
108.825	938	4	1
109.025	939	1	1
109.225	940	1	1
109.225	941	3	1
109.225	942	4	1
109.425	943	2	1
109.625	944	1	1
109.625	945	3	1
109.625	946	4	1
109.825	947	2	1
110.025	948	1	1
110.025	949	3	1
110.025	950	4	1
110.225	951	3	2
110.225	952	4	1
110.425	953	1	1
110.425	954	2	1
110.625	955	4	1
110.625	956	3	3
110.825	957	1	1
110.825	958	2	1
110.825	959	4	1
111.025	960	4	1
111.225	961	1	1
111.225	962	2	1
111.225	963	4	1
111.425	964	1	1
111.425	965	2	1
111.425	966	4	1
111.525	967	3	1
111.625	968	1	1
111.625	969	2	1
111.625	970	4	1
111.825	971	1	1
111.825	972	2	1
111.825	973	4	1
112.025	974	2	1
112.025	975	3	1
112.025	976	4	1
112.225	977	1	1
112.425	978	1	1
112.425	979	3	1
112.425	980	4	1
112.625	981	2	1
112.825	982	1	1
112.825	983	2	1
112.825	984	4	1
113.025	985	3	1
113.225	986	1	1
113.225	987	2	1
113.225	988	3	1
113.425	989	1	2
113.425	990	4	1
113.625	991	2	1
113.625	992	4	1
113.825	993	3	1
113.825	994	1	3
114.025	995	1	1
114.025	996	3	1
114.025	997	4	1
114.225	998	3	1
114.425	999	2	1
114.425	1000	3	1
114.425	1001	4	1
114.625	1002	2	1
114.625	1003	3	1
114.625	1004	4	1
114.725	1005	1	1
114.825	1006	2	1
114.825	1007	3	1
114.825	1008	4	1
115.025	1009	2	1
115.225	1010	1	1
115.225	1011	2	1
115.225	1012	3	1
115.425	1013	4	1
115.625	1014	1	1
115.625	1015	3	1
115.625	1016	4	1
115.825	1017	2	1
116.025	1018	1	1
116.025	1019	2	1
116.025	1020	4	1
116.225	1021	3	1
116.425	1022	2	1
116.425	1023	3	1
116.425	1024	4	1
116.625	1025	2	2
116.625	1026	4	1
116.825	1027	1	1
116.825	1028	3	1
117.025	1029	4	1
117.025	1030	2	3
117.225	1031	1	1
117.225	1032	3	1
117.225	1033	4	1
117.425	1034	3	1
117.625	1035	1	1
117.625	1036	2	1
117.625	1037	4	1
117.825	1038	1	1
117.825	1039	2	1
117.825	1040	4	1
117.925	1041	3	1
118.025	1042	1	1
118.025	1043	2	1
118.025	1044	4	1
118.225	1045	1	1
118.225	1046	2	1
118.225	1047	4	1
118.425	1048	4	2
118.825	1049	1	1
118.825	1050	2	1
118.825	1051	3	1
118.825	1052	4	3
119.025	1053	1	1
119.025	1054	2	1
119.025	1055	3	1
119.125	1056	4	1
119.225	1057	1	1
119.225	1058	2	1
119.225	1059	3	1
119.425	1060	4	1
119.625	1061	1	2
119.625	1062	3	1
119.825	1063	2	1
120.025	1064	2	1
120.025	1065	3	1
120.025	1066	4	1
120.025	1067	1	3
120.225	1068	1	1
120.425	1069	2	1
120.425	1070	3	1
120.425	1071	4	1
120.625	1072	2	1
120.825	1073	2	1
120.825	1074	3	1
120.825	1075	4	1
121.025	1076	3	1
121.025	1077	4	1
121.125	1078	1	1
121.125	1079	2	1
121.225	1080	3	1
121.225	1081	4	1
121.425	1082	2	1
121.425	1083	3	1
121.425	1084	4	1
121.625	1085	1	1
121.625	1086	2	1
121.625	1087	4	1
121.825	1088	3	1
122.025	1089	1	1
122.025	1090	2	1
122.025	1091	4	1
122.225	1092	2	1
122.425	1093	1	1
122.425	1094	2	1
122.425	1095	4	1
122.625	1096	1	1
122.825	1097	1	1
122.825	1098	2	1
122.825	1099	4	1
123.025	1100	4	2
123.225	1101	1	1
123.225	1102	3	1
123.425	1103	1	1
123.425	1104	3	1
123.625	1105	1	1
123.625	1106	3	1
124.025	1107	1	1
124.025	1108	3	1
124.225	1109	2	1
124.325	1110	1	1
124.425	1111	2	1
124.625	1112	1	1
124.625	1113	3	1
124.825	1114	1	1
124.825	1115	3	1
124.825	1116	4	3
125.025	1117	2	1
125.225	1118	1	1
125.225	1119	3	1
125.225	1120	4	1
125.425	1121	3	1
125.625	1122	1	2
125.625	1123	3	1
125.625	1124	4	1
125.825	1125	2	1
126.025	1126	2	1
126.025	1127	3	1
126.025	1128	4	2
126.025	1129	1	3
126.225	1130	2	1
126.425	1131	1	1
126.425	1132	3	1
126.425	1133	4	3
126.625	1134	1	1
126.625	1135	2	1
126.625	1136	3	1
126.825	1137	1	1
126.825	1138	2	1
126.825	1139	3	1
127.025	1140	4	1
127.225	1141	1	1
127.225	1142	2	1
127.225	1143	3	1
127.425	1144	1	1
127.425	1145	3	1
127.525	1146	1	1
127.525	1147	3	1
127.625	1148	2	1
127.625	1149	4	1
127.825	1150	1	1
127.825	1151	2	1
127.825	1152	4	1
128.025	1153	2	1
128.025	1154	3	1
128.025	1155	4	1
128.225	1156	3	1
128.425	1157	2	1
128.425	1158	3	1
128.425	1159	4	1
128.625	1160	1	1
128.825	1161	2	2
128.825	1162	3	1
128.825	1163	4	1
129.025	1164	4	1
129.225	1165	1	2
129.225	1166	3	1
129.225	1167	4	1
129.225	1168	2	3
129.425	1169	2	1
129.625	1170	2	1
129.625	1171	3	1
129.625	1172	4	1
129.625	1173	1	3
129.825	1174	2	1
129.825	1175	3	1
129.825	1176	4	1
130.025	1177	2	1
130.025	1178	3	1
130.025	1179	4	1
130.225	1180	1	1
130.425	1181	2	1
130.425	1182	3	1
130.425	1183	4	1
130.625	1184	2	1
130.625	1185	4	1
130.725	1186	2	1
130.725	1187	4	1
130.825	1188	1	1
130.825	1189	3	1
131.025	1190	1	1
131.025	1191	3	1
131.225	1192	1	2
131.625	1193	2	1
131.625	1194	3	1
131.625	1195	4	1
131.625	1196	1	3
131.825	1197	1	1
131.825	1198	2	1
131.825	1199	3	1
132.025	1200	2	1
132.025	1201	3	1
132.025	1202	4	1
132.425	1203	4	2
132.825	1204	1	1
132.825	1205	2	1
132.825	1206	3	1
132.825	1207	4	3
133.225	1208	2	1
133.225	1209	3	1
133.225	1210	4	1
133.425	1211	2	1
133.425	1212	3	1
133.425	1213	4	1
133.625	1214	2	1
133.625	1215	3	1
133.625	1216	4	1
133.825	1217	2	1
133.825	1218	3	1
134.025	1219	1	1
134.025	1220	2	1
134.025	1221	3	1
134.425	1222	1	1
134.425	1223	2	1
134.425	1224	3	1
134.825	1225	1	1
134.825	1226	2	1
134.825	1227	3	1
135.025	1228	3	1
135.025	1229	4	1
135.125	1230	3	1
135.125	1231	4	1
135.225	1232	3	1
135.225	1233	4	1
135.425	1234	2	1
135.425	1235	3	1
135.625	1236	1	1
135.625	1237	3	1
135.625	1238	4	1
135.825	1239	1	1
135.825	1240	2	1
135.925	1241	1	1
135.925	1242	2	1
136.025	1243	1	1
136.025	1244	2	1
136.225	1245	2	1
136.225	1246	3	1
136.225	1247	4	1
136.425	1248	1	1
136.425	1249	2	1
136.525	1250	1	1
136.525	1251	2	1
136.625	1252	1	1
136.625	1253	2	1
136.725	1254	1	1
136.725	1255	2	1
136.825	1256	1	1
136.825	1257	2	1
137.225	1258	2	1
137.225	1259	3	1
137.225	1260	4	1
137.425	1261	3	1
137.425	1262	4	1
137.525	1263	3	1
137.525	1264	4	1
137.625	1265	1	1
137.625	1266	2	1
138.025	1267	1	1
138.025	1268	2	1
138.025	1269	3	1
138.225	1270	1	1
138.225	1271	2	1
138.225	1272	3	1
138.425	1273	1	1
138.425	1274	2	1
138.425	1275	3	1
138.825	1276	4	2
139.225	1277	1	1
139.225	1278	2	1
139.225	1279	3	1
139.225	1280	4	3
139.625	1281	1	1
139.625	1282	2	1
139.625	1283	3	1
139.625	1284	4	1
140.025	1285	1	1
140.025	1286	2	1
140.025	1287	3	1
140.025	1288	4	1
140.225	1289	1	1
140.225	1290	2	1
140.225	1291	3	1
140.225	1292	4	1
140.425	1293	1	1
140.425	1294	2	1
140.425	1295	3	1
140.425	1296	4	1
140.825	1297	1	1
140.825	1298	2	1
140.825	1299	3	1
140.825	1300	4	1
141.225	1301	1	1
141.225	1302	2	1
141.225	1303	3	1
141.225	1304	4	1
141.425	1305	1	1
141.425	1306	2	1
141.425	1307	3	1
141.425	1308	4	1
141.525	1309	1	1
141.525	1310	2	1
141.525	1311	3	1
141.525	1312	4	1
141.625	1313	1	1
141.625	1314	2	1
141.625	1315	3	1
141.625	1316	4	1
142.025	1317	1	1
142.025	1318	2	1
142.025	1319	3	1
142.025	1320	4	1
142.225	1321	1	1
142.225	1322	2	1
142.225	1323	3	1
142.225	1324	4	1
142.325	1325	1	1
142.325	1326	2	1
142.325	1327	3	1
142.325	1328	4	1
142.425	1329	1	1
142.425	1330	2	1
142.425	1331	3	1
142.425	1332	4	1
142.625	1333	1	1
142.625	1334	2	1
142.625	1335	3	1
142.625	1336	4	1
142.825	1337	1	1
142.825	1338	2	1
142.825	1339	3	1
142.825	1340	4	1
142.925	1341	1	1
142.925	1342	2	1
142.925	1343	3	1
142.925	1344	4	1
143.025	1345	1	1
143.025	1346	2	1
143.025	1347	3	1
143.025	1348	4	1
143.125	1349	1	1
143.125	1350	2	1
143.125	1351	3	1
143.125	1352	4	1
143.225	1353	1	1
143.225	1354	2	1
143.225	1355	3	1
143.225	1356	4	1
143.625	1357	1	1
143.625	1358	2	1
143.625	1359	3	1
143.625	1360	4	1
143.825	1361	1	1
143.825	1362	2	1
143.825	1363	3	1
143.825	1364	4	1
143.925	1365	1	1
143.925	1366	2	1
143.925	1367	3	1
143.925	1368	4	1
144.025	1369	1	2
144.025	1370	2	2
144.025	1371	3	2
144.025	1372	4	2
146.425	1373	1	3
146.425	1374	2	3
146.425	1375	3	3
146.425	1376	4	3