Song Name	Determination (Hard) by Laur [LAUR1200] feat. Itsuki Natsume
Difficulty	28
Primary Color	Beat
Secondary Color	Vibe
Audio Asset ID	rbxassetid://9126009376
Audio File	9126009376.ogg
Last Note Time	173.935
Total Notes	2174
Fever Fill	635
Fever Time	26.090250
Long Notes	269
BPM	165
Song Length	174.935000000

Timing Points
0.845	363.636364
61.935	363.636364
88.117	363.636364
137.572	363.636364
172.481	363.636364


Song Data
0.117	1	1	2
0.481	2	1	3
0.481	3	2	2
0.845	4	2	3
0.845	5	4	2
1.208	6	4	3
0.845	7	3	1
1.026	8	2	1
1.208	9	3	1
1.390	10	1	1
1.572	11	2	2
1.845	12	2	3
1.845	13	3	2
2.117	14	3	3
2.117	15	4	1
2.299	16	1	2
2.663	17	1	3
2.481	18	3	1
2.663	19	4	1
2.845	20	2	1
3.026	21	4	2
3.299	22	4	3
3.299	23	3	2
3.572	24	3	3
3.572	25	2	1
3.754	26	1	2
4.117	27	1	3
3.935	28	4	1
4.117	29	3	1
4.299	30	2	1
4.481	31	4	2
4.754	32	4	3
4.754	33	3	2
5.026	34	3	3
5.026	35	2	1
5.208	36	1	2
5.572	37	1	3
5.754	38	2	1
5.845	39	3	1
5.935	40	4	2
6.208	41	4	3
6.208	42	1	1
6.299	43	2	1
6.390	44	3	1
6.481	45	4	1
6.572	46	1	1
6.663	47	2	1
6.663	48	4	1
6.663	49	3	1
6.845	50	1	1
7.026	51	4	1
7.026	52	3	1
7.208	53	1	1
7.208	54	2	1
7.390	55	3	1
7.390	56	1	1
7.390	57	4	1
7.572	58	2	1
7.572	59	1	1
7.572	60	4	1
7.754	61	3	1
7.845	62	2	1
7.935	63	1	1
7.935	64	4	1
8.026	65	3	1
8.117	66	2	1
8.117	67	1	1
8.117	68	4	1
8.299	69	3	1
8.481	70	1	1
8.663	71	4	2
9.026	72	4	3
9.026	73	2	2
9.390	74	2	3
9.390	75	3	2
10.663	76	3	3
9.572	77	4	2
10.663	78	4	3
9.572	79	1	2
10.663	80	1	3
10.845	81	2	1
10.935	82	3	1
11.026	83	1	1
11.026	84	4	2
11.572	85	4	3
11.026	86	2	1
11.208	87	3	1
11.390	88	1	1
11.390	89	2	1
11.572	90	1	2
11.754	91	1	3
11.754	92	3	1
11.754	93	2	1
11.935	94	4	1
11.935	95	1	1
12.026	96	2	1
12.117	97	4	1
12.117	98	1	1
12.117	99	3	1
12.299	100	3	1
12.299	101	2	1
12.481	102	1	1
12.481	103	2	2
12.663	104	2	3
12.663	105	4	1
12.754	106	3	1
12.845	107	2	1
12.845	108	4	1
12.845	109	1	1
13.026	110	1	1
13.026	111	3	1
13.208	112	2	1
13.390	113	3	1
13.390	114	4	1
13.572	115	1	1
13.572	116	2	1
13.572	117	4	1
13.754	118	3	2
14.117	119	3	3
13.754	120	1	1
13.935	121	4	1
14.117	122	1	1
14.208	123	2	1
14.299	124	3	1
14.299	125	4	1
14.299	126	1	1
14.481	127	4	1
14.572	128	4	1
14.663	129	1	1
14.663	130	2	2
14.845	131	2	3
14.845	132	4	1
14.935	133	3	2
15.208	134	3	3
15.026	135	1	1
15.026	136	2	1
15.208	137	1	1
15.208	138	4	1
15.390	139	4	2
15.572	140	4	3
15.390	141	2	1
15.572	142	1	1
15.663	143	2	1
15.754	144	4	1
15.754	145	3	1
15.754	146	1	1
15.935	147	2	1
15.935	148	3	1
16.117	149	4	2
16.299	150	4	3
16.117	151	1	1
16.299	152	2	1
16.390	153	3	2
16.663	154	3	3
16.481	155	4	1
16.481	156	1	1
16.663	157	1	1
16.754	158	2	1
16.845	159	4	1
16.845	160	3	1
16.845	161	1	2
17.208	162	1	3
17.026	163	3	1
17.208	164	4	1
17.208	165	2	1
17.390	166	2	1
17.390	167	1	1
17.390	168	3	1
17.481	169	4	1
17.572	170	1	1
17.663	171	1	1
17.754	172	4	1
17.754	173	2	1
17.754	174	3	1
17.935	175	3	1
17.935	176	4	1
18.117	177	4	1
18.117	178	1	1
18.117	179	2	1
18.299	180	2	1
18.390	181	2	1
18.481	182	1	1
18.481	183	3	1
18.481	184	4	1
18.663	185	4	1
18.663	186	2	1
18.845	187	1	1
18.845	188	3	1
18.845	189	2	1
19.026	190	4	1
19.117	191	4	1
19.208	192	2	1
19.208	193	3	1
19.208	194	1	1
19.390	195	2	1
19.481	196	4	1
19.572	197	2	1
19.572	198	1	1
19.663	199	3	1
19.754	200	4	1
19.754	201	2	1
19.754	202	1	1
19.845	203	3	1
19.935	204	1	1
20.026	205	2	1
20.117	206	4	1
20.117	207	1	1
20.117	208	3	1
20.208	209	2	1
20.299	210	3	1
20.390	211	4	1
20.481	212	2	1
20.481	213	1	1
20.481	214	3	1
20.572	215	4	1
20.663	216	2	1
20.754	217	1	1
20.845	218	4	1
20.845	219	3	1
20.845	220	2	1
20.935	221	1	1
21.026	222	3	1
21.117	223	2	1
21.208	224	4	1
21.208	225	3	1
21.299	226	1	1
21.299	227	2	1
21.390	228	4	1
21.481	229	3	1
21.572	230	1	1
21.663	231	2	1
21.754	232	3	1
21.845	233	4	1
21.935	234	1	1
21.996	235	2	1
22.057	236	4	1
22.117	237	3	1
22.178	238	2	1
22.238	239	1	1
22.299	240	3	2
22.390	241	3	3
22.390	242	2	2
22.481	243	2	3
22.481	244	3	2
22.572	245	3	3
22.572	246	2	2
22.663	247	2	3
22.663	248	1	1
22.663	249	4	1
22.845	250	1	2
23.208	251	1	3
23.026	252	3	1
23.208	253	2	2
23.572	254	2	3
23.390	255	4	1
23.572	256	3	1
23.754	257	4	1
23.935	258	1	1
24.117	259	4	2
24.481	260	4	3
24.299	261	3	1
24.481	262	1	1
24.481	263	2	1
24.663	264	3	2
25.026	265	3	3
24.845	266	1	1
25.026	267	2	2
25.390	268	2	3
25.208	269	4	1
25.390	270	1	1
25.572	271	4	2
26.117	272	4	3
25.754	273	3	1
25.935	274	1	1
26.117	275	3	1
26.299	276	1	2
27.390	277	1	3
26.481	278	2	1
26.663	279	4	1
26.845	280	3	1
27.026	281	4	1
27.026	282	2	1
27.208	283	3	1
27.390	284	2	1
27.572	285	4	1
27.754	286	1	1
27.754	287	3	2
28.117	288	3	3
27.935	289	2	1
28.117	290	4	2
28.481	291	4	3
28.299	292	3	1
28.481	293	2	1
28.481	294	1	2
29.208	295	1	3
28.663	296	3	1
28.845	297	4	1
29.026	298	2	1
29.208	299	4	1
29.390	300	3	1
29.572	301	2	1
29.754	302	1	1
29.935	303	2	1
29.935	304	4	2
30.299	305	4	3
30.117	306	1	1
30.299	307	3	2
30.481	308	3	3
30.481	309	1	1
30.663	310	4	1
30.663	311	2	2
31.026	312	2	3
30.935	313	3	1
31.026	314	1	2
31.390	315	1	3
31.208	316	2	1
31.390	317	3	2
31.935	318	3	3
31.390	319	4	1
31.572	320	2	1
31.754	321	4	1
31.935	322	1	1
32.026	323	4	1
32.117	324	2	1
32.299	325	3	1
32.299	326	4	1
32.481	327	2	1
32.481	328	1	1
32.572	329	3	1
32.572	330	4	1
32.663	331	1	1
32.754	332	2	1
32.845	333	3	1
32.845	334	1	1
32.845	335	4	2
32.935	336	4	3
33.208	337	2	2
33.299	338	2	3
33.208	339	1	2
33.299	340	1	3
33.299	341	4	1
33.390	342	3	1
33.481	343	1	1
33.572	344	3	2
33.663	345	3	3
33.572	346	2	2
33.663	347	2	3
33.572	348	4	2
33.663	349	4	3
33.663	350	1	1
33.754	351	2	1
33.845	352	3	1
33.935	353	2	2
34.026	354	2	3
33.935	355	4	2
34.026	356	4	3
33.935	357	1	2
34.026	358	1	3
34.117	359	3	1
34.299	360	2	1
34.299	361	1	1
34.481	362	4	2
34.845	363	4	3
34.663	364	1	1
34.663	365	3	1
34.845	366	2	2
35.208	367	2	3
35.026	368	3	1
35.026	369	4	1
35.208	370	1	1
35.390	371	3	1
35.390	372	4	1
35.572	373	1	1
35.754	374	3	2
36.117	375	3	3
35.754	376	2	1
35.935	377	2	1
36.117	378	4	1
36.117	379	1	1
36.299	380	2	2
36.663	381	2	3
36.481	382	4	1
36.481	383	3	1
36.663	384	1	2
37.026	385	1	3
36.845	386	4	1
36.845	387	3	1
37.026	388	2	1
37.208	389	4	1
37.208	390	3	2
37.754	391	3	3
37.390	392	4	1
37.572	393	2	1
37.572	394	1	1
37.754	395	4	1
37.935	396	2	1
37.935	397	1	2
38.663	398	1	3
38.117	399	3	1
38.299	400	2	1
38.299	401	4	1
38.481	402	3	1
38.663	403	2	1
38.663	404	4	1
38.845	405	3	1
39.026	406	1	1
39.026	407	2	1
39.208	408	4	1
39.390	409	2	2
39.754	410	2	3
39.390	411	3	1
39.390	412	1	1
39.754	413	4	1
39.754	414	1	1
39.754	415	3	2
40.117	416	3	3
40.117	417	1	1
40.117	418	4	2
40.663	419	4	3
40.117	420	2	1
40.481	421	1	1
40.481	422	2	1
40.663	423	3	1
40.663	424	1	1
40.845	425	2	1
40.845	426	4	1
41.026	427	4	1
41.026	428	3	1
41.208	429	2	1
41.208	430	1	1
41.390	431	3	1
41.390	432	4	1
41.481	433	2	1
41.481	434	1	1
41.572	435	4	1
41.572	436	3	2
41.935	437	3	3
41.754	438	1	1
41.754	439	2	1
41.935	440	1	1
41.935	441	4	1
42.117	442	2	2
42.481	443	2	3
42.117	444	3	1
42.299	445	4	1
42.299	446	1	1
42.481	447	3	1
42.481	448	4	1
42.572	449	2	1
42.572	450	1	1
42.663	451	4	1
42.663	452	3	1
42.845	453	3	1
42.845	454	1	1
42.935	455	2	1
43.026	456	1	1
43.026	457	3	1
43.026	458	4	1
43.117	459	2	1
43.208	460	4	1
43.299	461	3	1
43.390	462	2	1
43.390	463	1	1
43.390	464	4	1
43.481	465	3	1
43.572	466	1	1
43.663	467	2	1
43.754	468	4	1
43.754	469	3	1
43.754	470	1	1
43.845	471	2	1
43.935	472	3	1
44.026	473	1	1
44.117	474	2	1
44.117	475	3	1
44.117	476	4	1
44.208	477	1	1
44.299	478	2	1
44.390	479	4	1
44.481	480	2	1
44.481	481	1	1
44.572	482	3	1
44.572	483	4	1
44.663	484	2	1
44.754	485	3	1
44.845	486	1	1
44.935	487	2	1
45.026	488	4	1
45.117	489	3	1
45.208	490	2	1
45.299	491	1	1
45.390	492	3	1
45.481	493	2	1
45.572	494	4	1
45.572	495	1	1
45.572	496	3	1
45.754	497	2	1
45.754	498	4	1
45.935	499	3	1
45.935	500	2	1
45.935	501	1	1
46.117	502	4	1
46.299	503	2	1
46.299	504	1	1
46.481	505	4	1
46.481	506	3	1
46.663	507	1	1
46.663	508	4	1
46.663	509	2	1
46.845	510	2	1
46.845	511	3	1
46.845	512	1	1
47.026	513	4	1
47.026	514	3	1
47.117	515	2	1
47.208	516	1	1
47.208	517	4	1
47.208	518	3	1
47.572	519	1	1
47.572	520	4	1
47.663	521	3	1
47.663	522	2	1
47.754	523	1	1
47.754	524	4	1
47.845	525	2	1
47.935	526	4	1
48.026	527	3	1
48.117	528	2	1
48.117	529	1	1
48.208	530	3	1
48.208	531	4	1
48.299	532	1	1
48.390	533	2	1
48.481	534	4	1
48.572	535	3	1
48.663	536	2	1
48.663	537	1	1
48.754	538	3	1
48.845	539	2	1
48.845	540	4	1
48.845	541	1	1
49.208	542	3	1
49.390	543	3	1
49.572	544	2	1
49.754	545	4	1
49.935	546	1	1
50.117	547	3	2
50.299	548	3	3
50.481	549	1	2
50.845	550	1	3
50.845	551	2	1
51.026	552	4	1
51.208	553	3	1
51.390	554	2	1
51.390	555	1	1
51.481	556	4	1
51.481	557	3	1
51.572	558	2	1
51.754	559	4	2
51.845	560	4	3
51.754	561	1	2
51.845	562	1	3
51.754	563	3	2
51.845	564	3	3
51.935	565	4	1
51.935	566	3	1
52.026	567	2	1
52.026	568	1	1
52.117	569	3	1
52.117	570	4	1
52.299	571	1	2
52.390	572	1	3
52.299	573	2	2
52.390	574	2	3
52.663	575	4	1
52.754	576	3	1
52.845	577	1	1
52.845	578	2	1
52.935	579	4	1
52.935	580	3	1
53.026	581	2	1
53.208	582	4	2
53.299	583	4	3
53.208	584	3	2
53.299	585	3	3
53.208	586	2	2
53.299	587	2	3
53.208	588	1	2
53.299	589	1	3
53.390	590	4	1
53.390	591	3	1
53.481	592	1	1
53.481	593	2	1
53.572	594	3	1
53.572	595	4	1
53.754	596	1	2
53.845	597	1	3
53.754	598	4	2
53.845	599	4	3
53.754	600	3	2
53.845	601	3	3
53.935	602	1	1
53.981	603	2	1
54.026	604	4	1
54.072	605	3	1
54.117	606	2	1
54.163	607	1	1
54.208	608	3	1
54.254	609	4	1
54.299	610	2	1
54.299	611	1	1
54.390	612	3	1
54.481	613	4	1
54.481	614	1	1
54.572	615	2	1
54.663	616	4	1
54.663	617	3	1
54.663	618	1	1
55.026	619	2	1
55.208	620	3	1
55.390	621	1	2
55.754	622	1	3
55.754	623	4	1
55.935	624	4	2
56.299	625	4	3
56.299	626	3	2
56.663	627	3	3
56.663	628	1	1
56.845	629	2	1
57.026	630	1	1
57.026	631	3	1
57.208	632	2	1
57.208	633	1	1
57.299	634	4	1
57.299	635	3	1
57.390	636	2	1
57.481	637	3	1
57.572	638	4	1
57.572	639	1	1
57.572	640	2	1
57.754	641	3	1
57.935	642	2	1
57.935	643	4	1
58.117	644	3	1
58.117	645	1	1
58.299	646	2	1
58.299	647	4	1
58.299	648	3	1
58.481	649	1	1
58.481	650	4	1
58.481	651	2	1
58.663	652	3	1
58.663	653	4	1
58.754	654	2	1
58.754	655	1	1
58.845	656	3	1
58.935	657	2	1
59.026	658	3	1
59.026	659	4	1
59.026	660	1	1
59.117	661	2	1
59.208	662	4	1
59.299	663	3	1
59.390	664	1	1
59.481	665	2	1
59.572	666	1	1
59.572	667	4	1
59.572	668	3	1
59.663	669	2	1
59.754	670	4	1
59.845	671	3	1
59.935	672	2	1
60.026	673	3	1
60.117	674	1	1
60.117	675	4	1
60.117	676	2	1
60.299	677	1	1
60.299	678	3	1
60.299	679	4	1
61.208	680	1	2
61.572	681	1	3
61.572	682	4	2
61.935	683	4	3
61.935	684	2	1
61.935	685	3	2
62.299	686	3	3
61.935	687	1	1
62.117	688	2	2
62.299	689	2	3
62.299	690	4	1
62.299	691	1	1
62.481	692	1	2
62.663	693	1	3
62.663	694	3	2
62.935	695	3	3
62.663	696	4	1
62.845	697	1	1
62.845	698	2	1
62.935	699	1	1
62.935	700	2	1
63.026	701	4	2
63.208	702	4	3
63.026	703	3	1
63.208	704	2	1
63.208	705	1	1
63.390	706	2	2
63.572	707	2	3
63.390	708	1	2
63.572	709	1	3
63.572	710	3	1
63.572	711	4	1
63.663	712	4	1
63.663	713	3	1
63.754	714	2	1
63.754	715	1	1
63.935	716	4	1
63.935	717	3	2
64.117	718	3	3
64.117	719	2	1
64.299	720	1	2
64.663	721	1	3
64.299	722	4	2
64.481	723	4	3
64.481	724	2	1
64.481	725	3	1
64.663	726	2	2
64.845	727	2	3
64.663	728	4	1
64.845	729	3	2
65.026	730	3	3
64.845	731	4	2
65.026	732	4	3
65.026	733	1	1
65.026	734	2	1
65.117	735	2	1
65.117	736	1	1
65.208	737	3	1
65.208	738	4	1
65.390	739	2	1
65.572	740	3	2
65.754	741	3	3
65.572	742	4	2
65.754	743	4	3
65.754	744	1	1
65.754	745	2	1
65.845	746	2	2
66.117	747	2	3
65.845	748	1	1
65.935	749	3	1
65.935	750	4	1
66.117	751	1	1
66.117	752	4	2
66.299	753	4	3
66.299	754	1	2
66.481	755	1	3
66.299	756	2	2
66.481	757	2	3
66.481	758	4	1
66.481	759	3	1
66.572	760	3	1
66.572	761	4	1
66.663	762	1	1
66.663	763	2	1
66.845	764	1	1
66.845	765	4	1
66.935	766	2	1
67.026	767	4	2
67.208	768	4	3
67.026	769	3	2
67.208	770	3	3
67.208	771	1	1
67.208	772	2	1
67.299	773	2	1
67.299	774	1	1
67.390	775	4	1
67.390	776	3	1
67.481	777	1	1
67.481	778	2	1
67.572	779	3	1
67.663	780	2	1
67.754	781	3	1
67.754	782	4	1
67.754	783	1	2
68.117	784	1	3
67.935	785	4	2
68.117	786	4	3
68.117	787	2	1
68.117	788	3	1
68.299	789	2	1
68.481	790	1	1
68.481	791	4	1
68.663	792	2	1
68.663	793	3	1
68.754	794	2	1
68.754	795	3	1
68.845	796	1	1
68.845	797	4	2
69.026	798	4	3
69.026	799	1	1
69.026	800	2	2
69.208	801	2	3
69.208	802	3	2
69.481	803	3	3
69.390	804	1	1
69.390	805	2	1
69.481	806	1	1
69.481	807	2	1
69.572	808	3	1
69.572	809	4	2
69.935	810	4	3
69.754	811	1	1
69.754	812	2	1
69.935	813	3	2
70.299	814	3	3
70.117	815	2	1
70.117	816	1	1
70.299	817	2	2
70.481	818	2	3
70.299	819	4	1
70.481	820	1	1
70.481	821	3	1
70.663	822	3	2
70.845	823	3	3
70.663	824	4	2
70.845	825	4	3
70.845	826	1	1
70.845	827	2	1
70.935	828	2	1
70.935	829	1	1
71.026	830	4	1
71.026	831	3	1
71.208	832	2	1
71.390	833	1	1
71.390	834	2	1
71.572	835	3	1
71.572	836	4	1
71.663	837	3	1
71.663	838	4	1
71.754	839	1	1
71.754	840	2	1
71.935	841	3	1
71.935	842	2	2
72.117	843	2	3
72.117	844	1	1
72.117	845	4	1
72.208	846	3	1
72.299	847	4	1
72.299	848	2	1
72.390	849	3	1
72.481	850	1	1
72.572	851	2	1
72.663	852	1	1
72.663	853	4	1
72.663	854	3	1
72.845	855	4	1
72.905	856	3	1
72.966	857	2	1
73.026	858	1	1
73.087	859	4	1
73.148	860	3	1
73.208	861	2	1
73.208	862	1	1
73.299	863	3	1
73.299	864	4	1
73.390	865	1	1
73.390	866	2	1
73.572	867	4	1
73.572	868	3	2
73.935	869	3	3
73.572	870	1	1
73.754	871	2	2
73.935	872	2	3
73.935	873	1	2
74.117	874	1	3
73.935	875	4	1
74.117	876	4	2
74.299	877	4	3
74.117	878	2	1
74.299	879	2	1
74.299	880	1	1
74.390	881	1	1
74.390	882	2	1
74.481	883	3	1
74.481	884	4	2
74.663	885	4	3
74.663	886	2	2
74.845	887	2	3
74.663	888	3	1
74.845	889	4	1
74.845	890	1	2
75.026	891	1	3
75.026	892	3	1
75.026	893	4	1
75.117	894	4	1
75.117	895	3	1
75.208	896	1	1
75.208	897	2	1
75.390	898	3	1
75.390	899	2	2
75.572	900	2	3
75.572	901	1	1
75.572	902	4	2
75.754	903	4	3
75.754	904	2	1
75.754	905	1	1
75.845	906	2	1
75.845	907	1	1
75.935	908	3	1
75.935	909	4	1
76.117	910	4	1
76.117	911	3	1
76.208	912	3	1
76.208	913	4	1
76.299	914	2	1
76.299	915	1	1
76.390	916	3	1
76.390	917	4	1
76.481	918	2	1
76.481	919	1	2
76.845	920	1	3
76.663	921	3	1
76.663	922	4	1
76.845	923	4	2
77.208	924	4	3
76.845	925	3	1
77.026	926	2	1
77.026	927	1	1
77.208	928	3	1
77.208	929	2	1
77.299	930	2	1
77.299	931	3	1
77.390	932	1	1
77.390	933	4	1
77.572	934	3	1
77.572	935	1	1
77.754	936	3	1
77.754	937	4	1
77.754	938	2	1
77.935	939	1	1
77.935	940	2	1
78.026	941	1	1
78.026	942	2	1
78.117	943	4	1
78.117	944	3	2
78.299	945	3	3
78.299	946	4	1
78.299	947	2	2
78.481	948	2	3
78.481	949	1	2
78.663	950	1	3
78.481	951	3	1
78.663	952	4	1
78.754	953	2	1
78.845	954	4	1
78.845	955	3	1
78.845	956	1	1
78.935	957	2	1
79.026	958	3	1
79.117	959	1	1
79.117	960	4	1
79.117	961	2	1
79.208	962	3	1
79.299	963	2	1
79.390	964	1	1
79.390	965	3	1
79.390	966	4	1
79.481	967	2	1
79.572	968	4	1
79.663	969	3	1
79.754	970	4	1
79.754	971	2	1
79.754	972	1	1
79.845	973	3	1
79.935	974	1	1
80.026	975	2	1
80.117	976	3	1
80.117	977	1	1
80.117	978	4	1
80.208	979	2	1
80.299	980	3	1
80.390	981	4	1
80.481	982	1	1
80.481	983	3	1
80.481	984	2	1
80.572	985	4	1
80.663	986	2	1
80.754	987	1	1
80.845	988	4	1
80.845	989	3	1
80.845	990	2	1
80.935	991	1	1
81.026	992	3	1
81.117	993	2	1
81.208	994	3	1
81.208	995	4	1
81.208	996	1	1
81.299	997	2	1
81.390	998	4	1
81.481	999	3	1
81.572	1000	1	1
81.572	1001	4	1
81.572	1002	2	1
81.663	1003	3	1
81.754	1004	1	1
81.845	1005	2	1
81.935	1006	1	1
81.935	1007	4	1
81.935	1008	3	1
82.026	1009	2	1
82.117	1010	3	1
82.208	1011	4	1
82.299	1012	2	1
82.299	1013	3	1
82.299	1014	1	1
82.481	1015	4	1
82.572	1016	2	1
82.663	1017	3	1
82.663	1018	1	1
82.663	1019	4	1
82.754	1020	3	1
82.845	1021	1	1
82.845	1022	2	1
82.845	1023	4	1
82.935	1024	2	1
83.026	1025	4	1
83.026	1026	1	1
83.026	1027	3	1
83.117	1028	4	1
83.208	1029	1	1
83.208	1030	2	1
83.208	1031	3	1
83.299	1032	1	1
83.390	1033	4	1
83.390	1034	3	1
83.390	1035	2	1
83.481	1036	3	1
83.572	1037	2	1
83.663	1038	1	1
83.754	1039	4	1
83.754	1040	3	1
83.845	1041	1	1
83.845	1042	2	1
83.935	1043	3	1
83.935	1044	4	1
84.026	1045	2	1
84.026	1046	1	1
84.117	1047	4	1
84.208	1048	3	1
84.299	1049	1	1
84.299	1050	2	1
84.390	1051	4	1
84.481	1052	3	1
84.572	1053	1	1
84.663	1054	2	1
84.845	1055	4	1
84.845	1056	3	1
84.935	1057	1	1
84.935	1058	2	1
85.026	1059	4	1
85.117	1060	3	1
85.208	1061	1	1
85.208	1062	4	1
85.208	1063	2	1
85.572	1064	3	1
85.572	1065	4	1
85.754	1066	3	2
87.390	1067	3	3
85.754	1068	4	2
87.390	1069	4	3
86.663	1070	2	2
87.390	1071	2	3
87.390	1072	1	1
87.572	1073	1	1
87.572	1074	4	1
87.754	1075	4	1
87.754	1076	3	1
87.845	1077	1	1
87.845	1078	2	1
87.935	1079	3	1
88.026	1080	2	1
88.117	1081	4	1
88.117	1082	1	1
88.117	1083	3	1
88.299	1084	2	1
88.481	1085	3	1
88.663	1086	4	1
88.845	1087	3	1
88.845	1088	1	1
88.845	1089	2	1
89.026	1090	1	1
89.208	1091	2	1
89.390	1092	4	1
89.572	1093	3	1
89.572	1094	2	1
89.572	1095	1	1
89.754	1096	4	1
89.935	1097	3	1
90.117	1098	2	1
90.299	1099	3	1
90.299	1100	4	1
90.299	1101	1	1
90.481	1102	2	1
90.481	1103	1	1
90.663	1104	4	1
90.663	1105	3	1
90.754	1106	1	1
90.754	1107	2	1
90.845	1108	3	1
90.845	1109	4	1
90.935	1110	2	1
91.026	1111	3	1
91.026	1112	1	2
91.754	1113	1	3
91.026	1114	4	1
91.390	1115	4	1
91.754	1116	2	2
92.481	1117	2	3
92.117	1118	3	2
92.481	1119	3	3
92.299	1120	4	1
92.299	1121	1	1
92.481	1122	4	2
93.208	1123	4	3
92.481	1124	1	1
92.845	1125	1	1
93.026	1126	3	2
93.208	1127	3	3
93.117	1128	2	2
93.208	1129	2	3
93.208	1130	1	2
93.572	1131	1	3
93.572	1132	3	1
93.572	1133	4	1
93.663	1134	2	1
93.663	1135	1	1
93.754	1136	3	1
93.935	1137	2	2
94.299	1138	2	3
93.935	1139	4	1
93.935	1140	1	1
94.299	1141	4	1
94.299	1142	3	1
94.481	1143	3	1
94.481	1144	4	1
94.663	1145	2	1
94.663	1146	1	1
94.845	1147	1	1
94.845	1148	2	1
95.026	1149	3	1
95.026	1150	4	1
95.117	1151	1	1
95.117	1152	2	1
95.208	1153	3	1
95.299	1154	2	1
95.390	1155	3	1
95.390	1156	1	1
95.390	1157	4	1
95.481	1158	2	1
95.572	1159	4	1
95.663	1160	3	1
95.754	1161	1	1
95.845	1162	2	1
95.935	1163	3	1
95.935	1164	4	1
95.935	1165	1	1
96.026	1166	2	1
96.117	1167	4	1
96.208	1168	1	1
96.299	1169	2	1
96.390	1170	3	1
96.481	1171	2	1
96.481	1172	1	1
96.481	1173	4	1
96.572	1174	3	1
96.663	1175	1	1
96.754	1176	2	1
96.845	1177	4	1
96.935	1178	3	1
97.026	1179	1	2
97.117	1180	1	3
97.026	1181	2	2
97.117	1182	2	3
97.208	1183	2	2
97.299	1184	2	3
97.208	1185	1	2
97.299	1186	1	3
97.208	1187	3	2
97.299	1188	3	3
97.208	1189	4	2
97.299	1190	4	3
97.572	1191	1	1
97.663	1192	4	1
97.754	1193	1	2
97.814	1194	1	3
97.845	1195	4	2
97.905	1196	4	3
97.935	1197	1	2
98.004	1198	1	3
98.026	1199	4	2
98.095	1200	4	3
98.117	1201	1	2
98.208	1202	1	3
98.208	1203	4	2
98.299	1204	4	3
98.299	1205	3	1
98.299	1206	2	1
98.481	1207	1	2
98.845	1208	1	3
98.845	1209	2	2
99.208	1210	2	3
99.026	1211	3	1
99.026	1212	4	1
99.572	1213	1	1
99.754	1214	4	2
100.117	1215	4	3
99.754	1216	3	1
100.117	1217	2	1
100.299	1218	3	2
100.663	1219	3	3
100.481	1220	1	1
100.481	1221	4	1
100.663	1222	2	2
101.026	1223	2	3
101.026	1224	1	1
101.208	1225	3	1
101.208	1226	4	2
101.754	1227	4	3
101.754	1228	3	1
101.935	1229	2	1
101.935	1230	1	2
103.026	1231	1	3
102.663	1232	4	1
102.663	1233	3	1
103.390	1234	1	1
103.390	1235	3	2
103.754	1236	3	3
103.754	1237	4	2
104.117	1238	4	3
104.117	1239	3	1
104.117	1240	2	1
104.117	1241	1	2
104.845	1242	1	3
104.845	1243	3	1
104.845	1244	4	1
105.026	1245	2	1
105.208	1246	3	1
105.390	1247	2	1
105.572	1248	1	1
105.572	1249	4	2
105.935	1250	4	3
105.935	1251	3	2
106.117	1252	3	3
106.299	1253	4	1
106.299	1254	2	2
106.663	1255	2	3
106.663	1256	1	2
107.026	1257	1	3
107.026	1258	3	2
107.572	1259	3	3
107.572	1260	1	1
107.663	1261	4	1
107.754	1262	2	1
107.935	1263	3	1
107.935	1264	4	1
108.117	1265	2	1
108.117	1266	1	1
108.208	1267	4	1
108.208	1268	3	1
108.299	1269	1	1
108.390	1270	2	1
108.481	1271	4	2
108.572	1272	4	3
108.481	1273	3	1
108.481	1274	1	1
108.845	1275	1	2
108.935	1276	1	3
108.845	1277	2	2
108.935	1278	2	3
108.935	1279	4	1
109.026	1280	3	1
109.117	1281	1	1
109.208	1282	4	2
109.299	1283	4	3
109.208	1284	2	2
109.299	1285	2	3
109.208	1286	3	2
109.299	1287	3	3
109.299	1288	1	1
109.390	1289	2	1
109.481	1290	3	1
109.572	1291	4	2
109.663	1292	4	3
109.572	1293	2	2
109.663	1294	2	3
109.572	1295	1	2
109.663	1296	1	3
109.754	1297	3	1
109.935	1298	1	1
109.935	1299	2	1
110.117	1300	4	2
110.481	1301	4	3
110.299	1302	3	1
110.299	1303	1	1
110.481	1304	2	2
110.845	1305	2	3
110.663	1306	4	1
110.663	1307	3	1
110.845	1308	1	1
111.026	1309	3	1
111.026	1310	4	1
111.208	1311	1	1
111.390	1312	2	1
111.390	1313	3	2
111.754	1314	3	3
111.572	1315	2	1
111.754	1316	1	1
111.754	1317	4	1
111.935	1318	2	2
112.299	1319	2	3
112.117	1320	3	1
112.117	1321	4	1
112.299	1322	1	2
112.663	1323	1	3
112.481	1324	4	1
112.481	1325	3	1
112.663	1326	2	1
112.845	1327	3	2
113.390	1328	3	3
112.845	1329	4	1
113.026	1330	4	1
113.208	1331	1	1
113.208	1332	2	1
113.390	1333	4	1
113.572	1334	1	2
114.299	1335	1	3
113.572	1336	2	1
113.754	1337	3	1
113.935	1338	2	1
113.935	1339	4	1
114.117	1340	3	1
114.299	1341	2	1
114.299	1342	4	1
114.481	1343	3	1
114.663	1344	2	1
114.663	1345	1	1
114.845	1346	4	1
115.026	1347	3	1
115.026	1348	1	1
115.026	1349	2	2
115.390	1350	2	3
115.390	1351	1	1
115.390	1352	4	1
115.390	1353	3	2
115.754	1354	3	3
115.754	1355	2	1
115.754	1356	1	1
115.754	1357	4	2
116.299	1358	4	3
116.117	1359	1	1
116.117	1360	2	1
116.299	1361	1	1
116.299	1362	3	1
116.481	1363	4	1
116.481	1364	2	1
116.663	1365	4	1
116.663	1366	3	1
116.845	1367	1	1
116.845	1368	2	1
117.026	1369	3	1
117.026	1370	4	1
117.117	1371	2	1
117.117	1372	1	1
117.208	1373	3	2
117.572	1374	3	3
117.208	1375	4	1
117.390	1376	1	1
117.390	1377	2	1
117.572	1378	1	1
117.572	1379	4	1
117.754	1380	2	2
118.117	1381	2	3
117.754	1382	3	1
117.935	1383	4	1
117.935	1384	1	1
118.117	1385	3	1
118.117	1386	4	1
118.208	1387	1	1
118.208	1388	2	1
118.299	1389	3	1
118.299	1390	4	1
118.481	1391	2	1
118.481	1392	1	1
118.572	1393	3	1
118.663	1394	4	1
118.663	1395	2	1
118.663	1396	1	1
118.754	1397	3	1
118.845	1398	1	1
118.935	1399	2	1
119.026	1400	1	1
119.026	1401	3	1
119.026	1402	4	1
119.117	1403	2	1
119.208	1404	4	1
119.299	1405	3	1
119.390	1406	4	1
119.390	1407	2	1
119.390	1408	1	1
119.481	1409	3	1
119.572	1410	2	1
119.663	1411	4	1
119.754	1412	3	1
119.754	1413	2	1
119.754	1414	1	1
119.845	1415	4	1
119.935	1416	3	1
120.026	1417	1	1
120.117	1418	4	1
120.117	1419	3	1
120.208	1420	1	1
120.208	1421	2	1
120.299	1422	3	1
120.390	1423	2	1
120.481	1424	4	1
120.572	1425	3	1
120.663	1426	1	1
120.754	1427	2	1
120.845	1428	3	1
120.935	1429	4	1
121.026	1430	2	1
121.117	1431	3	1
121.208	1432	4	1
121.208	1433	2	1
121.208	1434	1	1
121.390	1435	3	1
121.390	1436	1	1
121.572	1437	3	1
121.572	1438	4	1
121.572	1439	2	1
121.754	1440	1	1
121.935	1441	3	1
121.935	1442	4	1
122.117	1443	1	1
122.117	1444	2	1
122.299	1445	4	1
122.299	1446	1	1
122.299	1447	3	1
122.481	1448	4	1
122.481	1449	3	1
122.481	1450	2	1
122.663	1451	2	1
122.663	1452	1	1
122.754	1453	3	1
122.845	1454	4	1
122.845	1455	2	1
122.845	1456	1	1
123.208	1457	1	1
123.208	1458	4	1
123.299	1459	3	1
123.299	1460	2	1
123.390	1461	1	1
123.390	1462	4	1
123.481	1463	3	1
123.572	1464	1	1
123.663	1465	2	1
123.754	1466	4	1
123.754	1467	3	1
123.845	1468	2	1
123.845	1469	1	1
123.935	1470	4	1
124.026	1471	3	1
124.117	1472	1	1
124.208	1473	2	1
124.299	1474	4	1
124.299	1475	3	1
124.390	1476	2	1
124.481	1477	3	1
124.481	1478	4	1
124.481	1479	1	1
124.845	1480	2	1
125.026	1481	2	1
125.208	1482	3	1
125.390	1483	1	1
125.572	1484	4	1
125.754	1485	2	2
125.935	1486	2	3
126.117	1487	4	2
126.481	1488	4	3
126.481	1489	3	1
126.663	1490	1	1
126.845	1491	2	1
127.026	1492	4	1
127.026	1493	3	1
127.117	1494	1	1
127.117	1495	2	1
127.208	1496	3	1
127.390	1497	2	2
127.481	1498	2	3
127.390	1499	4	2
127.481	1500	4	3
127.390	1501	1	2
127.481	1502	1	3
127.572	1503	1	1
127.572	1504	2	1
127.663	1505	4	1
127.663	1506	3	1
127.754	1507	1	1
127.754	1508	2	1
127.935	1509	4	2
128.026	1510	4	3
127.935	1511	3	2
128.026	1512	3	3
128.299	1513	1	1
128.390	1514	2	1
128.481	1515	4	1
128.481	1516	3	1
128.572	1517	2	1
128.572	1518	1	1
128.663	1519	3	1
128.845	1520	1	2
128.935	1521	1	3
128.845	1522	2	2
128.935	1523	2	3
128.845	1524	3	2
128.935	1525	3	3
128.845	1526	4	2
128.935	1527	4	3
129.026	1528	2	1
129.026	1529	1	1
129.117	1530	3	1
129.117	1531	4	1
129.208	1532	2	1
129.208	1533	1	1
129.390	1534	1	2
129.481	1535	1	3
129.390	1536	4	2
129.481	1537	4	3
129.390	1538	2	2
129.481	1539	2	3
129.572	1540	4	1
129.617	1541	3	1
129.663	1542	1	1
129.708	1543	2	1
129.754	1544	3	1
129.799	1545	4	1
129.845	1546	2	1
129.890	1547	1	1
129.935	1548	4	1
129.935	1549	3	1
130.026	1550	2	1
130.117	1551	1	1
130.117	1552	4	1
130.208	1553	3	1
130.299	1554	1	1
130.299	1555	4	1
130.299	1556	2	1
130.663	1557	3	1
130.845	1558	2	1
131.026	1559	4	2
131.390	1560	4	3
131.390	1561	1	1
131.572	1562	1	2
131.935	1563	1	3
131.935	1564	2	2
132.299	1565	2	3
132.299	1566	4	1
132.481	1567	3	1
132.663	1568	4	1
132.663	1569	2	1
132.845	1570	4	1
132.845	1571	3	1
132.935	1572	1	1
132.935	1573	2	1
133.026	1574	3	1
133.117	1575	2	1
133.208	1576	3	1
133.208	1577	4	1
133.208	1578	1	1
133.390	1579	2	1
133.572	1580	1	1
133.572	1581	3	1
133.754	1582	4	1
133.754	1583	2	1
133.935	1584	3	1
133.935	1585	2	1
133.935	1586	1	1
134.117	1587	1	1
134.117	1588	3	1
134.117	1589	4	1
134.299	1590	2	1
134.299	1591	1	1
134.390	1592	4	1
134.390	1593	3	1
134.481	1594	2	1
134.572	1595	3	1
134.663	1596	2	1
134.663	1597	1	1
134.663	1598	4	1
134.754	1599	3	1
134.845	1600	1	1
134.935	1601	2	1
135.026	1602	4	1
135.117	1603	3	1
135.208	1604	4	1
135.208	1605	2	1
135.208	1606	1	1
135.299	1607	3	1
135.390	1608	1	1
135.481	1609	2	1
135.572	1610	3	1
135.663	1611	2	1
135.754	1612	3	1
135.754	1613	1	1
135.754	1614	4	1
135.935	1615	4	1
135.935	1616	1	1
135.935	1617	2	1
136.845	1618	1	2
137.208	1619	1	3
137.208	1620	4	2
137.572	1621	4	3
137.572	1622	3	1
137.572	1623	1	1
137.572	1624	2	2
137.935	1625	2	3
137.754	1626	3	2
137.935	1627	3	3
137.935	1628	1	1
137.935	1629	4	1
138.117	1630	4	2
138.299	1631	4	3
138.299	1632	2	2
138.572	1633	2	3
138.299	1634	1	1
138.481	1635	3	1
138.481	1636	4	1
138.572	1637	3	1
138.572	1638	4	1
138.663	1639	1	2
138.845	1640	1	3
138.663	1641	2	1
138.845	1642	3	1
138.845	1643	4	1
139.026	1644	4	2
139.208	1645	4	3
139.026	1646	3	2
139.208	1647	3	3
139.208	1648	1	1
139.208	1649	2	1
139.299	1650	2	1
139.299	1651	1	1
139.390	1652	4	1
139.390	1653	3	1
139.572	1654	1	1
139.572	1655	2	2
139.754	1656	2	3
139.754	1657	3	1
139.935	1658	1	2
140.117	1659	1	3
139.935	1660	4	2
140.299	1661	4	3
140.117	1662	2	1
140.117	1663	3	1
140.299	1664	3	2
140.481	1665	3	3
140.299	1666	1	1
140.481	1667	1	2
140.663	1668	1	3
140.481	1669	2	2
140.663	1670	2	3
140.663	1671	4	1
140.663	1672	3	1
140.754	1673	3	1
140.754	1674	4	1
140.845	1675	2	1
140.845	1676	1	1
141.026	1677	3	1
141.208	1678	1	2
141.390	1679	1	3
141.208	1680	2	2
141.390	1681	2	3
141.390	1682	3	1
141.390	1683	4	1
141.481	1684	3	2
141.754	1685	3	3
141.481	1686	4	1
141.572	1687	2	1
141.572	1688	1	1
141.754	1689	4	1
141.754	1690	1	2
141.935	1691	1	3
141.935	1692	4	2
142.117	1693	4	3
141.935	1694	3	2
142.117	1695	3	3
142.117	1696	2	1
142.117	1697	1	1
142.208	1698	1	1
142.208	1699	2	1
142.299	1700	4	1
142.299	1701	3	1
142.481	1702	1	1
142.481	1703	4	1
142.572	1704	3	1
142.663	1705	1	2
142.845	1706	1	3
142.663	1707	2	2
142.845	1708	2	3
142.845	1709	4	1
142.845	1710	3	1
142.935	1711	3	1
142.935	1712	4	1
143.026	1713	2	1
143.026	1714	1	1
143.117	1715	3	1
143.117	1716	4	1
143.208	1717	2	1
143.299	1718	3	1
143.390	1719	2	1
143.390	1720	4	2
143.754	1721	4	3
143.390	1722	1	1
143.572	1723	1	2
143.754	1724	1	3
143.754	1725	3	1
143.754	1726	2	1
143.935	1727	3	1
144.117	1728	4	1
144.117	1729	1	1
144.299	1730	3	1
144.299	1731	2	1
144.390	1732	2	1
144.390	1733	3	1
144.481	1734	1	2
144.663	1735	1	3
144.481	1736	4	1
144.663	1737	3	2
144.845	1738	3	3
144.663	1739	4	1
144.845	1740	2	2
145.117	1741	2	3
145.026	1742	3	1
145.026	1743	4	1
145.117	1744	4	1
145.117	1745	3	1
145.208	1746	2	1
145.208	1747	1	2
145.572	1748	1	3
145.390	1749	4	1
145.390	1750	3	1
145.572	1751	2	2
145.935	1752	2	3
145.754	1753	4	1
145.754	1754	3	1
145.935	1755	3	2
146.117	1756	3	3
145.935	1757	1	1
146.117	1758	4	1
146.117	1759	2	1
146.299	1760	1	2
146.481	1761	1	3
146.299	1762	2	2
146.481	1763	2	3
146.481	1764	4	1
146.481	1765	3	1
146.572	1766	4	1
146.572	1767	3	1
146.663	1768	1	1
146.663	1769	2	1
146.845	1770	3	1
147.026	1771	3	1
147.026	1772	4	1
147.208	1773	1	1
147.208	1774	2	1
147.299	1775	2	1
147.299	1776	1	1
147.390	1777	4	1
147.390	1778	3	1
147.572	1779	3	2
147.754	1780	3	3
147.572	1781	2	1
147.754	1782	1	1
147.754	1783	4	1
147.845	1784	2	1
147.935	1785	1	1
147.935	1786	3	1
148.026	1787	2	1
148.117	1788	4	1
148.208	1789	3	1
148.299	1790	4	1
148.299	1791	1	1
148.299	1792	2	1
148.481	1793	1	1
148.541	1794	2	1
148.602	1795	3	1
148.663	1796	4	1
148.723	1797	1	1
148.784	1798	2	1
148.845	1799	3	1
148.845	1800	4	1
148.935	1801	1	1
148.935	1802	2	1
149.026	1803	3	1
149.026	1804	4	1
149.208	1805	1	1
149.208	1806	4	1
149.208	1807	2	2
149.572	1808	2	3
149.390	1809	3	2
149.572	1810	3	3
149.572	1811	4	2
149.754	1812	4	3
149.572	1813	1	1
149.754	1814	1	2
149.935	1815	1	3
149.754	1816	3	1
149.935	1817	3	1
149.935	1818	4	1
150.026	1819	4	1
150.026	1820	3	1
150.117	1821	2	1
150.117	1822	1	2
150.299	1823	1	3
150.299	1824	2	1
150.299	1825	3	2
150.481	1826	3	3
150.481	1827	1	1
150.481	1828	4	2
150.663	1829	4	3
150.663	1830	1	1
150.663	1831	2	1
150.754	1832	1	1
150.754	1833	2	1
150.845	1834	4	1
150.845	1835	3	1
151.026	1836	3	2
151.208	1837	3	3
151.026	1838	2	1
151.208	1839	1	2
151.390	1840	1	3
151.208	1841	4	1
151.390	1842	3	1
151.390	1843	4	1
151.481	1844	3	1
151.481	1845	4	1
151.572	1846	1	1
151.572	1847	2	1
151.754	1848	1	1
151.754	1849	2	1
151.845	1850	1	1
151.845	1851	2	1
151.935	1852	3	1
151.935	1853	4	1
152.026	1854	2	1
152.026	1855	1	1
152.117	1856	4	2
152.481	1857	4	3
152.117	1858	3	1
152.299	1859	1	1
152.299	1860	2	1
152.481	1861	1	2
152.845	1862	1	3
152.481	1863	2	1
152.663	1864	3	1
152.663	1865	4	1
152.845	1866	3	1
152.845	1867	2	1
152.935	1868	3	1
152.935	1869	2	1
153.026	1870	4	1
153.026	1871	1	1
153.208	1872	4	1
153.208	1873	2	1
153.390	1874	3	1
153.390	1875	2	1
153.390	1876	1	1
153.572	1877	4	1
153.572	1878	3	1
153.663	1879	3	1
153.663	1880	4	1
153.754	1881	1	1
153.754	1882	2	2
153.935	1883	2	3
153.935	1884	1	1
153.935	1885	3	2
154.117	1886	3	3
154.117	1887	4	2
154.299	1888	4	3
154.117	1889	2	1
154.299	1890	1	1
154.390	1891	3	1
154.481	1892	1	1
154.481	1893	4	1
154.481	1894	2	1
154.572	1895	3	1
154.663	1896	2	1
154.754	1897	3	1
154.754	1898	1	1
154.754	1899	4	1
154.845	1900	2	1
154.935	1901	3	1
155.026	1902	4	1
155.026	1903	2	1
155.026	1904	1	1
155.117	1905	3	1
155.208	1906	1	1
155.299	1907	2	1
155.390	1908	4	1
155.390	1909	1	1
155.390	1910	3	1
155.481	1911	2	1
155.572	1912	4	1
155.663	1913	3	1
155.754	1914	1	1
155.754	1915	4	1
155.754	1916	2	1
155.845	1917	3	1
155.935	1918	2	1
156.026	1919	1	1
156.117	1920	2	1
156.117	1921	4	1
156.117	1922	3	1
156.208	1923	1	1
156.299	1924	3	1
156.390	1925	4	1
156.481	1926	3	1
156.481	1927	2	1
156.481	1928	1	1
156.572	1929	4	1
156.663	1930	2	1
156.754	1931	3	1
156.845	1932	4	1
156.845	1933	2	1
156.845	1934	1	1
156.935	1935	3	1
157.026	1936	1	1
157.117	1937	2	1
157.208	1938	3	1
157.208	1939	1	1
157.208	1940	4	1
157.299	1941	2	1
157.390	1942	4	1
157.481	1943	3	1
157.572	1944	2	1
157.572	1945	4	1
157.572	1946	1	1
157.663	1947	3	1
157.754	1948	2	1
157.845	1949	1	1
157.935	1950	2	1
157.935	1951	3	1
157.935	1952	4	1
158.117	1953	1	1
158.208	1954	3	1
158.299	1955	1	1
158.299	1956	2	1
158.299	1957	4	1
158.390	1958	2	1
158.481	1959	4	1
158.481	1960	3	1
158.481	1961	1	1
158.572	1962	3	1
158.663	1963	1	1
158.663	1964	4	1
158.663	1965	2	1
158.754	1966	1	1
158.845	1967	3	1
158.845	1968	4	1
158.845	1969	2	1
158.935	1970	4	1
159.026	1971	3	1
159.026	1972	2	1
159.026	1973	1	1
159.117	1974	2	1
159.208	1975	3	1
159.299	1976	4	1
159.390	1977	1	1
159.390	1978	2	1
159.481	1979	4	1
159.481	1980	3	1
159.572	1981	2	1
159.572	1982	1	1
159.663	1983	4	1
159.663	1984	3	1
159.754	1985	1	1
159.845	1986	2	1
159.935	1987	4	1
159.935	1988	3	1
160.026	1989	1	1
160.117	1990	2	1
160.208	1991	4	1
160.299	1992	3	1
160.481	1993	1	1
160.481	1994	2	1
160.572	1995	3	1
160.572	1996	4	1
160.663	1997	1	1
160.754	1998	2	1
160.845	1999	3	1
160.845	2000	4	1
160.845	2001	1	1
161.026	2002	2	1
161.208	2003	4	1
161.208	2004	1	1
161.390	2005	3	1
161.390	2006	2	1
161.572	2007	4	1
161.572	2008	1	1
161.572	2009	3	1
161.754	2010	2	1
161.754	2011	1	1
161.754	2012	4	1
161.935	2013	3	1
161.935	2014	4	1
162.026	2015	2	1
162.026	2016	1	1
162.117	2017	3	1
162.208	2018	2	1
162.299	2019	3	1
162.299	2020	4	1
162.390	2021	2	1
162.390	2022	1	1
162.481	2023	4	1
162.572	2024	3	1
162.663	2025	1	1
162.754	2026	2	1
162.845	2027	4	1
162.845	2028	3	1
162.845	2029	1	1
162.935	2030	2	1
163.026	2031	3	1
163.117	2032	4	1
163.208	2033	1	1
163.299	2034	3	1
163.390	2035	4	1
163.390	2036	1	1
163.390	2037	2	1
163.481	2038	3	1
163.572	2039	2	1
163.663	2040	3	1
163.754	2041	2	1
163.754	2042	4	1
163.754	2043	1	1
163.935	2044	3	1
164.117	2045	1	1
164.117	2046	3	1
164.117	2047	4	1
164.299	2048	2	1
164.299	2049	4	2
164.481	2050	4	3
164.481	2051	3	1
164.481	2052	2	1
164.481	2053	1	2
164.663	2054	1	3
164.663	2055	4	1
164.663	2056	3	1
164.754	2057	4	1
164.754	2058	3	1
164.845	2059	2	2
165.026	2060	2	3
164.845	2061	1	1
165.026	2062	4	1
165.026	2063	3	2
165.208	2064	3	3
165.208	2065	2	1
165.208	2066	4	2
165.390	2067	4	3
165.208	2068	1	1
165.390	2069	3	1
165.390	2070	2	1
165.572	2071	1	1
165.572	2072	3	2
165.754	2073	3	3
165.572	2074	4	1
165.754	2075	2	1
165.754	2076	1	1
165.845	2077	2	1
165.845	2078	1	1
165.935	2079	3	1
165.935	2080	4	1
166.117	2081	1	1
166.117	2082	2	2
166.299	2083	2	3
166.299	2084	1	1
166.299	2085	4	1
166.299	2086	3	1
166.481	2087	3	1
166.481	2088	4	1
166.572	2089	4	1
166.572	2090	3	1
166.663	2091	1	1
166.663	2092	2	1
166.845	2093	1	1
166.845	2094	2	1
167.026	2095	4	1
167.026	2096	3	1
167.026	2097	2	1
167.208	2098	1	1
167.299	2099	2	1
167.390	2100	3	1
167.390	2101	4	1
167.481	2102	2	1
167.481	2103	1	1
167.572	2104	4	1
167.663	2105	3	1
167.754	2106	1	1
167.754	2107	4	1
167.754	2108	2	1
167.935	2109	3	1
167.935	2110	2	1
168.117	2111	1	1
168.117	2112	3	1
168.117	2113	4	1
168.299	2114	2	1
168.299	2115	1	1
168.390	2116	3	1
168.481	2117	4	1
168.481	2118	1	1
168.572	2119	2	1
168.663	2120	3	1
168.663	2121	4	1
168.754	2122	1	1
168.845	2123	3	1
168.845	2124	4	1
168.935	2125	1	1
168.935	2126	2	1
169.026	2127	4	1
169.026	2128	3	1
169.117	2129	2	1
169.117	2130	1	1
169.208	2131	4	1
169.299	2132	3	1
169.390	2133	1	1
169.390	2134	2	1
169.572	2135	1	1
169.572	2136	3	1
169.572	2137	4	1
169.935	2138	2	1
169.935	2139	4	1
169.935	2140	1	1
170.026	2141	2	1
170.117	2142	1	1
170.117	2143	4	1
170.117	2144	3	1
170.208	2145	3	1
170.299	2146	4	1
170.299	2147	1	1
170.299	2148	2	1
170.390	2149	1	1
170.481	2150	2	1
170.481	2151	3	1
170.481	2152	4	1
170.572	2153	4	1
170.663	2154	3	1
170.663	2155	2	1
170.663	2156	1	1
170.754	2157	1	1
170.845	2158	3	1
170.935	2159	2	1
171.026	2160	1	1
171.026	2161	3	1
171.026	2162	4	1
171.208	2163	2	1
171.390	2164	3	1
171.572	2165	4	2
171.935	2166	4	3
171.935	2167	3	2
172.299	2168	3	3
172.299	2169	2	2
173.935	2170	2	3
172.481	2171	1	2
173.935	2172	1	3
172.481	2173	4	2
173.935	2174	4	3