Song Name	Enigma (Hard) by Pixel Terror & Aviella [Monstercat]
Difficulty	26
Primary Color	Beat
Secondary Color	Chill
Last Note Time	179.214
Total Notes	1946
Fever Fill	469
Fever Time	26.882100
Long Notes	538
BPM	142
Song Length	179.211655329

Timing Points
3.440	422.5352


Song Data
3.440	1	1	2
3.440	2	2	1
3.651	3	3	1
3.756	4	4	2
3.756	5	1	3
3.862	6	2	1
4.073	7	1	1
4.285	8	3	1
4.496	9	2	1
4.707	10	3	1
4.918	11	1	1
5.130	12	3	1
5.341	13	2	2
5.341	14	4	3
5.552	15	3	2
5.552	16	2	3
5.763	17	4	2
5.763	18	3	3
5.975	19	3	2
5.975	20	4	3
6.186	21	2	2
6.186	22	3	3
6.397	23	1	2
6.397	24	2	3
6.609	25	3	2
6.609	26	1	3
6.820	27	2	2
6.820	28	3	3
7.031	29	3	2
7.031	30	2	3
7.242	31	4	2
7.242	32	3	3
7.454	33	3	2
7.454	34	4	3
7.665	35	2	2
7.665	36	3	3
7.876	37	4	2
7.876	38	2	3
8.087	39	3	2
8.087	40	4	3
8.299	41	2	2
8.299	42	3	3
8.510	43	1	2
8.510	44	2	3
8.721	45	3	1
8.932	46	4	1
9.144	47	2	1
9.355	48	3	1
9.355	49	1	3
9.566	50	1	1
9.778	51	2	2
9.989	52	3	2
9.989	53	2	3
10.200	54	1	2
10.200	55	3	3
10.411	56	3	1
10.517	57	4	2
10.517	58	1	3
10.623	59	2	1
10.834	60	1	1
11.045	61	3	1
11.256	62	2	1
11.468	63	3	1
11.679	64	1	1
11.890	65	3	1
12.101	66	2	2
12.101	67	4	3
12.313	68	3	2
12.313	69	2	3
12.524	70	4	2
12.524	71	3	3
12.735	72	3	2
12.735	73	4	3
12.947	74	2	2
12.947	75	3	3
13.158	76	1	2
13.158	77	2	3
13.369	78	3	2
13.369	79	1	3
13.580	80	2	2
13.580	81	3	3
13.792	82	3	2
13.792	83	2	3
14.003	84	4	2
14.003	85	3	3
14.214	86	1	1
14.425	87	2	2
14.425	88	4	3
14.637	89	4	2
14.637	90	2	3
14.848	91	3	2
14.848	92	4	3
15.059	93	2	2
15.059	94	3	3
15.270	95	1	2
15.270	96	2	3
15.482	97	3	1
15.693	98	4	1
15.904	99	2	1
16.116	100	3	1
16.116	101	1	3
16.327	102	1	1
16.538	103	2	1
16.749	104	3	1
16.961	105	1	2
17.172	106	2	2
17.172	107	1	3
17.383	108	3	2
17.383	109	2	3
17.594	110	4	2
17.594	111	3	3
17.806	112	3	2
17.806	113	4	3
18.017	114	2	2
18.017	115	3	3
18.228	116	3	2
18.228	117	2	3
18.440	118	4	2
18.440	119	3	3
18.651	120	3	2
18.651	121	4	3
18.862	122	2	1
19.073	123	1	1
19.285	124	2	2
19.285	125	3	3
19.496	126	4	1
19.707	127	3	1
19.918	128	1	2
19.918	129	2	3
20.130	130	4	2
20.130	131	1	3
20.341	132	2	1
20.552	133	3	2
20.552	134	4	3
20.763	135	2	2
20.763	136	3	3
20.975	137	1	1
21.186	138	3	2
21.397	139	4	1
21.609	140	1	1
21.609	141	2	3
21.609	142	3	3
21.820	143	4	2
22.031	144	2	1
22.242	145	3	2
22.242	146	4	3
22.454	147	2	2
22.454	148	3	3
22.665	149	4	1
22.876	150	1	2
23.087	151	3	1
23.299	152	4	1
23.299	153	1	3
23.299	154	2	3
23.510	155	3	1
23.721	156	1	2
23.932	157	2	2
23.932	158	1	3
24.144	159	3	2
24.144	160	2	3
24.355	161	4	2
24.355	162	3	3
24.566	163	3	2
24.566	164	4	3
24.778	165	2	2
24.778	166	3	3
24.989	167	3	2
24.989	168	2	3
25.200	169	4	2
25.200	170	3	3
25.411	171	3	2
25.411	172	4	3
25.623	173	2	1
25.834	174	1	1
26.045	175	2	2
26.045	176	3	3
26.256	177	4	1
26.468	178	3	1
26.679	179	1	2
26.679	180	2	3
26.890	181	4	2
26.890	182	1	3
27.101	183	2	1
27.313	184	3	2
27.313	185	4	3
27.524	186	2	2
27.524	187	3	3
27.735	188	1	1
27.947	189	3	2
28.158	190	4	1
28.369	191	1	1
28.369	192	2	3
28.369	193	3	3
28.580	194	4	2
29.003	195	3	2
29.003	196	4	3
29.214	197	2	2
29.214	198	3	3
29.637	199	1	2
30.059	200	3	1
30.059	201	4	1
30.059	202	1	3
30.059	203	2	3
30.482	204	1	1
30.482	205	4	2
30.693	206	1	2
30.693	207	4	3
30.904	208	2	1
30.904	209	3	1
31.116	210	2	1
31.327	211	3	1
31.327	212	4	1
31.327	213	1	3
31.538	214	4	1
31.749	215	1	1
31.749	216	2	1
31.961	217	2	1
32.172	218	1	1
32.172	219	4	2
32.383	220	1	2
32.383	221	4	3
32.594	222	2	1
32.594	223	3	1
32.806	224	2	1
33.017	225	3	1
33.017	226	4	1
33.017	227	1	3
33.228	228	4	1
33.440	229	1	2
33.440	230	2	1
33.545	231	1	3
33.651	232	1	2
33.756	233	1	3
33.862	234	1	1
33.862	235	4	2
34.073	236	1	2
34.073	237	4	3
34.285	238	2	1
34.285	239	3	1
34.496	240	2	1
34.707	241	3	1
34.707	242	4	1
34.707	243	1	3
34.918	244	4	1
35.130	245	1	2
35.130	246	2	1
35.341	247	3	2
35.341	248	1	3
35.552	249	1	1
35.552	250	4	1
35.552	251	3	3
35.763	252	4	2
35.975	253	2	2
35.975	254	3	1
35.975	255	4	3
36.186	256	1	1
36.397	257	3	2
36.397	258	4	1
36.397	259	2	3
36.609	260	4	2
36.609	261	3	3
36.820	262	1	1
36.820	263	2	1
36.820	264	3	1
36.820	265	4	3
37.242	266	1	1
37.242	267	4	2
37.454	268	1	2
37.454	269	3	1
37.454	270	4	3
37.665	271	2	1
37.665	272	3	1
37.876	273	2	1
37.876	274	4	1
38.087	275	3	1
38.087	276	4	1
38.087	277	1	3
38.299	278	1	1
38.299	279	3	1
38.510	280	1	1
38.510	281	2	1
38.721	282	2	1
38.721	283	3	1
38.932	284	1	1
38.932	285	4	2
39.144	286	1	2
39.144	287	3	1
39.144	288	4	3
39.355	289	2	1
39.355	290	3	1
39.566	291	2	1
39.566	292	4	1
39.778	293	3	1
39.778	294	4	1
39.778	295	1	3
39.989	296	2	1
39.989	297	3	1
40.200	298	1	2
40.200	299	2	1
40.306	300	1	3
40.411	301	1	2
40.411	302	2	1
40.464	303	4	1
40.517	304	3	1
40.517	305	1	3
40.570	306	2	1
40.623	307	1	1
40.623	308	4	2
40.728	309	3	1
40.834	310	1	2
40.834	311	4	3
40.940	312	4	1
41.045	313	2	1
41.045	314	3	1
41.151	315	4	1
41.256	316	3	1
41.362	317	2	1
41.468	318	3	1
41.468	319	4	1
41.468	320	1	3
41.573	321	2	1
41.679	322	4	1
41.785	323	3	1
41.890	324	1	1
41.890	325	2	1
41.996	326	4	1
42.101	327	3	1
42.207	328	2	1
42.313	329	1	2
42.418	330	1	3
42.524	331	4	2
42.630	332	4	3
42.735	333	1	2
42.947	334	4	2
42.947	335	1	3
43.158	336	1	2
43.263	337	4	3
43.369	338	4	2
43.475	339	1	3
43.580	340	1	1
43.580	341	2	1
43.580	342	4	3
44.003	343	1	1
44.003	344	2	1
44.003	345	4	1
44.056	346	3	1
44.109	347	2	1
44.161	348	1	1
44.214	349	4	1
44.267	350	3	1
44.320	351	2	1
44.373	352	1	1
44.425	353	3	1
44.425	354	4	1
44.496	355	2	1
44.566	356	1	1
44.637	357	4	1
44.707	358	3	1
44.778	359	2	1
44.848	360	1	2
44.848	361	4	1
45.059	362	4	2
45.270	363	2	2
45.270	364	3	2
45.270	365	1	3
45.270	366	4	3
45.341	367	2	3
45.341	368	3	3
45.482	369	4	1
45.535	370	3	1
45.587	371	2	1
45.640	372	1	1
45.693	373	3	1
45.693	374	4	1
45.763	375	2	1
45.834	376	3	1
45.904	377	4	1
45.975	378	1	1
46.045	379	2	1
46.116	380	3	1
46.116	381	4	1
46.186	382	1	1
46.256	383	2	1
46.327	384	3	1
46.397	385	4	1
46.468	386	1	1
46.538	387	2	1
46.538	388	3	2
46.749	389	1	2
46.961	390	2	2
46.961	391	4	1
46.961	392	1	3
46.961	393	3	3
47.172	394	3	2
47.172	395	2	3
47.383	396	1	1
47.383	397	4	2
47.383	398	3	3
47.594	399	2	2
47.806	400	1	2
47.806	401	3	1
47.806	402	2	3
47.806	403	4	3
48.017	404	4	2
48.017	405	1	3
48.158	406	4	3
48.228	407	2	1
48.228	408	4	2
48.440	409	1	1
48.440	410	4	3
48.492	411	2	1
48.545	412	3	1
48.598	413	4	1
48.651	414	1	1
48.651	415	2	1
48.721	416	3	1
48.792	417	2	1
48.862	418	1	1
48.932	419	4	1
49.003	420	3	1
49.073	421	1	1
49.073	422	2	2
49.285	423	4	1
49.285	424	2	3
49.355	425	3	1
49.425	426	2	1
49.496	427	1	2
49.496	428	4	1
49.707	429	4	2
49.707	430	1	3
49.918	431	2	1
49.918	432	3	2
49.918	433	4	3
50.130	434	3	3
50.341	435	2	1
50.341	436	3	2
50.552	437	3	3
50.763	438	1	1
50.763	439	2	1
50.763	440	4	1
50.816	441	3	1
50.869	442	2	1
50.922	443	1	1
50.975	444	4	1
51.028	445	3	1
51.080	446	2	1
51.133	447	1	1
51.186	448	3	1
51.186	449	4	1
51.256	450	2	1
51.327	451	1	1
51.397	452	4	1
51.468	453	3	1
51.538	454	2	1
51.609	455	1	2
51.609	456	4	1
51.820	457	4	2
52.031	458	2	2
52.031	459	3	2
52.031	460	1	3
52.031	461	4	3
52.101	462	2	3
52.101	463	3	3
52.242	464	4	1
52.295	465	3	1
52.348	466	2	1
52.454	467	1	1
52.454	468	4	1
52.524	469	2	1
52.594	470	3	1
52.665	471	4	1
52.735	472	1	1
52.806	473	2	1
52.876	474	3	1
52.876	475	4	1
52.947	476	1	1
53.017	477	2	1
53.087	478	3	1
53.158	479	4	1
53.228	480	1	1
53.299	481	2	1
53.299	482	3	2
53.510	483	1	2
53.721	484	2	2
53.721	485	4	1
53.721	486	1	3
53.721	487	3	3
53.932	488	3	2
53.932	489	2	3
54.144	490	1	1
54.144	491	4	2
54.144	492	3	3
54.355	493	2	2
54.566	494	1	2
54.566	495	3	1
54.566	496	2	3
54.566	497	4	3
54.778	498	4	2
54.778	499	1	3
54.918	500	4	3
54.989	501	2	1
54.989	502	4	2
55.200	503	1	1
55.200	504	4	3
55.253	505	2	1
55.306	506	3	1
55.411	507	1	1
55.411	508	4	2
55.623	509	3	2
55.623	510	4	3
55.834	511	1	1
55.834	512	2	2
55.834	513	3	3
56.045	514	4	1
56.045	515	2	3
56.116	516	3	1
56.186	517	2	1
56.256	518	1	2
56.256	519	4	1
56.468	520	4	2
56.468	521	1	3
56.679	522	2	1
56.679	523	3	2
56.679	524	4	3
56.890	525	1	1
56.890	526	4	1
56.890	527	3	3
57.101	528	1	1
57.101	529	3	1
57.313	530	1	1
57.313	531	2	1
57.524	532	1	1
57.524	533	2	1
57.524	534	4	1
57.577	535	3	1
57.630	536	2	1
57.682	537	1	1
57.735	538	4	1
57.788	539	3	1
57.841	540	2	1
57.894	541	1	1
57.947	542	3	1
57.947	543	4	1
58.017	544	2	1
58.087	545	1	1
58.158	546	4	1
58.228	547	3	1
58.299	548	2	1
58.369	549	1	2
58.369	550	4	1
58.580	551	4	2
58.792	552	2	2
58.792	553	3	2
58.792	554	1	3
58.792	555	4	3
58.862	556	2	3
58.862	557	3	3
59.003	558	4	1
59.056	559	3	1
59.109	560	2	1
59.161	561	1	1
59.214	562	3	1
59.214	563	4	1
59.285	564	2	1
59.355	565	3	1
59.425	566	4	1
59.496	567	1	1
59.566	568	2	1
59.637	569	3	1
59.637	570	4	1
59.707	571	1	1
59.778	572	2	1
59.848	573	3	1
59.918	574	4	1
59.989	575	1	1
60.059	576	2	1
60.059	577	3	2
60.270	578	1	2
60.482	579	2	2
60.482	580	4	1
60.482	581	1	3
60.482	582	3	3
60.693	583	3	2
60.693	584	2	3
60.904	585	1	1
60.904	586	4	2
60.904	587	3	3
61.116	588	2	2
61.327	589	1	2
61.327	590	3	1
61.327	591	2	3
61.327	592	4	3
61.538	593	4	2
61.538	594	1	3
61.679	595	4	3
61.749	596	2	1
61.749	597	4	2
61.961	598	1	1
61.961	599	4	3
62.013	600	2	1
62.066	601	3	1
62.119	602	4	1
62.172	603	1	1
62.172	604	2	1
62.242	605	3	1
62.313	606	2	1
62.383	607	1	1
62.454	608	4	1
62.524	609	3	1
62.594	610	1	1
62.594	611	2	2
62.806	612	4	2
62.806	613	2	3
63.017	614	1	2
63.017	615	3	1
63.017	616	4	3
63.228	617	4	2
63.228	618	1	3
63.440	619	2	2
63.440	620	3	1
63.440	621	4	3
63.651	622	4	2
63.651	623	2	3
63.862	624	1	1
63.862	625	3	2
63.862	626	4	3
64.285	627	1	1
64.285	628	2	1
64.285	629	4	1
64.285	630	3	3
64.337	631	3	1
64.390	632	2	1
64.443	633	1	1
64.496	634	3	1
64.496	635	4	1
64.549	636	2	1
64.601	637	1	1
64.654	638	3	1
64.707	639	2	1
64.707	640	4	1
64.778	641	1	1
64.848	642	3	1
64.918	643	1	1
64.918	644	2	1
64.989	645	4	1
65.059	646	3	1
65.130	647	1	2
65.130	648	2	1
65.341	649	3	1
65.341	650	4	2
65.552	651	2	1
65.552	652	3	1
65.552	653	1	3
65.552	654	4	3
65.763	655	1	1
65.763	656	4	1
65.816	657	3	1
65.869	658	2	1
65.975	659	1	1
65.975	660	4	1
66.045	661	2	1
66.116	662	3	1
66.186	663	1	1
66.186	664	4	1
66.256	665	2	1
66.327	666	3	1
66.397	667	1	1
66.397	668	4	1
66.468	669	2	1
66.538	670	3	1
66.609	671	1	1
66.609	672	4	1
66.679	673	2	1
66.749	674	3	1
66.820	675	1	1
66.820	676	4	2
67.031	677	1	2
67.031	678	2	1
67.242	679	2	2
67.242	680	3	1
67.242	681	1	3
67.242	682	4	3
67.454	683	1	1
67.454	684	4	2
67.454	685	2	3
67.665	686	1	2
67.665	687	3	1
67.665	688	4	3
67.876	689	2	2
67.876	690	4	1
67.876	691	1	3
68.087	692	1	1
68.087	693	3	2
68.087	694	2	3
68.299	695	2	1
68.299	696	4	2
68.299	697	3	3
68.510	698	1	1
68.510	699	3	2
68.510	700	4	3
68.721	701	2	2
68.721	702	4	1
68.721	703	3	3
68.932	704	1	2
68.932	705	3	1
68.932	706	2	3
69.144	707	2	1
69.144	708	4	2
69.144	709	1	3
69.355	710	1	1
69.355	711	4	3
69.566	712	3	2
69.778	713	1	2
69.778	714	3	3
69.989	715	4	2
69.989	716	1	3
70.200	717	3	2
70.200	718	4	3
70.411	719	2	2
70.411	720	3	3
70.623	721	1	2
70.623	722	2	3
71.045	723	2	1
71.045	724	3	1
71.045	725	4	1
71.045	726	1	3
71.098	727	1	1
71.151	728	2	1
71.204	729	3	1
71.256	730	4	2
71.309	731	1	1
71.362	732	2	1
71.415	733	3	1
71.468	734	1	1
71.468	735	2	2
71.468	736	4	3
71.890	737	3	2
71.890	738	4	2
71.890	739	2	3
71.961	740	3	3
71.961	741	4	3
72.313	742	1	1
72.313	743	2	2
72.524	744	4	2
72.524	745	2	3
72.630	746	4	3
72.735	747	2	1
72.735	748	4	2
72.841	749	4	3
72.947	750	4	2
73.052	751	4	3
73.158	752	1	1
73.158	753	4	2
73.263	754	4	3
73.369	755	4	2
73.475	756	1	1
73.475	757	4	3
73.580	758	2	1
73.580	759	4	2
73.686	760	4	3
73.792	761	4	2
73.897	762	4	3
74.003	763	1	2
74.003	764	4	1
74.425	765	2	1
74.425	766	3	1
74.425	767	4	1
74.425	768	1	3
74.478	769	1	1
74.531	770	2	1
74.584	771	3	1
74.637	772	4	2
74.690	773	1	1
74.742	774	2	1
74.795	775	3	1
74.848	776	1	1
74.848	777	2	2
74.848	778	4	3
75.059	779	3	1
75.165	780	1	1
75.270	781	3	2
75.270	782	4	2
75.270	783	2	3
75.341	784	3	3
75.341	785	4	3
75.482	786	3	1
75.587	787	4	1
75.693	788	1	1
75.693	789	2	2
75.904	790	4	2
75.904	791	2	3
76.010	792	4	3
76.116	793	2	1
76.116	794	4	2
76.221	795	4	3
76.327	796	4	2
76.432	797	4	3
76.538	798	1	1
76.538	799	4	1
76.749	800	1	2
76.855	801	2	1
76.855	802	1	3
76.961	803	1	2
76.961	804	3	1
77.172	805	4	2
77.172	806	1	3
77.278	807	3	1
77.383	808	1	1
77.383	809	2	2
77.383	810	4	3
77.594	811	1	2
77.594	812	2	3
77.806	813	2	1
77.806	814	3	1
77.806	815	4	1
77.806	816	1	3
77.859	817	1	1
77.911	818	2	1
77.964	819	3	1
78.017	820	4	2
78.070	821	1	1
78.123	822	2	1
78.175	823	3	1
78.228	824	1	1
78.228	825	2	2
78.228	826	4	3
78.440	827	3	2
78.440	828	2	3
78.651	829	1	2
78.651	830	4	2
78.651	831	3	3
78.721	832	1	3
78.721	833	4	3
78.862	834	2	1
78.915	835	3	1
78.968	836	4	1
79.073	837	1	1
79.073	838	2	2
79.285	839	4	2
79.285	840	2	3
79.390	841	4	3
79.496	842	2	1
79.496	843	4	2
79.601	844	4	3
79.707	845	4	2
79.813	846	4	3
79.918	847	1	1
79.918	848	4	2
80.024	849	4	3
80.130	850	4	2
80.235	851	1	1
80.235	852	4	3
80.341	853	2	1
80.341	854	4	2
80.447	855	4	3
80.552	856	4	2
80.658	857	4	3
80.763	858	1	2
80.763	859	4	1
81.186	860	2	1
81.186	861	3	1
81.186	862	4	1
81.186	863	1	3
81.239	864	1	1
81.292	865	2	1
81.344	866	3	1
81.397	867	4	2
81.450	868	1	1
81.503	869	2	1
81.556	870	3	1
81.609	871	1	1
81.609	872	2	2
81.609	873	4	3
82.031	874	3	2
82.031	875	4	2
82.031	876	2	3
82.101	877	3	3
82.101	878	4	3
82.242	879	3	1
82.348	880	4	1
82.454	881	1	1
82.454	882	2	2
82.665	883	4	2
82.665	884	2	3
82.876	885	1	1
82.876	886	2	1
82.876	887	4	3
82.929	888	3	1
82.982	889	2	1
83.035	890	1	1
83.087	891	4	2
83.193	892	3	2
83.193	893	4	3
83.299	894	1	1
83.299	895	2	2
83.299	896	3	3
83.510	897	4	1
83.616	898	1	1
83.721	899	3	2
83.721	900	4	1
83.721	901	2	3
83.932	902	2	1
83.932	903	4	2
83.932	904	3	3
84.144	905	1	1
84.144	906	2	2
84.144	907	4	3
84.355	908	1	2
84.355	909	3	1
84.355	910	2	3
84.566	911	2	1
84.566	912	3	1
84.566	913	4	1
84.566	914	1	3
84.619	915	1	1
84.672	916	2	1
84.725	917	3	1
84.778	918	4	2
84.830	919	1	1
84.883	920	2	1
84.936	921	3	1
84.989	922	1	1
84.989	923	2	2
84.989	924	4	3
85.411	925	3	2
85.411	926	4	2
85.411	927	2	3
85.482	928	3	3
85.482	929	4	3
85.834	930	1	1
85.834	931	2	2
86.045	932	4	2
86.045	933	2	3
86.204	934	4	3
86.256	935	2	1
86.256	936	4	2
86.362	937	4	3
86.468	938	4	2
86.626	939	4	3
86.679	940	1	1
86.679	941	4	2
86.785	942	4	3
86.890	943	4	2
86.996	944	1	1
87.049	945	4	3
87.101	946	2	1
87.101	947	4	2
87.207	948	4	3
87.313	949	4	2
87.471	950	4	3
87.524	951	1	2
87.524	952	4	1
87.947	953	2	1
87.947	954	3	1
87.947	955	4	1
87.947	956	1	3
87.999	957	1	1
88.052	958	2	1
88.105	959	3	1
88.158	960	4	2
88.211	961	1	1
88.263	962	2	1
88.316	963	3	1
88.369	964	1	1
88.369	965	2	2
88.369	966	4	3
88.580	967	3	1
88.686	968	1	1
88.792	969	3	2
88.792	970	4	2
88.792	971	2	3
88.862	972	3	3
88.862	973	4	3
89.003	974	3	1
89.109	975	4	1
89.214	976	1	1
89.214	977	2	2
89.425	978	4	2
89.425	979	2	3
89.584	980	4	3
89.637	981	2	1
89.637	982	4	2
89.742	983	4	3
89.848	984	4	2
90.006	985	4	3
90.059	986	1	1
90.059	987	4	1
90.270	988	1	2
90.376	989	2	1
90.376	990	1	3
90.482	991	1	2
90.482	992	3	1
90.693	993	4	2
90.693	994	1	3
90.799	995	3	1
90.904	996	1	1
90.904	997	2	2
90.904	998	4	3
91.116	999	1	2
91.116	1000	2	3
91.327	1001	2	1
91.327	1002	3	1
91.327	1003	4	1
91.327	1004	1	3
91.380	1005	1	1
91.432	1006	2	1
91.485	1007	3	1
91.538	1008	1	1
91.538	1009	4	2
91.591	1010	2	1
91.644	1011	3	1
91.697	1012	1	1
91.749	1013	2	2
91.749	1014	3	1
91.749	1015	4	3
91.961	1016	1	1
91.961	1017	3	2
91.961	1018	2	3
92.172	1019	1	2
92.172	1020	4	2
92.172	1021	3	3
92.242	1022	1	3
92.242	1023	4	3
92.383	1024	1	1
92.383	1025	2	1
92.436	1026	3	1
92.489	1027	4	1
92.594	1028	1	1
92.594	1029	2	2
92.806	1030	1	1
92.806	1031	4	2
92.806	1032	2	3
92.964	1033	4	3
93.017	1034	1	1
93.017	1035	4	2
93.123	1036	4	3
93.228	1037	1	1
93.228	1038	4	2
93.387	1039	4	3
93.440	1040	1	1
93.440	1041	4	2
93.545	1042	4	3
93.651	1043	1	1
93.651	1044	4	2
93.756	1045	2	1
93.809	1046	4	3
93.862	1047	1	1
93.862	1048	4	2
93.968	1049	4	3
94.073	1050	1	1
94.073	1051	4	2
94.232	1052	4	3
94.285	1053	1	2
94.285	1054	4	1
94.496	1055	3	1
94.496	1056	4	1
94.601	1057	2	1
94.707	1058	3	1
94.707	1059	4	2
94.707	1060	1	3
94.918	1061	1	1
94.918	1062	2	2
94.918	1063	4	3
95.130	1064	3	2
95.130	1065	4	1
95.130	1066	2	3
95.341	1067	1	1
95.341	1068	2	1
95.341	1069	3	3
95.552	1070	3	1
95.552	1071	4	2
95.763	1072	1	1
95.763	1073	2	2
95.763	1074	4	3
95.975	1075	3	2
95.975	1076	4	1
95.975	1077	2	3
96.186	1078	1	1
96.186	1079	2	1
96.186	1080	3	3
96.397	1081	4	2
96.609	1082	2	2
96.609	1083	4	3
97.242	1084	4	2
97.242	1085	2	3
97.454	1086	2	2
97.454	1087	4	3
98.087	1088	1	2
98.087	1089	4	1
98.087	1090	2	3
98.404	1091	4	2
98.404	1092	1	3
98.932	1093	3	1
99.778	1094	1	1
99.989	1095	2	2
99.989	1096	4	3
100.200	1097	3	2
100.200	1098	2	3
100.411	1099	4	2
100.411	1100	3	3
100.623	1101	3	2
100.623	1102	4	3
100.834	1103	2	2
100.834	1104	3	3
101.045	1105	1	2
101.045	1106	2	3
101.256	1107	3	2
101.256	1108	1	3
101.468	1109	2	2
101.468	1110	3	3
101.679	1111	3	2
101.679	1112	2	3
101.890	1113	4	2
101.890	1114	3	3
102.101	1115	3	2
102.101	1116	4	3
102.313	1117	2	2
102.313	1118	3	3
102.524	1119	4	2
102.524	1120	2	3
102.735	1121	3	2
102.735	1122	4	3
102.947	1123	2	2
102.947	1124	3	3
103.158	1125	1	2
103.158	1126	2	3
104.003	1127	4	1
104.003	1128	1	3
104.425	1129	2	2
104.637	1130	3	2
104.637	1131	2	3
104.848	1132	1	2
104.848	1133	3	3
105.165	1134	4	2
105.165	1135	1	3
106.116	1136	1	1
106.327	1137	3	1
106.749	1138	2	2
106.749	1139	4	3
106.961	1140	3	2
106.961	1141	2	3
107.172	1142	4	2
107.172	1143	3	3
107.383	1144	3	2
107.383	1145	4	3
107.594	1146	2	2
107.594	1147	3	3
107.806	1148	1	2
107.806	1149	2	3
108.017	1150	3	2
108.017	1151	1	3
108.228	1152	2	2
108.228	1153	3	3
108.440	1154	3	2
108.440	1155	2	3
108.651	1156	4	2
108.651	1157	3	3
109.073	1158	2	2
109.073	1159	4	3
109.285	1160	4	2
109.285	1161	2	3
109.496	1162	3	2
109.496	1163	4	3
109.707	1164	2	2
109.707	1165	3	3
109.918	1166	1	2
109.918	1167	2	3
110.763	1168	4	1
110.763	1169	1	3
111.609	1170	1	2
111.609	1171	4	1
111.820	1172	2	2
111.820	1173	1	3
112.031	1174	3	2
112.031	1175	2	3
112.242	1176	4	2
112.242	1177	3	3
112.454	1178	3	2
112.454	1179	4	3
112.665	1180	2	2
112.665	1181	3	3
112.876	1182	3	2
112.876	1183	2	3
113.087	1184	4	2
113.087	1185	3	3
113.299	1186	3	2
113.299	1187	4	3
113.932	1188	2	2
113.932	1189	3	3
114.566	1190	1	2
114.566	1191	2	3
114.778	1192	4	2
114.778	1193	1	3
114.989	1194	1	1
114.989	1195	2	1
115.200	1196	3	2
115.200	1197	4	3
115.411	1198	2	2
115.411	1199	3	3
115.834	1200	3	2
116.256	1201	2	3
116.256	1202	3	3
116.468	1203	4	2
116.679	1204	1	1
116.679	1205	2	1
116.890	1206	3	2
116.890	1207	4	3
117.101	1208	2	2
117.101	1209	3	3
117.524	1210	1	2
117.947	1211	1	3
117.947	1212	2	3
118.369	1213	1	2
118.369	1214	4	1
118.580	1215	2	2
118.580	1216	1	3
118.792	1217	3	2
118.792	1218	2	3
119.003	1219	4	2
119.003	1220	3	3
119.214	1221	3	2
119.214	1222	4	3
119.425	1223	2	2
119.425	1224	3	3
119.637	1225	3	2
119.637	1226	2	3
119.848	1227	4	2
119.848	1228	3	3
120.059	1229	3	2
120.059	1230	4	3
120.693	1231	2	2
120.693	1232	3	3
121.327	1233	1	2
121.327	1234	2	3
121.538	1235	4	2
121.538	1236	1	3
121.749	1237	1	1
121.749	1238	2	1
121.961	1239	3	2
121.961	1240	4	3
122.172	1241	2	2
122.172	1242	3	3
122.594	1243	3	2
123.017	1244	2	3
123.017	1245	3	3
123.228	1246	4	2
123.651	1247	3	2
123.651	1248	4	3
123.862	1249	2	2
123.862	1250	3	3
124.285	1251	1	2
124.707	1252	3	1
124.707	1253	4	1
124.707	1254	1	3
124.707	1255	2	3
125.130	1256	2	2
125.130	1257	3	2
125.130	1258	4	2
125.270	1259	2	3
125.270	1260	3	3
125.270	1261	4	3
125.411	1262	2	2
125.411	1263	3	2
125.411	1264	4	2
125.552	1265	2	3
125.552	1266	3	3
125.552	1267	4	3
125.693	1268	2	2
125.693	1269	3	2
125.693	1270	4	2
125.834	1271	2	3
125.834	1272	3	3
125.834	1273	4	3
125.975	1274	2	2
125.975	1275	3	2
125.975	1276	4	2
126.116	1277	2	3
126.116	1278	3	3
126.116	1279	4	3
126.397	1280	1	2
126.538	1281	2	2
126.679	1282	3	1
126.679	1283	1	3
126.679	1284	2	3
126.820	1285	2	2
126.820	1286	3	2
126.820	1287	4	2
126.961	1288	2	3
126.961	1289	3	3
126.961	1290	4	3
127.101	1291	2	2
127.101	1292	3	2
127.101	1293	4	2
127.242	1294	2	3
127.242	1295	3	3
127.242	1296	4	3
127.383	1297	2	2
127.383	1298	3	2
127.383	1299	4	2
127.524	1300	2	3
127.524	1301	3	3
127.524	1302	4	3
127.665	1303	2	2
127.665	1304	3	2
127.665	1305	4	2
127.806	1306	2	3
127.806	1307	3	3
127.806	1308	4	3
128.087	1309	3	2
128.228	1310	2	2
128.369	1311	1	1
128.369	1312	2	3
128.369	1313	3	3
128.510	1314	2	2
128.510	1315	3	2
128.510	1316	4	2
128.932	1317	1	2
128.932	1318	2	3
128.932	1319	3	3
128.932	1320	4	3
129.073	1321	2	2
129.214	1322	3	1
129.214	1323	1	3
129.214	1324	2	3
129.355	1325	2	2
129.355	1326	3	2
129.355	1327	4	2
129.778	1328	1	2
129.778	1329	2	3
129.778	1330	3	3
129.778	1331	4	3
129.918	1332	2	2
130.059	1333	3	1
130.059	1334	1	3
130.059	1335	2	3
130.200	1336	2	2
130.200	1337	3	2
130.200	1338	4	2
130.623	1339	1	2
130.623	1340	2	3
130.623	1341	3	3
130.623	1342	4	3
130.763	1343	2	2
130.904	1344	3	1
130.904	1345	1	3
130.904	1346	2	3
131.045	1347	1	2
131.045	1348	2	2
131.045	1349	4	2
131.468	1350	3	1
131.468	1351	1	3
131.468	1352	2	3
131.468	1353	4	3
131.609	1354	2	1
131.749	1355	1	1
131.890	1356	2	2
131.890	1357	3	2
131.890	1358	4	2
132.031	1359	2	3
132.031	1360	3	3
132.031	1361	4	3
132.172	1362	2	2
132.172	1363	3	2
132.172	1364	4	2
132.313	1365	2	3
132.313	1366	3	3
132.313	1367	4	3
132.454	1368	2	2
132.454	1369	3	2
132.454	1370	4	2
132.594	1371	2	3
132.594	1372	3	3
132.594	1373	4	3
132.735	1374	2	2
132.735	1375	3	2
132.735	1376	4	2
132.876	1377	2	3
132.876	1378	3	3
132.876	1379	4	3
133.158	1380	1	2
133.158	1381	4	1
133.299	1382	2	2
133.440	1383	3	1
133.440	1384	1	3
133.440	1385	2	3
133.580	1386	1	2
133.580	1387	2	2
133.580	1388	3	2
133.721	1389	1	3
133.721	1390	2	3
133.721	1391	3	3
133.862	1392	1	2
133.862	1393	2	2
133.862	1394	3	2
134.003	1395	1	3
134.003	1396	2	3
134.003	1397	3	3
134.144	1398	1	2
134.144	1399	2	2
134.144	1400	3	2
134.285	1401	1	3
134.285	1402	2	3
134.285	1403	3	3
134.425	1404	1	2
134.425	1405	2	2
134.425	1406	3	2
134.566	1407	1	3
134.566	1408	2	3
134.566	1409	3	3
134.848	1410	1	1
134.848	1411	4	2
134.989	1412	3	2
135.130	1413	2	1
135.130	1414	3	3
135.130	1415	4	3
135.270	1416	1	2
135.270	1417	3	2
135.270	1418	4	2
136.961	1419	4	3
137.806	1420	2	1
137.806	1421	4	1
137.806	1422	1	3
138.017	1423	2	1
138.017	1424	4	1
138.228	1425	2	1
138.228	1426	4	1
138.440	1427	2	1
138.440	1428	4	1
138.651	1429	1	1
138.651	1430	4	2
138.651	1431	3	3
138.862	1432	1	2
138.862	1433	4	3
139.073	1434	2	1
139.073	1435	3	1
139.285	1436	2	1
139.496	1437	3	1
139.496	1438	4	1
139.496	1439	1	3
139.707	1440	4	1
139.918	1441	1	1
139.918	1442	2	1
140.130	1443	2	1
140.341	1444	1	1
140.341	1445	4	2
140.552	1446	1	2
140.552	1447	4	3
140.763	1448	2	1
140.763	1449	3	1
140.975	1450	2	1
141.186	1451	3	1
141.186	1452	4	1
141.186	1453	1	3
141.397	1454	4	1
141.609	1455	1	2
141.609	1456	2	1
141.714	1457	1	3
141.820	1458	1	2
141.925	1459	1	3
142.031	1460	1	1
142.031	1461	4	2
142.242	1462	1	2
142.242	1463	4	3
142.454	1464	2	1
142.454	1465	3	1
142.665	1466	2	1
142.876	1467	3	1
142.876	1468	4	1
142.876	1469	1	3
143.087	1470	4	1
143.299	1471	1	2
143.299	1472	2	1
143.510	1473	3	2
143.510	1474	1	3
143.721	1475	1	1
143.721	1476	4	1
143.721	1477	3	3
143.932	1478	4	2
144.144	1479	2	2
144.144	1480	3	1
144.144	1481	4	3
144.355	1482	1	1
144.566	1483	3	2
144.566	1484	4	1
144.566	1485	2	3
144.778	1486	4	2
144.778	1487	3	3
144.989	1488	1	1
144.989	1489	2	1
144.989	1490	3	1
144.989	1491	4	3
145.411	1492	1	1
145.411	1493	4	2
145.623	1494	1	2
145.623	1495	3	1
145.623	1496	4	3
145.834	1497	2	1
145.834	1498	3	1
146.045	1499	2	1
146.045	1500	4	1
146.256	1501	3	1
146.256	1502	4	1
146.256	1503	1	3
146.468	1504	1	1
146.468	1505	3	1
146.679	1506	1	1
146.679	1507	2	1
146.890	1508	2	1
146.890	1509	3	1
147.101	1510	1	1
147.101	1511	4	2
147.313	1512	1	2
147.313	1513	3	1
147.313	1514	4	3
147.524	1515	2	1
147.524	1516	3	1
147.735	1517	2	1
147.735	1518	4	1
147.947	1519	3	1
147.947	1520	4	1
147.947	1521	1	3
148.158	1522	2	1
148.158	1523	3	1
148.369	1524	1	2
148.369	1525	2	1
148.475	1526	1	3
148.580	1527	1	2
148.580	1528	2	1
148.633	1529	4	1
148.686	1530	3	1
148.686	1531	1	3
148.739	1532	2	1
148.792	1533	1	1
148.792	1534	4	2
148.897	1535	3	1
149.003	1536	1	2
149.003	1537	4	3
149.109	1538	4	1
149.214	1539	2	1
149.214	1540	3	1
149.320	1541	4	1
149.425	1542	3	1
149.531	1543	2	1
149.637	1544	3	1
149.637	1545	4	1
149.637	1546	1	3
149.742	1547	2	1
149.848	1548	4	1
149.954	1549	3	1
150.059	1550	1	1
150.059	1551	2	1
150.165	1552	4	1
150.270	1553	3	1
150.376	1554	2	1
150.482	1555	1	2
150.587	1556	1	3
150.693	1557	4	2
150.799	1558	4	3
150.904	1559	1	2
151.116	1560	4	2
151.116	1561	1	3
151.327	1562	1	2
151.432	1563	4	3
151.538	1564	4	2
151.644	1565	1	3
151.749	1566	1	1
151.749	1567	2	1
151.749	1568	4	3
152.172	1569	1	1
152.172	1570	2	1
152.172	1571	4	1
152.225	1572	3	1
152.278	1573	2	1
152.330	1574	1	1
152.383	1575	4	1
152.436	1576	3	1
152.489	1577	2	1
152.542	1578	1	1
152.594	1579	3	1
152.594	1580	4	1
152.665	1581	2	1
152.735	1582	1	1
152.806	1583	4	1
152.876	1584	3	1
152.947	1585	2	1
153.017	1586	1	2
153.017	1587	4	1
153.228	1588	4	2
153.440	1589	2	2
153.440	1590	3	2
153.440	1591	1	3
153.440	1592	4	3
153.510	1593	2	3
153.510	1594	3	3
153.651	1595	4	1
153.704	1596	3	1
153.756	1597	2	1
153.809	1598	1	1
153.862	1599	3	1
153.862	1600	4	1
153.932	1601	2	1
154.003	1602	3	1
154.073	1603	4	1
154.144	1604	1	1
154.214	1605	2	1
154.285	1606	3	1
154.285	1607	4	1
154.355	1608	1	1
154.425	1609	2	1
154.496	1610	3	1
154.566	1611	4	1
154.637	1612	1	1
154.707	1613	2	1
154.707	1614	3	2
154.918	1615	1	2
155.130	1616	2	2
155.130	1617	4	1
155.130	1618	1	3
155.130	1619	3	3
155.341	1620	3	2
155.341	1621	2	3
155.552	1622	1	1
155.552	1623	4	2
155.552	1624	3	3
155.763	1625	2	2
155.975	1626	1	2
155.975	1627	3	1
155.975	1628	2	3
155.975	1629	4	3
156.186	1630	4	2
156.186	1631	1	3
156.327	1632	4	3
156.397	1633	2	1
156.397	1634	4	2
156.609	1635	1	1
156.609	1636	4	3
156.661	1637	2	1
156.714	1638	3	1
156.767	1639	4	1
156.820	1640	1	1
156.820	1641	2	1
156.890	1642	3	1
156.961	1643	2	1
157.031	1644	1	1
157.101	1645	4	1
157.172	1646	3	1
157.242	1647	1	1
157.242	1648	2	2
157.454	1649	4	1
157.454	1650	2	3
157.524	1651	3	1
157.594	1652	2	1
157.665	1653	1	2
157.665	1654	4	1
157.876	1655	4	2
157.876	1656	1	3
158.087	1657	2	1
158.087	1658	3	2
158.087	1659	4	3
158.299	1660	3	3
158.510	1661	2	1
158.510	1662	3	2
158.721	1663	3	3
158.932	1664	1	1
158.932	1665	2	1
158.932	1666	4	1
158.985	1667	3	1
159.038	1668	2	1
159.091	1669	1	1
159.144	1670	4	1
159.197	1671	3	1
159.249	1672	2	1
159.302	1673	1	1
159.355	1674	3	1
159.355	1675	4	1
159.425	1676	2	1
159.496	1677	1	1
159.566	1678	4	1
159.637	1679	3	1
159.707	1680	2	1
159.778	1681	1	2
159.778	1682	4	1
159.989	1683	4	2
160.200	1684	2	2
160.200	1685	3	2
160.200	1686	1	3
160.200	1687	4	3
160.270	1688	2	3
160.270	1689	3	3
160.411	1690	4	1
160.464	1691	3	1
160.517	1692	2	1
160.623	1693	1	1
160.623	1694	4	1
160.693	1695	2	1
160.763	1696	3	1
160.834	1697	4	1
160.904	1698	1	1
160.975	1699	2	1
161.045	1700	3	1
161.045	1701	4	1
161.116	1702	1	1
161.186	1703	2	1
161.256	1704	3	1
161.327	1705	4	1
161.397	1706	1	1
161.468	1707	2	1
161.468	1708	3	2
161.679	1709	1	2
161.890	1710	2	2
161.890	1711	4	1
161.890	1712	1	3
161.890	1713	3	3
162.101	1714	3	2
162.101	1715	2	3
162.313	1716	1	1
162.313	1717	4	2
162.313	1718	3	3
162.524	1719	2	2
162.735	1720	1	2
162.735	1721	3	1
162.735	1722	2	3
162.735	1723	4	3
162.947	1724	4	2
162.947	1725	1	3
163.087	1726	4	3
163.158	1727	2	1
163.158	1728	4	2
163.369	1729	1	1
163.369	1730	4	3
163.422	1731	2	1
163.475	1732	3	1
163.580	1733	1	1
163.580	1734	4	2
163.792	1735	3	2
163.792	1736	4	3
164.003	1737	1	1
164.003	1738	2	2
164.003	1739	3	3
164.214	1740	4	1
164.214	1741	2	3
164.285	1742	3	1
164.355	1743	2	1
164.425	1744	1	2
164.425	1745	4	1
164.637	1746	4	2
164.637	1747	1	3
164.848	1748	2	1
164.848	1749	3	2
164.848	1750	4	3
165.059	1751	1	1
165.059	1752	4	1
165.059	1753	3	3
165.270	1754	1	1
165.270	1755	3	1
165.482	1756	1	1
165.482	1757	2	1
165.693	1758	4	1
165.746	1759	3	1
165.799	1760	2	1
165.851	1761	1	1
165.904	1762	4	1
165.957	1763	3	1
166.010	1764	2	1
166.063	1765	1	1
166.116	1766	3	1
166.116	1767	4	1
166.186	1768	2	1
166.256	1769	1	1
166.327	1770	4	1
166.397	1771	3	1
166.468	1772	2	1
166.538	1773	1	2
166.538	1774	4	1
166.749	1775	4	2
166.961	1776	2	2
166.961	1777	3	2
166.961	1778	1	3
166.961	1779	4	3
167.031	1780	2	3
167.031	1781	3	3
167.172	1782	4	1
167.225	1783	3	1
167.278	1784	2	1
167.330	1785	1	1
167.383	1786	3	1
167.383	1787	4	1
167.454	1788	2	1
167.524	1789	3	1
167.594	1790	4	1
167.665	1791	1	1
167.735	1792	2	1
167.806	1793	3	1
167.806	1794	4	1
167.876	1795	1	1
167.947	1796	2	1
168.017	1797	3	1
168.087	1798	4	1
168.158	1799	1	1
168.228	1800	2	1
168.228	1801	3	2
168.440	1802	1	2
168.651	1803	2	2
168.651	1804	4	1
168.651	1805	1	3
168.651	1806	3	3
168.862	1807	3	2
168.862	1808	2	3
169.073	1809	1	1
169.073	1810	4	2
169.073	1811	3	3
169.285	1812	2	2
169.496	1813	1	2
169.496	1814	3	1
169.496	1815	2	3
169.496	1816	4	3
169.707	1817	4	2
169.707	1818	1	3
169.848	1819	4	3
169.918	1820	2	1
169.918	1821	4	2
170.130	1822	1	1
170.130	1823	4	3
170.182	1824	2	1
170.235	1825	3	1
170.288	1826	4	1
170.341	1827	1	1
170.341	1828	2	1
170.411	1829	3	1
170.482	1830	2	1
170.552	1831	1	1
170.623	1832	4	1
170.693	1833	3	1
170.763	1834	1	1
170.763	1835	2	2
170.975	1836	4	2
170.975	1837	2	3
171.186	1838	1	2
171.186	1839	3	1
171.186	1840	4	3
171.397	1841	4	2
171.397	1842	1	3
171.609	1843	2	2
171.609	1844	3	1
171.609	1845	4	3
171.820	1846	4	2
171.820	1847	2	3
172.031	1848	1	1
172.031	1849	3	2
172.031	1850	4	3
172.454	1851	1	1
172.454	1852	2	1
172.454	1853	4	1
172.454	1854	3	3
172.506	1855	3	1
172.559	1856	2	1
172.612	1857	1	1
172.665	1858	3	1
172.665	1859	4	1
172.718	1860	2	1
172.770	1861	1	1
172.823	1862	3	1
172.876	1863	2	1
172.876	1864	4	1
172.947	1865	1	1
173.017	1866	3	1
173.087	1867	1	1
173.087	1868	2	1
173.158	1869	4	1
173.228	1870	3	1
173.299	1871	1	2
173.299	1872	2	1
173.510	1873	3	1
173.510	1874	4	2
173.721	1875	2	1
173.721	1876	3	1
173.721	1877	1	3
173.721	1878	4	3
173.932	1879	1	1
173.932	1880	4	1
173.985	1881	3	1
174.038	1882	2	1
174.144	1883	1	1
174.144	1884	4	1
174.214	1885	2	1
174.285	1886	3	1
174.355	1887	1	1
174.355	1888	4	1
174.425	1889	2	1
174.496	1890	3	1
174.566	1891	1	1
174.566	1892	4	1
174.637	1893	2	1
174.707	1894	3	1
174.778	1895	1	1
174.778	1896	4	1
174.848	1897	2	1
174.918	1898	3	1
174.989	1899	1	1
174.989	1900	4	2
175.200	1901	1	2
175.200	1902	2	1
175.411	1903	2	2
175.411	1904	3	1
175.411	1905	1	3
175.411	1906	4	3
175.623	1907	1	1
175.623	1908	4	2
175.623	1909	2	3
175.834	1910	1	2
175.834	1911	3	1
175.834	1912	4	3
176.045	1913	2	2
176.045	1914	4	1
176.045	1915	1	3
176.256	1916	1	1
176.256	1917	3	2
176.256	1918	2	3
176.468	1919	2	1
176.468	1920	4	2
176.468	1921	3	3
176.679	1922	1	1
176.679	1923	3	2
176.679	1924	4	3
176.890	1925	2	2
176.890	1926	4	1
176.890	1927	3	3
177.101	1928	1	2
177.101	1929	3	1
177.101	1930	2	3
177.313	1931	2	1
177.313	1932	4	2
177.313	1933	1	3
177.524	1934	1	1
177.524	1935	4	3
177.577	1936	2	1
177.630	1937	3	1
177.682	1938	4	1
177.735	1939	1	2
177.947	1940	2	2
177.947	1941	1	3
178.369	1942	4	2
178.369	1943	2	3
178.792	1944	1	2
178.792	1945	4	3
179.214	1946	1	3