Song Name	Exosphere (Hard) by Creo
Title	Exosphere (Hard)
Artist	Creo
Description	A track released in 2020 by Austrian producer Creo. Featuring 'Jeremy Jellyfish' in the music video, this saxophone-dominated track brings back some of the most iconic elements of Creo's music. Map by angrybird16755 and Ucitysm.
Difficulty	20
Primary Color	Vibe
Secondary Color	Chill
Cover Image ID	6153072033
Audio Asset ID	rbxassetid://9063131557
Audio File	9063131557.ogg
Last Note Time	164.896
Total Notes	1292
Fever Fill	356
Fever Time	24.734400
Long Notes	223
BPM	118
Song Length	165.896000000

Timing Points
2.058	508.474576
67.142	508.474576
83.413	508.474576
149.007	508.474576
164.769	508.474576


Song Data
2.058	1	1	1
2.058	2	4	1
2.312	3	3	1
2.566	4	2	2
2.884	5	2	3
3.074	6	3	2
3.329	7	3	3
3.329	8	2	2
3.646	9	2	3
3.837	10	3	2
3.964	11	3	3
4.091	12	4	2
5.363	13	4	3
5.363	14	1	2
6.125	15	1	3
6.125	16	2	2
9.176	17	2	3
9.430	18	4	2
10.193	19	4	3
10.193	20	1	1
10.447	21	3	1
10.702	22	1	1
10.702	23	2	2
11.019	24	2	3
11.210	25	3	2
11.464	26	3	3
11.464	27	2	2
11.719	28	2	3
11.719	29	4	1
11.719	30	1	1
11.973	31	3	2
12.100	32	3	3
12.227	33	4	2
13.498	34	4	3
12.735	35	1	1
12.735	36	2	1
13.244	37	3	1
13.498	38	1	2
14.261	39	1	3
13.752	40	3	1
13.752	41	4	1
14.261	42	2	2
17.312	43	2	3
14.769	44	4	1
14.769	45	1	1
15.278	46	3	1
15.786	47	1	1
15.786	48	4	1
16.168	49	4	1
16.231	50	3	1
16.295	51	1	1
16.549	52	3	1
16.803	53	4	1
16.803	54	1	1
17.057	55	3	1
17.312	56	1	1
17.566	57	4	2
18.329	58	4	3
17.566	59	3	1
17.820	60	1	1
17.820	61	3	1
18.329	62	1	1
18.583	63	3	1
18.837	64	2	2
19.091	65	2	3
18.837	66	1	1
19.346	67	3	2
19.600	68	3	3
19.600	69	2	2
19.854	70	2	3
19.854	71	1	1
19.854	72	4	1
20.108	73	3	2
20.235	74	3	3
20.363	75	4	2
21.634	76	4	3
20.617	77	2	1
20.871	78	3	1
20.871	79	1	1
21.125	80	2	1
21.380	81	3	1
21.634	82	1	2
22.396	83	1	3
21.888	84	3	1
21.888	85	2	1
22.142	86	4	1
22.396	87	2	2
23.668	88	2	3
22.651	89	3	1
22.905	90	4	1
22.905	91	1	1
23.159	92	3	1
23.413	93	4	1
23.668	94	1	2
24.430	95	1	3
23.922	96	2	1
23.922	97	4	1
24.176	98	3	1
24.430	99	2	2
25.447	100	2	3
24.685	101	3	1
24.939	102	4	1
24.939	103	1	1
25.193	104	3	1
25.447	105	1	1
25.702	106	4	2
26.464	107	4	3
25.702	108	3	1
25.956	109	3	1
25.956	110	1	1
26.210	111	2	1
26.464	112	1	1
26.719	113	3	1
26.973	114	2	1
26.973	115	1	1
27.227	116	3	1
27.481	117	3	2
27.735	118	3	3
27.735	119	2	2
27.990	120	2	3
27.990	121	4	1
27.990	122	1	1
28.244	123	3	2
28.371	124	3	3
28.498	125	1	1
28.752	126	4	2
29.007	127	4	3
29.007	128	1	2
29.388	129	1	3
29.007	130	2	1
29.261	131	3	1
29.515	132	2	2
29.769	133	2	3
29.769	134	1	2
30.024	135	1	3
30.024	136	3	1
30.024	137	4	1
30.278	138	1	2
30.532	139	1	3
30.532	140	2	1
30.786	141	3	1
31.041	142	2	2
31.295	143	2	3
31.041	144	1	1
31.295	145	4	1
31.549	146	3	2
31.803	147	3	3
31.803	148	2	2
32.057	149	2	3
32.057	150	4	1
32.057	151	1	1
32.312	152	3	2
32.439	153	3	3
32.566	154	2	1
32.820	155	1	1
33.074	156	4	1
33.074	157	3	1
33.329	158	1	1
33.583	159	3	1
33.837	160	1	1
33.837	161	2	1
33.964	162	3	1
34.091	163	1	1
34.091	164	4	1
34.346	165	2	1
34.600	166	1	2
35.108	167	1	3
34.600	168	4	1
34.727	169	3	1
34.854	170	2	1
35.108	171	4	1
35.363	172	3	1
35.490	173	4	1
35.490	174	1	1
35.744	175	2	2
35.871	176	2	3
35.871	177	1	2
36.125	178	1	3
35.871	179	4	1
36.125	180	4	1
36.252	181	1	2
36.507	182	1	3
36.380	183	2	1
36.507	184	3	1
36.507	185	4	1
36.634	186	1	2
37.142	187	1	3
36.888	188	4	1
37.142	189	2	1
37.396	190	4	1
37.651	191	3	1
37.651	192	1	1
37.778	193	4	1
37.905	194	2	1
38.032	195	4	1
38.159	196	1	1
38.286	197	4	1
38.413	198	2	1
38.413	199	1	1
38.541	200	3	1
38.668	201	1	1
38.668	202	4	2
39.176	203	4	3
38.795	204	3	1
38.922	205	2	1
39.176	206	1	1
39.430	207	2	1
39.557	208	1	1
39.557	209	4	1
39.812	210	3	2
39.939	211	3	3
39.939	212	4	2
40.193	213	4	3
39.939	214	1	1
40.193	215	2	1
40.320	216	4	2
40.574	217	4	3
40.447	218	3	1
40.574	219	2	1
40.574	220	1	1
40.702	221	4	2
41.210	222	4	3
40.956	223	1	1
41.210	224	3	1
41.464	225	1	1
41.719	226	3	1
41.719	227	2	1
41.846	228	1	1
41.973	229	4	1
42.100	230	2	1
42.227	231	3	1
42.354	232	1	1
42.481	233	3	1
42.608	234	2	1
42.735	235	1	2
43.244	236	1	3
42.735	237	4	1
42.863	238	3	1
42.990	239	2	1
43.244	240	4	1
43.498	241	3	1
43.625	242	4	1
43.625	243	1	1
43.880	244	2	2
44.007	245	2	3
44.007	246	4	1
44.007	247	1	2
44.261	248	1	3
44.261	249	4	1
44.388	250	1	2
44.642	251	1	3
44.515	252	2	1
44.642	253	4	1
44.642	254	3	1
44.769	255	1	2
45.278	256	1	3
44.896	257	3	1
45.024	258	4	1
45.278	259	3	1
45.532	260	2	1
45.659	261	4	1
45.659	262	1	1
45.913	263	3	2
46.041	264	3	3
46.041	265	1	1
46.041	266	4	2
46.295	267	4	3
46.295	268	1	1
46.422	269	4	2
46.676	270	4	3
46.549	271	3	1
46.676	272	2	1
46.676	273	1	1
46.803	274	4	2
47.312	275	4	3
46.930	276	2	1
47.057	277	3	1
47.312	278	1	1
47.566	279	3	1
47.693	280	4	1
47.693	281	1	1
47.947	282	2	2
48.074	283	2	3
48.074	284	1	2
48.329	285	1	3
48.074	286	4	1
48.329	287	3	1
48.456	288	1	2
48.710	289	1	3
48.583	290	4	1
48.710	291	2	1
48.774	292	3	1
48.837	293	1	2
49.346	294	1	3
48.837	295	4	1
49.091	296	3	1
49.091	297	4	1
49.346	298	2	1
49.346	299	3	1
49.600	300	3	1
49.727	301	1	1
49.727	302	4	1
49.981	303	2	2
50.108	304	2	3
50.108	305	1	2
50.363	306	1	3
50.108	307	4	1
50.363	308	4	1
50.363	309	3	1
50.617	310	2	1
50.871	311	3	2
51.252	312	3	3
50.871	313	4	1
50.871	314	2	1
51.125	315	4	2
51.252	316	4	3
51.380	317	1	1
51.380	318	2	2
51.634	319	2	3
51.507	320	3	1
51.634	321	4	1
51.888	322	1	1
51.888	323	3	2
52.142	324	3	3
52.142	325	2	2
52.396	326	2	3
52.396	327	1	1
52.396	328	4	1
52.524	329	2	1
52.651	330	3	2
52.778	331	3	3
52.905	332	1	1
52.905	333	2	2
53.286	334	2	3
53.159	335	4	2
53.413	336	4	3
53.413	337	2	1
53.413	338	1	2
53.668	339	1	3
53.541	340	3	1
53.668	341	4	1
53.795	342	3	1
53.922	343	1	1
53.922	344	2	2
54.176	345	2	3
54.049	346	4	1
54.176	347	1	2
54.430	348	1	3
54.430	349	3	1
54.430	350	4	1
54.557	351	2	1
54.685	352	1	2
54.939	353	1	3
54.812	354	2	1
54.939	355	4	1
54.939	356	3	2
55.320	357	3	3
55.193	358	4	2
55.320	359	4	3
55.447	360	2	2
55.702	361	2	3
55.447	362	1	1
55.574	363	3	1
55.702	364	4	1
55.829	365	2	1
55.956	366	4	1
55.956	367	3	2
56.210	368	3	3
56.083	369	1	1
56.210	370	2	2
56.464	371	2	3
56.464	372	1	1
56.464	373	4	1
56.591	374	2	1
56.719	375	3	2
56.846	376	3	3
56.973	377	1	2
57.227	378	1	3
56.973	379	2	1
57.227	380	3	1
57.354	381	4	1
57.481	382	2	1
57.481	383	1	1
57.608	384	4	1
57.735	385	1	1
57.863	386	4	1
57.863	387	3	1
57.990	388	1	1
58.117	389	4	1
58.244	390	1	2
58.371	391	1	3
58.371	392	2	2
58.498	393	2	3
58.498	394	1	1
58.498	395	4	2
58.625	396	4	3
58.625	397	3	2
58.752	398	3	3
58.752	399	2	1
58.752	400	1	1
58.880	401	4	1
58.880	402	3	1
59.007	403	4	2
59.261	404	4	3
59.007	405	1	2
59.388	406	1	3
59.261	407	2	1
59.515	408	4	1
59.515	409	3	2
59.642	410	3	3
59.769	411	1	2
60.024	412	1	3
59.896	413	2	1
60.024	414	4	1
60.024	415	3	2
60.278	416	3	3
60.151	417	1	1
60.278	418	2	2
60.532	419	2	3
60.532	420	4	1
60.532	421	1	1
60.659	422	2	1
60.786	423	3	2
61.041	424	3	3
61.041	425	2	2
61.549	426	2	3
61.041	427	4	1
61.295	428	1	1
61.295	429	4	2
61.549	430	4	3
61.549	431	1	2
61.930	432	1	3
61.549	433	3	1
61.930	434	3	1
62.057	435	1	1
62.057	436	2	2
62.312	437	2	3
62.185	438	4	1
62.185	439	3	1
62.312	440	1	1
62.439	441	3	1
62.566	442	4	1
62.566	443	2	1
62.693	444	1	1
62.820	445	1	2
63.074	446	1	3
62.947	447	3	1
63.074	448	3	2
63.456	449	3	3
63.074	450	4	1
63.329	451	4	2
63.456	452	4	3
63.583	453	2	2
63.837	454	2	3
63.583	455	1	1
63.710	456	3	1
63.837	457	4	1
63.964	458	2	1
64.091	459	3	2
64.346	460	3	3
64.091	461	4	1
64.219	462	1	1
64.346	463	2	2
64.600	464	2	3
64.600	465	1	1
64.600	466	4	1
64.727	467	2	1
64.854	468	3	2
64.981	469	3	3
65.108	470	1	1
65.108	471	2	2
65.363	472	2	3
65.363	473	3	1
65.490	474	1	1
65.617	475	4	1
65.617	476	3	1
65.744	477	2	1
65.871	478	4	1
65.998	479	2	1
65.998	480	1	1
66.125	481	3	1
66.252	482	1	1
66.380	483	4	1
66.507	484	2	1
66.634	485	4	1
66.634	486	3	1
66.761	487	1	1
66.888	488	2	1
66.888	489	3	1
67.015	490	4	1
67.015	491	1	1
67.142	492	3	2
67.396	493	3	3
67.142	494	2	1
67.396	495	4	2
67.651	496	4	3
67.651	497	2	1
67.651	498	1	1
67.905	499	3	1
68.032	500	3	1
68.159	501	1	1
68.159	502	2	2
68.413	503	2	3
68.286	504	3	1
68.413	505	4	2
68.668	506	4	3
68.668	507	2	2
68.922	508	2	3
68.668	509	1	1
68.795	510	3	1
68.922	511	4	2
69.176	512	4	3
69.176	513	2	1
69.176	514	1	1
69.430	515	1	2
69.685	516	1	3
69.557	517	3	1
69.685	518	3	2
69.939	519	3	3
69.685	520	4	1
69.812	521	1	1
69.939	522	1	2
70.193	523	1	3
70.066	524	2	1
70.193	525	3	1
70.193	526	4	2
70.447	527	4	3
70.320	528	2	1
70.447	529	1	2
70.702	530	1	3
70.702	531	4	1
70.702	532	3	2
70.956	533	3	3
70.956	534	1	2
71.210	535	1	3
71.083	536	2	1
71.210	537	4	1
71.210	538	3	2
71.719	539	3	3
71.464	540	4	2
71.719	541	4	3
71.719	542	2	1
71.719	543	1	1
71.846	544	3	1
71.973	545	1	1
72.100	546	1	1
72.227	547	4	1
72.227	548	2	2
72.481	549	2	3
72.354	550	3	1
72.481	551	4	2
72.735	552	4	3
72.735	553	1	1
72.735	554	2	2
72.990	555	2	3
72.863	556	3	1
72.990	557	4	2
73.244	558	4	3
73.244	559	1	2
73.498	560	1	3
73.244	561	2	1
73.498	562	3	1
73.625	563	1	1
73.752	564	3	2
74.007	565	3	3
73.752	566	4	1
73.880	567	2	1
74.007	568	1	1
74.134	569	3	1
74.134	570	4	1
74.388	571	3	1
74.515	572	1	2
74.642	573	1	3
74.642	574	2	2
74.769	575	2	3
74.769	576	4	2
74.896	577	4	3
74.769	578	1	1
74.896	579	3	2
75.024	580	3	3
75.024	581	2	1
75.024	582	1	1
75.151	583	1	1
75.151	584	4	1
75.278	585	3	2
75.532	586	3	3
75.278	587	4	1
75.405	588	2	1
75.532	589	4	2
75.786	590	4	3
75.786	591	1	1
75.786	592	2	2
76.041	593	2	3
76.041	594	3	1
76.168	595	1	1
76.295	596	3	2
76.549	597	3	3
76.295	598	4	1
76.422	599	1	1
76.549	600	2	2
76.803	601	2	3
76.803	602	4	1
76.803	603	1	1
76.930	604	3	1
77.057	605	3	2
77.312	606	3	3
77.185	607	2	1
77.312	608	2	1
77.312	609	1	2
77.693	610	1	3
77.566	611	4	2
77.693	612	4	3
77.820	613	4	1
77.820	614	2	2
78.074	615	2	3
78.074	616	3	1
78.202	617	1	1
78.329	618	1	1
78.329	619	4	1
78.456	620	2	1
78.583	621	3	2
78.710	622	3	3
78.837	623	2	2
79.091	624	2	3
78.837	625	1	1
78.964	626	4	1
79.091	627	3	1
79.219	628	1	1
79.346	629	4	1
79.346	630	3	2
79.727	631	3	3
79.600	632	4	2
79.727	633	4	3
79.854	634	4	1
79.854	635	2	2
80.108	636	2	3
79.981	637	3	1
80.108	638	1	1
80.235	639	2	1
80.363	640	4	1
80.363	641	3	2
80.617	642	3	3
80.490	643	1	1
80.617	644	2	2
80.871	645	2	3
80.871	646	4	1
80.871	647	1	1
80.998	648	3	1
81.125	649	4	2
81.380	650	4	3
81.380	651	2	1
81.380	652	1	2
83.413	653	1	3
82.905	654	3	2
83.413	655	3	3
83.413	656	4	1
83.668	657	4	1
83.922	658	1	1
83.922	659	2	1
84.176	660	4	1
84.430	661	2	1
84.557	662	4	1
84.685	663	4	1
84.939	664	1	1
84.939	665	4	1
85.447	666	2	1
85.702	667	3	1
85.829	668	3	1
85.956	669	3	1
85.956	670	1	1
86.210	671	2	1
86.337	672	2	1
86.464	673	4	1
86.591	674	1	1
86.719	675	1	1
86.973	676	3	1
86.973	677	2	1
87.227	678	3	1
87.481	679	2	1
87.863	680	2	1
87.990	681	1	1
87.990	682	4	1
88.117	683	3	1
88.244	684	2	1
88.498	685	4	1
88.752	686	3	1
89.007	687	1	1
89.007	688	4	1
89.134	689	2	1
89.515	690	3	1
89.769	691	2	1
89.896	692	2	1
90.024	693	4	1
90.024	694	3	1
90.278	695	2	1
90.532	696	1	1
90.786	697	3	1
91.041	698	3	1
91.041	699	1	1
91.549	700	4	1
91.803	701	4	1
92.057	702	2	1
92.057	703	1	1
92.312	704	4	1
92.566	705	2	1
92.693	706	4	1
92.820	707	4	1
93.074	708	1	1
93.074	709	4	1
93.583	710	2	1
93.837	711	3	1
93.964	712	3	1
94.091	713	1	1
94.091	714	3	1
94.346	715	2	1
94.473	716	2	1
94.600	717	4	1
94.727	718	1	1
94.854	719	1	1
95.108	720	2	1
95.108	721	3	1
95.363	722	3	1
95.617	723	2	1
95.998	724	2	1
96.125	725	4	1
96.125	726	1	1
96.252	727	3	1
96.380	728	2	1
96.634	729	4	1
96.888	730	2	1
97.015	731	3	1
97.142	732	4	1
97.142	733	2	1
97.269	734	1	1
97.396	735	1	1
97.524	736	4	1
97.587	737	3	1
97.651	738	2	1
98.032	739	1	1
98.159	740	4	1
98.159	741	3	1
98.413	742	1	1
98.668	743	3	1
98.922	744	1	1
99.176	745	1	1
99.176	746	4	1
99.685	747	4	1
99.685	748	2	1
99.939	749	4	1
100.193	750	2	2
100.447	751	2	3
100.193	752	1	1
100.447	753	4	1
100.702	754	4	1
100.702	755	3	2
100.956	756	3	3
100.829	757	1	1
100.956	758	2	2
101.210	759	2	3
101.210	760	4	1
101.210	761	1	1
101.464	762	3	2
101.591	763	3	3
101.719	764	1	1
101.719	765	2	1
101.973	766	3	1
102.100	767	3	1
102.227	768	1	1
102.227	769	2	1
102.735	770	3	1
102.863	771	1	1
102.990	772	2	1
103.244	773	3	1
103.244	774	4	1
103.498	775	3	1
103.752	776	2	1
104.134	777	2	1
104.261	778	4	1
104.261	779	1	1
104.388	780	3	1
104.515	781	2	1
104.769	782	4	1
105.024	783	3	1
105.278	784	1	1
105.278	785	4	1
105.405	786	2	1
105.786	787	3	1
106.041	788	2	1
106.168	789	2	1
106.295	790	4	1
106.295	791	3	1
106.549	792	2	1
106.803	793	1	1
107.057	794	3	1
107.312	795	1	1
107.312	796	3	1
107.820	797	2	1
107.820	798	4	1
108.074	799	4	1
108.329	800	2	2
108.583	801	2	3
108.329	802	1	1
108.837	803	3	2
109.091	804	3	3
109.091	805	2	2
109.346	806	2	3
109.346	807	1	1
109.346	808	4	1
109.600	809	3	2
109.727	810	3	3
109.854	811	4	1
109.854	812	2	1
110.108	813	3	1
110.363	814	3	1
110.363	815	1	1
110.617	816	3	1
110.871	817	3	1
111.380	818	2	1
111.380	819	3	1
111.888	820	2	1
111.888	821	1	1
112.269	822	2	1
112.396	823	4	1
112.396	824	3	1
112.651	825	2	1
113.159	826	2	1
113.413	827	4	1
113.413	828	3	1
113.668	829	2	1
113.922	830	1	2
115.956	831	1	3
113.922	832	4	1
115.956	833	3	1
115.956	834	4	1
116.083	835	2	1
116.210	836	1	1
116.464	837	3	1
116.719	838	2	1
116.846	839	1	1
116.846	840	4	1
117.100	841	3	1
117.227	842	4	1
117.227	843	1	1
117.481	844	2	1
117.735	845	1	1
117.863	846	4	1
117.863	847	3	1
119.769	848	3	1
119.896	849	2	1
119.896	850	1	1
120.024	851	4	1
120.024	852	3	1
120.151	853	2	1
120.278	854	1	1
120.532	855	3	1
120.786	856	2	1
120.913	857	4	1
120.913	858	1	1
121.168	859	3	1
121.295	860	1	1
121.295	861	4	1
121.549	862	2	1
121.803	863	1	1
121.930	864	3	1
121.930	865	4	1
123.837	866	3	1
123.964	867	1	1
123.964	868	2	1
124.091	869	4	1
124.091	870	3	1
124.219	871	1	1
124.346	872	2	1
124.600	873	4	1
124.600	874	1	1
124.854	875	2	1
124.981	876	4	1
124.981	877	3	1
125.108	878	2	1
125.108	879	1	1
125.235	880	4	1
125.363	881	3	1
125.617	882	1	1
125.617	883	4	1
125.871	884	3	1
125.998	885	1	1
125.998	886	2	1
126.125	887	4	1
126.125	888	3	1
126.252	889	1	1
126.380	890	2	1
126.634	891	4	1
126.634	892	1	1
126.888	893	2	1
127.015	894	4	1
127.015	895	3	1
127.142	896	2	1
127.142	897	1	1
127.269	898	4	1
127.396	899	3	1
127.651	900	1	1
127.651	901	4	1
127.778	902	3	1
127.905	903	2	1
127.905	904	4	1
128.032	905	3	1
128.032	906	1	1
128.159	907	2	1
128.159	908	4	1
128.286	909	1	1
128.286	910	3	1
128.413	911	2	1
128.668	912	1	1
128.668	913	4	1
128.922	914	2	1
129.049	915	4	1
129.049	916	3	1
129.176	917	2	1
129.176	918	1	1
129.303	919	3	1
129.430	920	4	1
129.685	921	2	1
129.939	922	1	1
130.066	923	4	1
130.066	924	3	1
130.130	925	2	1
130.193	926	1	1
130.320	927	4	1
130.447	928	1	1
130.447	929	2	1
130.574	930	3	1
130.702	931	1	1
130.702	932	4	1
130.956	933	3	1
131.083	934	4	1
131.083	935	2	1
131.210	936	1	1
131.337	937	1	1
131.464	938	4	1
131.464	939	3	1
131.719	940	3	1
131.719	941	2	1
131.973	942	1	2
132.227	943	1	3
132.227	944	2	1
132.227	945	3	2
132.481	946	3	3
132.481	947	2	1
132.481	948	4	2
132.735	949	4	3
132.735	950	1	1
132.735	951	2	2
132.990	952	2	3
132.990	953	3	1
133.244	954	4	1
133.244	955	3	2
133.498	956	3	3
133.371	957	1	1
133.498	958	2	2
133.752	959	2	3
133.752	960	4	1
133.752	961	1	1
134.007	962	3	2
134.134	963	3	3
134.261	964	2	1
134.261	965	1	1
134.515	966	4	2
134.769	967	4	3
134.642	968	3	1
134.769	969	1	2
135.024	970	1	3
134.769	971	2	1
135.024	972	4	1
135.151	973	3	1
135.278	974	1	1
135.278	975	2	2
135.532	976	2	3
135.405	977	3	1
135.532	978	4	1
135.532	979	1	2
135.786	980	1	3
135.786	981	3	1
135.786	982	4	1
136.041	983	3	1
136.041	984	1	2
136.295	985	1	3
136.295	986	2	1
136.295	987	3	2
136.549	988	3	3
136.549	989	4	2
136.676	990	4	3
136.676	991	1	1
136.803	992	2	2
137.057	993	2	3
136.803	994	3	1
136.930	995	4	1
137.057	996	1	1
137.312	997	4	1
137.312	998	3	2
137.566	999	3	3
137.566	1000	1	1
137.566	1001	2	2
137.820	1002	2	3
137.820	1003	4	1
137.820	1004	1	1
137.947	1005	2	1
138.074	1006	3	2
138.202	1007	3	3
138.329	1008	4	1
138.329	1009	1	1
138.583	1010	3	1
138.710	1011	1	1
138.710	1012	2	1
138.837	1013	3	1
138.837	1014	4	1
138.964	1015	2	1
138.964	1016	1	1
139.219	1017	1	1
139.219	1018	2	1
139.346	1019	3	1
139.473	1020	4	1
139.600	1021	1	2
139.727	1022	1	3
139.727	1023	2	2
139.854	1024	2	3
139.854	1025	4	2
139.981	1026	4	3
139.854	1027	1	1
139.981	1028	3	2
140.108	1029	3	3
140.108	1030	1	1
140.108	1031	2	1
140.235	1032	4	1
140.235	1033	3	1
140.363	1034	4	2
140.617	1035	4	3
140.363	1036	1	1
140.617	1037	3	1
140.617	1038	2	1
140.871	1039	1	1
140.871	1040	3	2
140.998	1041	3	3
141.125	1042	1	2
141.380	1043	1	3
141.380	1044	3	2
141.634	1045	3	3
141.380	1046	4	1
141.507	1047	1	1
141.634	1048	2	2
141.888	1049	2	3
141.888	1050	1	1
141.888	1051	4	1
142.142	1052	2	1
142.269	1053	2	1
142.396	1054	4	1
142.396	1055	3	2
142.651	1056	3	3
142.651	1057	4	1
142.651	1058	1	1
142.778	1059	2	1
142.905	1060	3	1
142.905	1061	1	2
143.159	1062	1	3
143.159	1063	4	1
143.286	1064	3	1
143.413	1065	1	1
143.413	1066	2	2
143.668	1067	2	3
143.541	1068	3	1
143.668	1069	4	1
143.668	1070	1	2
143.922	1071	1	3
143.922	1072	4	1
143.922	1073	3	1
144.049	1074	2	1
144.176	1075	1	1
144.303	1076	1	1
144.430	1077	3	2
144.685	1078	3	3
144.430	1079	4	1
144.685	1080	4	2
144.812	1081	4	3
144.812	1082	1	1
144.939	1083	2	2
145.193	1084	2	3
144.939	1085	3	1
145.066	1086	4	1
145.193	1087	1	1
145.447	1088	3	2
145.702	1089	3	3
145.447	1090	4	1
145.702	1091	2	2
145.956	1092	2	3
145.702	1093	1	1
145.956	1094	4	1
145.956	1095	1	1
146.083	1096	2	1
146.210	1097	3	2
146.337	1098	3	3
146.464	1099	1	1
146.464	1100	4	2
146.719	1101	4	3
146.719	1102	3	1
146.846	1103	1	1
146.973	1104	4	1
146.973	1105	3	1
147.100	1106	2	1
147.227	1107	4	1
147.354	1108	2	1
147.354	1109	1	1
147.481	1110	3	1
147.608	1111	1	1
147.735	1112	4	1
147.863	1113	2	1
147.990	1114	4	1
147.990	1115	3	1
148.117	1116	1	1
148.244	1117	3	1
148.244	1118	4	1
148.371	1119	2	1
148.371	1120	1	1
148.498	1121	3	1
148.498	1122	4	2
149.007	1123	4	3
149.007	1124	1	1
149.007	1125	2	2
149.261	1126	2	3
149.134	1127	3	1
149.261	1128	4	1
149.515	1129	4	1
149.515	1130	3	2
149.769	1131	3	3
149.642	1132	1	1
149.769	1133	2	2
150.024	1134	2	3
150.024	1135	1	1
150.024	1136	4	1
150.278	1137	3	2
150.405	1138	3	3
150.532	1139	2	1
150.532	1140	1	1
150.786	1141	4	2
151.041	1142	4	3
150.913	1143	3	1
151.041	1144	2	1
151.041	1145	1	2
151.295	1146	1	3
151.295	1147	4	1
151.422	1148	3	1
151.549	1149	1	1
151.549	1150	2	2
151.803	1151	2	3
151.676	1152	3	1
151.803	1153	4	1
151.803	1154	1	2
152.057	1155	1	3
152.057	1156	4	1
152.057	1157	3	1
152.312	1158	1	2
152.566	1159	1	3
152.312	1160	3	1
152.566	1161	3	2
152.820	1162	3	3
152.566	1163	2	1
152.820	1164	4	2
152.947	1165	4	3
152.947	1166	1	1
153.074	1167	2	2
153.329	1168	2	3
153.074	1169	3	1
153.202	1170	4	1
153.329	1171	1	1
153.583	1172	3	2
153.837	1173	3	3
153.583	1174	4	1
153.837	1175	2	2
154.091	1176	2	3
153.837	1177	1	1
154.091	1178	1	1
154.091	1179	4	1
154.219	1180	2	1
154.346	1181	3	2
154.473	1182	3	3
154.600	1183	1	1
154.600	1184	4	1
154.600	1185	2	1
154.727	1186	3	1
154.854	1187	2	1
154.981	1188	4	1
155.108	1189	2	1
155.108	1190	1	1
155.235	1191	3	1
155.363	1192	1	1
155.490	1193	4	1
155.490	1194	3	1
155.617	1195	2	1
155.744	1196	4	1
155.871	1197	1	1
155.998	1198	3	1
156.125	1199	2	1
156.125	1200	1	1
156.252	1201	4	1
156.380	1202	2	1
156.380	1203	1	1
156.507	1204	4	1
156.507	1205	3	1
156.634	1206	1	1
156.634	1207	4	2
156.888	1208	4	3
156.888	1209	3	1
156.888	1210	2	1
157.142	1211	3	2
157.269	1212	3	3
157.142	1213	1	1
157.396	1214	1	2
157.651	1215	1	3
157.651	1216	3	2
157.905	1217	3	3
157.651	1218	4	1
157.778	1219	1	1
157.905	1220	2	2
158.159	1221	2	3
158.032	1222	3	1
158.159	1223	4	1
158.159	1224	1	1
158.286	1225	3	1
158.413	1226	3	2
158.668	1227	3	3
158.541	1228	2	1
158.668	1229	2	1
158.668	1230	1	1
158.922	1231	1	1
158.922	1232	4	2
159.176	1233	4	3
159.049	1234	3	1
159.176	1235	2	1
159.176	1236	1	2
159.557	1237	1	3
159.557	1238	3	1
159.557	1239	4	1
159.685	1240	1	1
159.685	1241	2	2
159.939	1242	2	3
159.812	1243	3	1
159.939	1244	1	2
160.193	1245	1	3
159.939	1246	4	1
160.066	1247	2	1
160.193	1248	4	1
160.193	1249	3	1
160.320	1250	2	1
160.447	1251	1	2
160.702	1252	1	3
160.574	1253	3	1
160.702	1254	2	1
160.702	1255	4	1
160.829	1256	3	1
160.956	1257	1	1
161.083	1258	4	1
161.210	1259	2	1
161.210	1260	1	1
161.337	1261	3	1
161.464	1262	2	1
161.591	1263	4	1
161.719	1264	1	1
161.719	1265	2	1
161.846	1266	4	1
161.973	1267	1	1
162.100	1268	3	1
162.227	1269	1	1
162.227	1270	2	1
162.354	1271	4	1
162.481	1272	1	1
162.608	1273	4	1
162.735	1274	2	1
162.863	1275	3	1
162.990	1276	1	1
163.117	1277	4	1
163.244	1278	2	1
163.371	1279	4	1
163.498	1280	1	1
163.625	1281	3	1
163.752	1282	2	1
163.880	1283	3	1
164.007	1284	1	1
164.134	1285	4	1
164.261	1286	1	1
164.388	1287	3	1
164.515	1288	2	1
164.642	1289	4	1
164.769	1290	1	1
164.769	1291	2	1
164.896	1292	3	1