Song Name	Feel Your Heart (Hard) by Protostar feat. Sam Tabor [Monstercat]
Difficulty	26
Primary Color	Vibe
Secondary Color	Chill
Audio Asset ID	rbxassetid://9060983774
Audio File	9060983774.ogg
Last Note Time	165.767
Total Notes	1834
Fever Fill	571
Fever Time	24.865050
Long Notes	120
BPM	174
Song Length	166.767000000

Timing Points
0.250	344.827586


Song Data
0.250	1	1	1
0.595	2	1	1
0.940	3	1	1
1.284	4	1	1
1.629	5	1	1
1.974	6	1	1
2.319	7	4	1
2.491	8	3	1
2.664	9	1	1
2.836	10	2	1
4.905	11	2	1
5.077	12	4	1
5.250	13	3	1
5.422	14	2	1
5.767	15	1	1
6.112	16	1	1
6.457	17	1	1
6.802	18	1	1
7.146	19	1	1
7.491	20	1	1
7.836	21	4	1
8.008	22	3	1
8.181	23	1	1
8.353	24	2	1
9.215	25	4	1
9.388	26	3	1
9.560	27	1	1
9.733	28	2	1
10.250	29	2	1
10.595	30	4	1
10.940	31	3	2
11.284	32	1	2
11.284	33	3	3
11.629	34	2	1
11.974	35	2	1
11.974	36	1	3
12.319	37	1	1
12.664	38	1	1
13.008	39	1	1
13.181	40	2	1
13.353	41	4	1
13.526	42	3	2
13.698	43	1	1
13.871	44	2	2
13.871	45	3	3
14.388	46	3	2
14.388	47	2	3
15.077	48	3	3
15.940	49	2	1
16.112	50	4	1
16.284	51	3	2
16.457	52	2	1
16.629	53	4	2
16.629	54	3	3
16.802	55	1	1
17.146	56	2	2
17.146	57	4	3
17.491	58	1	1
17.836	59	1	1
17.836	60	2	3
18.181	61	1	1
18.526	62	1	1
18.871	63	4	2
19.043	64	3	1
19.215	65	1	1
19.388	66	2	1
19.388	67	4	3
19.560	68	1	2
20.250	69	4	1
20.250	70	1	3
20.422	71	3	1
20.595	72	1	1
20.767	73	2	1
21.284	74	2	1
21.629	75	4	1
21.802	76	2	2
21.974	77	3	1
22.146	78	4	2
22.146	79	2	3
22.319	80	1	1
22.319	81	3	1
22.491	82	2	1
22.491	83	4	3
22.664	84	4	1
22.836	85	1	1
23.008	86	3	1
23.181	87	2	1
23.353	88	4	1
23.526	89	1	1
23.698	90	4	1
23.871	91	1	1
24.043	92	3	1
24.215	93	2	1
24.388	94	4	1
24.560	95	3	2
24.733	96	1	1
24.905	97	2	2
24.905	98	3	3
25.077	99	1	1
25.077	100	4	1
25.250	101	4	1
25.422	102	3	2
25.422	103	2	3
25.595	104	1	1
25.767	105	2	1
25.940	106	4	1
26.112	107	1	1
26.112	108	3	3
26.284	109	2	1
26.457	110	3	1
26.629	111	4	1
26.802	112	1	1
26.974	113	2	1
27.146	114	3	2
27.319	115	1	1
27.319	116	2	1
27.405	117	4	2
27.405	118	3	3
27.491	119	1	1
27.664	120	3	2
27.664	121	4	3
27.836	122	1	1
27.836	123	2	1
28.008	124	4	1
28.181	125	2	2
28.181	126	3	3
28.353	127	1	1
28.526	128	4	1
28.698	129	3	1
28.871	130	1	1
28.871	131	2	3
29.043	132	2	1
29.215	133	3	1
29.388	134	4	1
29.560	135	1	1
29.733	136	2	1
29.905	137	4	2
30.077	138	3	1
30.250	139	1	1
30.250	140	4	3
30.422	141	2	2
30.595	142	3	1
30.595	143	4	1
30.767	144	1	1
30.940	145	4	1
31.112	146	3	1
31.284	147	4	1
31.284	148	2	3
31.457	149	3	1
31.543	150	2	1
31.629	151	1	1
31.715	152	4	1
31.802	153	2	1
31.888	154	3	1
31.974	155	1	1
32.146	156	4	1
32.233	157	3	1
32.319	158	2	1
32.491	159	1	1
32.577	160	3	1
32.664	161	4	1
32.836	162	1	1
32.836	163	2	1
33.008	164	3	1
33.181	165	4	1
33.353	166	1	2
33.353	167	2	1
33.353	168	4	1
33.526	169	3	1
33.698	170	2	1
33.871	171	3	1
33.871	172	4	1
33.871	173	1	3
34.043	174	2	2
34.215	175	3	1
34.388	176	1	1
34.388	177	4	1
34.560	178	3	1
34.560	179	2	3
34.733	180	1	1
34.733	181	4	2
34.905	182	2	1
35.077	183	3	1
35.077	184	4	3
35.250	185	2	1
35.250	186	4	1
35.422	187	1	1
35.595	188	2	1
35.595	189	3	1
35.767	190	1	2
35.767	191	2	1
35.767	192	4	1
35.940	193	3	1
36.112	194	3	1
36.112	195	4	1
36.284	196	2	1
36.457	197	4	1
36.457	198	1	3
36.629	199	1	1
36.629	200	2	1
36.802	201	3	1
36.974	202	1	1
37.146	203	2	1
37.146	204	3	1
37.146	205	4	1
37.319	206	1	1
37.491	207	3	1
37.491	208	4	1
37.664	209	2	1
37.836	210	1	1
38.008	211	2	1
38.008	212	3	1
38.181	213	4	1
38.267	214	1	1
38.267	215	2	1
38.353	216	3	1
38.526	217	1	1
38.526	218	2	1
38.526	219	4	1
38.698	220	4	2
38.871	221	1	1
38.871	222	3	1
39.043	223	2	1
39.215	224	1	1
39.215	225	4	3
39.388	226	2	1
39.388	227	3	1
39.560	228	4	1
39.733	229	3	1
39.905	230	1	1
39.905	231	2	1
39.905	232	4	1
40.077	233	3	1
40.250	234	1	1
40.250	235	2	1
40.422	236	3	1
40.595	237	2	1
40.767	238	1	1
40.767	239	4	1
40.940	240	2	1
41.112	241	3	1
41.112	242	4	1
41.284	243	1	1
41.284	244	2	1
41.284	245	4	1
41.457	246	1	1
41.629	247	2	2
41.629	248	3	1
41.802	249	4	1
41.974	250	3	1
42.146	251	1	1
42.146	252	4	1
42.146	253	2	3
42.319	254	3	2
42.491	255	1	1
42.664	256	2	1
42.664	257	4	1
42.836	258	1	1
42.836	259	3	3
43.008	260	2	2
43.008	261	3	1
43.181	262	4	1
43.353	263	3	1
43.526	264	1	1
43.526	265	4	1
43.526	266	2	3
43.698	267	3	2
43.784	268	1	1
43.784	269	2	1
44.043	270	1	1
44.043	271	2	1
44.043	272	4	1
44.043	273	3	3
44.215	274	3	1
44.215	275	4	1
44.388	276	1	2
44.388	277	2	1
44.388	278	4	1
44.560	279	3	1
44.733	280	2	1
44.905	281	3	1
44.905	282	4	1
44.905	283	1	3
45.077	284	2	2
45.250	285	1	1
45.336	286	3	1
45.422	287	1	1
45.422	288	4	1
45.595	289	3	1
45.595	290	2	3
45.767	291	1	1
45.767	292	4	2
45.940	293	2	1
46.112	294	3	2
46.112	295	4	3
46.284	296	2	1
46.284	297	4	1
46.457	298	1	1
46.457	299	3	3
46.629	300	2	1
46.629	301	3	1
46.802	302	1	2
46.802	303	2	1
46.802	304	4	1
46.974	305	3	1
47.146	306	3	1
47.146	307	4	1
47.319	308	2	1
47.491	309	4	1
47.491	310	1	3
47.664	311	1	1
47.664	312	2	1
47.836	313	3	1
48.008	314	1	1
48.095	315	3	1
48.095	316	4	1
48.181	317	1	1
48.181	318	2	1
48.353	319	2	1
48.526	320	3	1
48.526	321	4	1
48.698	322	2	1
48.871	323	1	1
49.043	324	2	1
49.043	325	3	1
49.215	326	4	1
49.302	327	1	1
49.302	328	2	1
49.388	329	3	1
49.474	330	1	1
49.560	331	2	1
49.560	332	3	1
49.560	333	4	1
49.646	334	1	1
49.733	335	4	2
49.819	336	2	1
49.905	337	1	1
49.905	338	3	1
50.250	339	4	3
51.802	340	1	1
51.974	341	4	2
52.233	342	3	2
52.233	343	4	3
52.491	344	2	2
52.491	345	3	3
52.664	346	1	1
52.664	347	3	1
52.664	348	4	1
52.664	349	2	3
52.750	350	2	1
52.836	351	4	1
52.922	352	3	1
53.008	353	1	1
53.095	354	2	1
53.181	355	4	1
53.267	356	3	1
53.353	357	1	1
53.440	358	2	1
53.526	359	4	1
53.612	360	3	1
53.698	361	1	1
53.784	362	2	1
53.871	363	4	1
53.957	364	3	1
54.043	365	1	1
54.129	366	2	1
54.215	367	4	1
54.302	368	3	1
54.388	369	1	1
54.474	370	2	1
54.560	371	4	1
54.603	372	3	1
54.646	373	2	1
54.690	374	1	1
54.733	375	3	1
54.733	376	4	1
54.848	377	1	1
54.848	378	2	1
54.963	379	3	1
54.963	380	4	1
55.077	381	1	1
55.077	382	2	1
55.192	383	3	1
55.192	384	4	1
55.307	385	1	1
55.307	386	2	1
55.422	387	1	1
55.422	388	3	1
55.422	389	4	1
55.595	390	2	1
55.767	391	2	1
55.767	392	4	1
55.940	393	1	1
55.940	394	3	1
56.112	395	2	2
56.284	396	4	1
56.457	397	1	1
56.457	398	3	1
56.629	399	4	1
56.629	400	2	3
56.802	401	1	1
56.802	402	3	2
56.974	403	1	1
57.146	404	2	1
57.146	405	4	1
57.319	406	1	1
57.319	407	2	1
57.319	408	3	3
57.491	409	3	1
57.491	410	4	1
57.664	411	2	1
57.664	412	3	1
57.836	413	1	1
57.836	414	2	1
58.008	415	1	1
58.008	416	3	1
58.181	417	1	1
58.181	418	2	1
58.181	419	4	1
58.353	420	3	1
58.526	421	2	1
58.526	422	4	1
58.698	423	1	1
58.698	424	3	1
58.871	425	2	2
59.043	426	4	1
59.215	427	1	1
59.215	428	3	1
59.388	429	4	1
59.388	430	2	3
59.560	431	1	1
59.560	432	3	2
59.733	433	1	1
59.905	434	2	1
59.905	435	4	1
60.077	436	1	1
60.077	437	2	1
60.077	438	3	3
60.250	439	3	1
60.250	440	4	1
60.422	441	2	1
60.422	442	3	1
60.595	443	1	1
60.595	444	2	1
60.767	445	3	1
60.940	446	1	1
60.940	447	2	1
60.940	448	4	1
61.112	449	3	1
61.284	450	2	1
61.284	451	4	1
61.457	452	1	1
61.457	453	3	1
61.629	454	2	2
61.802	455	4	1
61.974	456	1	1
61.974	457	3	1
62.146	458	4	1
62.146	459	2	3
62.319	460	1	1
62.319	461	3	2
62.491	462	1	1
62.664	463	2	1
62.664	464	4	1
62.836	465	1	1
62.836	466	2	1
62.836	467	3	3
63.008	468	3	1
63.008	469	4	1
63.181	470	2	1
63.181	471	3	1
63.353	472	1	1
63.353	473	2	1
63.526	474	1	1
63.526	475	3	1
63.698	476	1	1
63.698	477	2	1
63.698	478	4	1
63.871	479	3	1
64.043	480	2	1
64.043	481	4	1
64.215	482	1	1
64.215	483	3	1
64.388	484	3	1
64.388	485	4	1
64.560	486	2	1
64.560	487	3	1
64.733	488	1	1
64.733	489	2	1
64.905	490	1	1
64.905	491	3	1
65.077	492	1	1
65.077	493	4	1
65.164	494	2	1
65.250	495	3	1
65.336	496	1	1
65.422	497	2	1
65.422	498	4	1
65.508	499	1	1
65.595	500	3	1
65.595	501	4	1
65.681	502	2	1
65.767	503	3	1
65.767	504	4	1
65.853	505	1	1
65.940	506	2	1
66.026	507	4	1
66.112	508	1	1
66.112	509	3	1
66.198	510	2	1
66.284	511	4	1
66.371	512	3	1
66.457	513	1	1
66.457	514	2	1
66.457	515	4	1
66.629	516	2	1
66.802	517	3	1
66.802	518	4	1
66.888	519	2	1
66.974	520	1	1
66.974	521	4	1
67.146	522	3	1
67.146	523	4	1
67.233	524	2	1
67.319	525	1	1
67.319	526	3	1
67.491	527	3	1
67.491	528	4	1
67.577	529	2	1
67.664	530	4	1
67.836	531	1	1
67.836	532	3	1
67.922	533	4	1
68.008	534	2	1
68.181	535	3	1
68.181	536	4	1
68.267	537	2	1
68.353	538	1	1
68.353	539	4	1
68.526	540	3	1
68.526	541	4	1
68.612	542	1	1
68.698	543	2	1
68.698	544	3	1
68.871	545	1	1
68.871	546	2	1
68.957	547	4	1
69.043	548	1	1
69.043	549	3	1
69.215	550	1	1
69.215	551	2	1
69.215	552	4	1
69.302	553	3	1
69.388	554	2	1
69.560	555	3	1
69.560	556	4	1
69.646	557	2	1
69.733	558	1	1
69.733	559	4	1
69.905	560	3	1
69.905	561	4	1
69.991	562	2	1
70.077	563	1	1
70.077	564	3	1
70.250	565	3	1
70.250	566	4	1
70.336	567	2	1
70.422	568	4	1
70.595	569	1	1
70.595	570	3	1
70.681	571	4	1
70.767	572	2	1
70.940	573	3	1
70.940	574	4	1
71.026	575	2	1
71.112	576	1	1
71.112	577	3	1
71.284	578	1	1
71.284	579	2	1
71.371	580	4	1
71.457	581	1	1
71.457	582	2	1
71.543	583	3	1
71.543	584	4	1
71.629	585	1	1
71.629	586	2	1
71.715	587	3	1
71.802	588	2	1
71.802	589	4	1
71.974	590	1	1
71.974	591	3	1
71.974	592	4	1
72.146	593	1	1
72.146	594	2	1
72.319	595	3	1
72.319	596	4	1
72.405	597	2	1
72.491	598	3	1
72.491	599	4	1
72.664	600	1	1
72.664	601	4	1
72.750	602	3	1
72.836	603	1	1
72.836	604	2	1
73.008	605	3	1
73.008	606	4	1
73.095	607	2	1
73.181	608	1	1
73.181	609	4	1
73.353	610	1	1
73.353	611	2	1
73.440	612	4	1
73.526	613	1	1
73.526	614	3	1
73.698	615	2	1
73.698	616	4	1
73.784	617	3	1
73.871	618	1	1
73.871	619	2	1
74.043	620	3	1
74.043	621	4	1
74.129	622	1	1
74.215	623	2	1
74.215	624	3	1
74.388	625	1	1
74.388	626	2	1
74.474	627	4	1
74.560	628	1	1
74.560	629	3	1
74.733	630	1	1
74.733	631	4	1
74.819	632	3	1
74.905	633	2	1
74.991	634	1	1
75.077	635	2	1
75.164	636	3	1
75.250	637	4	1
75.336	638	3	1
75.422	639	2	1
75.508	640	1	1
75.595	641	2	1
75.681	642	3	1
75.767	643	2	1
75.767	644	4	1
75.853	645	1	1
75.853	646	3	1
75.940	647	2	1
75.940	648	4	1
76.026	649	1	1
76.026	650	3	1
76.112	651	2	2
76.112	652	4	1
76.629	653	4	1
76.629	654	2	3
76.802	655	3	2
77.146	656	3	3
77.491	657	1	1
77.491	658	2	1
77.491	659	3	1
77.664	660	4	1
77.836	661	2	1
77.836	662	3	1
77.836	663	4	1
78.008	664	1	1
78.181	665	2	2
78.267	666	3	1
78.353	667	1	1
78.353	668	4	1
78.526	669	1	1
78.526	670	3	1
78.526	671	4	1
78.698	672	4	1
78.698	673	2	3
78.871	674	1	1
78.871	675	3	2
79.043	676	2	1
79.215	677	1	1
79.215	678	4	1
79.388	679	2	1
79.388	680	3	3
79.560	681	3	1
79.560	682	4	1
79.646	683	1	1
79.733	684	2	1
79.733	685	3	1
79.905	686	1	1
79.905	687	2	1
79.905	688	4	1
80.077	689	1	1
80.077	690	3	1
80.164	691	2	1
80.250	692	1	2
80.250	693	4	1
80.422	694	3	1
80.595	695	2	1
80.595	696	3	1
80.595	697	4	1
80.595	698	1	3
80.767	699	1	2
80.853	700	2	1
80.940	701	3	1
81.026	702	4	1
81.112	703	2	1
81.112	704	3	1
81.112	705	1	3
81.284	706	1	2
81.284	707	2	1
81.284	708	4	1
81.457	709	3	1
81.543	710	4	1
81.629	711	2	1
81.629	712	1	3
81.715	713	3	1
81.802	714	1	1
81.802	715	2	1
81.974	716	1	1
81.974	717	3	1
81.974	718	4	1
82.146	719	1	1
82.146	720	2	1
82.319	721	3	1
82.319	722	4	1
82.405	723	1	1
82.491	724	2	1
82.491	725	3	1
82.664	726	1	1
82.664	727	2	1
82.664	728	4	1
82.836	729	3	1
82.922	730	2	1
83.008	731	1	1
83.008	732	3	1
83.008	733	4	1
83.181	734	2	1
83.353	735	2	1
83.353	736	3	1
83.353	737	4	1
83.526	738	1	1
83.612	739	4	1
83.698	740	2	2
83.871	741	1	1
83.871	742	4	1
84.043	743	1	1
84.043	744	3	1
84.043	745	4	1
84.215	746	4	1
84.215	747	2	3
84.388	748	1	1
84.388	749	3	2
84.560	750	2	1
84.733	751	1	1
84.733	752	4	1
84.905	753	1	1
84.905	754	3	3
84.991	755	2	1
85.077	756	3	1
85.077	757	4	1
85.164	758	1	1
85.250	759	2	1
85.250	760	3	1
85.422	761	1	1
85.422	762	2	1
85.422	763	4	1
85.595	764	1	1
85.595	765	3	1
85.767	766	1	1
85.767	767	4	1
85.940	768	2	1
86.112	769	2	1
86.112	770	3	1
86.112	771	4	1
86.284	772	1	1
86.371	773	2	1
86.457	774	3	1
86.457	775	4	1
86.543	776	1	1
86.629	777	2	1
86.629	778	3	1
86.802	779	1	1
86.802	780	2	1
86.802	781	4	1
86.974	782	1	1
86.974	783	3	1
87.146	784	1	1
87.146	785	4	1
87.319	786	3	1
87.319	787	4	1
87.491	788	1	1
87.491	789	2	1
87.491	790	3	1
87.664	791	1	1
87.750	792	2	1
87.836	793	3	1
87.836	794	4	1
87.922	795	1	1
88.008	796	2	1
88.008	797	3	1
88.181	798	1	1
88.181	799	3	1
88.181	800	4	1
88.353	801	2	1
88.440	802	3	1
88.526	803	1	1
88.526	804	2	1
88.526	805	4	1
88.698	806	3	1
88.871	807	2	1
88.871	808	3	1
88.871	809	4	1
89.043	810	1	1
89.215	811	2	2
89.388	812	1	1
89.388	813	4	1
89.560	814	1	1
89.560	815	3	1
89.560	816	4	1
89.733	817	4	1
89.733	818	2	3
89.905	819	1	1
89.905	820	3	2
90.077	821	2	1
90.250	822	1	1
90.250	823	4	1
90.422	824	2	1
90.422	825	3	3
90.595	826	3	1
90.595	827	4	1
90.681	828	1	1
90.767	829	2	1
90.767	830	3	1
90.940	831	1	1
90.940	832	2	1
90.940	833	4	1
91.112	834	1	1
91.112	835	3	1
91.284	836	1	2
91.284	837	4	1
91.457	838	3	1
91.629	839	2	1
91.629	840	3	1
91.629	841	4	1
91.629	842	1	3
91.802	843	1	2
91.974	844	4	1
92.146	845	2	1
92.146	846	3	1
92.146	847	1	3
92.319	848	1	2
92.319	849	2	1
92.319	850	4	1
92.491	851	3	1
92.664	852	2	1
92.664	853	1	3
92.836	854	3	1
92.836	855	4	1
93.008	856	1	1
93.008	857	2	1
93.008	858	4	1
93.181	859	1	1
93.181	860	3	1
93.353	861	3	1
93.353	862	4	1
93.526	863	1	1
93.526	864	2	1
93.612	865	3	1
93.612	866	4	1
93.698	867	1	1
93.698	868	2	1
93.871	869	2	1
93.871	870	3	1
94.043	871	1	1
94.043	872	3	1
94.043	873	4	1
94.215	874	1	1
94.215	875	2	1
94.388	876	2	1
94.388	877	3	1
94.388	878	4	1
94.560	879	1	1
94.733	880	2	2
94.905	881	1	1
94.905	882	4	1
95.077	883	1	1
95.077	884	3	1
95.077	885	4	1
95.250	886	3	1
95.250	887	2	3
95.422	888	1	2
95.422	889	2	1
95.595	890	3	1
95.767	891	2	2
95.767	892	4	1
95.767	893	1	3
95.940	894	3	1
96.112	895	3	1
96.112	896	4	1
96.112	897	2	3
96.198	898	1	1
96.284	899	2	1
96.284	900	3	1
96.457	901	1	1
96.457	902	2	1
96.457	903	4	1
96.629	904	1	1
96.629	905	3	1
96.802	906	1	1
96.802	907	4	2
96.974	908	3	1
97.146	909	1	1
97.146	910	2	1
97.146	911	4	3
97.319	912	1	1
97.491	913	3	1
97.491	914	4	1
97.664	915	2	1
97.664	916	3	1
97.836	917	1	1
97.836	918	2	1
97.836	919	4	1
98.008	920	1	1
98.008	921	3	1
98.181	922	1	1
98.181	923	4	1
98.353	924	3	1
98.440	925	4	1
98.526	926	1	1
98.526	927	2	1
98.526	928	3	1
98.698	929	2	1
98.784	930	3	1
98.871	931	1	1
98.871	932	4	1
98.957	933	3	1
99.043	934	1	1
99.043	935	2	1
99.215	936	1	1
99.215	937	3	1
99.215	938	4	1
99.388	939	4	1
99.560	940	1	2
99.560	941	2	1
99.560	942	3	1
99.733	943	4	1
99.819	944	2	1
99.905	945	3	1
99.905	946	4	1
100.077	947	2	1
100.164	948	3	1
100.250	949	4	1
100.250	950	1	3
100.336	951	3	1
100.422	952	1	1
100.422	953	2	1
100.595	954	1	1
100.595	955	3	1
100.595	956	4	1
100.767	957	2	1
100.853	958	1	1
100.940	959	3	1
100.940	960	4	1
101.026	961	2	1
101.112	962	1	1
101.198	963	3	1
101.284	964	1	1
101.284	965	2	1
101.284	966	4	1
101.457	967	1	1
101.543	968	2	1
101.629	969	3	1
101.629	970	4	1
101.715	971	1	1
101.802	972	2	1
101.802	973	3	1
101.974	974	1	1
101.974	975	3	1
101.974	976	4	1
102.146	977	1	1
102.146	978	2	2
102.233	979	3	1
102.319	980	1	1
102.319	981	4	1
102.491	982	3	1
102.577	983	1	1
102.664	984	3	2
102.664	985	4	1
102.664	986	2	3
102.836	987	1	1
102.922	988	2	1
103.008	989	4	1
103.095	990	2	1
103.181	991	1	1
103.181	992	4	1
103.353	993	1	1
103.353	994	2	1
103.353	995	3	3
103.440	996	4	1
103.526	997	3	1
103.612	998	2	1
103.698	999	1	1
103.784	1000	4	1
103.871	1001	2	1
103.871	1002	3	1
103.957	1003	4	1
104.043	1004	1	1
104.043	1005	2	1
104.043	1006	3	1
104.129	1007	4	1
104.215	1008	1	1
104.215	1009	2	1
104.388	1010	3	1
104.388	1011	4	1
104.474	1012	2	1
104.560	1013	1	1
104.560	1014	3	1
104.646	1015	4	1
104.733	1016	1	1
104.733	1017	2	1
104.733	1018	3	1
104.819	1019	4	1
104.905	1020	3	2
104.991	1021	2	1
105.077	1022	1	1
105.077	1023	4	1
105.250	1024	2	1
105.336	1025	1	1
105.422	1026	2	2
105.422	1027	4	1
105.422	1028	3	3
105.508	1029	1	1
105.595	1030	3	1
105.681	1031	1	1
105.767	1032	4	1
105.853	1033	3	1
105.940	1034	1	1
105.940	1035	4	1
106.112	1036	1	1
106.112	1037	3	1
106.112	1038	2	3
106.284	1039	4	1
106.371	1040	2	1
106.457	1041	1	1
106.457	1042	3	1
106.543	1043	2	1
106.629	1044	4	1
106.715	1045	3	1
106.802	1046	1	1
106.802	1047	2	1
106.802	1048	4	1
106.974	1049	1	1
107.060	1050	2	1
107.146	1051	3	1
107.146	1052	4	2
107.233	1053	1	1
107.319	1054	2	1
107.319	1055	3	1
107.491	1056	1	1
107.491	1057	2	1
107.664	1058	1	1
107.664	1059	3	1
107.664	1060	4	3
107.750	1061	2	1
107.836	1062	1	2
107.836	1063	4	1
107.922	1064	3	1
108.008	1065	2	1
108.095	1066	4	1
108.181	1067	2	1
108.181	1068	3	1
108.353	1069	4	1
108.440	1070	2	1
108.526	1071	3	1
108.526	1072	4	1
108.526	1073	1	3
108.612	1074	1	1
108.698	1075	2	1
108.698	1076	3	1
108.871	1077	1	1
108.871	1078	2	1
108.871	1079	4	1
109.043	1080	1	1
109.043	1081	3	1
109.129	1082	2	1
109.215	1083	4	1
109.302	1084	2	1
109.388	1085	3	1
109.388	1086	4	1
109.474	1087	1	1
109.560	1088	2	1
109.560	1089	3	1
109.560	1090	4	1
109.646	1091	1	1
109.733	1092	2	1
109.819	1093	4	1
109.905	1094	1	1
109.905	1095	3	1
109.991	1096	2	1
110.077	1097	3	1
110.077	1098	4	1
110.250	1099	1	1
110.250	1100	2	1
110.250	1101	4	1
110.336	1102	3	1
110.422	1103	4	2
110.508	1104	2	1
110.595	1105	1	1
110.595	1106	3	1
110.767	1107	2	1
110.853	1108	1	1
110.940	1109	2	1
110.940	1110	3	1
110.940	1111	4	3
111.112	1112	1	1
111.198	1113	2	1
111.284	1114	4	1
111.371	1115	1	1
111.457	1116	3	1
111.457	1117	4	1
111.629	1118	1	1
111.629	1119	2	1
111.629	1120	3	1
111.802	1121	4	1
111.888	1122	2	1
111.974	1123	1	1
111.974	1124	3	1
112.146	1125	2	1
112.233	1126	3	1
112.319	1127	1	1
112.319	1128	2	1
112.319	1129	4	1
112.405	1130	3	1
112.491	1131	1	1
112.577	1132	2	1
112.664	1133	3	1
112.664	1134	4	1
112.750	1135	1	1
112.836	1136	2	1
112.836	1137	3	1
113.008	1138	1	1
113.008	1139	3	1
113.008	1140	4	1
113.181	1141	1	1
113.181	1142	2	2
113.267	1143	3	1
113.353	1144	1	1
113.353	1145	4	1
113.526	1146	3	1
113.612	1147	1	1
113.698	1148	3	2
113.698	1149	4	1
113.698	1150	2	3
113.871	1151	1	1
113.957	1152	2	1
114.043	1153	4	1
114.129	1154	2	1
114.215	1155	1	1
114.215	1156	4	1
114.388	1157	1	1
114.388	1158	2	1
114.388	1159	3	3
114.474	1160	4	1
114.560	1161	3	1
114.646	1162	2	1
114.733	1163	1	1
114.819	1164	4	1
114.905	1165	2	1
114.905	1166	3	1
114.991	1167	4	1
115.077	1168	1	1
115.077	1169	2	1
115.077	1170	3	1
115.164	1171	4	1
115.250	1172	1	1
115.250	1173	2	1
115.422	1174	3	1
115.422	1175	4	1
115.595	1176	1	1
115.595	1177	2	1
115.681	1178	3	1
115.681	1179	4	1
115.767	1180	1	1
115.767	1181	2	1
115.853	1182	4	1
115.940	1183	2	1
115.940	1184	3	2
116.112	1185	1	1
116.112	1186	4	1
116.284	1187	1	1
116.284	1188	2	1
116.457	1189	2	2
116.457	1190	4	1
116.457	1191	3	3
116.629	1192	3	1
116.715	1193	4	1
116.802	1194	3	1
116.888	1195	1	1
116.974	1196	3	1
116.974	1197	4	1
117.146	1198	1	1
117.146	1199	4	1
117.146	1200	2	3
117.319	1201	3	1
117.405	1202	2	1
117.491	1203	1	1
117.491	1204	3	1
117.664	1205	4	1
117.750	1206	3	1
117.836	1207	1	1
117.836	1208	2	1
117.836	1209	4	1
118.008	1210	1	1
118.095	1211	2	1
118.181	1212	3	1
118.181	1213	4	1
118.267	1214	1	1
118.353	1215	2	1
118.353	1216	3	1
118.526	1217	1	1
118.526	1218	3	1
118.526	1219	4	1
118.698	1220	1	1
118.698	1221	2	2
118.784	1222	4	1
118.871	1223	1	1
118.871	1224	3	1
119.388	1225	2	3
120.250	1226	1	1
120.250	1227	2	1
120.336	1228	3	1
120.422	1229	1	1
120.422	1230	2	1
120.422	1231	4	1
120.595	1232	3	1
120.681	1233	1	1
120.681	1234	2	1
120.681	1235	4	1
120.853	1236	3	1
120.940	1237	1	1
120.940	1238	2	1
121.112	1239	1	1
121.112	1240	2	1
121.112	1241	4	1
121.284	1242	3	1
121.371	1243	2	1
121.457	1244	1	1
121.543	1245	4	1
121.629	1246	1	1
121.629	1247	2	1
121.629	1248	3	1
121.802	1249	4	2
121.974	1250	2	1
121.974	1251	3	1
122.146	1252	1	1
122.233	1253	2	1
122.319	1254	3	1
122.405	1255	2	1
122.491	1256	1	1
122.491	1257	3	1
122.491	1258	4	3
122.664	1259	1	1
122.664	1260	3	1
122.664	1261	4	1
122.836	1262	2	2
122.922	1263	4	1
123.008	1264	1	1
123.008	1265	3	1
123.008	1266	2	3
123.181	1267	3	1
123.353	1268	1	1
123.353	1269	2	1
123.353	1270	4	1
123.526	1271	4	1
123.612	1272	1	1
123.698	1273	2	1
123.784	1274	4	1
123.871	1275	1	1
123.871	1276	3	1
124.043	1277	1	1
124.043	1278	2	1
124.043	1279	4	1
124.215	1280	1	1
124.302	1281	3	1
124.388	1282	2	1
124.388	1283	4	1
124.560	1284	1	2
124.733	1285	2	1
124.733	1286	3	1
124.905	1287	4	1
124.991	1288	2	1
125.077	1289	3	1
125.164	1290	2	1
125.250	1291	3	1
125.250	1292	4	1
125.250	1293	1	3
125.422	1294	1	1
125.422	1295	2	1
125.422	1296	4	1
125.595	1297	3	2
125.681	1298	1	1
125.767	1299	4	1
125.767	1300	3	3
125.853	1301	1	1
125.940	1302	2	1
125.940	1303	3	1
126.112	1304	1	1
126.112	1305	3	1
126.112	1306	4	1
126.284	1307	4	1
126.371	1308	2	1
126.457	1309	1	1
126.543	1310	4	1
126.629	1311	2	1
126.629	1312	3	1
126.802	1313	1	1
126.802	1314	3	1
126.802	1315	4	1
126.974	1316	2	1
127.060	1317	4	1
127.146	1318	1	1
127.146	1319	3	1
127.319	1320	4	2
127.491	1321	1	1
127.491	1322	2	1
127.664	1323	3	1
127.750	1324	2	1
127.836	1325	1	1
127.922	1326	3	1
128.008	1327	1	1
128.008	1328	2	1
128.008	1329	4	3
128.181	1330	1	1
128.181	1331	3	1
128.181	1332	4	1
128.353	1333	2	2
128.440	1334	3	1
128.526	1335	1	1
128.526	1336	4	1
128.526	1337	2	3
128.698	1338	3	1
128.871	1339	1	1
128.871	1340	2	1
128.871	1341	4	1
129.043	1342	4	1
129.129	1343	1	1
129.215	1344	2	1
129.302	1345	4	1
129.388	1346	1	1
129.388	1347	3	1
129.560	1348	2	1
129.560	1349	3	1
129.560	1350	4	1
129.733	1351	1	1
129.819	1352	2	1
129.905	1353	3	1
129.905	1354	4	1
130.077	1355	1	2
130.250	1356	3	1
130.250	1357	4	1
130.422	1358	2	1
130.508	1359	3	1
130.595	1360	4	1
130.681	1361	3	1
130.767	1362	2	1
130.767	1363	4	1
130.767	1364	1	3
130.940	1365	1	1
130.940	1366	2	1
130.940	1367	3	1
131.112	1368	1	2
131.284	1369	2	1
131.457	1370	3	1
131.457	1371	4	1
131.629	1372	2	2
131.629	1373	4	1
131.629	1374	1	3
131.802	1375	1	1
131.888	1376	4	1
131.974	1377	3	1
131.974	1378	2	3
132.060	1379	2	1
132.146	1380	1	1
132.146	1381	4	1
132.319	1382	1	1
132.319	1383	2	1
132.319	1384	3	1
132.491	1385	3	1
132.577	1386	2	1
132.664	1387	1	1
132.664	1388	3	1
132.664	1389	4	2
132.836	1390	2	1
133.008	1391	2	1
133.008	1392	3	1
133.181	1393	1	1
133.267	1394	2	1
133.353	1395	3	1
133.353	1396	4	3
133.440	1397	1	1
133.526	1398	3	1
133.526	1399	4	1
133.698	1400	1	1
133.698	1401	2	1
133.698	1402	4	1
133.871	1403	3	1
133.957	1404	2	1
134.043	1405	1	1
134.043	1406	4	1
134.215	1407	3	1
134.388	1408	1	1
134.388	1409	2	1
134.388	1410	4	1
134.560	1411	3	1
134.646	1412	1	1
134.733	1413	4	2
134.819	1414	3	1
134.905	1415	1	1
134.905	1416	2	1
135.077	1417	2	1
135.077	1418	3	1
135.250	1419	1	1
135.250	1420	4	3
135.336	1421	3	1
135.422	1422	1	1
135.422	1423	2	2
135.595	1424	3	1
135.767	1425	1	1
135.767	1426	4	1
135.940	1427	3	1
136.026	1428	1	1
136.112	1429	4	1
136.112	1430	2	3
136.198	1431	3	1
136.284	1432	1	1
136.284	1433	2	1
136.457	1434	1	1
136.457	1435	2	1
136.457	1436	4	1
136.629	1437	2	2
136.715	1438	4	1
136.802	1439	3	1
136.802	1440	2	3
136.888	1441	4	1
136.974	1442	1	2
136.974	1443	2	1
137.146	1444	3	1
137.146	1445	4	1
137.319	1446	2	1
137.405	1447	3	1
137.491	1448	4	1
137.577	1449	3	1
137.664	1450	2	1
137.664	1451	4	1
137.664	1452	1	3
137.836	1453	1	1
137.836	1454	2	1
137.836	1455	3	1
138.008	1456	1	1
138.095	1457	4	1
138.181	1458	2	1
138.181	1459	3	1
138.353	1460	4	2
138.526	1461	1	1
138.526	1462	3	1
138.526	1463	4	3
138.698	1464	2	1
138.784	1465	3	1
138.871	1466	1	2
138.957	1467	4	1
139.043	1468	2	1
139.043	1469	3	1
139.043	1470	1	3
139.215	1471	1	1
139.215	1472	3	1
139.215	1473	4	1
139.388	1474	4	1
139.474	1475	1	1
139.560	1476	2	1
139.560	1477	3	1
139.733	1478	4	1
139.819	1479	1	1
139.905	1480	2	1
139.905	1481	3	1
139.905	1482	4	1
140.077	1483	1	1
140.164	1484	2	1
140.250	1485	4	2
140.336	1486	1	1
140.422	1487	2	1
140.422	1488	3	1
140.595	1489	1	1
140.595	1490	3	1
140.595	1491	4	3
140.767	1492	2	2
140.853	1493	1	1
140.940	1494	3	1
140.940	1495	4	1
141.112	1496	1	1
141.284	1497	3	1
141.284	1498	4	1
141.457	1499	1	1
141.543	1500	3	1
141.629	1501	4	1
141.629	1502	2	3
141.715	1503	2	1
141.802	1504	1	1
141.802	1505	3	1
141.974	1506	2	1
141.974	1507	3	1
141.974	1508	4	1
142.146	1509	1	1
142.233	1510	4	1
142.319	1511	2	1
142.319	1512	3	1
142.405	1513	4	1
142.491	1514	1	2
142.491	1515	2	1
142.664	1516	3	1
142.664	1517	4	1
142.836	1518	2	1
142.922	1519	3	1
143.008	1520	4	1
143.095	1521	2	1
143.181	1522	3	1
143.181	1523	4	1
143.181	1524	1	3
143.353	1525	1	1
143.353	1526	2	1
143.353	1527	3	1
143.526	1528	2	1
143.612	1529	3	1
143.698	1530	1	2
143.698	1531	4	1
143.871	1532	3	1
143.871	1533	4	1
144.043	1534	2	1
144.043	1535	3	1
144.215	1536	4	1
144.215	1537	1	3
144.302	1538	3	1
144.388	1539	2	2
144.474	1540	1	1
144.560	1541	3	1
144.560	1542	4	1
144.733	1543	1	1
144.733	1544	4	1
144.905	1545	3	1
144.905	1546	2	3
145.077	1547	1	1
145.077	1548	4	2
145.164	1549	2	1
145.250	1550	3	1
145.336	1551	2	1
145.422	1552	1	1
145.422	1553	3	1
145.422	1554	4	3
145.595	1555	2	1
145.681	1556	4	1
145.767	1557	1	1
145.853	1558	2	1
145.940	1559	3	1
145.940	1560	4	1
146.112	1561	1	2
146.112	1562	2	1
146.112	1563	3	1
146.284	1564	4	1
146.371	1565	2	1
146.457	1566	3	1
146.457	1567	4	1
146.457	1568	1	3
146.629	1569	1	1
146.629	1570	4	2
146.802	1571	1	1
146.802	1572	2	1
146.974	1573	3	1
147.060	1574	2	1
147.146	1575	1	1
147.233	1576	2	1
147.319	1577	1	1
147.319	1578	3	1
147.319	1579	4	3
147.491	1580	1	1
147.491	1581	3	1
147.491	1582	4	1
147.664	1583	2	2
147.750	1584	3	1
147.836	1585	1	1
147.836	1586	2	3
147.922	1587	3	1
148.008	1588	2	1
148.008	1589	4	1
148.095	1590	3	1
148.181	1591	1	1
148.181	1592	2	1
148.181	1593	4	1
148.353	1594	3	1
148.440	1595	1	1
148.526	1596	4	1
148.612	1597	2	1
148.698	1598	3	1
148.698	1599	4	1
148.871	1600	1	1
148.871	1601	2	1
148.871	1602	4	1
148.957	1603	3	1
149.043	1604	4	2
149.129	1605	2	1
149.215	1606	1	1
149.215	1607	3	1
149.302	1608	2	1
149.388	1609	1	1
149.388	1610	3	1
149.560	1611	1	1
149.560	1612	2	1
149.560	1613	4	3
149.733	1614	3	1
149.819	1615	1	1
149.905	1616	2	1
149.991	1617	3	1
150.077	1618	1	1
150.077	1619	4	1
150.164	1620	3	1
150.250	1621	1	1
150.250	1622	2	1
150.250	1623	4	1
150.422	1624	3	2
150.508	1625	4	1
150.595	1626	1	1
150.595	1627	2	1
150.595	1628	3	3
150.681	1629	4	1
150.767	1630	3	1
150.853	1631	1	1
150.940	1632	2	1
150.940	1633	3	1
150.940	1634	4	1
151.112	1635	1	1
151.198	1636	3	1
151.284	1637	2	1
151.371	1638	4	1
151.457	1639	1	1
151.457	1640	3	1
151.543	1641	2	1
151.629	1642	1	1
151.629	1643	3	1
151.629	1644	4	1
151.802	1645	2	1
151.888	1646	1	1
151.974	1647	2	2
151.974	1648	3	1
152.146	1649	1	1
152.146	1650	4	1
152.319	1651	1	1
152.319	1652	3	1
152.491	1653	4	1
152.491	1654	2	3
152.577	1655	1	1
152.664	1656	3	2
152.750	1657	4	1
152.836	1658	1	1
152.836	1659	2	1
152.922	1660	4	1
153.008	1661	1	1
153.008	1662	2	1
153.181	1663	1	1
153.181	1664	3	3
153.267	1665	4	1
153.353	1666	2	2
153.353	1667	3	1
153.526	1668	1	1
153.526	1669	4	1
153.698	1670	1	1
153.698	1671	3	1
153.871	1672	4	1
153.871	1673	2	3
153.957	1674	1	1
154.043	1675	3	2
154.129	1676	2	1
154.215	1677	1	1
154.215	1678	4	1
154.388	1679	1	1
154.388	1680	2	1
154.388	1681	4	1
154.388	1682	3	3
154.560	1683	3	1
154.646	1684	2	1
154.733	1685	1	2
154.733	1686	3	1
154.819	1687	4	1
154.905	1688	2	1
154.991	1689	4	1
155.077	1690	2	1
155.077	1691	3	1
155.250	1692	4	1
155.250	1693	1	3
155.336	1694	3	1
155.422	1695	2	2
155.508	1696	1	1
155.595	1697	3	1
155.595	1698	4	1
155.681	1699	1	1
155.767	1700	3	1
155.767	1701	4	1
155.940	1702	3	1
155.940	1703	2	3
156.026	1704	1	1
156.112	1705	2	1
156.112	1706	4	2
156.284	1707	3	1
156.371	1708	1	1
156.457	1709	2	1
156.457	1710	3	2
156.457	1711	4	3
156.629	1712	2	1
156.715	1713	4	1
156.802	1714	1	1
156.802	1715	3	3
156.888	1716	2	1
156.974	1717	3	1
156.974	1718	4	1
157.146	1719	1	2
157.146	1720	2	1
157.146	1721	4	1
157.319	1722	3	1
157.405	1723	4	1
157.491	1724	2	1
157.491	1725	3	1
157.664	1726	2	1
157.750	1727	4	1
157.836	1728	2	1
157.836	1729	3	1
157.836	1730	1	3
158.008	1731	1	1
158.095	1732	4	1
158.181	1733	3	1
158.267	1734	2	1
158.353	1735	1	1
158.353	1736	4	1
158.440	1737	2	1
158.526	1738	1	1
158.526	1739	3	1
158.526	1740	4	1
158.698	1741	2	2
158.784	1742	3	1
158.871	1743	4	1
158.871	1744	2	3
158.957	1745	3	1
159.043	1746	1	2
159.129	1747	2	1
159.215	1748	3	1
159.215	1749	4	1
159.388	1750	2	1
159.474	1751	3	1
159.560	1752	4	1
159.646	1753	2	1
159.733	1754	3	1
159.733	1755	4	1
159.733	1756	1	3
159.905	1757	1	1
159.905	1758	2	1
159.905	1759	3	1
160.077	1760	4	2
160.164	1761	2	1
160.250	1762	1	1
160.250	1763	3	1
160.336	1764	2	1
160.422	1765	1	1
160.508	1766	3	1
160.595	1767	1	1
160.595	1768	2	1
160.595	1769	4	3
160.681	1770	3	1
160.767	1771	4	1
160.853	1772	2	1
160.940	1773	1	2
161.026	1774	3	1
161.112	1775	2	1
161.112	1776	4	1
161.112	1777	1	3
161.198	1778	1	1
161.284	1779	2	1
161.284	1780	3	1
161.284	1781	4	1
161.457	1782	1	1
161.543	1783	4	1
161.629	1784	2	1
161.629	1785	3	1
161.715	1786	1	1
161.802	1787	2	1
161.888	1788	4	1
161.974	1789	1	1
161.974	1790	2	1
161.974	1791	3	1
162.146	1792	2	1
162.146	1793	4	1
162.233	1794	1	1
162.319	1795	3	2
162.405	1796	4	1
162.491	1797	1	1
162.491	1798	2	1
162.577	1799	4	2
162.577	1800	3	3
162.664	1801	1	1
162.664	1802	2	1
162.836	1803	3	2
162.836	1804	4	3
162.922	1805	2	1
163.008	1806	1	1
163.008	1807	4	1
163.181	1808	1	1
163.267	1809	2	1
163.353	1810	1	1
163.353	1811	4	1
163.353	1812	3	3
163.526	1813	2	1
163.612	1814	3	1
163.698	1815	4	1
163.784	1816	1	1
163.871	1817	2	1
163.871	1818	3	1
164.043	1819	1	1
164.043	1820	3	1
164.043	1821	4	1
164.215	1822	2	1
164.302	1823	1	1
164.388	1824	2	1
164.388	1825	3	1
164.388	1826	4	1
164.560	1827	4	2
164.733	1828	3	1
165.077	1829	3	1
165.422	1830	3	1
165.767	1831	1	1
165.767	1832	2	1
165.767	1833	3	1
165.767	1834	4	3