Song Name	FIREBITE! (Hard) by KepoWorld
Difficulty	20
Primary Color	Flow
Secondary Color	Rush
Audio Asset ID	rbxassetid://9060283201
Audio File	9060283201.ogg
Last Note Time	171.351
Total Notes	1623
Fever Fill	386
Fever Time	25.702650
Long Notes	465
BPM	135
Song Length	172.351000000

Timing Points
2.018	444.444444


Song Data
2.018	1	2	2
3.684	2	2	3
3.795	3	2	2
5.462	4	2	3
5.573	5	2	2
7.351	6	4	2
7.351	7	2	3
9.129	8	2	2
9.129	9	4	3
10.795	10	2	3
10.906	11	2	2
12.129	12	3	1
12.240	13	4	2
12.462	14	1	2
12.462	15	4	3
12.684	16	3	2
12.684	17	1	3
12.684	18	2	3
12.906	19	2	2
12.906	20	3	3
13.129	21	1	2
13.129	22	2	3
13.351	23	4	2
13.351	24	1	3
13.573	25	4	3
13.684	26	2	2
13.906	27	2	3
14.017	28	3	2
14.240	29	2	2
14.240	30	3	3
14.462	31	1	2
14.462	32	2	3
14.684	33	1	3
14.906	34	2	2
15.129	35	2	3
15.351	36	3	2
15.573	37	3	3
15.684	38	2	1
15.795	39	4	2
16.017	40	2	2
16.017	41	4	3
16.240	42	3	2
16.240	43	2	3
16.462	44	2	2
16.462	45	3	3
16.684	46	1	2
16.684	47	2	3
16.906	48	4	2
16.906	49	1	3
17.129	50	4	3
17.240	51	3	2
17.462	52	3	3
17.573	53	2	2
17.795	54	3	2
17.795	55	2	3
18.017	56	1	2
18.017	57	3	3
18.240	58	1	3
18.462	59	2	2
18.684	60	2	3
18.906	61	3	2
19.129	62	3	3
19.240	63	2	1
19.351	64	4	2
19.573	65	2	2
19.573	66	4	3
19.795	67	3	2
19.795	68	2	3
20.017	69	2	2
20.017	70	3	3
20.240	71	1	2
20.240	72	2	3
20.462	73	4	2
20.462	74	1	3
20.684	75	4	3
20.795	76	2	2
21.017	77	2	3
21.129	78	3	2
21.351	79	2	2
21.351	80	3	3
21.573	81	1	2
21.573	82	2	3
21.795	83	1	3
22.017	84	2	2
22.240	85	2	3
22.462	86	3	2
22.684	87	3	3
22.795	88	2	1
22.906	89	4	2
23.129	90	2	2
23.129	91	4	3
23.351	92	3	2
23.351	93	2	3
23.573	94	2	2
23.573	95	3	3
23.795	96	1	2
23.795	97	2	3
24.017	98	4	2
24.017	99	1	3
24.351	100	3	2
24.573	101	3	3
24.684	102	2	2
24.906	103	3	2
24.906	104	2	3
25.129	105	1	2
25.129	106	2	1
25.129	107	3	3
25.129	108	4	3
25.351	109	3	1
25.573	110	2	2
25.573	111	1	3
25.795	112	4	1
26.017	113	3	2
26.017	114	2	3
26.240	115	1	1
26.351	116	2	1
26.351	117	3	3
26.462	118	4	2
26.684	119	2	2
26.684	120	4	3
26.906	121	3	2
26.906	122	2	3
27.129	123	2	2
27.129	124	3	3
27.351	125	1	2
27.351	126	2	3
27.573	127	4	2
27.573	128	1	3
27.906	129	2	2
27.906	130	4	3
28.017	131	1	1
28.240	132	3	2
28.240	133	2	3
28.462	134	2	2
28.462	135	3	3
28.684	136	1	2
28.684	137	2	3
28.906	138	3	1
29.129	139	2	2
29.129	140	1	3
29.351	141	4	1
29.573	142	3	2
29.573	143	2	3
29.795	144	1	1
29.906	145	2	1
29.906	146	3	3
30.017	147	4	2
30.240	148	2	2
30.240	149	4	3
30.462	150	3	2
30.462	151	2	3
30.684	152	2	2
30.684	153	3	3
30.906	154	1	2
30.906	155	2	3
31.129	156	4	2
31.129	157	1	3
31.462	158	3	2
31.462	159	4	3
31.573	160	1	1
31.795	161	2	2
31.795	162	3	3
32.017	163	3	2
32.017	164	2	3
32.240	165	1	2
32.240	166	2	1
32.240	167	4	1
32.240	168	3	3
32.462	169	3	1
32.684	170	2	2
32.684	171	1	3
32.906	172	4	1
33.129	173	3	2
33.129	174	2	3
33.351	175	1	1
33.462	176	2	1
33.462	177	3	3
33.573	178	4	2
33.795	179	2	2
33.795	180	4	3
34.017	181	3	2
34.017	182	2	3
34.240	183	2	2
34.240	184	3	3
34.462	185	1	2
34.462	186	2	3
34.684	187	4	2
34.684	188	1	3
35.017	189	2	2
35.017	190	4	3
35.129	191	1	1
35.351	192	3	2
35.351	193	2	3
35.573	194	2	2
35.573	195	3	3
35.795	196	1	2
35.795	197	2	3
36.017	198	3	1
36.240	199	2	2
36.240	200	1	3
36.462	201	4	1
36.684	202	3	2
36.684	203	2	3
36.906	204	1	1
37.017	205	2	1
37.017	206	3	3
37.129	207	4	2
37.351	208	2	2
37.351	209	4	3
37.573	210	3	2
37.573	211	2	3
37.795	212	2	2
37.795	213	3	3
38.017	214	1	2
38.017	215	2	3
38.240	216	4	2
38.240	217	1	3
38.462	218	1	2
38.462	219	4	3
38.684	220	3	2
38.906	221	2	2
38.906	222	1	3
38.906	223	3	3
39.129	224	4	2
39.351	225	1	2
39.351	226	3	1
39.351	227	2	3
39.351	228	4	3
39.573	229	4	1
39.573	230	1	3
39.795	231	2	2
39.795	232	3	1
40.017	233	1	1
40.017	234	2	3
40.240	235	3	2
40.240	236	4	1
40.462	237	1	1
40.462	238	3	3
40.573	239	2	1
40.684	240	3	1
40.684	241	4	2
40.795	242	1	1
40.906	243	2	2
40.906	244	4	3
41.017	245	4	1
41.129	246	1	1
41.129	247	3	2
41.129	248	2	3
41.351	249	2	2
41.351	250	3	3
41.573	251	1	2
41.573	252	3	1
41.573	253	2	3
41.795	254	4	2
41.795	255	1	3
42.017	256	1	1
42.017	257	3	1
42.017	258	4	3
42.129	259	2	2
42.240	260	4	1
42.351	261	2	3
42.462	262	1	1
42.462	263	3	2
42.573	264	4	1
42.684	265	2	2
42.684	266	3	3
42.795	267	4	1
42.906	268	1	2
42.906	269	3	1
42.906	270	2	3
43.129	271	4	1
43.129	272	1	3
43.351	273	2	2
43.351	274	3	1
43.573	275	1	1
43.573	276	2	3
43.795	277	3	2
43.795	278	4	1
44.017	279	1	1
44.017	280	3	3
44.129	281	2	1
44.240	282	3	1
44.240	283	4	2
44.351	284	1	1
44.462	285	2	2
44.462	286	4	3
44.573	287	4	1
44.684	288	1	1
44.684	289	3	2
44.684	290	2	3
44.906	291	2	2
44.906	292	3	3
45.129	293	1	2
45.129	294	3	1
45.129	295	2	3
45.351	296	4	2
45.351	297	1	3
45.573	298	1	1
45.573	299	2	1
45.573	300	4	3
45.684	301	3	2
45.795	302	4	1
45.906	303	3	3
46.017	304	2	2
46.017	305	4	1
46.129	306	3	1
46.240	307	1	1
46.240	308	2	3
46.351	309	3	1
46.351	310	4	1
46.462	311	1	1
46.462	312	2	1
46.684	313	3	1
46.684	314	4	1
46.906	315	1	1
46.906	316	2	1
47.129	317	3	1
47.129	318	4	1
47.351	319	1	1
47.351	320	2	1
47.573	321	3	1
47.573	322	4	1
47.795	323	1	1
47.795	324	2	1
48.017	325	3	1
48.017	326	4	1
48.240	327	1	1
48.240	328	3	1
48.462	329	2	1
48.462	330	4	1
48.684	331	1	1
48.684	332	3	1
48.906	333	2	1
48.906	334	4	1
49.129	335	1	1
49.129	336	3	1
49.351	337	2	1
49.351	338	4	1
49.573	339	1	1
49.573	340	3	1
49.795	341	2	1
49.795	342	4	1
50.017	343	1	1
50.017	344	2	1
50.129	345	3	1
50.129	346	4	1
50.240	347	1	1
50.240	348	2	1
50.351	349	3	1
50.351	350	4	1
50.462	351	1	1
50.462	352	2	1
50.573	353	3	1
50.573	354	4	1
50.684	355	1	1
50.684	356	2	1
50.795	357	3	1
50.795	358	4	1
50.906	359	1	1
50.962	360	2	1
51.017	361	3	1
51.073	362	4	1
51.129	363	1	1
51.184	364	2	1
51.240	365	3	1
51.295	366	4	1
51.351	367	1	1
51.406	368	2	1
51.462	369	3	1
51.517	370	4	1
51.573	371	1	1
51.629	372	2	1
51.684	373	3	1
51.740	374	4	1
51.795	375	1	1
51.795	376	2	1
52.017	377	4	1
52.240	378	1	2
52.462	379	4	2
52.462	380	1	3
52.684	381	2	1
52.684	382	4	3
52.795	383	3	2
52.906	384	4	1
53.017	385	3	3
53.129	386	2	2
53.351	387	3	2
53.351	388	2	3
53.462	389	2	1
53.573	390	1	1
53.573	391	4	2
53.573	392	3	3
54.017	393	2	2
54.017	394	3	1
54.017	395	4	3
54.240	396	1	1
54.240	397	2	3
54.351	398	3	1
54.351	399	4	1
54.462	400	1	1
54.462	401	2	2
54.573	402	3	1
54.684	403	4	1
54.906	404	1	1
54.906	405	3	2
54.906	406	2	3
55.129	407	4	1
55.129	408	3	3
55.240	409	3	1
55.351	410	1	1
55.351	411	2	2
55.573	412	4	1
55.795	413	1	1
55.795	414	3	2
55.795	415	2	3
56.017	416	4	1
56.017	417	3	3
56.129	418	3	1
56.240	419	1	1
56.240	420	2	2
56.351	421	3	1
56.462	422	4	1
56.684	423	1	1
56.684	424	3	1
56.684	425	2	3
56.795	426	2	1
56.906	427	3	1
57.017	428	4	1
57.129	429	2	1
57.129	430	3	2
57.351	431	1	2
57.573	432	2	2
57.573	433	4	1
57.573	434	1	3
57.573	435	3	3
57.795	436	1	1
57.795	437	2	3
57.906	438	3	1
57.906	439	4	1
58.017	440	1	1
58.017	441	2	2
58.129	442	3	1
58.240	443	4	1
58.462	444	1	1
58.462	445	3	2
58.462	446	2	3
58.684	447	4	2
58.684	448	3	3
58.906	449	1	1
58.906	450	2	2
58.906	451	4	3
59.017	452	2	3
59.129	453	2	2
59.351	454	1	1
59.351	455	3	2
59.351	456	2	3
59.573	457	4	2
59.573	458	3	3
59.684	459	1	1
59.795	460	2	2
59.795	461	3	1
59.795	462	4	3
59.906	463	4	1
60.017	464	1	1
60.240	465	3	2
60.240	466	4	1
60.240	467	2	3
60.351	468	2	1
60.462	469	1	2
60.462	470	3	3
60.573	471	3	1
60.684	472	2	1
60.684	473	4	2
60.684	474	1	3
60.906	475	1	1
61.129	476	2	2
61.129	477	3	1
61.129	478	4	3
61.351	479	1	1
61.351	480	2	3
61.462	481	3	1
61.462	482	4	1
61.573	483	1	1
61.573	484	2	2
61.684	485	3	1
61.795	486	4	1
62.017	487	1	1
62.017	488	3	2
62.017	489	2	3
62.240	490	4	1
62.240	491	3	3
62.351	492	3	1
62.462	493	1	1
62.462	494	2	2
62.684	495	4	1
62.906	496	1	1
62.906	497	3	2
62.906	498	2	3
63.129	499	4	1
63.129	500	3	3
63.240	501	3	1
63.351	502	1	1
63.351	503	2	2
63.462	504	3	1
63.573	505	4	1
63.795	506	1	1
63.795	507	3	1
63.795	508	2	3
63.906	509	2	1
64.017	510	3	1
64.129	511	4	1
64.240	512	2	1
64.240	513	3	2
64.462	514	1	2
64.684	515	2	2
64.684	516	4	1
64.684	517	1	3
64.684	518	3	3
64.906	519	1	1
64.906	520	2	3
65.017	521	3	1
65.017	522	4	1
65.129	523	1	1
65.129	524	2	2
65.240	525	3	1
65.351	526	4	1
65.573	527	1	1
65.573	528	3	2
65.573	529	2	3
65.795	530	4	2
65.795	531	3	3
66.017	532	1	1
66.017	533	2	2
66.017	534	4	3
66.129	535	2	3
66.240	536	2	2
66.462	537	1	1
66.462	538	3	2
66.462	539	2	3
66.684	540	4	2
66.684	541	3	3
66.795	542	1	1
66.906	543	2	2
66.906	544	3	1
66.906	545	4	3
67.017	546	4	1
67.129	547	1	1
67.351	548	3	2
67.351	549	4	1
67.351	550	2	3
67.462	551	2	1
67.573	552	1	2
67.573	553	3	3
67.684	554	3	1
67.795	555	2	1
67.795	556	4	2
67.795	557	1	3
68.017	558	1	1
68.240	559	2	2
68.240	560	4	3
68.462	561	3	1
68.462	562	2	3
68.573	563	1	1
68.684	564	2	2
68.795	565	3	1
68.906	566	4	1
69.129	567	3	2
69.129	568	2	3
69.351	569	4	1
69.351	570	3	3
69.462	571	3	1
69.573	572	2	2
69.795	573	4	1
70.017	574	3	2
70.017	575	2	3
70.240	576	4	1
70.240	577	3	3
70.351	578	3	1
70.462	579	2	2
70.573	580	1	1
70.684	581	4	1
70.906	582	1	1
70.906	583	2	3
71.017	584	2	1
71.129	585	3	1
71.240	586	4	1
71.351	587	2	1
71.351	588	3	2
71.573	589	1	2
71.795	590	2	2
71.795	591	4	1
71.795	592	1	3
71.795	593	3	3
72.017	594	1	1
72.017	595	2	3
72.129	596	3	1
72.129	597	4	1
72.240	598	1	1
72.240	599	2	2
72.351	600	3	1
72.462	601	4	1
72.684	602	1	1
72.684	603	3	2
72.684	604	2	3
72.906	605	4	2
72.906	606	3	3
73.129	607	1	1
73.129	608	2	2
73.129	609	4	3
73.240	610	2	3
73.351	611	2	2
73.573	612	1	1
73.573	613	3	2
73.573	614	2	3
73.795	615	4	2
73.795	616	3	3
73.906	617	1	1
74.017	618	2	2
74.017	619	3	1
74.017	620	4	3
74.129	621	4	1
74.240	622	1	1
74.462	623	3	2
74.462	624	4	1
74.462	625	2	3
74.573	626	2	1
74.684	627	1	2
74.684	628	3	3
74.795	629	3	1
74.906	630	2	1
74.906	631	4	2
74.906	632	1	3
75.129	633	1	1
75.351	634	2	2
75.351	635	3	1
75.351	636	4	3
75.573	637	1	1
75.573	638	2	3
75.684	639	3	1
75.684	640	4	1
75.795	641	1	1
75.795	642	2	2
75.906	643	3	1
76.017	644	4	1
76.240	645	1	1
76.240	646	3	2
76.240	647	2	3
76.462	648	4	1
76.462	649	3	3
76.573	650	3	1
76.684	651	1	1
76.684	652	2	2
76.906	653	4	1
77.129	654	1	1
77.129	655	3	2
77.129	656	2	3
77.351	657	4	1
77.351	658	3	3
77.462	659	3	1
77.573	660	1	1
77.573	661	2	2
77.684	662	3	1
77.795	663	4	1
78.017	664	1	1
78.017	665	3	1
78.017	666	2	3
78.129	667	2	1
78.240	668	3	1
78.351	669	4	1
78.462	670	2	1
78.462	671	3	2
78.684	672	1	2
78.906	673	2	2
78.906	674	4	1
78.906	675	1	3
78.906	676	3	3
79.129	677	1	1
79.129	678	2	3
79.240	679	3	1
79.240	680	4	1
79.351	681	1	1
79.351	682	2	2
79.462	683	3	1
79.573	684	4	1
79.795	685	1	1
79.795	686	3	2
79.795	687	2	3
80.017	688	4	2
80.017	689	3	3
80.240	690	1	1
80.240	691	2	2
80.240	692	4	3
80.351	693	2	3
80.462	694	2	2
80.684	695	1	1
80.684	696	3	2
80.684	697	2	3
80.906	698	4	2
80.906	699	3	3
81.017	700	1	1
81.129	701	2	2
81.129	702	3	1
81.129	703	4	3
81.240	704	4	1
81.351	705	1	1
81.573	706	3	2
81.573	707	4	1
81.573	708	2	3
81.795	709	2	2
81.795	710	3	3
82.017	711	1	2
82.017	712	4	1
82.017	713	2	3
82.240	714	3	1
82.240	715	1	3
82.462	716	2	2
82.462	717	4	1
82.684	718	1	1
82.684	719	2	3
82.795	720	2	1
82.906	721	3	2
83.017	722	4	1
83.129	723	1	1
83.129	724	3	3
83.240	725	2	1
83.351	726	3	1
83.351	727	4	2
83.573	728	2	2
83.573	729	4	3
83.795	730	3	2
83.795	731	2	3
84.017	732	2	2
84.017	733	3	3
84.240	734	1	2
84.240	735	3	1
84.240	736	2	3
84.462	737	4	2
84.462	738	1	3
84.573	739	3	1
84.684	740	1	1
84.684	741	4	3
84.795	742	2	2
84.906	743	4	1
85.017	744	2	3
85.129	745	1	1
85.129	746	3	2
85.240	747	4	1
85.351	748	2	2
85.351	749	3	3
85.462	750	3	1
85.573	751	1	2
85.573	752	2	3
85.795	753	3	1
85.795	754	1	3
86.017	755	2	2
86.017	756	4	1
86.240	757	1	1
86.240	758	2	3
86.351	759	2	1
86.462	760	3	2
86.573	761	4	1
86.684	762	1	1
86.684	763	3	3
86.795	764	2	1
86.906	765	3	1
86.906	766	4	2
87.129	767	2	2
87.129	768	4	3
87.351	769	3	2
87.351	770	2	3
87.573	771	2	2
87.573	772	3	3
87.795	773	1	2
87.795	774	3	1
87.795	775	2	3
88.017	776	4	2
88.017	777	1	3
88.129	778	1	1
88.240	779	2	1
88.240	780	4	3
88.351	781	3	2
88.462	782	4	1
88.573	783	3	3
88.684	784	1	1
88.684	785	2	2
88.795	786	4	1
88.906	787	3	2
88.906	788	2	3
89.017	789	2	1
89.129	790	1	2
89.129	791	3	3
89.351	792	3	1
89.351	793	1	3
89.573	794	2	2
89.573	795	4	1
89.795	796	1	1
89.795	797	2	3
89.906	798	2	1
90.017	799	3	2
90.129	800	4	1
90.240	801	1	1
90.240	802	3	3
90.351	803	2	1
90.462	804	3	1
90.462	805	4	2
90.684	806	2	2
90.684	807	4	3
90.906	808	3	2
90.906	809	2	3
91.129	810	2	2
91.129	811	3	3
91.351	812	1	2
91.351	813	3	1
91.351	814	2	3
91.573	815	4	2
91.573	816	1	3
91.684	817	3	1
91.795	818	1	1
91.795	819	4	3
91.906	820	2	2
92.017	821	4	1
92.129	822	2	3
92.240	823	1	1
92.240	824	3	2
92.351	825	4	1
92.462	826	2	2
92.462	827	3	3
92.573	828	3	1
92.684	829	1	2
92.684	830	2	3
92.906	831	3	1
92.906	832	1	3
93.129	833	2	2
93.129	834	4	1
93.351	835	1	1
93.351	836	2	3
93.462	837	2	1
93.573	838	3	2
93.684	839	4	1
93.795	840	1	1
93.795	841	3	3
93.906	842	2	1
94.017	843	3	1
94.017	844	4	2
94.240	845	2	2
94.240	846	4	3
94.462	847	3	2
94.462	848	2	3
94.684	849	2	2
94.684	850	3	3
94.906	851	1	2
94.906	852	3	1
94.906	853	2	3
95.129	854	4	2
95.129	855	1	3
95.240	856	1	1
95.351	857	2	1
95.351	858	4	3
95.462	859	3	1
95.573	860	4	1
95.795	861	1	1
95.795	862	2	2
95.906	863	4	1
96.017	864	3	2
96.017	865	2	3
96.129	866	2	1
96.240	867	1	2
96.240	868	4	1
96.240	869	3	3
96.462	870	3	1
96.684	871	2	2
96.684	872	1	3
96.906	873	4	1
97.129	874	3	2
97.129	875	2	3
97.351	876	1	1
97.462	877	2	1
97.462	878	3	3
97.573	879	4	2
97.795	880	2	2
97.795	881	4	3
98.017	882	3	2
98.017	883	2	3
98.240	884	2	2
98.240	885	3	3
98.462	886	1	2
98.462	887	2	3
98.684	888	4	2
98.684	889	1	3
99.017	890	2	2
99.017	891	4	3
99.129	892	1	1
99.351	893	3	2
99.351	894	2	3
99.573	895	2	2
99.573	896	3	3
99.795	897	1	2
99.795	898	2	3
100.017	899	3	1
100.240	900	2	2
100.240	901	1	3
100.462	902	4	1
100.684	903	3	2
100.684	904	2	3
100.906	905	1	1
101.017	906	2	1
101.017	907	3	3
101.129	908	4	2
101.351	909	2	2
101.351	910	4	3
101.573	911	3	2
101.573	912	2	3
101.795	913	2	2
101.795	914	3	3
102.017	915	1	2
102.017	916	2	3
102.240	917	4	2
102.240	918	1	3
102.573	919	3	2
102.573	920	4	3
102.684	921	1	1
102.906	922	2	2
102.906	923	3	3
103.129	924	3	2
103.129	925	2	3
103.351	926	1	2
103.351	927	2	1
103.351	928	4	1
103.351	929	3	3
103.573	930	3	1
103.795	931	2	2
103.795	932	1	3
104.017	933	4	1
104.240	934	3	2
104.240	935	2	3
104.462	936	1	1
104.573	937	2	1
104.573	938	3	3
104.684	939	4	2
104.906	940	2	2
104.906	941	4	3
105.129	942	3	2
105.129	943	2	3
105.351	944	2	2
105.351	945	3	3
105.573	946	1	2
105.573	947	2	3
105.795	948	4	2
105.795	949	1	3
106.129	950	2	2
106.129	951	4	3
106.240	952	1	1
106.462	953	3	2
106.462	954	2	3
106.684	955	2	2
106.684	956	3	3
106.906	957	1	2
106.906	958	2	3
107.129	959	3	1
107.351	960	2	2
107.351	961	1	3
107.573	962	4	1
107.795	963	3	2
107.795	964	2	3
108.017	965	1	1
108.129	966	2	1
108.129	967	3	3
108.240	968	4	2
108.462	969	2	2
108.462	970	4	3
108.684	971	3	2
108.684	972	2	3
108.906	973	2	2
108.906	974	3	3
109.129	975	1	2
109.129	976	2	3
109.351	977	4	2
109.351	978	1	3
109.573	979	1	2
109.573	980	4	3
109.795	981	3	2
110.017	982	2	2
110.017	983	1	3
110.017	984	3	3
110.240	985	4	2
110.462	986	1	2
110.462	987	3	1
110.462	988	2	3
110.462	989	4	3
110.684	990	1	3
110.795	991	2	2
110.906	992	4	1
111.017	993	2	3
111.129	994	3	2
111.351	995	2	2
111.351	996	3	3
111.573	997	1	1
111.573	998	2	3
111.684	999	3	2
111.795	1000	2	1
111.906	1001	1	1
111.906	1002	3	3
112.017	1003	4	2
112.129	1004	3	1
112.240	1005	1	2
112.240	1006	4	3
112.462	1007	3	1
112.462	1008	1	3
112.573	1009	2	2
112.684	1010	1	1
112.795	1011	2	3
112.906	1012	3	2
113.129	1013	2	2
113.129	1014	3	3
113.351	1015	1	1
113.351	1016	2	3
113.462	1017	3	2
113.573	1018	2	1
113.684	1019	1	1
113.684	1020	3	3
113.795	1021	4	2
113.906	1022	3	1
114.017	1023	1	2
114.017	1024	4	3
114.240	1025	3	1
114.240	1026	1	3
114.351	1027	2	2
114.462	1028	1	1
114.573	1029	2	3
114.684	1030	3	2
114.906	1031	2	2
114.906	1032	3	3
115.129	1033	1	1
115.129	1034	2	3
115.240	1035	3	2
115.351	1036	2	1
115.462	1037	1	1
115.462	1038	3	3
115.573	1039	4	2
115.684	1040	3	1
115.795	1041	1	2
115.795	1042	4	3
116.017	1043	3	1
116.017	1044	1	3
116.129	1045	2	2
116.240	1046	1	1
116.351	1047	2	3
116.462	1048	3	2
116.684	1049	2	2
116.684	1050	3	3
116.906	1051	1	1
116.906	1052	2	3
117.017	1053	3	2
117.129	1054	2	1
117.240	1055	1	1
117.240	1056	3	3
117.351	1057	2	2
117.462	1058	3	1
117.462	1059	4	1
117.462	1060	2	3
117.573	1061	1	1
117.573	1062	2	1
117.795	1063	3	1
117.795	1064	4	1
118.017	1065	1	1
118.017	1066	2	1
118.240	1067	3	1
118.240	1068	4	1
118.462	1069	1	1
118.462	1070	2	1
118.684	1071	3	1
118.684	1072	4	1
118.906	1073	1	1
118.906	1074	2	1
119.129	1075	3	1
119.129	1076	4	1
119.351	1077	1	1
119.351	1078	3	1
119.573	1079	2	1
119.573	1080	4	1
119.795	1081	1	1
119.795	1082	3	1
120.017	1083	2	1
120.017	1084	4	1
120.240	1085	1	1
120.240	1086	3	1
120.462	1087	2	1
120.462	1088	4	1
120.684	1089	1	1
120.684	1090	3	1
120.906	1091	2	1
120.906	1092	4	1
121.129	1093	1	1
121.129	1094	2	1
121.240	1095	3	1
121.240	1096	4	1
121.351	1097	1	1
121.351	1098	2	1
121.462	1099	3	1
121.462	1100	4	1
121.573	1101	1	1
121.573	1102	2	1
121.684	1103	3	1
121.684	1104	4	1
121.795	1105	1	1
121.795	1106	2	1
121.906	1107	3	1
121.906	1108	4	1
122.017	1109	1	1
122.073	1110	2	1
122.129	1111	3	1
122.184	1112	4	1
122.240	1113	1	1
122.295	1114	2	1
122.351	1115	3	1
122.406	1116	4	1
122.462	1117	1	1
122.517	1118	2	1
122.573	1119	3	1
122.629	1120	4	1
122.684	1121	1	1
122.740	1122	2	1
122.795	1123	3	1
122.851	1124	4	1
122.906	1125	1	1
122.906	1126	2	1
123.129	1127	4	1
123.351	1128	1	2
123.351	1129	2	1
123.573	1130	4	2
123.573	1131	1	3
123.795	1132	1	2
123.795	1133	4	3
124.017	1134	4	2
124.017	1135	1	3
124.240	1136	1	2
124.240	1137	4	3
124.462	1138	3	1
124.462	1139	1	3
124.573	1140	2	1
124.684	1141	1	1
124.684	1142	4	2
125.129	1143	2	2
125.129	1144	4	3
125.351	1145	3	1
125.351	1146	2	3
125.462	1147	1	1
125.573	1148	2	2
125.684	1149	3	1
125.795	1150	4	1
126.017	1151	3	2
126.017	1152	2	3
126.240	1153	4	1
126.240	1154	3	3
126.351	1155	3	1
126.462	1156	2	2
126.684	1157	4	1
126.906	1158	3	2
126.906	1159	2	3
127.129	1160	4	1
127.129	1161	3	3
127.240	1162	3	1
127.351	1163	2	2
127.462	1164	1	1
127.573	1165	4	1
127.795	1166	1	1
127.795	1167	3	1
127.795	1168	2	3
127.906	1169	2	1
128.017	1170	3	1
128.129	1171	4	1
128.240	1172	2	1
128.240	1173	3	2
128.462	1174	1	2
128.684	1175	2	2
128.684	1176	4	1
128.684	1177	1	3
128.684	1178	3	3
128.906	1179	1	1
128.906	1180	2	3
129.017	1181	3	1
129.017	1182	4	1
129.129	1183	1	1
129.129	1184	2	2
129.240	1185	3	1
129.351	1186	4	1
129.573	1187	1	1
129.573	1188	3	2
129.573	1189	2	3
129.795	1190	4	2
129.795	1191	3	3
130.017	1192	1	1
130.017	1193	2	2
130.017	1194	4	3
130.129	1195	2	3
130.240	1196	2	2
130.462	1197	1	1
130.462	1198	3	2
130.462	1199	2	3
130.684	1200	4	2
130.684	1201	3	3
130.795	1202	1	1
130.906	1203	2	2
130.906	1204	3	1
130.906	1205	4	3
131.017	1206	4	1
131.129	1207	1	1
131.351	1208	3	2
131.351	1209	4	1
131.351	1210	2	3
131.462	1211	2	1
131.573	1212	1	2
131.573	1213	3	3
131.684	1214	3	1
131.795	1215	2	1
131.795	1216	4	2
131.795	1217	1	3
132.017	1218	1	1
132.240	1219	2	2
132.240	1220	3	1
132.240	1221	4	3
132.462	1222	1	1
132.462	1223	2	3
132.573	1224	3	1
132.573	1225	4	1
132.684	1226	1	1
132.684	1227	2	2
132.795	1228	3	1
132.906	1229	4	1
133.129	1230	1	1
133.129	1231	3	2
133.129	1232	2	3
133.351	1233	4	1
133.351	1234	3	3
133.462	1235	3	1
133.573	1236	1	1
133.573	1237	2	2
133.795	1238	4	1
134.017	1239	1	1
134.017	1240	3	2
134.017	1241	2	3
134.240	1242	4	1
134.240	1243	3	3
134.351	1244	3	1
134.462	1245	1	1
134.462	1246	2	2
134.573	1247	3	1
134.684	1248	4	1
134.906	1249	1	1
134.906	1250	3	1
134.906	1251	2	3
135.017	1252	2	1
135.129	1253	3	1
135.240	1254	4	1
135.351	1255	2	1
135.351	1256	3	2
135.573	1257	1	2
135.795	1258	2	2
135.795	1259	4	1
135.795	1260	1	3
135.795	1261	3	3
136.017	1262	1	1
136.017	1263	2	3
136.129	1264	3	1
136.129	1265	4	1
136.240	1266	1	1
136.240	1267	2	2
136.351	1268	3	1
136.462	1269	4	1
136.684	1270	1	1
136.684	1271	3	2
136.684	1272	2	3
136.906	1273	4	2
136.906	1274	3	3
137.129	1275	1	1
137.129	1276	2	2
137.129	1277	4	3
137.240	1278	2	3
137.351	1279	2	2
137.573	1280	1	1
137.573	1281	3	2
137.573	1282	2	3
137.795	1283	4	2
137.795	1284	3	3
137.906	1285	1	1
138.017	1286	2	2
138.017	1287	3	1
138.017	1288	4	3
138.129	1289	4	1
138.240	1290	1	1
138.462	1291	3	2
138.462	1292	4	1
138.462	1293	2	3
138.573	1294	2	1
138.684	1295	1	2
138.684	1296	3	3
138.795	1297	3	1
138.906	1298	2	1
138.906	1299	4	2
138.906	1300	1	3
139.129	1301	1	1
139.351	1302	2	2
139.351	1303	4	3
139.573	1304	3	1
139.573	1305	2	3
139.684	1306	1	1
139.795	1307	2	2
139.906	1308	3	1
140.017	1309	4	1
140.240	1310	3	2
140.240	1311	2	3
140.462	1312	4	1
140.462	1313	3	3
140.573	1314	3	1
140.684	1315	2	2
140.906	1316	4	1
141.129	1317	3	2
141.129	1318	2	3
141.351	1319	4	1
141.351	1320	3	3
141.462	1321	3	1
141.573	1322	2	2
141.684	1323	1	1
141.795	1324	4	1
142.017	1325	1	1
142.017	1326	2	3
142.129	1327	2	1
142.240	1328	3	1
142.351	1329	4	1
142.462	1330	2	1
142.462	1331	3	2
142.684	1332	1	2
142.906	1333	2	2
142.906	1334	4	1
142.906	1335	1	3
142.906	1336	3	3
143.129	1337	1	1
143.129	1338	2	3
143.240	1339	3	1
143.240	1340	4	1
143.351	1341	1	1
143.351	1342	2	2
143.462	1343	3	1
143.573	1344	4	1
143.795	1345	1	1
143.795	1346	3	2
143.795	1347	2	3
144.017	1348	4	2
144.017	1349	3	3
144.240	1350	1	1
144.240	1351	2	2
144.240	1352	4	3
144.351	1353	2	3
144.462	1354	2	2
144.684	1355	1	1
144.684	1356	3	2
144.684	1357	2	3
144.906	1358	4	2
144.906	1359	3	3
145.017	1360	1	1
145.129	1361	2	2
145.129	1362	3	1
145.129	1363	4	3
145.240	1364	4	1
145.351	1365	1	1
145.573	1366	3	2
145.573	1367	4	1
145.573	1368	2	3
145.684	1369	2	1
145.795	1370	1	2
145.795	1371	3	3
145.906	1372	3	1
146.017	1373	2	1
146.017	1374	4	2
146.017	1375	1	3
146.240	1376	1	1
146.462	1377	2	2
146.462	1378	3	1
146.462	1379	4	3
146.684	1380	1	1
146.684	1381	2	3
146.795	1382	2	1
146.906	1383	3	2
146.906	1384	4	1
147.017	1385	2	1
147.129	1386	1	1
147.129	1387	3	3
147.240	1388	2	1
147.351	1389	3	1
147.351	1390	4	2
147.573	1391	2	2
147.573	1392	4	3
147.684	1393	1	1
147.795	1394	3	2
147.795	1395	4	1
147.795	1396	2	3
148.017	1397	2	2
148.017	1398	3	3
148.240	1399	1	2
148.240	1400	3	1
148.240	1401	2	3
148.462	1402	4	2
148.462	1403	1	3
148.573	1404	2	1
148.684	1405	1	1
148.684	1406	3	1
148.684	1407	4	3
148.795	1408	2	2
148.906	1409	4	1
149.017	1410	2	3
149.129	1411	1	1
149.129	1412	3	2
149.240	1413	4	1
149.351	1414	2	2
149.351	1415	3	3
149.462	1416	3	1
149.573	1417	1	2
149.573	1418	4	1
149.573	1419	2	3
149.795	1420	3	1
149.795	1421	1	3
150.017	1422	2	2
150.017	1423	4	1
150.240	1424	1	1
150.240	1425	2	3
150.351	1426	2	1
150.462	1427	3	2
150.462	1428	4	1
150.573	1429	2	1
150.684	1430	1	1
150.684	1431	3	3
150.795	1432	2	1
150.906	1433	3	1
150.906	1434	4	2
151.129	1435	2	2
151.129	1436	4	3
151.351	1437	1	1
151.351	1438	3	2
151.351	1439	2	3
151.573	1440	2	2
151.573	1441	3	3
151.795	1442	1	2
151.795	1443	3	1
151.795	1444	2	3
152.017	1445	4	2
152.017	1446	1	3
152.129	1447	3	1
152.240	1448	1	1
152.240	1449	2	1
152.240	1450	4	3
152.351	1451	3	1
152.462	1452	2	1
152.684	1453	3	1
152.684	1454	4	2
152.906	1455	1	2
153.129	1456	2	1
153.129	1457	3	2
153.129	1458	1	3
153.129	1459	4	3
153.351	1460	1	1
153.573	1461	2	2
153.573	1462	4	1
153.573	1463	3	3
153.795	1464	1	1
153.795	1465	2	3
153.906	1466	2	1
154.017	1467	3	2
154.017	1468	4	1
154.129	1469	2	1
154.240	1470	1	1
154.240	1471	3	3
154.351	1472	2	1
154.462	1473	3	1
154.462	1474	4	2
154.684	1475	2	2
154.684	1476	4	3
154.795	1477	1	1
154.906	1478	3	2
154.906	1479	4	1
154.906	1480	2	3
155.129	1481	2	2
155.129	1482	3	3
155.351	1483	1	2
155.351	1484	3	1
155.351	1485	2	3
155.573	1486	4	2
155.573	1487	1	3
155.684	1488	2	1
155.795	1489	1	1
155.795	1490	3	1
155.795	1491	4	3
155.906	1492	2	2
156.017	1493	4	1
156.129	1494	2	3
156.240	1495	1	1
156.240	1496	3	2
156.351	1497	4	1
156.462	1498	2	2
156.462	1499	3	3
156.573	1500	3	1
156.684	1501	1	2
156.684	1502	4	1
156.684	1503	2	3
156.906	1504	3	1
156.906	1505	1	3
157.129	1506	2	2
157.129	1507	4	1
157.351	1508	1	1
157.351	1509	2	3
157.462	1510	2	1
157.573	1511	3	2
157.573	1512	4	1
157.684	1513	2	1
157.795	1514	1	1
157.795	1515	3	3
157.906	1516	2	1
158.017	1517	3	1
158.017	1518	4	2
158.240	1519	2	2
158.240	1520	4	3
158.462	1521	1	1
158.462	1522	3	2
158.462	1523	2	3
158.684	1524	2	2
158.684	1525	3	3
158.906	1526	1	2
158.906	1527	3	1
158.906	1528	2	3
159.129	1529	4	2
159.129	1530	1	3
159.240	1531	3	1
159.351	1532	1	1
159.351	1533	2	1
159.351	1534	4	3
159.462	1535	3	1
159.573	1536	2	1
159.795	1537	3	1
159.795	1538	4	2
159.906	1539	1	1
160.017	1540	2	2
160.129	1541	3	1
160.240	1542	1	2
160.240	1543	2	3
160.240	1544	4	3
160.462	1545	3	1
160.462	1546	1	3
160.684	1547	2	2
160.684	1548	4	1
160.906	1549	1	1
160.906	1550	2	3
161.017	1551	2	1
161.129	1552	3	2
161.240	1553	4	1
161.351	1554	1	1
161.351	1555	3	3
161.573	1556	3	1
161.573	1557	4	2
161.795	1558	2	2
161.795	1559	4	3
162.017	1560	3	2
162.017	1561	2	3
162.240	1562	2	2
162.240	1563	3	3
162.462	1564	1	2
162.462	1565	3	1
162.462	1566	2	3
162.684	1567	4	2
162.684	1568	1	3
162.795	1569	3	1
162.906	1570	1	1
162.906	1571	4	3
163.017	1572	2	2
163.129	1573	4	1
163.240	1574	2	3
163.351	1575	1	1
163.351	1576	3	2
163.462	1577	4	1
163.573	1578	2	2
163.573	1579	3	3
163.684	1580	3	1
163.795	1581	1	2
163.795	1582	2	3
164.017	1583	3	1
164.017	1584	1	3
164.240	1585	2	2
164.240	1586	4	1
164.462	1587	1	1
164.462	1588	2	3
164.573	1589	2	1
164.684	1590	3	2
164.795	1591	4	1
164.906	1592	1	1
164.906	1593	3	3
165.129	1594	3	1
165.129	1595	4	2
165.351	1596	2	2
165.351	1597	4	3
165.573	1598	3	2
165.573	1599	2	3
165.795	1600	2	2
165.795	1601	3	3
166.017	1602	1	2
166.017	1603	3	1
166.017	1604	2	3
166.240	1605	4	2
166.240	1606	1	3
166.351	1607	1	1
166.462	1608	2	1
166.462	1609	4	3
166.573	1610	3	2
166.684	1611	4	1
166.795	1612	3	3
166.906	1613	1	1
166.906	1614	2	2
167.017	1615	4	1
167.129	1616	3	2
167.129	1617	2	3
167.240	1618	2	1
167.351	1619	1	2
167.351	1620	4	2
167.351	1621	3	3
171.351	1622	1	3
171.351	1623	4	3