Song Name	Flowering Night Fever -Guitar Instrumental- (Hard) by UNDEAD CORPORATION
Difficulty	35
Primary Color	Beat
Secondary Color	Flow
Last Note Time	144.235
Total Notes	2858
Fever Fill	939
Fever Time	21.635250
Long Notes	40
BPM	290
Song Length	144.584920635

Timing Points
0.029	206.8966
21.546	206.8966
25.063	206.8966
28.581	206.8966
32.098	206.8966
35.615	206.8966


Song Data
0.029	1	3	1
0.132	2	1	1
0.132	3	4	1
0.235	4	2	1
0.339	5	3	1
0.339	6	4	1
0.442	7	3	1
0.442	8	4	1
0.494	9	1	1
0.546	10	2	1
0.597	11	4	1
0.649	12	3	1
0.753	13	1	1
0.753	14	2	1
0.856	15	1	1
0.856	16	2	1
0.908	17	3	1
0.960	18	4	1
1.011	19	2	1
1.063	20	1	1
1.166	21	3	1
1.166	22	4	1
1.270	23	1	1
1.322	24	2	1
1.373	25	3	1
1.425	26	4	1
1.477	27	2	1
1.529	28	1	1
1.580	29	4	1
1.632	30	3	1
1.684	31	1	2
1.684	32	2	2
1.684	33	4	1
1.891	34	1	3
1.891	35	2	3
3.339	36	1	1
3.339	37	2	1
3.339	38	4	1
3.442	39	3	1
3.546	40	1	1
3.546	41	2	1
3.649	42	2	1
3.649	43	3	1
3.753	44	4	1
3.856	45	1	1
3.856	46	2	1
3.960	47	1	1
3.960	48	4	1
4.063	49	2	1
4.166	50	3	1
4.166	51	4	1
4.270	52	1	1
4.270	53	3	1
4.373	54	2	1
4.477	55	1	1
4.477	56	4	1
4.580	57	3	1
4.580	58	4	1
4.684	59	2	1
4.787	60	1	1
4.787	61	4	1
4.891	62	2	1
4.891	63	3	1
4.994	64	1	1
4.994	65	3	1
4.994	66	4	1
5.097	67	2	1
5.201	68	3	1
5.201	69	4	1
5.304	70	1	1
5.304	71	3	1
5.408	72	2	1
5.511	73	1	1
5.511	74	4	1
5.615	75	2	1
5.615	76	4	1
5.718	77	3	1
5.822	78	1	1
5.822	79	4	1
5.925	80	1	1
5.925	81	2	1
6.029	82	3	1
6.132	83	2	1
6.132	84	4	1
6.235	85	1	1
6.235	86	2	1
6.339	87	4	1
6.442	88	1	1
6.442	89	2	1
6.546	90	2	1
6.546	91	3	1
6.649	92	1	1
6.649	93	4	1
6.701	94	2	1
6.753	95	3	1
6.804	96	1	1
6.856	97	4	1
6.908	98	2	1
6.960	99	1	1
6.960	100	3	1
6.960	101	4	1
7.063	102	2	1
7.115	103	3	1
7.166	104	1	1
7.166	105	2	1
7.166	106	4	1
7.270	107	1	1
7.270	108	3	1
7.373	109	2	1
7.373	110	4	1
7.477	111	3	1
7.529	112	2	1
7.580	113	1	1
7.580	114	3	1
7.580	115	4	1
7.684	116	2	1
7.735	117	4	1
7.787	118	1	1
7.787	119	2	1
7.787	120	3	1
7.891	121	3	1
7.891	122	4	1
7.994	123	1	1
7.994	124	2	1
8.097	125	3	1
8.097	126	4	1
8.201	127	1	1
8.201	128	2	1
8.304	129	1	1
8.304	130	3	1
8.304	131	4	1
8.408	132	2	1
8.511	133	3	1
8.511	134	4	1
8.615	135	1	1
8.615	136	3	1
8.718	137	2	1
8.822	138	3	1
8.822	139	4	1
8.925	140	1	1
8.925	141	4	1
9.029	142	3	1
9.132	143	1	1
9.132	144	2	1
9.235	145	2	1
9.235	146	4	1
9.339	147	3	1
9.442	148	1	1
9.442	149	4	1
9.546	150	1	1
9.546	151	2	1
9.649	152	3	1
9.753	153	1	1
9.753	154	2	1
9.856	155	3	1
9.856	156	4	1
9.960	157	1	1
9.960	158	2	1
9.960	159	4	1
10.063	160	3	1
10.166	161	1	1
10.166	162	2	1
10.270	163	2	1
10.270	164	4	1
10.373	165	3	1
10.477	166	1	1
10.477	167	4	1
10.580	168	1	1
10.580	169	3	1
10.684	170	2	1
10.787	171	1	1
10.787	172	4	1
10.891	173	3	1
10.891	174	4	1
10.994	175	2	1
11.097	176	1	1
11.097	177	3	1
11.201	178	3	1
11.201	179	4	1
11.304	180	1	1
11.408	181	2	1
11.408	182	4	1
11.511	183	1	1
11.511	184	3	1
11.615	185	1	1
11.615	186	2	1
11.615	187	4	1
11.718	188	3	1
11.822	189	2	1
11.822	190	4	1
11.925	191	1	1
11.925	192	4	1
12.029	193	2	1
12.132	194	1	1
12.132	195	3	1
12.235	196	3	1
12.235	197	4	1
12.339	198	1	1
12.442	199	2	1
12.442	200	4	1
12.546	201	2	1
12.546	202	3	1
12.649	203	4	1
12.753	204	1	1
12.753	205	2	1
12.856	206	1	1
12.856	207	3	1
12.960	208	4	1
13.063	209	1	1
13.063	210	2	1
13.166	211	2	1
13.166	212	3	1
13.270	213	1	1
13.270	214	4	1
13.373	215	3	1
13.373	216	4	1
13.477	217	1	1
13.477	218	2	1
13.580	219	1	2
13.580	220	3	1
13.580	221	4	1
13.787	222	3	1
13.787	223	4	1
13.787	224	1	3
13.891	225	1	1
13.891	226	2	1
13.994	227	3	1
13.994	228	4	1
14.097	229	2	1
14.097	230	3	1
14.201	231	1	1
14.201	232	2	1
14.201	233	4	2
14.408	234	1	1
14.408	235	2	1
14.408	236	4	3
14.511	237	3	1
14.511	238	4	1
14.615	239	1	1
14.615	240	2	1
14.718	241	2	1
14.718	242	4	1
14.822	243	1	1
14.822	244	3	1
14.925	245	1	1
14.925	246	2	1
14.925	247	4	1
15.029	248	3	1
15.132	249	1	1
15.132	250	2	1
15.235	251	1	1
15.235	252	3	1
15.235	253	4	1
15.339	254	2	1
15.442	255	3	1
15.442	256	4	1
15.546	257	1	1
15.546	258	3	1
15.546	259	4	1
15.649	260	2	1
15.753	261	3	1
15.753	262	4	1
15.856	263	1	1
15.856	264	2	1
15.856	265	3	1
15.960	266	4	1
16.063	267	1	1
16.063	268	2	1
16.166	269	1	1
16.166	270	2	1
16.166	271	4	1
16.270	272	3	1
16.373	273	1	1
16.373	274	2	1
16.477	275	2	1
16.477	276	4	1
16.580	277	1	1
16.580	278	3	1
16.580	279	4	1
16.684	280	2	1
16.787	281	3	1
16.787	282	4	1
16.891	283	1	1
16.891	284	2	1
16.891	285	3	1
16.994	286	4	1
17.097	287	1	1
17.097	288	2	1
17.201	289	1	1
17.201	290	2	1
17.201	291	4	1
17.304	292	3	1
17.408	293	1	1
17.408	294	2	1
17.511	295	1	1
17.511	296	3	1
17.511	297	4	1
17.615	298	2	1
17.718	299	3	1
17.718	300	4	1
17.822	301	1	1
17.822	302	3	1
17.822	303	4	1
17.925	304	2	1
18.029	305	3	1
18.029	306	4	1
18.132	307	1	1
18.132	308	3	1
18.235	309	1	1
18.235	310	2	1
18.235	311	4	1
18.339	312	3	1
18.442	313	1	1
18.442	314	2	1
18.546	315	1	1
18.546	316	2	1
18.546	317	4	1
18.649	318	3	1
18.753	319	1	1
18.753	320	2	1
18.856	321	2	1
18.856	322	3	1
18.856	323	4	1
18.960	324	1	1
19.063	325	3	1
19.063	326	4	1
19.166	327	1	1
19.166	328	2	1
19.166	329	4	1
19.270	330	3	1
19.322	331	2	1
19.373	332	1	1
19.373	333	4	1
19.477	334	1	1
19.477	335	2	1
19.477	336	3	1
19.580	337	4	1
19.632	338	3	1
19.684	339	1	1
19.684	340	2	1
19.787	341	3	1
19.787	342	4	1
19.891	343	1	2
19.891	344	3	1
19.891	345	4	1
20.097	346	3	1
20.097	347	1	3
20.149	348	2	1
20.201	349	1	1
20.201	350	4	1
20.304	351	2	1
20.356	352	4	1
20.408	353	1	1
20.460	354	3	1
20.511	355	1	1
20.511	356	2	1
20.511	357	4	1
20.615	358	3	1
20.666	359	1	1
20.718	360	2	1
20.718	361	4	1
20.770	362	3	1
20.822	363	2	1
20.873	364	1	1
20.925	365	4	1
20.977	366	2	1
21.029	367	3	1
21.029	368	4	1
21.080	369	1	1
21.132	370	2	1
21.184	371	3	1
21.235	372	1	1
21.287	373	4	1
21.339	374	1	2
21.339	375	2	1
21.339	376	3	1
21.546	377	3	1
21.546	378	4	1
21.546	379	1	3
21.649	380	3	1
21.649	381	4	1
21.752	382	1	1
21.752	383	2	1
21.856	384	1	1
21.856	385	2	1
21.959	386	1	1
21.959	387	3	1
21.959	388	4	2
22.166	389	2	1
22.166	390	4	3
22.270	391	2	1
22.373	392	3	1
22.477	393	2	1
22.580	394	1	2
22.580	395	4	1
22.787	396	3	1
22.787	397	1	3
22.890	398	3	1
22.994	399	1	1
23.097	400	3	1
23.201	401	2	1
23.201	402	4	2
23.408	403	1	1
23.408	404	4	3
23.511	405	1	1
23.614	406	2	1
23.718	407	1	1
23.821	408	3	1
23.821	409	4	1
23.925	410	1	1
23.925	411	2	1
24.028	412	3	1
24.028	413	4	1
24.132	414	1	1
24.132	415	2	1
24.235	416	2	1
24.235	417	4	1
24.339	418	1	1
24.339	419	3	1
24.442	420	2	1
24.442	421	4	1
24.546	422	1	1
24.546	423	3	1
24.649	424	1	1
24.649	425	2	1
24.649	426	4	1
24.856	427	2	1
24.959	428	1	1
25.063	429	3	1
25.063	430	4	1
25.114	431	1	1
25.114	432	2	1
25.166	433	3	1
25.166	434	4	1
25.269	435	1	1
25.269	436	2	1
25.373	437	2	1
25.373	438	4	1
25.476	439	1	1
25.476	440	3	1
25.476	441	4	1
25.580	442	1	1
25.683	443	3	1
25.683	444	4	1
25.787	445	1	1
25.787	446	2	1
25.890	447	3	1
25.890	448	4	1
25.994	449	1	1
25.994	450	3	1
26.097	451	1	1
26.097	452	2	1
26.097	453	4	1
26.200	454	4	1
26.304	455	1	1
26.304	456	2	1
26.407	457	3	1
26.407	458	4	1
26.511	459	1	1
26.511	460	4	1
26.614	461	2	1
26.614	462	3	1
26.718	463	1	1
26.718	464	2	1
26.718	465	4	1
26.821	466	1	1
26.925	467	3	1
26.925	468	4	1
27.028	469	1	1
27.028	470	2	1
27.131	471	1	1
27.131	472	4	1
27.235	473	2	1
27.235	474	3	1
27.338	475	1	1
27.338	476	3	1
27.338	477	4	1
27.442	478	2	1
27.494	479	3	1
27.545	480	1	1
27.545	481	2	1
27.545	482	4	1
27.649	483	3	1
27.700	484	1	1
27.752	485	2	1
27.752	486	3	1
27.752	487	4	1
27.856	488	1	1
27.907	489	3	1
27.959	490	1	1
27.959	491	2	1
27.959	492	4	1
28.063	493	3	1
28.114	494	2	1
28.166	495	1	1
28.166	496	4	1
28.269	497	3	1
28.373	498	1	1
28.373	499	2	1
28.476	500	3	1
28.476	501	4	1
28.580	502	2	1
28.580	503	4	1
28.581	504	1	1
28.684	505	1	1
28.684	506	2	1
28.787	507	3	1
28.787	508	4	1
28.891	509	1	1
28.891	510	3	1
28.994	511	1	1
28.994	512	2	1
28.994	513	4	1
29.098	514	4	1
29.201	515	1	1
29.201	516	2	1
29.305	517	3	1
29.305	518	4	1
29.408	519	1	1
29.408	520	2	1
29.512	521	2	1
29.512	522	4	1
29.615	523	1	1
29.615	524	3	1
29.615	525	4	1
29.718	526	1	1
29.822	527	3	1
29.822	528	4	1
29.925	529	1	1
29.925	530	2	1
30.029	531	3	1
30.029	532	4	1
30.132	533	2	1
30.132	534	3	1
30.236	535	1	1
30.236	536	2	1
30.236	537	4	1
30.339	538	4	1
30.443	539	1	1
30.443	540	2	1
30.546	541	3	1
30.546	542	4	1
30.649	543	1	1
30.649	544	2	1
30.753	545	2	1
30.753	546	3	1
30.856	547	1	1
30.856	548	3	1
30.856	549	4	1
30.960	550	1	1
30.960	551	2	1
31.063	552	4	1
31.167	553	1	1
31.167	554	3	1
31.270	555	2	1
31.322	556	3	1
31.374	557	1	1
31.374	558	4	1
31.477	559	3	1
31.529	560	2	1
31.581	561	1	1
31.581	562	4	1
31.684	563	2	1
31.736	564	3	1
31.787	565	1	1
31.787	566	4	1
31.891	567	2	1
31.891	568	4	1
31.994	569	1	1
31.994	570	3	1
32.098	571	1	1
32.098	572	2	1
32.098	573	4	1
32.201	574	3	1
32.201	575	4	1
32.304	576	1	1
32.304	577	2	1
32.408	578	2	1
32.408	579	4	1
32.511	580	1	1
32.511	581	3	1
32.511	582	4	1
32.615	583	1	1
32.718	584	3	1
32.718	585	4	1
32.822	586	1	1
32.822	587	2	1
32.925	588	3	1
32.925	589	4	1
33.029	590	1	1
33.029	591	3	1
33.132	592	1	1
33.132	593	2	1
33.132	594	4	1
33.235	595	4	1
33.339	596	1	1
33.339	597	2	1
33.442	598	3	1
33.442	599	4	1
33.546	600	1	1
33.546	601	2	1
33.649	602	2	1
33.649	603	3	1
33.753	604	1	1
33.753	605	3	1
33.753	606	4	1
33.856	607	1	1
33.960	608	3	1
33.960	609	4	1
34.063	610	1	1
34.063	611	2	1
34.166	612	3	1
34.166	613	4	1
34.270	614	1	1
34.270	615	3	1
34.373	616	2	1
34.373	617	4	1
34.477	618	1	1
34.477	619	3	1
34.580	620	2	1
34.580	621	4	1
34.684	622	1	1
34.684	623	2	1
34.787	624	3	1
34.787	625	4	1
34.891	626	1	1
34.891	627	2	1
34.994	628	3	1
34.994	629	4	1
35.098	630	1	1
35.098	631	2	1
35.201	632	1	1
35.201	633	4	1
35.304	634	4	1
35.408	635	1	1
35.408	636	2	1
35.511	637	3	1
35.511	638	4	1
35.615	639	1	1
35.615	640	2	1
35.615	641	4	1
35.718	642	3	1
35.821	643	1	1
35.821	644	2	1
35.925	645	2	1
35.925	646	4	1
36.028	647	3	1
36.132	648	1	1
36.132	649	2	1
36.235	650	1	1
36.235	651	4	1
36.339	652	2	1
36.442	653	3	1
36.442	654	4	1
36.546	655	1	1
36.546	656	3	1
36.649	657	2	1
36.752	658	1	1
36.752	659	4	1
36.856	660	3	1
36.856	661	4	1
36.959	662	2	1
37.063	663	3	1
37.063	664	4	1
37.166	665	1	1
37.166	666	2	1
37.270	667	1	1
37.270	668	3	1
37.270	669	4	1
37.373	670	2	1
37.477	671	3	1
37.477	672	4	1
37.580	673	2	1
37.580	674	3	1
37.683	675	1	1
37.787	676	3	1
37.787	677	4	1
37.890	678	1	1
37.890	679	4	1
37.994	680	3	1
38.097	681	1	1
38.097	682	2	1
38.201	683	2	1
38.201	684	4	1
38.304	685	3	1
38.408	686	1	1
38.408	687	4	1
38.511	688	1	1
38.511	689	2	1
38.615	690	3	1
38.718	691	1	1
38.718	692	4	1
38.821	693	2	1
38.821	694	3	1
38.925	695	1	1
38.925	696	2	1
38.925	697	4	1
39.028	698	3	1
39.132	699	1	1
39.132	700	2	1
39.235	701	2	1
39.235	702	4	1
39.339	703	3	1
39.442	704	1	1
39.442	705	4	1
39.546	706	1	1
39.546	707	3	1
39.649	708	2	1
39.752	709	1	1
39.752	710	4	1
39.856	711	3	1
39.856	712	4	1
39.959	713	2	1
40.063	714	1	1
40.063	715	3	1
40.166	716	3	1
40.166	717	4	1
40.270	718	1	1
40.373	719	3	1
40.373	720	4	1
40.477	721	2	1
40.477	722	3	1
40.580	723	1	1
40.580	724	4	1
40.632	725	3	1
40.683	726	2	1
40.735	727	4	1
40.787	728	1	1
40.839	729	3	1
40.890	730	1	1
40.890	731	2	1
40.890	732	4	1
40.994	733	3	1
41.046	734	2	1
41.097	735	1	1
41.097	736	3	1
41.097	737	4	1
41.201	738	2	1
41.201	739	4	1
41.304	740	1	1
41.304	741	3	1
41.408	742	2	1
41.459	743	3	1
41.511	744	1	1
41.511	745	2	1
41.511	746	4	1
41.615	747	3	1
41.666	748	1	1
41.718	749	2	1
41.718	750	3	1
41.718	751	4	1
41.821	752	1	1
41.821	753	2	1
41.925	754	3	1
41.925	755	4	1
42.028	756	2	1
42.028	757	4	1
42.132	758	1	1
42.132	759	3	1
42.235	760	1	1
42.235	761	2	1
42.235	762	4	1
42.339	763	3	1
42.442	764	1	1
42.442	765	2	1
42.546	766	1	1
42.546	767	3	1
42.546	768	4	1
42.649	769	2	1
42.701	770	3	1
42.752	771	1	1
42.752	772	4	1
42.856	773	2	1
42.856	774	3	1
42.856	775	4	1
42.959	776	1	1
43.063	777	3	1
43.063	778	4	1
43.166	779	1	1
43.166	780	2	1
43.166	781	4	1
43.270	782	3	1
43.321	783	2	1
43.373	784	1	1
43.373	785	4	1
43.477	786	1	1
43.477	787	2	1
43.528	788	3	1
43.528	789	4	1
43.580	790	1	1
43.580	791	2	1
43.683	792	3	1
43.683	793	4	1
43.787	794	2	1
43.787	795	3	1
43.890	796	1	1
43.890	797	2	1
43.890	798	4	1
43.994	799	3	1
44.097	800	1	1
44.097	801	2	1
44.201	802	1	1
44.201	803	3	1
44.201	804	4	1
44.304	805	2	1
44.356	806	4	1
44.408	807	1	1
44.408	808	3	1
44.511	809	2	1
44.511	810	3	1
44.511	811	4	1
44.615	812	1	1
44.718	813	3	1
44.718	814	4	1
44.821	815	1	1
44.821	816	2	1
44.821	817	4	1
44.925	818	3	1
44.977	819	1	1
45.028	820	2	1
45.028	821	4	1
45.132	822	1	1
45.132	823	2	1
45.183	824	3	1
45.235	825	4	1
45.287	826	1	1
45.339	827	3	1
45.339	828	4	1
45.390	829	2	1
45.442	830	1	1
45.494	831	3	1
45.546	832	1	1
45.546	833	2	1
45.546	834	4	1
45.649	835	3	1
45.752	836	1	1
45.752	837	2	1
45.856	838	1	1
45.856	839	3	1
45.856	840	4	1
45.959	841	2	1
46.011	842	3	1
46.063	843	1	1
46.063	844	4	1
46.166	845	2	1
46.166	846	3	1
46.166	847	4	1
46.270	848	1	1
46.373	849	2	1
46.373	850	3	1
46.477	851	1	1
46.477	852	2	1
46.477	853	4	1
46.580	854	3	1
46.632	855	2	1
46.683	856	1	1
46.683	857	4	1
46.787	858	2	1
46.787	859	3	1
46.787	860	4	1
46.890	861	1	1
46.942	862	2	1
46.994	863	3	1
46.994	864	4	1
47.097	865	2	1
47.097	866	3	1
47.201	867	1	1
47.201	868	2	1
47.201	869	4	2
47.304	870	3	1
47.408	871	1	1
47.408	872	2	1
47.408	873	4	3
47.511	874	1	2
47.511	875	3	1
47.511	876	4	1
47.615	877	2	1
47.718	878	3	1
47.718	879	4	1
47.718	880	1	3
47.821	881	1	1
47.821	882	2	1
47.821	883	4	1
47.925	884	2	1
48.028	885	1	1
48.028	886	4	1
48.080	887	2	1
48.132	888	3	1
48.183	889	4	1
48.235	890	1	1
48.287	891	3	1
48.339	892	1	1
48.339	893	2	1
48.390	894	4	1
48.442	895	3	1
48.494	896	2	1
48.546	897	4	1
48.597	898	1	1
48.649	899	2	1
48.649	900	3	1
48.649	901	4	2
48.856	902	1	1
48.856	903	2	1
48.856	904	4	3
48.959	905	3	1
48.959	906	4	1
49.011	907	1	1
49.063	908	2	1
49.063	909	4	1
49.166	910	1	1
49.166	911	3	1
49.218	912	4	1
49.270	913	1	1
49.270	914	2	1
49.373	915	3	1
49.373	916	4	1
49.425	917	2	1
49.477	918	1	1
49.477	919	3	1
49.580	920	2	1
49.580	921	4	1
49.632	922	3	1
49.683	923	1	1
49.683	924	2	1
49.787	925	3	1
49.787	926	4	1
49.839	927	2	1
49.890	928	1	1
49.890	929	4	1
49.994	930	2	1
49.994	931	3	1
50.046	932	1	1
50.097	933	2	1
50.097	934	4	1
50.201	935	1	1
50.201	936	3	1
50.252	937	4	1
50.304	938	1	1
50.304	939	2	1
50.408	940	3	1
50.408	941	4	1
50.459	942	2	1
50.511	943	1	1
50.511	944	3	1
50.511	945	4	1
50.615	946	1	1
50.615	947	2	1
50.718	948	3	1
50.718	949	4	1
50.821	950	2	1
50.821	951	4	1
50.925	952	1	1
50.925	953	3	1
51.028	954	1	1
51.028	955	3	1
51.132	956	2	1
51.132	957	4	1
51.235	958	2	1
51.235	959	3	1
51.339	960	1	1
51.339	961	4	1
51.442	962	2	1
51.442	963	4	1
51.546	964	1	1
51.546	965	3	1
51.649	966	2	1
51.649	967	3	1
51.752	968	1	1
51.752	969	4	1
51.856	970	1	1
51.856	971	2	1
51.959	972	3	1
51.959	973	4	1
52.063	974	2	1
52.063	975	3	1
52.166	976	1	1
52.166	977	4	1
52.270	978	2	1
52.270	979	3	1
52.321	980	4	1
52.373	981	1	1
52.373	982	2	1
52.477	983	3	1
52.477	984	4	1
52.528	985	2	1
52.580	986	1	1
52.580	987	3	1
52.683	988	2	1
52.683	989	4	1
52.735	990	3	1
52.787	991	2	1
52.787	992	4	1
52.890	993	1	1
52.890	994	3	1
52.942	995	4	1
52.994	996	1	1
52.994	997	2	1
53.097	998	3	1
53.097	999	4	1
53.149	1000	2	1
53.201	1001	1	1
53.201	1002	4	1
53.304	1003	2	1
53.304	1004	3	1
53.356	1005	1	1
53.408	1006	3	1
53.408	1007	4	1
53.511	1008	1	1
53.511	1009	2	1
53.563	1010	3	1
53.615	1011	1	1
53.615	1012	2	1
53.718	1013	3	1
53.718	1014	4	1
53.770	1015	2	1
53.821	1016	1	1
53.821	1017	3	1
53.821	1018	4	1
53.925	1019	2	1
53.925	1020	3	1
53.925	1021	4	1
54.132	1022	1	1
54.132	1023	3	1
54.132	1024	4	1
54.235	1025	2	1
54.235	1026	3	1
54.235	1027	4	1
54.442	1028	1	1
54.442	1029	2	1
54.442	1030	4	1
54.546	1031	1	1
54.546	1032	2	1
54.546	1033	3	1
54.752	1034	1	1
54.752	1035	2	1
54.752	1036	4	1
54.856	1037	1	1
54.856	1038	2	1
54.856	1039	3	1
55.063	1040	1	1
55.063	1041	3	1
55.063	1042	4	1
55.166	1043	2	1
55.166	1044	3	1
55.166	1045	4	1
55.270	1046	1	1
55.270	1047	3	1
55.270	1048	4	1
55.373	1049	2	1
55.373	1050	3	1
55.373	1051	4	1
55.477	1052	1	1
55.477	1053	2	1
55.580	1054	3	1
55.580	1055	4	1
55.632	1056	2	1
55.683	1057	1	1
55.683	1058	3	1
55.787	1059	2	1
55.787	1060	4	1
55.839	1061	3	1
55.890	1062	1	1
55.890	1063	2	1
55.994	1064	3	1
55.994	1065	4	1
56.046	1066	2	1
56.097	1067	1	1
56.097	1068	4	1
56.201	1069	2	1
56.201	1070	3	1
56.252	1071	4	1
56.304	1072	1	1
56.304	1073	2	1
56.408	1074	3	1
56.408	1075	4	1
56.459	1076	2	1
56.511	1077	1	1
56.511	1078	3	1
56.615	1079	2	1
56.615	1080	4	1
56.666	1081	1	1
56.718	1082	3	1
56.718	1083	4	1
56.821	1084	1	1
56.821	1085	2	1
56.873	1086	4	1
56.925	1087	2	1
56.925	1088	3	1
57.028	1089	1	1
57.028	1090	4	1
57.080	1091	2	1
57.132	1092	1	1
57.132	1093	3	1
57.132	1094	4	1
57.235	1095	2	1
57.235	1096	3	1
57.339	1097	1	1
57.339	1098	4	1
57.442	1099	1	1
57.442	1100	3	1
57.546	1101	2	1
57.546	1102	4	1
57.649	1103	2	1
57.649	1104	4	1
57.752	1105	1	1
57.752	1106	3	1
57.856	1107	2	1
57.856	1108	3	1
57.959	1109	1	1
57.959	1110	4	1
58.063	1111	1	1
58.063	1112	3	1
58.166	1113	2	1
58.166	1114	4	1
58.270	1115	2	1
58.270	1116	3	1
58.373	1117	1	1
58.373	1118	4	1
58.477	1119	3	1
58.477	1120	4	1
58.580	1121	1	1
58.580	1122	2	1
58.683	1123	1	1
58.683	1124	2	1
58.787	1125	3	1
58.787	1126	4	1
58.839	1127	2	1
58.890	1128	1	1
58.890	1129	3	1
58.994	1130	2	1
58.994	1131	4	1
59.097	1132	2	1
59.097	1133	4	1
59.201	1134	1	1
59.201	1135	3	1
59.304	1136	1	1
59.304	1137	2	1
59.408	1138	3	1
59.408	1139	4	1
59.511	1140	3	1
59.511	1141	4	1
59.615	1142	1	1
59.615	1143	2	1
59.718	1144	3	1
59.770	1145	2	1
59.821	1146	1	1
59.821	1147	4	1
59.925	1148	3	1
59.977	1149	4	1
60.028	1150	1	1
60.028	1151	2	1
60.132	1152	2	1
60.183	1153	1	1
60.235	1154	3	1
60.235	1155	4	1
60.339	1156	4	1
60.390	1157	3	1
60.442	1158	1	1
60.442	1159	2	1
60.546	1160	3	1
60.597	1161	2	1
60.649	1162	1	1
60.649	1163	4	1
60.752	1164	2	1
60.804	1165	3	1
60.856	1166	1	1
60.856	1167	4	1
60.908	1168	2	1
60.959	1169	3	1
61.011	1170	1	1
61.063	1171	3	1
61.063	1172	4	1
61.166	1173	2	1
61.218	1174	3	1
61.270	1175	1	1
61.270	1176	2	1
61.270	1177	4	1
61.373	1178	3	1
61.425	1179	1	1
61.477	1180	4	1
61.528	1181	2	1
61.580	1182	1	1
61.580	1183	3	1
61.580	1184	4	1
61.683	1185	2	1
61.735	1186	1	1
61.787	1187	4	1
61.839	1188	3	1
61.890	1189	1	1
61.890	1190	2	1
61.890	1191	4	1
62.097	1192	1	1
62.097	1193	2	1
62.097	1194	4	1
62.201	1195	4	1
62.304	1196	1	1
62.304	1197	2	1
62.304	1198	3	1
62.408	1199	3	1
62.511	1200	2	1
62.511	1201	4	1
62.615	1202	1	1
62.615	1203	3	1
62.718	1204	2	1
62.718	1205	4	1
62.821	1206	1	1
62.821	1207	4	1
62.925	1208	1	1
62.925	1209	2	1
62.925	1210	3	1
63.028	1211	3	1
63.132	1212	1	1
63.132	1213	2	1
63.132	1214	4	1
63.235	1215	2	1
63.339	1216	1	1
63.339	1217	4	1
63.442	1218	2	1
63.442	1219	3	1
63.546	1220	1	1
63.546	1221	4	1
63.649	1222	1	1
63.649	1223	3	1
63.752	1224	2	1
63.752	1225	3	1
63.752	1226	4	1
63.856	1227	2	1
63.959	1228	1	1
63.959	1229	3	1
63.959	1230	4	1
64.063	1231	4	1
64.166	1232	1	1
64.166	1233	3	1
64.270	1234	2	1
64.270	1235	4	1
64.373	1236	1	1
64.373	1237	3	1
64.477	1238	2	1
64.477	1239	3	1
64.580	1240	1	1
64.580	1241	2	1
64.580	1242	4	1
64.683	1243	1	1
64.787	1244	2	1
64.787	1245	3	1
64.787	1246	4	1
64.890	1247	3	1
64.994	1248	1	1
64.994	1249	2	1
64.994	1250	4	1
65.097	1251	2	1
65.201	1252	1	1
65.201	1253	3	1
65.201	1254	4	1
65.304	1255	4	1
65.408	1256	1	1
65.408	1257	2	1
65.408	1258	3	1
65.511	1259	2	1
65.615	1260	1	1
65.615	1261	3	1
65.615	1262	4	1
65.718	1263	4	1
65.821	1264	2	1
65.821	1265	3	1
65.925	1266	1	1
65.925	1267	4	1
66.028	1268	2	1
66.028	1269	3	1
66.132	1270	2	1
66.132	1271	4	1
66.235	1272	1	1
66.235	1273	3	1
66.235	1274	4	1
66.339	1275	1	1
66.442	1276	2	1
66.442	1277	3	1
66.442	1278	4	1
66.546	1279	3	1
66.649	1280	2	1
66.649	1281	4	1
66.752	1282	1	1
66.752	1283	3	1
66.856	1284	2	1
66.856	1285	4	1
66.959	1286	1	1
66.959	1287	4	1
67.063	1288	1	1
67.063	1289	2	1
67.063	1290	3	1
67.166	1291	2	1
67.270	1292	1	1
67.270	1293	3	1
67.270	1294	4	1
67.373	1295	3	1
67.477	1296	1	1
67.477	1297	2	1
67.580	1298	3	1
67.580	1299	4	1
67.683	1300	1	1
67.683	1301	2	1
67.787	1302	2	1
67.787	1303	4	1
67.890	1304	1	1
67.890	1305	3	1
67.890	1306	4	1
67.994	1307	1	1
68.097	1308	3	1
68.097	1309	4	1
68.149	1310	2	1
68.201	1311	1	1
68.252	1312	3	1
68.304	1313	1	1
68.304	1314	2	1
68.356	1315	4	1
68.408	1316	3	1
68.459	1317	1	1
68.511	1318	2	1
68.511	1319	4	1
68.563	1320	3	1
68.615	1321	1	1
68.666	1322	2	1
68.718	1323	1	1
68.718	1324	3	1
68.718	1325	4	1
68.821	1326	4	1
68.925	1327	1	1
68.925	1328	2	1
68.925	1329	3	1
69.028	1330	2	1
69.132	1331	1	1
69.132	1332	4	1
69.235	1333	2	1
69.235	1334	3	1
69.339	1335	1	1
69.339	1336	4	1
69.442	1337	2	1
69.442	1338	4	1
69.546	1339	1	1
69.546	1340	2	1
69.546	1341	3	1
69.649	1342	3	1
69.752	1343	1	1
69.752	1344	2	1
69.752	1345	4	1
69.856	1346	2	1
69.959	1347	1	1
69.959	1348	3	1
70.063	1349	2	1
70.063	1350	4	1
70.166	1351	1	1
70.166	1352	3	1
70.270	1353	1	1
70.270	1354	4	1
70.373	1355	2	1
70.373	1356	3	1
70.373	1357	4	1
70.477	1358	2	1
70.580	1359	1	1
70.580	1360	3	1
70.580	1361	4	1
70.683	1362	4	1
70.787	1363	1	1
70.787	1364	3	1
70.890	1365	2	1
70.890	1366	4	1
70.994	1367	1	1
70.994	1368	3	1
71.097	1369	2	1
71.097	1370	3	1
71.201	1371	1	1
71.201	1372	2	1
71.201	1373	4	1
71.304	1374	4	1
71.408	1375	1	1
71.408	1376	2	1
71.408	1377	3	1
71.511	1378	2	1
71.615	1379	1	1
71.615	1380	3	1
71.615	1381	4	1
71.718	1382	3	1
71.821	1383	1	1
71.821	1384	2	1
71.821	1385	4	1
71.925	1386	2	1
72.028	1387	1	1
72.028	1388	3	1
72.028	1389	4	1
72.132	1390	1	1
72.235	1391	2	1
72.235	1392	3	1
72.235	1393	4	1
72.339	1394	2	1
72.442	1395	1	1
72.442	1396	4	1
72.546	1397	2	1
72.546	1398	3	1
72.649	1399	1	1
72.649	1400	4	1
72.752	1401	2	1
72.752	1402	4	1
72.856	1403	1	1
72.856	1404	2	1
72.856	1405	3	1
72.959	1406	1	1
73.063	1407	2	1
73.063	1408	3	1
73.063	1409	4	1
73.166	1410	3	1
73.270	1411	1	1
73.270	1412	2	1
73.373	1413	3	1
73.373	1414	4	1
73.477	1415	1	1
73.477	1416	2	1
73.580	1417	2	1
73.580	1418	4	1
73.683	1419	1	1
73.683	1420	3	1
73.683	1421	4	1
73.787	1422	3	1
73.890	1423	1	1
73.890	1424	2	1
73.942	1425	4	1
73.994	1426	2	1
74.046	1427	3	1
74.097	1428	1	1
74.097	1429	4	1
74.149	1430	2	1
74.201	1431	3	1
74.252	1432	1	1
74.304	1433	3	1
74.304	1434	4	1
74.356	1435	2	1
74.408	1436	1	1
74.459	1437	3	1
74.511	1438	1	1
74.511	1439	2	1
74.511	1440	4	1
74.615	1441	2	1
74.615	1442	4	1
74.718	1443	1	1
74.718	1444	3	1
74.821	1445	1	1
74.821	1446	3	1
74.925	1447	2	1
74.925	1448	4	1
74.977	1449	3	1
75.028	1450	1	1
75.080	1451	2	1
75.132	1452	4	1
75.183	1453	3	1
75.235	1454	1	1
75.287	1455	2	1
75.339	1456	1	2
75.339	1457	3	1
75.339	1458	4	1
75.546	1459	3	1
75.546	1460	4	1
75.546	1461	1	3
75.649	1462	1	1
75.649	1463	2	1
75.752	1464	1	1
75.752	1465	3	1
75.752	1466	4	1
75.856	1467	3	1
75.856	1468	4	1
75.959	1469	1	1
75.959	1470	2	1
76.063	1471	1	1
76.063	1472	3	1
76.166	1473	2	1
76.166	1474	4	1
76.270	1475	2	1
76.270	1476	4	1
76.373	1477	1	1
76.373	1478	3	1
76.477	1479	2	1
76.477	1480	3	1
76.580	1481	1	1
76.580	1482	2	1
76.580	1483	4	1
76.683	1484	3	1
76.683	1485	4	1
76.787	1486	1	1
76.787	1487	2	1
76.890	1488	2	1
76.890	1489	3	1
76.994	1490	1	1
76.994	1491	4	1
77.097	1492	1	1
77.097	1493	4	1
77.201	1494	2	1
77.201	1495	3	1
77.304	1496	2	1
77.304	1497	4	1
77.408	1498	1	1
77.408	1499	3	1
77.408	1500	4	1
77.511	1501	1	1
77.511	1502	2	1
77.615	1503	3	1
77.615	1504	4	1
77.718	1505	2	1
77.718	1506	3	1
77.821	1507	1	1
77.821	1508	2	1
77.821	1509	4	2
78.028	1510	2	1
78.028	1511	3	1
78.028	1512	4	3
78.132	1513	1	2
78.132	1514	3	1
78.132	1515	4	1
78.339	1516	2	1
78.339	1517	3	1
78.339	1518	1	3
78.442	1519	1	1
78.442	1520	2	2
78.442	1521	4	1
78.649	1522	1	1
78.649	1523	3	1
78.649	1524	4	2
78.649	1525	2	3
78.856	1526	1	1
78.856	1527	2	1
78.856	1528	4	3
78.959	1529	3	1
78.959	1530	4	1
79.063	1531	1	1
79.063	1532	2	1
79.063	1533	4	1
79.166	1534	1	1
79.166	1535	2	1
79.270	1536	3	1
79.270	1537	4	1
79.373	1538	2	1
79.373	1539	4	1
79.477	1540	1	1
79.477	1541	3	1
79.580	1542	1	1
79.580	1543	3	1
79.683	1544	2	1
79.683	1545	4	1
79.787	1546	2	1
79.787	1547	3	1
79.890	1548	1	1
79.890	1549	3	1
79.890	1550	4	1
79.994	1551	1	1
79.994	1552	2	1
80.097	1553	3	1
80.097	1554	4	1
80.201	1555	2	1
80.201	1556	3	1
80.304	1557	1	1
80.304	1558	4	1
80.408	1559	1	1
80.408	1560	4	1
80.511	1561	2	1
80.511	1562	3	1
80.615	1563	1	1
80.615	1564	3	1
80.718	1565	1	1
80.718	1566	2	1
80.718	1567	4	1
80.821	1568	3	1
80.821	1569	4	1
80.925	1570	1	1
80.925	1571	2	1
81.028	1572	2	1
81.028	1573	3	1
81.132	1574	1	2
81.132	1575	3	1
81.132	1576	4	1
81.339	1577	2	1
81.339	1578	3	1
81.339	1579	1	3
81.442	1580	1	1
81.442	1581	3	2
81.442	1582	4	1
81.649	1583	1	1
81.649	1584	2	1
81.649	1585	3	3
81.752	1586	1	1
81.752	1587	3	1
81.752	1588	4	2
81.959	1589	1	1
81.959	1590	2	1
81.959	1591	3	1
82.166	1592	1	1
82.166	1593	2	1
82.166	1594	4	3
82.270	1595	2	1
82.270	1596	3	1
82.373	1597	1	2
82.373	1598	3	1
82.373	1599	4	1
82.477	1600	2	1
82.580	1601	3	1
82.580	1602	4	1
82.580	1603	1	3
82.683	1604	1	1
82.683	1605	3	1
82.787	1606	2	1
82.787	1607	4	1
82.890	1608	1	1
82.890	1609	3	1
82.994	1610	2	1
82.994	1611	4	1
83.097	1612	2	1
83.097	1613	3	1
83.201	1614	1	1
83.201	1615	3	1
83.201	1616	4	1
83.304	1617	1	1
83.304	1618	2	1
83.408	1619	3	1
83.408	1620	4	1
83.511	1621	2	1
83.511	1622	3	1
83.615	1623	1	1
83.615	1624	4	1
83.718	1625	1	1
83.718	1626	4	1
83.821	1627	2	1
83.821	1628	3	1
83.925	1629	1	1
83.925	1630	3	1
84.028	1631	1	1
84.028	1632	2	1
84.028	1633	4	1
84.132	1634	3	1
84.132	1635	4	1
84.235	1636	1	1
84.235	1637	2	1
84.339	1638	2	1
84.339	1639	3	1
84.442	1640	1	1
84.442	1641	4	1
84.546	1642	2	1
84.546	1643	3	1
84.649	1644	1	1
84.649	1645	4	1
84.752	1646	2	1
84.752	1647	3	1
84.856	1648	1	1
84.856	1649	3	1
84.856	1650	4	1
84.959	1651	1	1
84.959	1652	2	1
85.063	1653	3	1
85.063	1654	4	1
85.166	1655	2	1
85.166	1656	3	1
85.270	1657	1	1
85.270	1658	2	1
85.270	1659	4	2
85.477	1660	1	1
85.477	1661	2	1
85.477	1662	4	3
85.580	1663	3	1
85.580	1664	4	1
85.683	1665	1	1
85.683	1666	2	1
85.683	1667	4	1
85.787	1668	1	1
85.787	1669	2	1
85.890	1670	3	1
85.890	1671	4	1
85.994	1672	2	1
85.994	1673	4	1
86.097	1674	1	1
86.097	1675	3	1
86.201	1676	1	1
86.201	1677	3	1
86.304	1678	2	1
86.304	1679	4	1
86.408	1680	2	1
86.408	1681	3	1
86.511	1682	1	1
86.511	1683	3	1
86.511	1684	4	1
86.615	1685	1	1
86.615	1686	2	1
86.718	1687	3	1
86.718	1688	4	1
86.821	1689	1	1
86.821	1690	3	1
86.925	1691	2	1
86.925	1692	4	1
87.028	1693	2	1
87.028	1694	4	1
87.132	1695	1	1
87.132	1696	3	1
87.235	1697	2	1
87.235	1698	3	1
87.339	1699	1	1
87.339	1700	2	1
87.339	1701	4	1
87.442	1702	3	1
87.442	1703	4	1
87.546	1704	1	1
87.546	1705	2	1
87.649	1706	1	1
87.649	1707	3	1
87.752	1708	2	1
87.752	1709	4	1
87.856	1710	3	1
87.856	1711	4	1
87.959	1712	1	1
87.959	1713	2	1
88.063	1714	2	1
88.063	1715	3	1
88.166	1716	1	2
88.166	1717	3	1
88.166	1718	4	1
88.373	1719	2	1
88.373	1720	4	1
88.373	1721	1	3
88.477	1722	2	1
88.477	1723	3	1
88.580	1724	1	1
88.580	1725	3	1
88.580	1726	4	1
88.683	1727	2	1
88.683	1728	4	1
88.787	1729	1	1
88.787	1730	3	1
88.890	1731	2	1
88.890	1732	4	1
88.994	1733	1	1
88.994	1734	2	1
88.994	1735	3	1
89.097	1736	3	1
89.097	1737	4	1
89.201	1738	1	1
89.201	1739	2	1
89.304	1740	2	1
89.304	1741	3	1
89.408	1742	1	1
89.408	1743	4	1
89.511	1744	2	1
89.511	1745	4	1
89.615	1746	1	1
89.615	1747	3	1
89.718	1748	2	1
89.718	1749	3	1
89.821	1750	1	1
89.821	1751	2	1
89.821	1752	4	1
89.925	1753	3	1
89.925	1754	4	1
90.028	1755	1	1
90.028	1756	2	1
90.132	1757	1	1
90.132	1758	3	1
90.235	1759	2	1
90.235	1760	4	1
90.339	1761	2	1
90.339	1762	4	1
90.442	1763	1	1
90.442	1764	3	1
90.546	1765	2	1
90.597	1766	3	1
90.649	1767	1	1
90.649	1768	2	1
90.649	1769	4	1
90.752	1770	3	1
90.752	1771	4	1
90.856	1772	1	1
90.856	1773	2	1
90.959	1774	2	1
90.959	1775	3	1
91.063	1776	1	1
91.063	1777	3	1
91.063	1778	4	2
91.270	1779	1	1
91.270	1780	2	1
91.270	1781	4	3
91.373	1782	1	2
91.373	1783	3	1
91.373	1784	4	1
91.477	1785	3	1
91.477	1786	4	1
91.683	1787	2	1
91.683	1788	3	1
91.683	1789	1	3
91.890	1790	1	1
91.890	1791	2	1
91.890	1792	4	1
91.959	1793	3	1
92.028	1794	2	1
92.097	1795	1	1
92.097	1796	4	1
92.201	1797	2	1
92.201	1798	3	1
92.304	1799	1	1
92.304	1800	3	1
92.304	1801	4	1
92.373	1802	2	1
92.442	1803	3	1
92.511	1804	1	1
92.511	1805	4	1
92.615	1806	1	1
92.615	1807	3	1
92.718	1808	2	1
92.718	1809	4	1
92.787	1810	1	1
92.856	1811	4	1
92.925	1812	1	1
92.925	1813	2	1
92.977	1814	3	1
93.028	1815	2	1
93.028	1816	4	1
93.132	1817	1	1
93.132	1818	3	1
93.132	1819	4	1
93.235	1820	2	1
93.287	1821	3	1
93.339	1822	1	1
93.339	1823	4	1
93.408	1824	2	1
93.477	1825	4	1
93.546	1826	1	1
93.546	1827	3	1
93.649	1828	2	1
93.649	1829	4	1
93.701	1830	1	1
93.752	1831	3	1
93.821	1832	4	1
93.890	1833	2	1
93.959	1834	1	1
93.959	1835	3	1
93.959	1836	4	1
94.028	1837	2	1
94.097	1838	3	1
94.166	1839	2	1
94.166	1840	4	1
94.270	1841	1	1
94.270	1842	3	1
94.373	1843	1	1
94.373	1844	2	1
94.425	1845	3	1
94.425	1846	4	1
94.477	1847	2	1
94.580	1848	1	1
94.580	1849	4	1
94.683	1850	1	1
94.683	1851	3	1
94.787	1852	2	1
94.787	1853	4	1
94.890	1854	1	1
94.890	1855	3	1
94.994	1856	2	1
94.994	1857	4	1
95.097	1858	3	1
95.149	1859	2	1
95.201	1860	1	1
95.201	1861	3	1
95.201	1862	4	1
95.304	1863	2	1
95.356	1864	4	1
95.408	1865	1	1
95.459	1866	3	1
95.511	1867	2	1
95.563	1868	1	1
95.563	1869	4	1
95.615	1870	3	1
95.666	1871	2	1
95.718	1872	4	1
95.770	1873	1	1
95.821	1874	3	1
95.873	1875	2	1
95.925	1876	4	1
95.977	1877	1	1
96.028	1878	2	1
96.080	1879	4	1
96.132	1880	3	1
96.183	1881	1	1
96.235	1882	4	1
96.287	1883	2	1
96.339	1884	3	1
96.390	1885	1	1
96.442	1886	2	1
96.442	1887	4	1
96.494	1888	3	1
96.546	1889	1	1
96.597	1890	3	1
96.649	1891	2	1
96.701	1892	4	1
96.752	1893	1	1
96.804	1894	3	1
96.856	1895	1	1
96.856	1896	2	1
96.908	1897	4	1
96.959	1898	3	1
97.011	1899	1	1
97.063	1900	4	1
97.115	1901	2	1
97.166	1902	3	1
97.218	1903	1	1
97.218	1904	4	1
97.270	1905	2	1
97.321	1906	3	1
97.373	1907	1	1
97.425	1908	4	1
97.477	1909	2	1
97.528	1910	1	1
97.580	1911	3	1
97.580	1912	4	1
97.632	1913	2	1
97.683	1914	3	1
97.683	1915	4	1
97.735	1916	1	1
97.787	1917	2	1
97.839	1918	4	1
97.890	1919	1	1
97.942	1920	3	1
97.994	1921	2	1
98.046	1922	1	1
98.097	1923	3	1
98.097	1924	4	2
98.201	1925	1	1
98.201	1926	2	1
98.304	1927	3	1
98.408	1928	1	1
98.408	1929	2	1
98.408	1930	4	3
98.511	1931	1	1
98.511	1932	3	1
98.511	1933	4	1
98.615	1934	2	1
98.615	1935	4	1
98.718	1936	1	1
98.718	1937	3	1
98.821	1938	2	1
98.821	1939	3	1
98.925	1940	1	1
98.925	1941	4	1
99.028	1942	1	1
99.028	1943	3	1
99.132	1944	2	1
99.132	1945	4	1
99.235	1946	2	1
99.235	1947	3	1
99.339	1948	1	1
99.339	1949	4	1
99.442	1950	1	1
99.442	1951	4	1
99.546	1952	2	1
99.546	1953	3	1
99.649	1954	2	1
99.649	1955	4	1
99.752	1956	1	1
99.752	1957	3	1
99.856	1958	1	1
99.856	1959	3	1
99.959	1960	2	1
99.959	1961	4	1
100.063	1962	2	1
100.063	1963	3	1
100.166	1964	1	1
100.166	1965	3	1
100.166	1966	4	1
100.270	1967	1	1
100.270	1968	2	1
100.373	1969	3	1
100.373	1970	4	1
100.477	1971	2	1
100.477	1972	3	1
100.580	1973	1	1
100.580	1974	4	1
100.683	1975	2	1
100.683	1976	4	1
100.787	1977	1	1
100.787	1978	3	1
100.890	1979	2	1
100.890	1980	3	1
100.994	1981	1	1
100.994	1982	2	1
100.994	1983	4	1
101.097	1984	1	1
101.097	1985	3	1
101.201	1986	2	1
101.201	1987	4	1
101.304	1988	1	1
101.304	1989	3	1
101.408	1990	2	1
101.408	1991	4	1
101.511	1992	1	1
101.511	1993	3	1
101.615	1994	2	1
101.615	1995	3	2
101.821	1996	1	1
101.821	1997	2	1
101.821	1998	4	1
101.821	1999	3	3
101.890	2000	3	1
101.959	2001	2	1
102.028	2002	1	1
102.028	2003	4	1
102.097	2004	3	1
102.166	2005	4	1
102.235	2006	1	1
102.235	2007	2	1
102.304	2008	3	1
102.373	2009	1	1
102.442	2010	2	1
102.442	2011	4	1
102.511	2012	3	1
102.580	2013	2	1
102.649	2014	1	1
102.649	2015	4	1
102.718	2016	3	1
102.787	2017	4	1
102.856	2018	1	1
102.856	2019	2	1
102.925	2020	3	1
102.994	2021	1	1
103.063	2022	3	1
103.063	2023	4	1
103.132	2024	2	1
103.201	2025	4	1
103.270	2026	1	1
103.270	2027	3	1
103.339	2028	2	1
103.408	2029	4	1
103.477	2030	1	1
103.477	2031	2	1
103.477	2032	3	1
103.546	2033	4	1
103.615	2034	1	1
103.683	2035	3	1
103.683	2036	4	1
103.752	2037	2	1
103.821	2038	3	1
103.890	2039	1	1
103.890	2040	4	1
103.959	2041	2	1
104.028	2042	3	1
104.097	2043	1	1
104.097	2044	2	1
104.166	2045	4	1
104.235	2046	1	1
104.304	2047	2	1
104.304	2048	3	1
104.304	2049	4	1
104.373	2050	1	1
104.442	2051	3	1
104.511	2052	2	1
104.511	2053	4	1
104.580	2054	3	1
104.649	2055	1	1
104.718	2056	2	1
104.718	2057	4	1
104.787	2058	3	1
104.856	2059	2	1
104.925	2060	1	1
104.925	2061	4	1
105.028	2062	2	1
105.028	2063	3	1
105.132	2064	1	1
105.132	2065	3	1
105.132	2066	4	1
105.235	2067	1	1
105.235	2068	2	1
105.339	2069	3	1
105.339	2070	4	1
105.442	2071	2	1
105.442	2072	3	1
105.546	2073	1	1
105.546	2074	2	1
105.546	2075	4	1
105.649	2076	3	1
105.649	2077	4	1
105.752	2078	1	1
105.752	2079	2	1
105.856	2080	2	1
105.856	2081	3	1
105.959	2082	1	1
105.959	2083	3	1
105.959	2084	4	1
106.063	2085	2	1
106.063	2086	4	1
106.166	2087	1	1
106.166	2088	3	1
106.270	2089	2	1
106.270	2090	3	1
106.373	2091	1	1
106.373	2092	2	1
106.373	2093	4	1
106.477	2094	3	1
106.477	2095	4	1
106.580	2096	1	1
106.580	2097	2	1
106.683	2098	2	1
106.683	2099	3	1
106.787	2100	1	1
106.787	2101	3	1
106.787	2102	4	1
106.890	2103	1	1
106.890	2104	2	1
106.994	2105	2	1
106.994	2106	3	1
106.994	2107	4	1
107.097	2108	1	1
107.097	2109	4	1
107.201	2110	1	1
107.201	2111	2	1
107.201	2112	3	1
107.304	2113	3	1
107.304	2114	4	1
107.408	2115	1	1
107.408	2116	2	1
107.408	2117	4	1
107.511	2118	2	1
107.511	2119	3	1
107.615	2120	1	1
107.615	2121	3	1
107.615	2122	4	1
107.718	2123	2	1
107.770	2124	4	1
107.821	2125	1	1
107.873	2126	3	1
107.925	2127	1	1
107.925	2128	2	1
107.925	2129	4	1
108.028	2130	3	1
108.080	2131	1	1
108.132	2132	4	1
108.183	2133	2	1
108.235	2134	1	1
108.235	2135	3	1
108.235	2136	4	1
108.442	2137	1	1
108.442	2138	2	1
108.442	2139	4	1
108.546	2140	1	1
108.546	2141	3	1
108.649	2142	2	1
108.649	2143	4	1
108.752	2144	1	1
108.752	2145	3	1
108.856	2146	2	1
108.856	2147	4	1
108.959	2148	3	1
109.063	2149	1	1
109.063	2150	2	1
109.166	2151	3	1
109.166	2152	4	1
109.270	2153	1	1
109.270	2154	2	1
109.270	2155	4	1
109.373	2156	2	1
109.477	2157	2	1
109.580	2158	1	1
109.580	2159	4	1
109.683	2160	2	1
109.683	2161	3	1
109.683	2162	4	1
109.787	2163	3	1
109.890	2164	1	1
109.890	2165	2	1
109.890	2166	4	1
109.994	2167	2	1
110.097	2168	1	1
110.097	2169	3	1
110.097	2170	4	1
110.201	2171	4	1
110.304	2172	1	1
110.304	2173	2	1
110.408	2174	1	1
110.511	2175	2	1
110.511	2176	3	1
110.511	2177	4	1
110.615	2178	3	1
110.718	2179	1	1
110.718	2180	2	1
110.718	2181	4	1
110.821	2182	2	1
110.925	2183	1	1
110.925	2184	3	1
110.925	2185	4	1
111.028	2186	2	1
111.028	2187	3	1
111.132	2188	1	1
111.132	2189	4	1
111.235	2190	2	1
111.235	2191	3	1
111.339	2192	1	1
111.339	2193	4	1
111.442	2194	1	1
111.442	2195	3	1
111.546	2196	2	1
111.546	2197	4	1
111.649	2198	1	1
111.649	2199	3	1
111.752	2200	2	1
111.752	2201	3	1
111.752	2202	4	1
111.856	2203	1	1
111.856	2204	2	1
111.959	2205	3	1
111.959	2206	4	1
112.063	2207	1	1
112.063	2208	2	1
112.166	2209	1	1
112.166	2210	3	1
112.166	2211	4	1
112.270	2212	2	1
112.270	2213	4	1
112.373	2214	1	1
112.373	2215	3	1
112.477	2216	2	1
112.477	2217	4	1
112.580	2218	1	1
112.580	2219	2	1
112.580	2220	3	1
112.683	2221	3	1
112.683	2222	4	1
112.787	2223	1	1
112.787	2224	2	1
112.890	2225	3	1
112.890	2226	4	1
112.994	2227	1	1
112.994	2228	2	1
112.994	2229	4	1
113.097	2230	1	1
113.097	2231	3	1
113.201	2232	2	1
113.201	2233	4	1
113.304	2234	2	1
113.304	2235	3	1
113.408	2236	1	1
113.408	2237	3	1
113.408	2238	4	1
113.511	2239	1	1
113.511	2240	2	1
113.615	2241	3	1
113.615	2242	4	1
113.718	2243	1	1
113.718	2244	2	1
113.821	2245	3	1
113.821	2246	4	1
113.925	2247	2	1
113.925	2248	4	1
114.028	2249	1	1
114.028	2250	3	1
114.132	2251	2	1
114.132	2252	3	1
114.235	2253	1	1
114.235	2254	2	1
114.235	2255	4	1
114.339	2256	3	1
114.339	2257	4	1
114.442	2258	1	1
114.442	2259	2	1
114.546	2260	1	1
114.546	2261	3	1
114.649	2262	2	1
114.649	2263	4	1
114.718	2264	3	1
114.787	2265	2	1
114.856	2266	1	1
114.856	2267	4	1
114.925	2268	3	1
114.994	2269	2	1
115.063	2270	1	1
115.063	2271	3	1
115.063	2272	4	1
115.132	2273	2	1
115.201	2274	4	1
115.270	2275	1	1
115.270	2276	3	1
115.339	2277	2	1
115.408	2278	4	1
115.477	2279	1	1
115.477	2280	2	1
115.546	2281	3	1
115.615	2282	1	1
115.683	2283	3	1
115.683	2284	4	1
115.752	2285	2	1
115.821	2286	3	1
115.890	2287	1	1
115.890	2288	4	1
115.942	2289	2	1
115.994	2290	3	1
116.046	2291	1	1
116.097	2292	3	1
116.149	2293	4	1
116.201	2294	2	1
116.252	2295	3	1
116.304	2296	1	1
116.304	2297	2	1
116.356	2298	4	1
116.408	2299	3	1
116.459	2300	2	1
116.511	2301	1	1
116.511	2302	3	1
116.511	2303	4	1
116.615	2304	1	1
116.718	2305	2	1
116.718	2306	3	1
116.718	2307	4	1
116.787	2308	1	1
116.856	2309	3	1
116.925	2310	2	1
116.925	2311	4	1
117.028	2312	1	1
117.028	2313	3	1
117.132	2314	1	1
117.132	2315	2	1
117.183	2316	4	1
117.235	2317	2	1
117.287	2318	1	1
117.339	2319	3	1
117.339	2320	4	1
117.390	2321	2	1
117.442	2322	3	1
117.494	2323	1	1
117.546	2324	2	1
117.546	2325	4	1
117.597	2326	3	1
117.649	2327	2	1
117.701	2328	1	1
117.752	2329	4	1
117.804	2330	1	1
117.804	2331	2	1
117.856	2332	3	1
117.908	2333	4	1
117.959	2334	1	1
117.959	2335	2	1
118.063	2336	3	1
118.063	2337	4	1
118.166	2338	1	1
118.166	2339	4	1
118.270	2340	2	1
118.270	2341	3	1
118.373	2342	1	1
118.373	2343	2	1
118.373	2344	4	1
118.477	2345	1	1
118.477	2346	3	1
118.580	2347	2	1
118.580	2348	4	1
118.683	2349	1	2
118.683	2350	3	2
118.994	2351	1	3
118.994	2352	3	3
120.028	2353	1	1
120.028	2354	3	2
120.028	2355	4	2
120.235	2356	3	3
120.235	2357	4	3
120.856	2358	1	1
120.856	2359	4	1
120.908	2360	3	1
120.959	2361	2	1
121.011	2362	4	1
121.063	2363	1	1
121.063	2364	2	1
121.115	2365	3	1
121.166	2366	4	1
121.218	2367	1	1
121.270	2368	3	1
121.270	2369	4	1
121.321	2370	2	1
121.373	2371	1	1
121.425	2372	3	1
121.477	2373	1	1
121.477	2374	2	1
121.477	2375	4	1
121.580	2376	3	1
121.632	2377	2	1
121.683	2378	1	1
121.683	2379	3	1
121.683	2380	4	1
121.787	2381	2	1
121.890	2382	3	1
121.890	2383	4	1
121.994	2384	1	1
121.994	2385	3	1
122.097	2386	2	1
122.201	2387	1	1
122.201	2388	4	1
122.304	2389	2	1
122.304	2390	4	1
122.408	2391	3	1
122.511	2392	1	1
122.511	2393	4	1
122.615	2394	1	1
122.615	2395	2	1
122.718	2396	3	1
122.821	2397	2	1
122.821	2398	4	1
122.925	2399	1	1
122.925	2400	2	1
123.028	2401	4	1
123.132	2402	1	1
123.132	2403	3	1
123.235	2404	2	1
123.235	2405	3	1
123.339	2406	1	1
123.339	2407	2	1
123.339	2408	4	1
123.442	2409	3	1
123.442	2410	4	1
123.546	2411	1	1
123.546	2412	2	1
123.649	2413	1	2
123.649	2414	3	1
123.649	2415	4	1
123.856	2416	3	1
123.856	2417	4	1
123.856	2418	1	3
123.959	2419	1	1
123.959	2420	3	1
123.959	2421	4	1
124.063	2422	1	1
124.063	2423	2	1
124.166	2424	3	1
124.166	2425	4	1
124.270	2426	1	1
124.270	2427	2	1
124.270	2428	4	2
124.477	2429	1	1
124.477	2430	2	1
124.477	2431	4	3
124.580	2432	3	1
124.580	2433	4	1
124.632	2434	1	1
124.632	2435	2	1
124.683	2436	3	1
124.683	2437	4	1
124.735	2438	1	1
124.735	2439	2	1
124.787	2440	3	1
124.787	2441	4	1
124.839	2442	1	1
124.839	2443	2	1
124.890	2444	3	1
124.890	2445	4	1
124.994	2446	1	1
124.994	2447	2	1
124.994	2448	4	1
125.097	2449	3	1
125.201	2450	1	1
125.201	2451	2	1
125.304	2452	1	1
125.304	2453	3	1
125.304	2454	4	1
125.408	2455	2	1
125.459	2456	3	1
125.511	2457	1	1
125.511	2458	4	1
125.615	2459	2	1
125.615	2460	3	1
125.615	2461	4	1
125.718	2462	1	1
125.821	2463	3	1
125.821	2464	4	1
125.925	2465	1	1
125.925	2466	2	1
125.925	2467	4	1
126.028	2468	3	1
126.080	2469	2	1
126.132	2470	1	1
126.132	2471	4	1
126.235	2472	1	1
126.235	2473	2	1
126.287	2474	4	1
126.339	2475	3	1
126.390	2476	2	1
126.442	2477	3	1
126.442	2478	4	1
126.494	2479	1	1
126.546	2480	2	1
126.597	2481	3	1
126.649	2482	1	1
126.649	2483	2	1
126.649	2484	4	1
126.752	2485	3	1
126.856	2486	1	1
126.856	2487	2	1
126.959	2488	1	1
126.959	2489	3	1
126.959	2490	4	1
127.063	2491	2	1
127.115	2492	4	1
127.166	2493	1	1
127.166	2494	3	1
127.270	2495	2	1
127.270	2496	3	1
127.270	2497	4	1
127.373	2498	1	1
127.477	2499	1	1
127.477	2500	2	1
127.477	2501	4	1
127.546	2502	3	1
127.615	2503	2	1
127.683	2504	1	1
127.683	2505	3	1
127.683	2506	4	1
127.752	2507	2	1
127.821	2508	4	1
127.890	2509	1	1
127.890	2510	2	1
127.890	2511	3	1
127.959	2512	4	1
128.028	2513	1	1
128.097	2514	2	1
128.097	2515	3	1
128.097	2516	4	1
128.166	2517	1	1
128.235	2518	3	1
128.304	2519	1	1
128.304	2520	2	1
128.304	2521	4	1
128.408	2522	3	1
128.511	2523	1	1
128.511	2524	2	1
128.615	2525	1	1
128.615	2526	3	1
128.615	2527	4	1
128.718	2528	2	1
128.770	2529	3	1
128.821	2530	1	1
128.821	2531	4	1
128.925	2532	2	1
128.925	2533	3	1
128.925	2534	4	1
129.028	2535	1	1
129.132	2536	2	1
129.132	2537	3	1
129.235	2538	1	1
129.235	2539	2	1
129.235	2540	4	1
129.339	2541	3	1
129.390	2542	2	1
129.442	2543	1	1
129.442	2544	4	1
129.546	2545	2	1
129.546	2546	3	1
129.546	2547	4	1
129.649	2548	1	1
129.701	2549	3	1
129.752	2550	2	1
129.752	2551	4	1
129.804	2552	1	1
129.856	2553	3	1
129.908	2554	2	1
129.959	2555	1	2
129.959	2556	3	1
129.959	2557	4	1
130.063	2558	2	1
130.166	2559	3	1
130.166	2560	4	1
130.166	2561	1	3
130.270	2562	1	1
130.270	2563	2	1
130.270	2564	4	2
130.373	2565	3	1
130.477	2566	1	1
130.477	2567	2	1
130.477	2568	4	3
130.580	2569	1	1
130.580	2570	3	1
130.580	2571	4	1
130.683	2572	3	1
130.787	2573	1	1
130.787	2574	2	1
130.787	2575	4	1
130.890	2576	2	1
130.994	2577	3	1
130.994	2578	4	1
131.097	2579	1	1
131.097	2580	3	1
131.097	2581	4	1
131.201	2582	2	1
131.304	2583	1	1
131.304	2584	3	1
131.408	2585	1	2
131.408	2586	2	1
131.408	2587	4	1
131.615	2588	3	1
131.615	2589	4	1
131.615	2590	1	3
131.718	2591	1	1
131.718	2592	2	1
131.770	2593	4	1
131.821	2594	1	1
131.821	2595	3	1
131.925	2596	2	1
131.925	2597	4	1
131.977	2598	1	1
132.028	2599	3	1
132.028	2600	4	1
132.132	2601	1	1
132.132	2602	2	1
132.183	2603	3	1
132.235	2604	2	1
132.235	2605	4	1
132.339	2606	1	1
132.339	2607	3	1
132.390	2608	2	1
132.442	2609	3	1
132.442	2610	4	1
132.546	2611	1	1
132.546	2612	2	1
132.597	2613	3	1
132.649	2614	1	1
132.649	2615	4	1
132.752	2616	2	1
132.752	2617	3	1
132.804	2618	4	1
132.856	2619	1	1
132.856	2620	3	1
132.959	2621	2	1
132.959	2622	4	1
133.011	2623	1	1
133.063	2624	3	1
133.063	2625	4	1
133.166	2626	1	1
133.166	2627	2	1
133.218	2628	3	1
133.270	2629	1	1
133.270	2630	2	1
133.270	2631	4	1
133.373	2632	3	1
133.373	2633	4	1
133.477	2634	1	1
133.477	2635	2	1
133.580	2636	1	1
133.580	2637	3	1
133.683	2638	2	1
133.683	2639	4	1
133.787	2640	2	1
133.787	2641	4	1
133.890	2642	1	1
133.890	2643	3	1
133.994	2644	2	1
133.994	2645	3	1
134.097	2646	1	1
134.097	2647	4	1
134.201	2648	1	1
134.201	2649	3	1
134.304	2650	2	1
134.304	2651	4	1
134.408	2652	2	1
134.408	2653	3	1
134.511	2654	1	1
134.511	2655	4	1
134.615	2656	3	1
134.615	2657	4	1
134.718	2658	1	1
134.718	2659	2	1
134.821	2660	2	1
134.821	2661	3	1
134.925	2662	1	1
134.925	2663	4	1
135.028	2664	2	1
135.028	2665	3	1
135.080	2666	1	1
135.132	2667	3	1
135.132	2668	4	1
135.235	2669	1	1
135.235	2670	2	1
135.287	2671	3	1
135.339	2672	2	1
135.339	2673	4	1
135.442	2674	1	1
135.442	2675	3	1
135.494	2676	2	1
135.546	2677	1	1
135.546	2678	3	1
135.649	2679	2	1
135.649	2680	4	1
135.701	2681	1	1
135.752	2682	3	1
135.752	2683	4	1
135.856	2684	1	1
135.856	2685	2	1
135.908	2686	3	1
135.959	2687	1	1
135.959	2688	4	1
136.063	2689	2	1
136.063	2690	3	1
136.115	2691	4	1
136.166	2692	1	1
136.166	2693	2	1
136.270	2694	3	1
136.270	2695	4	1
136.321	2696	1	1
136.373	2697	3	1
136.373	2698	4	1
136.477	2699	1	1
136.477	2700	2	1
136.580	2701	3	1
136.580	2702	4	1
136.632	2703	1	1
136.632	2704	2	1
136.683	2705	3	1
136.683	2706	4	1
136.735	2707	1	1
136.735	2708	2	1
136.890	2709	2	1
136.890	2710	3	1
136.942	2711	1	1
136.942	2712	4	1
136.994	2713	2	1
136.994	2714	3	1
137.046	2715	1	1
137.046	2716	4	1
137.201	2717	1	1
137.201	2718	2	1
137.252	2719	3	1
137.252	2720	4	1
137.304	2721	1	1
137.304	2722	2	1
137.356	2723	3	1
137.356	2724	4	1
137.511	2725	1	1
137.511	2726	4	1
137.563	2727	2	1
137.563	2728	3	1
137.615	2729	1	1
137.615	2730	4	1
137.666	2731	2	1
137.666	2732	3	1
137.821	2733	1	1
137.821	2734	2	1
137.821	2735	4	1
137.925	2736	1	1
137.925	2737	2	1
137.925	2738	3	1
138.028	2739	1	1
138.028	2740	2	1
138.028	2741	4	1
138.132	2742	1	1
138.132	2743	2	1
138.132	2744	3	1
138.235	2745	3	1
138.235	2746	4	1
138.339	2747	1	1
138.339	2748	2	1
138.390	2749	3	1
138.442	2750	2	1
138.442	2751	4	1
138.546	2752	1	1
138.546	2753	3	1
138.597	2754	2	1
138.649	2755	3	1
138.649	2756	4	1
138.752	2757	1	1
138.752	2758	2	1
138.804	2759	3	1
138.856	2760	1	1
138.856	2761	4	1
138.959	2762	2	1
138.959	2763	3	1
139.011	2764	1	1
139.063	2765	3	1
139.063	2766	4	1
139.166	2767	1	1
139.166	2768	2	1
139.218	2769	3	1
139.270	2770	2	1
139.270	2771	4	1
139.373	2772	1	1
139.373	2773	3	1
139.425	2774	4	1
139.477	2775	1	1
139.477	2776	2	1
139.580	2777	3	1
139.580	2778	4	1
139.632	2779	1	1
139.683	2780	2	1
139.683	2781	3	1
139.787	2782	1	1
139.787	2783	4	1
139.839	2784	3	1
139.890	2785	1	1
139.890	2786	2	1
139.890	2787	4	1
139.994	2788	2	1
139.994	2789	3	1
140.097	2790	1	1
140.097	2791	4	1
140.201	2792	2	1
140.201	2793	4	1
140.304	2794	1	1
140.304	2795	3	1
140.408	2796	1	1
140.408	2797	3	1
140.511	2798	2	1
140.511	2799	4	1
140.615	2800	2	1
140.615	2801	3	1
140.718	2802	1	1
140.718	2803	4	1
140.821	2804	2	1
140.821	2805	4	1
140.925	2806	1	1
140.925	2807	3	1
141.028	2808	2	1
141.028	2809	3	1
141.132	2810	1	1
141.132	2811	4	1
141.235	2812	1	1
141.235	2813	2	1
141.339	2814	3	1
141.339	2815	4	1
141.442	2816	2	1
141.442	2817	3	1
141.546	2818	1	1
141.546	2819	2	1
141.546	2820	4	1
141.649	2821	3	1
141.649	2822	4	1
141.752	2823	1	1
141.752	2824	2	1
141.856	2825	2	1
141.908	2826	1	1
141.959	2827	3	1
141.959	2828	4	1
142.063	2829	4	1
142.115	2830	3	1
142.166	2831	1	1
142.166	2832	2	1
142.270	2833	2	1
142.321	2834	3	1
142.373	2835	1	1
142.373	2836	4	1
142.477	2837	2	1
142.477	2838	4	1
142.580	2839	1	1
142.580	2840	3	1
142.683	2841	1	1
142.683	2842	4	1
142.787	2843	2	1
142.787	2844	3	1
142.890	2845	2	1
142.890	2846	4	1
142.994	2847	1	1
142.994	2848	4	1
143.097	2849	2	1
143.097	2850	3	1
143.201	2851	1	2
143.201	2852	2	2
143.201	2853	3	2
143.201	2854	4	2
144.028	2855	4	3
144.097	2856	3	3
144.166	2857	2	3
144.235	2858	1	3