Song Name	For You (Hard) by Xeon Diversity [Sound Space]
Difficulty	27
Primary Color	Chill
Secondary Color	Rush
Last Note Time	186.009
Total Notes	2623
Fever Fill	640
Fever Time	27.901350
Long Notes	703
BPM	150
Song Length	190.969297052

Timing Points
0.409	400.0000


Song Data
0.409	1	1	1
0.409	2	2	1
0.609	3	2	1
0.609	4	3	1
0.809	5	3	1
0.809	6	4	1
1.009	7	4	1
1.209	8	2	1
1.409	9	4	1
1.609	10	1	1
1.609	11	3	1
1.809	12	2	1
1.809	13	3	1
2.009	14	2	1
2.009	15	4	1
2.409	16	1	1
2.609	17	2	1
2.809	18	3	1
3.009	19	1	1
3.209	20	3	1
3.409	21	1	1
3.609	22	2	1
3.609	23	3	1
3.809	24	3	1
3.809	25	4	1
4.009	26	1	1
4.009	27	4	1
4.209	28	1	1
4.409	29	2	1
4.609	30	4	1
4.809	31	1	1
4.809	32	3	1
5.009	33	2	1
5.009	34	3	1
5.209	35	2	1
5.209	36	4	1
5.609	37	1	1
5.809	38	2	1
6.009	39	3	1
6.209	40	4	1
6.409	41	3	1
6.809	42	1	1
6.809	43	2	1
7.009	44	1	1
7.009	45	4	1
7.209	46	2	1
7.209	47	4	1
7.609	48	2	1
7.809	49	4	1
8.009	50	1	1
8.009	51	3	1
8.209	52	2	1
8.209	53	3	1
8.409	54	2	1
8.409	55	4	1
8.809	56	1	1
9.009	57	2	1
9.209	58	3	1
9.409	59	1	1
9.609	60	3	1
9.809	61	1	1
10.009	62	2	1
10.009	63	4	1
10.209	64	2	1
10.209	65	3	1
10.409	66	1	1
10.409	67	3	1
10.809	68	4	1
11.209	69	2	1
11.209	70	3	1
11.409	71	1	1
11.409	72	2	1
11.609	73	1	1
11.609	74	4	1
12.009	75	1	1
12.409	76	3	2
12.809	77	2	2
13.209	78	1	1
13.209	79	4	1
13.209	80	2	3
13.209	81	3	3
13.409	82	1	1
13.409	83	2	1
13.609	84	2	1
13.609	85	3	1
13.809	86	3	1
14.009	87	1	1
14.209	88	4	1
14.409	89	2	1
14.409	90	3	1
14.609	91	2	1
14.609	92	4	1
14.809	93	1	1
14.809	94	4	1
15.209	95	2	1
15.409	96	3	1
15.609	97	4	1
15.809	98	2	1
16.009	99	4	1
16.209	100	2	1
16.409	101	1	1
16.409	102	3	1
16.609	103	1	1
16.609	104	4	1
16.809	105	2	1
16.809	106	4	1
17.009	107	2	1
17.209	108	3	1
17.409	109	4	1
17.609	110	1	1
17.609	111	3	1
17.809	112	2	1
17.809	113	3	1
18.009	114	2	1
18.009	115	4	1
18.409	116	1	1
18.609	117	2	1
18.809	118	3	1
19.009	119	4	1
19.209	120	2	1
19.609	121	1	1
19.609	122	3	1
19.809	123	3	1
19.809	124	4	1
20.009	125	2	1
20.009	126	4	1
20.409	127	1	1
20.609	128	3	1
20.809	129	2	1
20.809	130	4	1
21.009	131	1	1
21.009	132	4	1
21.209	133	1	1
21.209	134	3	1
21.609	135	2	1
21.809	136	3	1
22.009	137	4	1
22.209	138	2	1
22.409	139	4	1
22.609	140	2	1
22.809	141	1	1
22.809	142	3	1
23.009	143	1	1
23.009	144	4	1
23.209	145	2	1
23.209	146	4	1
23.609	147	3	1
24.009	148	1	1
24.009	149	4	1
24.209	150	2	1
24.209	151	4	1
24.409	152	1	1
24.409	153	2	1
24.809	154	3	1
25.209	155	2	1
25.609	156	4	2
26.009	157	1	2
26.009	158	2	1
26.009	159	3	2
26.009	160	4	3
26.209	161	1	3
26.409	162	1	1
26.409	163	2	1
26.609	164	4	2
26.609	165	3	3
26.809	166	1	1
26.809	167	2	2
26.809	168	4	3
26.909	169	3	2
27.109	170	1	1
27.109	171	4	1
27.109	172	2	3
27.109	173	3	3
27.209	174	2	2
27.209	175	3	1
27.409	176	4	2
27.409	177	2	3
27.609	178	1	2
27.609	179	3	1
27.609	180	4	3
28.009	181	2	1
28.009	182	3	1
28.209	183	4	1
28.209	184	1	3
28.309	185	1	1
28.309	186	2	1
28.409	187	3	2
28.409	188	4	2
28.509	189	2	2
28.509	190	4	3
28.709	191	1	1
28.709	192	4	1
28.709	193	2	3
28.709	194	3	3
28.809	195	2	1
28.809	196	3	1
29.009	197	1	1
29.009	198	4	1
29.109	199	2	1
29.209	200	1	2
29.209	201	3	2
29.209	202	4	1
29.409	203	1	3
29.609	204	1	1
29.609	205	2	1
29.809	206	4	2
29.809	207	3	3
30.009	208	1	1
30.009	209	2	2
30.009	210	4	3
30.109	211	3	2
30.309	212	1	1
30.309	213	4	1
30.309	214	2	3
30.309	215	3	3
30.409	216	2	2
30.409	217	3	1
30.609	218	4	2
30.609	219	2	3
30.809	220	1	2
30.809	221	3	1
30.809	222	4	3
31.209	223	2	1
31.209	224	4	1
31.509	225	3	1
31.509	226	4	1
31.509	227	1	3
31.609	228	1	1
31.609	229	2	2
31.809	230	2	3
32.009	231	1	1
32.009	232	2	1
32.009	233	3	2
32.409	234	1	1
32.409	235	2	2
32.409	236	4	2
32.409	237	3	3
32.609	238	4	3
32.809	239	3	1
32.809	240	4	1
33.009	241	1	2
33.009	242	2	3
33.209	243	3	2
33.209	244	4	1
33.209	245	1	3
33.309	246	2	2
33.509	247	1	1
33.509	248	4	1
33.509	249	2	3
33.509	250	3	3
33.609	251	2	1
33.609	252	3	2
33.809	253	1	2
33.809	254	3	3
34.009	255	2	1
34.009	256	4	2
34.009	257	1	3
34.409	258	2	1
34.409	259	3	1
34.609	260	1	1
34.609	261	4	3
34.709	262	3	1
34.709	263	4	1
34.809	264	1	2
34.809	265	2	2
34.909	266	3	2
34.909	267	1	3
35.109	268	1	1
35.109	269	4	1
35.109	270	2	3
35.109	271	3	3
35.209	272	2	1
35.209	273	3	1
35.409	274	1	1
35.409	275	4	1
35.509	276	3	1
35.609	277	1	1
35.609	278	2	1
35.609	279	4	2
35.909	280	2	2
35.909	281	4	3
36.009	282	3	2
36.009	283	4	1
36.209	284	1	2
36.209	285	2	3
36.209	286	3	3
36.409	287	3	1
36.409	288	4	2
36.409	289	1	3
36.709	290	1	1
36.709	291	2	2
36.709	292	4	3
36.809	293	3	2
36.809	294	4	1
37.009	295	1	2
37.009	296	2	3
37.009	297	3	3
37.209	298	2	2
37.209	299	4	1
37.609	300	3	1
37.609	301	4	1
37.609	302	1	3
37.609	303	2	3
38.009	304	1	1
38.009	305	3	2
38.209	306	3	3
38.409	307	1	1
38.409	308	2	2
38.409	309	4	1
38.809	310	1	1
38.809	311	3	2
38.809	312	4	1
38.809	313	2	3
39.209	314	1	1
39.209	315	2	1
39.409	316	4	2
39.409	317	3	3
39.609	318	1	1
39.609	319	2	2
39.609	320	4	3
39.709	321	3	2
39.909	322	1	1
39.909	323	4	1
39.909	324	2	3
39.909	325	3	3
40.009	326	2	1
40.009	327	3	1
40.209	328	3	1
40.209	329	4	2
40.409	330	1	2
40.409	331	2	1
40.409	332	4	3
40.709	333	3	1
40.709	334	4	1
40.809	335	2	1
41.009	336	3	1
41.009	337	4	1
41.009	338	1	3
41.109	339	2	1
41.209	340	3	1
41.209	341	4	2
41.409	342	1	1
41.409	343	2	1
41.509	344	3	1
41.609	345	1	1
41.609	346	2	1
41.609	347	4	3
41.809	348	3	1
41.809	349	4	1
41.909	350	2	1
42.009	351	1	1
42.009	352	3	2
42.009	353	4	1
42.409	354	1	1
42.409	355	2	1
42.609	356	4	2
42.609	357	3	3
42.809	358	1	1
42.809	359	2	2
42.809	360	4	3
42.909	361	3	2
43.109	362	1	1
43.109	363	4	1
43.109	364	2	3
43.109	365	3	3
43.209	366	2	1
43.209	367	3	1
43.409	368	2	1
43.409	369	4	2
43.609	370	1	2
43.609	371	3	1
43.609	372	4	3
43.909	373	2	1
43.909	374	4	1
44.009	375	3	1
44.209	376	2	1
44.209	377	4	1
44.309	378	3	1
44.409	379	2	1
44.409	380	4	1
44.409	381	1	3
44.609	382	1	1
44.609	383	3	1
44.709	384	2	1
44.809	385	1	1
44.809	386	3	2
45.009	387	2	1
45.009	388	4	1
45.209	389	1	1
45.209	390	2	1
45.209	391	4	1
45.209	392	3	3
45.409	393	1	1
45.409	394	3	1
45.609	395	2	1
45.609	396	3	1
45.809	397	2	1
45.809	398	4	1
46.009	399	1	1
46.009	400	3	1
46.009	401	4	1
46.209	402	2	1
46.209	403	3	1
46.409	404	2	1
46.409	405	4	1
46.609	406	1	1
46.609	407	4	1
46.809	408	1	1
46.809	409	2	1
46.809	410	3	1
47.009	411	2	1
47.009	412	4	1
47.209	413	1	1
47.209	414	4	1
47.409	415	1	1
47.409	416	3	1
47.609	417	2	1
47.609	418	3	1
47.609	419	4	1
47.809	420	1	1
47.809	421	2	1
47.909	422	3	1
47.909	423	4	1
48.109	424	3	1
48.109	425	4	1
48.209	426	1	1
48.209	427	2	1
48.409	428	1	1
48.409	429	3	1
48.409	430	4	1
48.509	431	2	1
48.609	432	4	1
48.709	433	3	1
48.809	434	1	1
48.809	435	2	1
48.809	436	4	1
48.909	437	3	1
49.009	438	1	1
49.109	439	2	1
49.209	440	1	1
49.209	441	3	1
49.209	442	4	1
49.309	443	2	1
49.409	444	4	1
49.509	445	3	1
49.609	446	1	1
49.609	447	2	1
49.609	448	4	1
49.709	449	3	1
49.809	450	1	1
49.909	451	2	1
50.009	452	4	1
50.059	453	3	1
50.109	454	2	1
50.159	455	1	1
50.209	456	4	1
50.409	457	1	1
50.459	458	2	1
50.509	459	3	1
50.559	460	4	1
50.609	461	1	1
50.809	462	3	1
50.809	463	4	2
51.009	464	1	2
51.009	465	2	1
51.009	466	4	3
51.209	467	3	1
51.209	468	4	1
51.209	469	1	3
51.309	470	2	1
51.409	471	1	1
51.409	472	4	1
51.509	473	3	1
51.609	474	1	2
51.609	475	2	1
51.609	476	4	1
51.809	477	3	2
51.809	478	4	2
51.909	479	3	3
51.909	480	4	3
52.009	481	3	2
52.009	482	4	2
52.109	483	1	3
52.109	484	3	3
52.109	485	4	3
52.209	486	1	1
52.209	487	3	1
52.209	488	4	1
52.409	489	1	1
52.409	490	2	2
52.409	491	4	1
52.609	492	4	2
52.609	493	2	3
52.809	494	1	1
52.809	495	2	1
52.809	496	3	2
52.809	497	4	3
53.009	498	1	2
53.009	499	2	2
53.109	500	1	3
53.109	501	2	3
53.209	502	1	2
53.209	503	2	2
53.309	504	1	3
53.309	505	2	3
53.309	506	3	3
53.409	507	1	1
53.409	508	2	1
53.409	509	4	1
53.609	510	1	2
53.609	511	3	1
53.609	512	4	1
53.809	513	4	2
53.809	514	1	3
53.834	515	3	1
53.859	516	2	1
53.884	517	1	1
54.009	518	1	2
54.009	519	2	2
54.009	520	3	1
54.109	521	1	3
54.109	522	2	3
54.109	523	4	3
54.209	524	1	1
54.209	525	3	2
54.209	526	4	1
54.409	527	2	1
54.409	528	3	3
54.509	529	2	1
54.509	530	3	1
54.609	531	1	1
54.609	532	4	1
54.709	533	3	1
54.809	534	1	1
54.809	535	2	2
54.809	536	4	1
55.009	537	1	2
55.009	538	4	2
55.009	539	2	3
55.109	540	1	3
55.109	541	4	3
55.209	542	1	2
55.209	543	4	2
55.309	544	1	3
55.309	545	4	3
55.409	546	1	1
55.409	547	3	1
55.409	548	4	1
55.609	549	1	2
55.609	550	2	1
55.609	551	4	2
55.709	552	1	3
55.709	553	4	3
55.809	554	1	1
55.809	555	3	1
55.809	556	4	1
55.909	557	2	1
56.009	558	1	1
56.009	559	3	1
56.009	560	4	2
56.209	561	1	2
56.209	562	2	2
56.309	563	1	3
56.309	564	2	3
56.409	565	1	2
56.409	566	2	2
56.509	567	1	3
56.509	568	2	3
56.509	569	4	3
56.609	570	1	1
56.609	571	2	1
56.609	572	4	1
56.809	573	2	2
56.809	574	3	1
56.809	575	4	1
57.009	576	3	2
57.009	577	4	2
57.109	578	3	3
57.109	579	4	3
57.209	580	1	1
57.209	581	3	2
57.209	582	4	2
57.309	583	2	3
57.309	584	3	3
57.309	585	4	3
57.409	586	2	1
57.409	587	3	1
57.409	588	4	2
57.609	589	1	1
57.609	590	4	3
57.634	591	2	2
57.809	592	1	1
57.809	593	3	1
57.809	594	4	1
57.809	595	2	3
58.009	596	1	2
58.009	597	2	1
58.009	598	3	1
58.209	599	3	2
58.209	600	4	2
58.309	601	3	3
58.309	602	4	3
58.409	603	3	2
58.409	604	4	2
58.509	605	1	3
58.509	606	3	3
58.509	607	4	3
58.609	608	1	1
58.609	609	3	1
58.609	610	4	1
58.809	611	1	1
58.809	612	2	2
58.809	613	3	1
59.009	614	4	2
59.009	615	2	3
59.209	616	1	1
59.209	617	2	1
59.209	618	3	2
59.209	619	4	3
59.409	620	1	2
59.409	621	2	2
59.509	622	1	3
59.509	623	2	3
59.609	624	1	2
59.609	625	2	2
59.709	626	1	3
59.709	627	2	3
59.709	628	3	3
59.809	629	1	1
59.809	630	2	1
59.809	631	3	1
60.009	632	2	2
60.009	633	3	1
60.009	634	4	1
60.209	635	1	2
60.209	636	4	2
60.209	637	2	3
60.309	638	1	3
60.309	639	4	3
60.409	640	1	2
60.409	641	3	1
60.409	642	4	2
60.509	643	1	3
60.509	644	4	3
60.609	645	1	1
60.609	646	2	2
60.609	647	4	1
60.809	648	3	1
60.809	649	2	3
60.909	650	2	1
60.909	651	3	1
61.009	652	1	1
61.009	653	4	1
61.109	654	2	1
61.209	655	1	2
61.209	656	3	1
61.209	657	4	1
61.409	658	3	2
61.409	659	4	2
61.509	660	3	3
61.509	661	4	3
61.609	662	3	2
61.609	663	4	2
61.709	664	3	3
61.709	665	4	3
61.809	666	2	1
61.809	667	3	1
61.809	668	4	1
62.009	669	2	1
62.009	670	3	2
62.009	671	4	2
62.109	672	1	3
62.109	673	3	3
62.109	674	4	3
62.209	675	1	1
62.209	676	3	1
62.209	677	4	1
62.409	678	2	1
62.409	679	3	2
62.409	680	4	1
62.609	681	1	2
62.609	682	2	2
62.709	683	1	3
62.709	684	2	3
62.809	685	1	2
62.809	686	2	2
62.909	687	1	3
62.909	688	2	3
62.909	689	3	3
63.009	690	1	1
63.009	691	2	1
63.009	692	4	1
63.209	693	1	1
63.209	694	2	1
63.209	695	3	2
63.409	696	1	2
63.409	697	2	2
63.509	698	1	3
63.509	699	2	3
63.509	700	3	3
63.609	701	1	1
63.609	702	2	1
63.609	703	3	1
63.609	704	4	1
63.809	705	1	1
63.809	706	2	1
64.009	707	3	1
64.009	708	4	1
64.109	709	2	1
64.209	710	1	1
64.209	711	4	1
64.309	712	3	1
64.409	713	1	1
64.409	714	2	1
64.409	715	4	1
64.609	716	1	2
64.609	717	3	2
64.709	718	1	3
64.709	719	3	3
64.809	720	2	2
64.809	721	4	2
64.909	722	3	2
64.909	723	2	3
64.909	724	4	3
65.009	725	1	1
65.009	726	2	2
65.009	727	4	2
65.009	728	3	3
65.109	729	2	3
65.109	730	4	3
65.209	731	1	2
65.209	732	3	1
65.209	733	4	1
65.409	734	3	2
65.409	735	1	3
65.609	736	1	1
65.609	737	2	1
65.609	738	4	2
65.609	739	3	3
65.809	740	1	2
65.809	741	2	2
65.909	742	1	3
65.909	743	2	3
66.009	744	1	2
66.009	745	2	2
66.109	746	1	3
66.109	747	2	3
66.109	748	4	3
66.209	749	1	1
66.209	750	2	1
66.209	751	4	1
66.409	752	1	2
66.409	753	3	1
66.409	754	4	1
66.609	755	3	2
66.609	756	4	2
66.709	757	1	3
66.709	758	3	3
66.709	759	4	3
66.809	760	1	1
66.809	761	2	2
66.809	762	4	1
67.009	763	1	1
67.009	764	3	2
67.009	765	4	1
67.009	766	2	3
67.209	767	2	1
67.209	768	3	3
67.309	769	2	1
67.309	770	3	1
67.409	771	1	1
67.409	772	4	1
67.509	773	3	1
67.609	774	1	1
67.609	775	2	1
67.609	776	4	2
67.809	777	1	2
67.809	778	2	2
67.909	779	1	3
67.909	780	2	3
68.009	781	1	2
68.009	782	2	2
68.109	783	1	3
68.109	784	2	3
68.209	785	1	1
68.209	786	2	1
68.209	787	3	1
68.409	788	1	2
68.409	789	2	2
68.409	790	3	1
68.509	791	1	3
68.509	792	2	3
68.509	793	4	3
68.609	794	1	1
68.609	795	2	1
68.609	796	4	1
68.809	797	1	2
68.809	798	3	1
68.809	799	4	1
69.009	800	3	2
69.009	801	4	2
69.109	802	3	3
69.109	803	4	3
69.209	804	3	2
69.209	805	4	2
69.309	806	1	3
69.309	807	3	3
69.309	808	4	3
69.409	809	1	1
69.409	810	3	1
69.409	811	4	1
69.609	812	1	1
69.609	813	2	1
69.609	814	4	2
69.809	815	1	2
69.809	816	2	2
69.909	817	1	3
69.909	818	2	3
69.909	819	4	3
70.009	820	1	1
70.009	821	3	2
70.009	822	4	1
70.209	823	1	2
70.209	824	2	1
70.209	825	4	1
70.209	826	3	3
70.409	827	3	1
70.409	828	1	3
70.434	829	2	2
70.609	830	1	1
70.609	831	3	1
70.609	832	4	1
70.609	833	2	3
70.809	834	1	1
70.809	835	2	1
70.809	836	4	2
71.009	837	1	2
71.009	838	2	2
71.109	839	1	3
71.109	840	2	3
71.209	841	1	2
71.209	842	2	2
71.309	843	1	3
71.309	844	2	3
71.309	845	4	3
71.409	846	1	1
71.409	847	2	1
71.409	848	4	1
71.609	849	1	1
71.609	850	3	2
71.609	851	4	1
71.809	852	2	2
71.809	853	3	3
72.009	854	1	2
72.009	855	3	1
72.009	856	4	1
72.009	857	2	3
72.209	858	3	2
72.209	859	4	2
72.309	860	3	3
72.309	861	4	3
72.409	862	3	2
72.409	863	4	2
72.509	864	1	3
72.509	865	3	3
72.509	866	4	3
72.609	867	1	1
72.609	868	3	1
72.609	869	4	1
72.809	870	1	1
72.809	871	2	2
72.809	872	4	1
73.009	873	3	2
73.009	874	4	2
73.109	875	3	3
73.109	876	4	3
73.209	877	1	1
73.209	878	3	2
73.209	879	4	2
73.309	880	2	3
73.309	881	3	3
73.309	882	4	3
73.409	883	1	2
73.409	884	3	1
73.409	885	4	1
73.609	886	4	2
73.609	887	1	3
73.809	888	1	2
73.809	889	2	1
73.809	890	3	1
73.809	891	4	3
74.009	892	2	1
74.009	893	3	2
74.009	894	4	1
74.009	895	1	3
74.209	896	1	2
74.209	897	2	2
74.309	898	1	3
74.309	899	2	3
74.409	900	1	2
74.409	901	2	2
74.509	902	1	3
74.509	903	2	3
74.509	904	3	3
74.609	905	1	1
74.609	906	3	1
74.609	907	4	1
74.809	908	2	1
74.809	909	3	2
74.809	910	4	1
75.009	911	1	1
75.009	912	2	1
75.009	913	4	1
75.009	914	3	3
75.209	915	1	2
75.209	916	2	1
75.209	917	3	1
75.409	918	3	2
75.409	919	4	2
75.509	920	3	3
75.509	921	4	3
75.609	922	3	2
75.609	923	4	2
75.709	924	1	3
75.709	925	3	3
75.709	926	4	3
75.809	927	1	1
75.809	928	3	1
75.809	929	4	1
76.009	930	1	1
76.009	931	2	2
76.009	932	3	1
76.209	933	3	2
76.209	934	4	2
76.309	935	2	3
76.309	936	3	3
76.309	937	4	3
76.409	938	1	1
76.409	939	3	1
76.409	940	4	2
76.609	941	1	2
76.609	942	2	1
76.609	943	4	3
76.809	944	3	1
76.809	945	4	1
76.809	946	1	3
76.909	947	2	1
77.009	948	1	1
77.009	949	4	2
77.109	950	3	1
77.209	951	1	1
77.209	952	2	1
77.609	953	4	3
77.809	954	3	2
78.209	955	3	3
78.609	956	2	2
78.809	957	2	3
79.609	958	1	1
79.809	959	4	1
80.009	960	3	1
80.409	961	2	1
81.209	962	2	2
81.309	963	2	3
82.009	964	2	2
82.209	965	2	3
82.809	966	2	2
83.009	967	4	2
83.009	968	2	3
83.209	969	1	1
83.209	970	4	3
83.259	971	2	1
83.309	972	3	1
83.409	973	4	1
83.609	974	1	2
83.609	975	2	1
83.809	976	2	1
83.809	977	3	1
83.809	978	1	3
84.009	979	1	2
84.009	980	3	1
84.209	981	4	2
84.209	982	1	3
84.409	983	2	2
84.409	984	4	3
84.609	985	4	2
84.609	986	2	3
84.809	987	1	2
84.809	988	3	1
84.809	989	4	3
85.009	990	2	1
85.009	991	3	2
85.009	992	1	3
85.209	993	2	2
85.209	994	4	1
85.209	995	3	3
85.409	996	2	3
85.609	997	1	2
85.809	998	3	2
85.809	999	1	3
86.009	1000	2	2
86.009	1001	3	3
86.209	1002	4	2
86.209	1003	2	3
86.409	1004	3	2
86.409	1005	4	3
86.609	1006	4	2
86.609	1007	3	3
86.809	1008	1	2
86.809	1009	2	1
86.809	1010	4	3
87.009	1011	2	1
87.009	1012	3	1
87.009	1013	1	3
87.209	1014	1	2
87.209	1015	3	1
87.409	1016	4	2
87.409	1017	1	3
87.609	1018	2	2
87.609	1019	4	3
87.809	1020	4	2
87.809	1021	2	3
88.009	1022	2	1
88.009	1023	3	2
88.009	1024	4	3
88.209	1025	1	1
88.209	1026	2	2
88.209	1027	3	3
88.409	1028	1	2
88.409	1029	4	1
88.409	1030	2	3
88.609	1031	1	3
88.809	1032	1	2
89.009	1033	2	2
89.009	1034	1	3
89.209	1035	3	2
89.209	1036	2	3
89.409	1037	4	2
89.409	1038	3	3
89.609	1039	3	2
89.609	1040	4	3
89.809	1041	2	2
89.809	1042	3	3
90.009	1043	1	2
90.009	1044	3	1
90.009	1045	2	3
90.209	1046	3	1
90.209	1047	4	1
90.209	1048	1	3
90.409	1049	1	2
90.409	1050	4	1
90.609	1051	3	2
90.609	1052	1	3
90.809	1053	2	2
90.809	1054	3	3
91.009	1055	4	2
91.009	1056	2	3
91.209	1057	1	2
91.209	1058	3	1
91.209	1059	4	3
91.409	1060	2	1
91.409	1061	3	2
91.409	1062	1	3
91.609	1063	2	2
91.609	1064	4	1
91.609	1065	3	3
91.809	1066	2	3
92.009	1067	2	2
92.209	1068	3	2
92.209	1069	2	3
92.409	1070	1	2
92.409	1071	3	3
92.609	1072	4	2
92.609	1073	1	3
92.809	1074	3	2
92.809	1075	4	3
93.009	1076	4	2
93.009	1077	3	3
93.209	1078	1	2
93.209	1079	2	1
93.209	1080	4	3
93.409	1081	2	1
93.409	1082	3	1
93.409	1083	1	3
93.609	1084	1	2
93.609	1085	3	1
93.809	1086	4	2
93.809	1087	1	3
94.009	1088	2	2
94.009	1089	4	3
94.209	1090	4	2
94.209	1091	2	3
94.409	1092	2	1
94.409	1093	3	2
94.409	1094	4	3
94.609	1095	1	1
94.609	1096	2	2
94.609	1097	3	3
94.809	1098	1	2
94.809	1099	4	1
94.809	1100	2	3
95.009	1101	1	3
95.209	1102	1	2
95.409	1103	2	2
95.409	1104	1	3
95.609	1105	3	2
95.609	1106	2	3
95.809	1107	4	2
95.809	1108	3	3
96.009	1109	3	2
96.009	1110	4	3
96.209	1111	2	2
96.209	1112	3	3
96.409	1113	1	2
96.409	1114	4	1
96.409	1115	2	3
96.609	1116	3	1
96.609	1117	4	1
96.609	1118	1	3
96.809	1119	1	2
96.809	1120	3	1
97.009	1121	4	2
97.009	1122	1	3
97.209	1123	2	2
97.209	1124	4	3
97.409	1125	4	2
97.409	1126	2	3
97.609	1127	1	2
97.609	1128	3	1
97.609	1129	4	3
97.809	1130	2	1
97.809	1131	3	2
97.809	1132	1	3
98.009	1133	2	2
98.009	1134	4	1
98.009	1135	3	3
98.209	1136	2	3
98.409	1137	1	2
98.609	1138	3	2
98.609	1139	1	3
98.809	1140	2	2
98.809	1141	3	3
99.009	1142	4	2
99.009	1143	2	3
99.209	1144	3	2
99.209	1145	4	3
99.409	1146	4	2
99.409	1147	3	3
99.609	1148	1	2
99.609	1149	2	1
99.609	1150	4	3
99.809	1151	2	1
99.809	1152	3	1
99.809	1153	1	3
100.009	1154	1	2
100.009	1155	3	1
100.209	1156	4	2
100.209	1157	1	3
100.409	1158	2	2
100.409	1159	4	3
100.609	1160	4	2
100.609	1161	2	3
100.809	1162	2	1
100.809	1163	3	2
100.809	1164	4	3
101.009	1165	1	1
101.009	1166	2	2
101.009	1167	3	3
101.209	1168	1	2
101.209	1169	4	1
101.209	1170	2	3
101.409	1171	1	3
101.609	1172	1	2
101.809	1173	2	2
101.809	1174	1	3
102.009	1175	3	2
102.009	1176	2	3
102.209	1177	4	2
102.209	1178	3	3
102.409	1179	3	2
102.409	1180	4	3
102.609	1181	2	2
102.609	1182	3	3
102.809	1183	1	2
102.809	1184	3	1
102.809	1185	2	3
103.009	1186	3	1
103.009	1187	4	1
103.009	1188	1	3
103.209	1189	1	2
103.209	1190	4	1
103.409	1191	3	2
103.409	1192	1	3
103.609	1193	2	2
103.609	1194	3	3
103.809	1195	4	2
103.809	1196	2	3
104.009	1197	1	2
104.009	1198	3	1
104.009	1199	4	3
104.209	1200	2	1
104.209	1201	3	2
104.209	1202	1	3
104.409	1203	2	2
104.409	1204	4	1
104.409	1205	3	3
104.609	1206	2	3
104.809	1207	2	2
105.009	1208	3	2
105.009	1209	2	3
105.209	1210	1	2
105.209	1211	3	3
105.409	1212	4	2
105.409	1213	1	3
105.609	1214	3	2
105.609	1215	4	3
105.809	1216	4	2
105.809	1217	3	3
106.009	1218	1	2
106.009	1219	2	1
106.009	1220	4	3
106.209	1221	2	1
106.209	1222	3	1
106.209	1223	1	3
106.409	1224	1	2
106.409	1225	3	1
106.609	1226	4	2
106.609	1227	1	3
106.809	1228	2	2
106.809	1229	4	3
107.009	1230	4	2
107.009	1231	2	3
107.209	1232	2	1
107.209	1233	3	2
107.209	1234	4	3
107.409	1235	1	1
107.409	1236	2	2
107.409	1237	3	3
107.609	1238	1	2
107.609	1239	4	1
107.609	1240	2	3
107.809	1241	1	3
108.009	1242	1	2
108.209	1243	2	2
108.209	1244	1	3
108.409	1245	3	2
108.409	1246	2	3
108.609	1247	4	2
108.609	1248	3	3
108.809	1249	1	1
108.809	1250	2	1
108.809	1251	4	3
109.209	1252	1	2
109.209	1253	2	2
109.209	1254	4	2
109.309	1255	1	3
109.309	1256	2	3
109.309	1257	4	3
109.409	1258	1	2
109.409	1259	2	2
109.409	1260	3	2
109.409	1261	4	2
109.509	1262	1	3
109.509	1263	2	3
109.509	1264	3	3
109.509	1265	4	3
109.809	1266	1	2
109.809	1267	2	2
109.809	1268	4	2
109.909	1269	1	3
109.909	1270	2	3
109.909	1271	4	3
110.009	1272	1	2
110.009	1273	2	2
110.009	1274	3	2
110.009	1275	4	2
110.109	1276	1	3
110.109	1277	2	3
110.109	1278	3	3
110.109	1279	4	3
110.409	1280	2	2
110.409	1281	3	2
110.409	1282	4	2
110.509	1283	2	3
110.509	1284	3	3
110.509	1285	4	3
110.609	1286	1	2
110.609	1287	2	2
110.609	1288	3	2
110.609	1289	4	2
110.709	1290	1	3
110.709	1291	2	3
110.709	1292	3	3
110.709	1293	4	3
110.809	1294	1	2
111.009	1295	3	1
111.009	1296	4	1
111.209	1297	3	1
111.209	1298	4	1
111.409	1299	2	1
111.409	1300	1	3
111.609	1301	1	1
111.609	1302	3	2
111.609	1303	4	1
111.709	1304	2	2
111.809	1305	1	1
111.809	1306	4	1
111.909	1307	2	3
111.909	1308	3	3
112.009	1309	2	1
112.009	1310	3	1
112.109	1311	1	1
112.109	1312	4	1
112.209	1313	2	1
112.309	1314	3	1
112.409	1315	1	2
112.409	1316	2	2
112.409	1317	4	2
112.509	1318	1	3
112.509	1319	2	3
112.509	1320	4	3
112.609	1321	1	2
112.609	1322	2	2
112.609	1323	3	2
112.609	1324	4	2
112.709	1325	1	3
112.709	1326	2	3
112.709	1327	3	3
112.709	1328	4	3
113.009	1329	1	2
113.009	1330	2	2
113.009	1331	4	2
113.109	1332	1	3
113.109	1333	2	3
113.109	1334	4	3
113.209	1335	1	2
113.209	1336	2	2
113.209	1337	3	2
113.209	1338	4	2
113.309	1339	1	3
113.309	1340	2	3
113.309	1341	3	3
113.309	1342	4	3
113.609	1343	2	2
113.609	1344	3	2
113.609	1345	4	2
113.709	1346	2	3
113.709	1347	3	3
113.709	1348	4	3
113.809	1349	1	2
113.809	1350	2	2
113.809	1351	3	2
113.809	1352	4	2
113.909	1353	1	3
113.909	1354	2	3
113.909	1355	3	3
113.909	1356	4	3
114.009	1357	1	2
114.109	1358	3	2
114.109	1359	1	3
114.209	1360	2	2
114.209	1361	4	1
114.209	1362	3	3
114.309	1363	1	2
114.309	1364	2	3
114.409	1365	3	2
114.409	1366	4	1
114.409	1367	1	3
114.509	1368	2	2
114.509	1369	3	3
114.609	1370	4	1
114.609	1371	2	3
114.809	1372	1	1
114.809	1373	2	1
114.809	1374	3	1
115.009	1375	1	1
115.009	1376	4	1
115.209	1377	2	1
115.209	1378	3	1
115.209	1379	4	1
115.309	1380	1	1
115.309	1381	4	1
115.409	1382	3	1
115.509	1383	2	1
115.609	1384	1	2
115.609	1385	3	2
115.609	1386	4	2
115.709	1387	1	3
115.709	1388	3	3
115.709	1389	4	3
115.809	1390	1	2
115.809	1391	2	2
115.809	1392	3	2
115.809	1393	4	2
115.909	1394	1	3
115.909	1395	2	3
115.909	1396	3	3
115.909	1397	4	3
116.209	1398	1	2
116.209	1399	3	2
116.209	1400	4	2
116.309	1401	1	3
116.309	1402	3	3
116.309	1403	4	3
116.409	1404	1	2
116.409	1405	2	2
116.409	1406	3	2
116.409	1407	4	2
116.509	1408	1	3
116.509	1409	2	3
116.509	1410	3	3
116.509	1411	4	3
116.809	1412	1	2
116.809	1413	2	2
116.809	1414	3	2
116.909	1415	1	3
116.909	1416	2	3
116.909	1417	3	3
117.009	1418	1	2
117.009	1419	2	2
117.009	1420	3	2
117.009	1421	4	2
117.109	1422	1	3
117.109	1423	2	3
117.109	1424	3	3
117.109	1425	4	3
117.209	1426	4	2
117.409	1427	1	1
117.409	1428	2	1
117.609	1429	1	1
117.609	1430	2	1
117.809	1431	3	1
117.809	1432	4	3
118.009	1433	1	1
118.009	1434	2	2
118.009	1435	4	1
118.109	1436	3	2
118.209	1437	1	1
118.209	1438	4	1
118.309	1439	2	3
118.309	1440	3	3
118.409	1441	2	1
118.409	1442	3	1
118.509	1443	1	1
118.509	1444	4	1
118.609	1445	3	1
118.709	1446	2	1
118.809	1447	1	2
118.809	1448	3	2
118.809	1449	4	2
118.909	1450	1	3
118.909	1451	3	3
118.909	1452	4	3
119.009	1453	1	2
119.009	1454	2	2
119.009	1455	3	2
119.009	1456	4	2
119.109	1457	1	3
119.109	1458	2	3
119.109	1459	3	3
119.109	1460	4	3
119.409	1461	1	2
119.409	1462	3	2
119.409	1463	4	2
119.509	1464	1	3
119.509	1465	3	3
119.509	1466	4	3
119.609	1467	1	2
119.609	1468	2	2
119.609	1469	3	2
119.609	1470	4	2
119.709	1471	1	3
119.709	1472	2	3
119.709	1473	3	3
119.709	1474	4	3
120.009	1475	1	2
120.009	1476	2	2
120.009	1477	3	2
120.109	1478	1	3
120.109	1479	2	3
120.109	1480	3	3
120.209	1481	1	2
120.209	1482	2	2
120.209	1483	3	2
120.209	1484	4	2
120.309	1485	1	3
120.309	1486	2	3
120.309	1487	3	3
120.309	1488	4	3
120.409	1489	4	2
120.609	1490	1	1
120.609	1491	2	1
120.809	1492	1	1
120.809	1493	2	1
120.809	1494	4	3
121.209	1495	1	1
121.209	1496	3	1
121.209	1497	4	1
121.409	1498	2	1
121.409	1499	3	1
121.609	1500	1	2
121.609	1501	4	1
121.809	1502	3	1
121.809	1503	1	3
122.009	1504	1	1
122.009	1505	2	2
122.009	1506	4	1
122.409	1507	3	1
122.409	1508	4	1
122.609	1509	1	2
122.609	1510	2	3
122.809	1511	3	2
122.809	1512	4	1
122.809	1513	1	3
122.909	1514	2	2
123.109	1515	1	1
123.109	1516	4	1
123.109	1517	2	3
123.109	1518	3	3
123.209	1519	2	1
123.209	1520	3	1
123.409	1521	1	2
123.409	1522	2	1
123.609	1523	3	1
123.609	1524	4	2
123.609	1525	1	3
123.909	1526	1	1
123.909	1527	2	1
124.009	1528	3	1
124.209	1529	1	1
124.209	1530	2	1
124.209	1531	4	3
124.309	1532	3	1
124.409	1533	1	2
124.409	1534	2	1
124.609	1535	3	1
124.609	1536	4	1
124.709	1537	2	1
124.809	1538	3	1
124.809	1539	4	1
124.809	1540	1	3
125.009	1541	1	1
125.009	1542	2	1
125.109	1543	3	1
125.209	1544	1	1
125.209	1545	2	2
125.209	1546	4	1
125.609	1547	3	1
125.609	1548	4	1
125.809	1549	1	2
125.809	1550	2	3
126.009	1551	3	2
126.009	1552	4	1
126.009	1553	1	3
126.109	1554	2	2
126.309	1555	1	1
126.309	1556	4	1
126.309	1557	2	3
126.309	1558	3	3
126.409	1559	2	1
126.409	1560	3	1
126.609	1561	1	2
126.609	1562	3	1
126.809	1563	2	1
126.809	1564	4	2
126.809	1565	1	3
127.109	1566	1	1
127.109	1567	3	1
127.209	1568	2	1
127.409	1569	1	1
127.409	1570	3	1
127.509	1571	2	1
127.609	1572	1	1
127.609	1573	3	1
127.609	1574	4	3
127.809	1575	2	1
127.809	1576	4	1
127.909	1577	3	1
128.009	1578	2	2
128.009	1579	4	1
128.209	1580	1	1
128.209	1581	3	1
128.409	1582	1	1
128.409	1583	3	1
128.409	1584	4	1
128.409	1585	2	3
128.609	1586	2	1
128.609	1587	4	1
128.809	1588	2	1
128.809	1589	3	1
129.009	1590	1	1
129.009	1591	3	1
129.209	1592	1	1
129.209	1593	2	1
129.209	1594	4	1
129.409	1595	2	1
129.409	1596	3	1
129.609	1597	1	1
129.609	1598	3	1
129.809	1599	1	1
129.809	1600	4	1
130.009	1601	2	1
130.009	1602	3	1
130.009	1603	4	1
130.209	1604	1	1
130.209	1605	3	1
130.409	1606	1	1
130.409	1607	4	1
130.609	1608	2	1
130.609	1609	4	1
130.809	1610	1	1
130.809	1611	2	1
130.809	1612	3	1
131.009	1613	3	1
131.009	1614	4	1
131.109	1615	1	1
131.109	1616	2	1
131.309	1617	1	1
131.309	1618	2	1
131.409	1619	3	1
131.409	1620	4	1
131.609	1621	1	1
131.609	1622	2	1
131.609	1623	4	1
131.709	1624	3	1
131.809	1625	1	1
131.909	1626	2	1
132.009	1627	1	1
132.009	1628	3	1
132.009	1629	4	1
132.109	1630	2	1
132.209	1631	4	1
132.309	1632	3	1
132.409	1633	1	1
132.409	1634	2	1
132.409	1635	4	1
132.509	1636	3	1
132.609	1637	1	1
132.709	1638	2	1
132.809	1639	1	1
132.809	1640	3	1
132.809	1641	4	1
132.909	1642	2	1
133.009	1643	4	1
133.109	1644	3	1
133.209	1645	1	1
133.259	1646	2	1
133.309	1647	3	1
133.359	1648	4	1
133.409	1649	1	1
133.609	1650	4	1
133.659	1651	3	1
133.709	1652	2	1
133.759	1653	1	1
133.809	1654	4	1
134.009	1655	1	2
134.109	1656	2	1
134.209	1657	4	2
134.209	1658	1	3
134.309	1659	3	1
134.409	1660	2	1
134.409	1661	4	3
134.509	1662	1	1
134.609	1663	3	1
134.709	1664	2	1
134.809	1665	1	1
134.809	1666	3	1
134.809	1667	4	2
135.009	1668	1	2
135.009	1669	2	2
135.109	1670	1	3
135.109	1671	2	3
135.209	1672	1	2
135.209	1673	2	2
135.309	1674	1	3
135.309	1675	2	3
135.309	1676	4	3
135.409	1677	1	1
135.409	1678	2	1
135.409	1679	4	1
135.609	1680	1	1
135.609	1681	2	1
135.609	1682	3	2
135.609	1683	4	1
135.809	1684	1	2
135.809	1685	3	3
136.009	1686	2	2
136.009	1687	3	1
136.009	1688	4	1
136.009	1689	1	3
136.209	1690	3	2
136.209	1691	4	2
136.309	1692	3	3
136.309	1693	4	3
136.409	1694	3	2
136.409	1695	4	2
136.509	1696	2	3
136.509	1697	3	3
136.509	1698	4	3
136.609	1699	1	1
136.609	1700	3	1
136.609	1701	4	1
136.809	1702	1	1
136.809	1703	2	1
136.809	1704	4	2
137.009	1705	1	2
137.009	1706	4	3
137.034	1707	2	1
137.059	1708	3	1
137.084	1709	4	1
137.209	1710	2	1
137.209	1711	3	2
137.209	1712	4	2
137.309	1713	1	3
137.309	1714	3	3
137.309	1715	4	3
137.409	1716	1	1
137.409	1717	2	2
137.409	1718	4	1
137.609	1719	3	1
137.609	1720	2	3
137.709	1721	2	1
137.709	1722	3	1
137.809	1723	1	1
137.809	1724	4	1
137.909	1725	2	1
138.009	1726	1	1
138.009	1727	3	2
138.009	1728	4	1
138.209	1729	1	2
138.209	1730	4	2
138.209	1731	3	3
138.309	1732	1	3
138.309	1733	4	3
138.409	1734	1	2
138.409	1735	4	2
138.509	1736	1	3
138.509	1737	4	3
138.609	1738	1	1
138.609	1739	2	1
138.609	1740	4	1
138.809	1741	1	2
138.809	1742	2	1
138.809	1743	3	1
138.809	1744	4	2
138.909	1745	1	3
138.909	1746	4	3
139.009	1747	1	1
139.009	1748	2	1
139.009	1749	4	1
139.109	1750	3	1
139.209	1751	1	2
139.209	1752	2	1
139.209	1753	4	1
139.409	1754	3	2
139.409	1755	4	2
139.509	1756	3	3
139.509	1757	4	3
139.609	1758	3	2
139.609	1759	4	2
139.709	1760	1	3
139.709	1761	3	3
139.709	1762	4	3
139.809	1763	1	1
139.809	1764	3	1
139.809	1765	4	1
140.009	1766	1	1
140.009	1767	2	1
140.009	1768	3	2
140.209	1769	1	2
140.209	1770	2	2
140.309	1771	1	3
140.309	1772	2	3
140.409	1773	1	2
140.409	1774	2	2
140.409	1775	4	1
140.509	1776	1	3
140.509	1777	2	3
140.509	1778	3	3
140.609	1779	1	2
140.609	1780	2	1
140.609	1781	3	1
140.809	1782	4	1
140.809	1783	1	3
140.834	1784	3	2
141.009	1785	1	1
141.009	1786	2	1
141.009	1787	4	1
141.009	1788	3	3
141.209	1789	2	1
141.209	1790	3	1
141.209	1791	4	2
141.409	1792	1	2
141.409	1793	2	2
141.509	1794	1	3
141.509	1795	2	3
141.609	1796	1	2
141.609	1797	2	2
141.709	1798	1	3
141.709	1799	2	3
141.709	1800	4	3
141.809	1801	1	1
141.809	1802	2	1
141.809	1803	4	1
142.009	1804	1	1
142.009	1805	2	1
142.009	1806	3	2
142.009	1807	4	1
142.209	1808	1	2
142.209	1809	3	3
142.409	1810	2	2
142.409	1811	3	1
142.409	1812	4	1
142.409	1813	1	3
142.609	1814	3	2
142.609	1815	4	2
142.709	1816	3	3
142.709	1817	4	3
142.809	1818	3	2
142.809	1819	4	2
142.909	1820	2	3
142.909	1821	3	3
142.909	1822	4	3
143.009	1823	2	1
143.009	1824	3	1
143.009	1825	4	1
143.209	1826	1	1
143.209	1827	2	1
143.209	1828	3	2
143.409	1829	1	2
143.409	1830	4	2
143.409	1831	3	3
143.509	1832	1	3
143.509	1833	4	3
143.609	1834	1	2
143.609	1835	2	1
143.609	1836	3	1
143.609	1837	4	2
143.709	1838	1	3
143.709	1839	4	3
143.809	1840	1	1
143.809	1841	3	2
143.809	1842	4	1
144.009	1843	2	1
144.009	1844	3	3
144.109	1845	2	1
144.109	1846	3	1
144.209	1847	1	1
144.209	1848	4	1
144.309	1849	3	1
144.409	1850	1	1
144.409	1851	2	1
144.409	1852	4	2
144.609	1853	1	2
144.609	1854	2	2
144.709	1855	1	3
144.709	1856	2	3
144.809	1857	1	2
144.809	1858	2	2
144.909	1859	1	3
144.909	1860	2	3
145.009	1861	1	1
145.009	1862	2	1
145.009	1863	3	1
145.209	1864	1	2
145.209	1865	2	2
145.209	1866	3	1
145.309	1867	1	3
145.309	1868	2	3
145.309	1869	4	3
145.409	1870	1	1
145.409	1871	2	1
145.409	1872	4	1
145.609	1873	1	1
145.609	1874	2	2
145.609	1875	3	1
145.809	1876	3	2
145.809	1877	4	2
145.909	1878	3	3
145.909	1879	4	3
146.009	1880	3	2
146.009	1881	4	2
146.109	1882	2	3
146.109	1883	3	3
146.109	1884	4	3
146.209	1885	1	1
146.209	1886	3	1
146.209	1887	4	1
146.409	1888	2	2
146.409	1889	3	1
146.409	1890	4	1
146.609	1891	3	2
146.609	1892	4	2
146.709	1893	2	3
146.709	1894	3	3
146.709	1895	4	3
146.809	1896	1	1
146.809	1897	2	1
146.809	1898	3	1
146.809	1899	4	1
147.009	1900	3	1
147.009	1901	4	1
147.209	1902	1	1
147.209	1903	2	1
147.309	1904	3	1
147.409	1905	1	1
147.409	1906	4	1
147.509	1907	2	1
147.609	1908	1	1
147.609	1909	3	1
147.609	1910	4	1
147.709	1911	4	1
147.809	1912	1	2
147.809	1913	3	2
147.909	1914	4	2
147.909	1915	1	3
147.909	1916	3	3
148.009	1917	1	2
148.009	1918	3	2
148.009	1919	4	3
148.109	1920	2	2
148.109	1921	1	3
148.109	1922	3	3
148.209	1923	1	2
148.209	1924	3	2
148.209	1925	4	1
148.209	1926	2	3
148.309	1927	1	3
148.309	1928	3	3
148.409	1929	1	1
148.409	1930	2	1
148.409	1931	3	1
148.409	1932	4	2
148.609	1933	2	2
148.609	1934	4	3
148.809	1935	1	2
148.809	1936	3	1
148.809	1937	4	1
148.809	1938	2	3
149.009	1939	3	2
149.009	1940	4	2
149.109	1941	3	3
149.109	1942	4	3
149.209	1943	3	2
149.209	1944	4	2
149.309	1945	1	3
149.309	1946	3	3
149.309	1947	4	3
149.409	1948	1	1
149.409	1949	3	1
149.409	1950	4	1
149.609	1951	1	1
149.609	1952	2	1
149.609	1953	4	2
149.809	1954	1	2
149.809	1955	2	2
149.909	1956	1	3
149.909	1957	2	3
149.909	1958	4	3
150.009	1959	1	1
150.009	1960	2	1
150.009	1961	3	2
150.009	1962	4	1
150.209	1963	1	1
150.209	1964	2	2
150.209	1965	4	1
150.209	1966	3	3
150.409	1967	3	1
150.409	1968	2	3
150.509	1969	2	1
150.509	1970	3	1
150.609	1971	1	1
150.609	1972	4	1
150.709	1973	2	1
150.809	1974	1	2
150.809	1975	3	1
150.809	1976	4	1
151.009	1977	3	2
151.009	1978	4	2
151.109	1979	3	3
151.109	1980	4	3
151.209	1981	3	2
151.209	1982	4	2
151.309	1983	3	3
151.309	1984	4	3
151.409	1985	2	1
151.409	1986	3	1
151.409	1987	4	1
151.609	1988	2	1
151.609	1989	3	2
151.609	1990	4	2
151.709	1991	1	3
151.709	1992	3	3
151.709	1993	4	3
151.809	1994	1	1
151.809	1995	3	1
151.809	1996	4	1
152.009	1997	1	1
152.009	1998	2	1
152.009	1999	4	2
152.209	2000	1	2
152.209	2001	2	2
152.309	2002	1	3
152.309	2003	2	3
152.409	2004	1	2
152.409	2005	2	2
152.509	2006	1	3
152.509	2007	2	3
152.509	2008	4	3
152.609	2009	1	1
152.609	2010	2	1
152.609	2011	4	1
152.809	2012	1	2
152.809	2013	3	1
152.809	2014	4	1
153.009	2015	3	2
153.009	2016	4	2
153.109	2017	1	3
153.109	2018	3	3
153.109	2019	4	3
153.209	2020	1	1
153.209	2021	2	2
153.209	2022	3	1
153.209	2023	4	1
153.409	2024	1	1
153.409	2025	3	1
153.409	2026	4	2
153.409	2027	2	3
153.609	2028	2	1
153.609	2029	4	3
153.634	2030	3	2
153.809	2031	1	1
153.809	2032	2	1
153.809	2033	4	1
153.809	2034	3	3
154.009	2035	1	2
154.009	2036	3	1
154.009	2037	4	1
154.209	2038	3	2
154.209	2039	4	2
154.309	2040	3	3
154.309	2041	4	3
154.409	2042	3	2
154.409	2043	4	2
154.509	2044	1	3
154.509	2045	3	3
154.509	2046	4	3
154.609	2047	1	1
154.609	2048	3	1
154.609	2049	4	1
154.809	2050	1	1
154.809	2051	2	2
154.809	2052	3	1
154.809	2053	4	1
155.009	2054	3	2
155.009	2055	2	3
155.209	2056	1	1
155.209	2057	2	1
155.209	2058	4	2
155.209	2059	3	3
155.409	2060	1	2
155.409	2061	2	2
155.509	2062	1	3
155.509	2063	2	3
155.609	2064	1	2
155.609	2065	2	2
155.709	2066	1	3
155.709	2067	2	3
155.709	2068	4	3
155.809	2069	1	1
155.809	2070	2	1
155.809	2071	4	1
156.009	2072	1	1
156.009	2073	3	2
156.009	2074	4	1
156.209	2075	1	2
156.209	2076	2	2
156.309	2077	1	3
156.309	2078	2	3
156.409	2079	1	2
156.409	2080	2	2
156.409	2081	4	1
156.509	2082	1	3
156.509	2083	2	3
156.509	2084	3	3
156.609	2085	1	1
156.609	2086	2	1
156.609	2087	4	2
156.809	2088	1	2
156.809	2089	4	3
157.009	2090	2	1
157.009	2091	3	1
157.009	2092	4	2
157.009	2093	1	3
157.209	2094	1	1
157.209	2095	2	2
157.209	2096	3	1
157.209	2097	4	3
157.409	2098	3	2
157.409	2099	4	2
157.509	2100	3	3
157.509	2101	4	3
157.609	2102	3	2
157.609	2103	4	2
157.709	2104	2	3
157.709	2105	3	3
157.709	2106	4	3
157.809	2107	1	1
157.809	2108	2	1
157.809	2109	4	1
158.009	2110	1	1
158.009	2111	2	2
158.009	2112	3	1
158.009	2113	4	1
158.209	2114	1	1
158.209	2115	3	1
158.209	2116	4	1
158.209	2117	2	3
158.409	2118	2	1
158.409	2119	3	1
158.409	2120	4	2
158.609	2121	1	2
158.609	2122	2	2
158.709	2123	1	3
158.709	2124	2	3
158.809	2125	1	2
158.809	2126	2	2
158.909	2127	1	3
158.909	2128	2	3
158.909	2129	4	3
159.009	2130	1	1
159.009	2131	2	1
159.009	2132	4	1
159.209	2133	2	1
159.209	2134	3	2
159.209	2135	4	1
159.409	2136	1	2
159.409	2137	2	2
159.509	2138	1	3
159.509	2139	2	3
159.509	2140	3	3
159.609	2141	1	1
159.609	2142	2	1
159.609	2143	3	1
159.609	2144	4	1
159.809	2145	2	1
159.809	2146	3	1
160.009	2147	1	1
160.009	2148	4	1
160.109	2149	3	1
160.209	2150	1	1
160.209	2151	2	1
160.309	2152	3	1
160.409	2153	1	1
160.409	2154	2	1
160.409	2155	4	2
160.609	2156	1	2
160.609	2157	2	2
160.709	2158	1	3
160.709	2159	2	3
160.809	2160	1	2
160.809	2161	2	2
160.909	2162	1	3
160.909	2163	2	3
160.909	2164	4	3
161.009	2165	1	1
161.009	2166	3	1
161.009	2167	4	1
161.209	2168	1	2
161.209	2169	2	1
161.209	2170	3	1
161.209	2171	4	1
161.609	2172	2	1
161.609	2173	3	1
161.609	2174	4	1
161.809	2175	3	2
161.809	2176	4	2
161.909	2177	1	3
161.909	2178	3	3
161.909	2179	4	3
162.009	2180	2	2
162.009	2181	3	2
162.009	2182	4	2
162.109	2183	3	3
162.109	2184	4	3
162.209	2185	1	1
162.209	2186	3	1
162.209	2187	4	1
162.409	2188	1	1
162.409	2189	3	1
162.409	2190	4	1
162.409	2191	2	3
162.609	2192	1	2
162.634	2193	2	1
162.659	2194	3	1
162.684	2195	4	1
162.809	2196	2	1
162.809	2197	3	2
162.809	2198	4	2
162.909	2199	1	3
162.909	2200	3	3
162.909	2201	4	3
163.009	2202	1	1
163.009	2203	2	1
163.009	2204	4	1
163.209	2205	3	1
163.309	2206	2	1
163.409	2207	1	1
163.409	2208	3	1
163.409	2209	4	1
163.609	2210	1	1
163.609	2211	2	1
163.609	2212	3	2
163.809	2213	1	2
163.809	2214	4	2
163.809	2215	3	3
163.909	2216	1	3
163.909	2217	4	3
164.009	2218	1	2
164.009	2219	4	2
164.109	2220	1	3
164.109	2221	4	3
164.209	2222	1	1
164.209	2223	2	1
164.209	2224	4	1
164.409	2225	1	2
164.409	2226	2	1
164.409	2227	3	1
164.409	2228	4	1
164.609	2229	2	1
164.609	2230	3	1
164.609	2231	4	1
164.809	2232	2	1
164.809	2233	3	1
164.809	2234	4	1
165.009	2235	3	2
165.009	2236	4	2
165.109	2237	1	3
165.109	2238	3	3
165.109	2239	4	3
165.209	2240	2	2
165.209	2241	3	2
165.209	2242	4	2
165.309	2243	3	3
165.309	2244	4	3
165.409	2245	1	1
165.409	2246	3	1
165.409	2247	4	1
165.609	2248	1	1
165.609	2249	3	1
165.609	2250	4	1
165.809	2251	3	2
165.809	2252	4	2
165.909	2253	2	3
165.909	2254	3	3
165.909	2255	4	3
166.009	2256	1	1
166.009	2257	2	1
166.009	2258	3	2
166.009	2259	4	2
166.109	2260	3	3
166.109	2261	4	3
166.209	2262	1	2
166.209	2263	2	1
166.209	2264	3	1
166.409	2265	4	1
166.409	2266	1	3
166.434	2267	3	2
166.609	2268	1	1
166.609	2269	2	1
166.609	2270	4	1
166.609	2271	3	3
166.809	2272	2	1
166.809	2273	3	1
166.809	2274	4	2
167.009	2275	1	2
167.009	2276	2	2
167.109	2277	1	3
167.109	2278	2	3
167.209	2279	1	2
167.209	2280	2	2
167.309	2281	1	3
167.309	2282	2	3
167.309	2283	4	3
167.409	2284	1	1
167.409	2285	3	1
167.409	2286	4	1
167.609	2287	1	2
167.609	2288	2	1
167.609	2289	3	1
167.609	2290	4	1
168.009	2291	2	1
168.009	2292	3	1
168.009	2293	4	1
168.209	2294	3	2
168.209	2295	4	2
168.309	2296	1	3
168.309	2297	3	3
168.309	2298	4	3
168.409	2299	2	2
168.409	2300	3	2
168.409	2301	4	2
168.509	2302	3	3
168.509	2303	4	3
168.609	2304	1	1
168.609	2305	3	1
168.609	2306	4	1
168.809	2307	1	1
168.809	2308	3	1
168.809	2309	4	1
168.809	2310	2	3
169.009	2311	1	2
169.009	2312	4	2
169.109	2313	1	3
169.109	2314	4	3
169.209	2315	1	2
169.209	2316	2	1
169.209	2317	3	1
169.209	2318	4	2
169.309	2319	1	3
169.309	2320	4	3
169.409	2321	1	1
169.409	2322	3	1
169.409	2323	4	1
169.609	2324	2	1
169.709	2325	1	1
169.809	2326	2	1
169.809	2327	3	1
169.809	2328	4	1
170.009	2329	1	1
170.009	2330	3	1
170.009	2331	4	2
170.209	2332	1	2
170.209	2333	2	2
170.309	2334	3	2
170.309	2335	1	3
170.309	2336	2	3
170.309	2337	4	3
170.409	2338	1	2
170.409	2339	2	2
170.509	2340	1	3
170.509	2341	2	3
170.609	2342	1	1
170.609	2343	2	1
170.609	2344	4	2
170.609	2345	3	3
170.809	2346	1	2
170.809	2347	2	2
170.809	2348	3	1
170.809	2349	4	3
170.909	2350	1	3
170.909	2351	2	3
171.009	2352	1	2
171.009	2353	2	1
171.009	2354	4	1
171.209	2355	2	1
171.209	2356	3	1
171.209	2357	4	1
171.409	2358	2	2
171.409	2359	3	2
171.409	2360	4	2
171.409	2361	1	3
171.509	2362	3	3
171.509	2363	4	3
171.609	2364	3	2
171.609	2365	4	2
171.709	2366	3	3
171.709	2367	4	3
171.809	2368	1	1
171.809	2369	3	1
171.809	2370	4	1
172.009	2371	1	1
172.009	2372	3	1
172.009	2373	4	1
172.209	2374	3	2
172.209	2375	4	2
172.309	2376	2	3
172.309	2377	3	3
172.309	2378	4	3
172.409	2379	1	1
172.409	2380	2	1
172.409	2381	3	1
172.409	2382	4	1
172.609	2383	1	1
172.609	2384	2	1
172.809	2385	3	1
172.809	2386	4	1
172.909	2387	2	1
173.009	2388	1	1
173.009	2389	4	1
173.109	2390	3	1
173.209	2391	1	1
173.209	2392	2	1
173.209	2393	4	2
173.409	2394	1	2
173.409	2395	2	2
173.509	2396	1	3
173.509	2397	2	3
173.609	2398	1	2
173.609	2399	2	2
173.709	2400	3	2
173.709	2401	1	3
173.709	2402	2	3
173.809	2403	1	2
173.809	2404	2	2
173.809	2405	3	3
173.909	2406	1	3
173.909	2407	2	3
173.909	2408	4	3
174.009	2409	1	2
174.009	2410	2	1
174.009	2411	3	1
174.009	2412	4	1
174.409	2413	2	1
174.409	2414	3	1
174.409	2415	4	1
174.609	2416	3	2
174.609	2417	4	2
174.709	2418	1	3
174.709	2419	3	3
174.709	2420	4	3
174.809	2421	2	2
174.809	2422	3	2
174.809	2423	4	2
174.909	2424	3	3
174.909	2425	4	3
175.009	2426	1	1
175.009	2427	3	1
175.009	2428	4	1
175.209	2429	1	1
175.209	2430	3	1
175.209	2431	4	1
175.409	2432	1	2
175.409	2433	4	2
175.509	2434	1	3
175.509	2435	2	3
175.509	2436	4	3
175.609	2437	1	1
175.609	2438	2	1
175.609	2439	3	2
175.609	2440	4	1
175.809	2441	1	1
175.809	2442	2	1
175.809	2443	4	1
176.009	2444	2	1
176.009	2445	3	3
176.109	2446	3	1
176.209	2447	1	1
176.209	2448	2	1
176.209	2449	4	1
176.409	2450	1	2
176.409	2451	2	1
176.409	2452	4	1
176.609	2453	3	2
176.609	2454	4	2
176.709	2455	3	3
176.709	2456	4	3
176.809	2457	3	2
176.809	2458	4	2
176.909	2459	1	3
176.909	2460	3	3
176.909	2461	4	3
177.009	2462	1	1
177.009	2463	2	1
177.009	2464	4	1
177.209	2465	1	2
177.209	2466	2	2
177.209	2467	3	1
177.209	2468	4	2
177.309	2469	1	3
177.309	2470	2	3
177.409	2471	1	1
177.409	2472	2	1
177.409	2473	3	1
177.609	2474	1	1
177.609	2475	2	1
177.609	2476	3	1
177.809	2477	1	2
177.809	2478	2	2
177.909	2479	1	3
177.909	2480	2	3
177.909	2481	4	3
178.009	2482	1	2
178.009	2483	2	2
178.009	2484	3	2
178.109	2485	1	3
178.109	2486	2	3
178.209	2487	1	1
178.209	2488	2	1
178.209	2489	4	1
178.409	2490	1	1
178.409	2491	2	1
178.409	2492	4	1
178.609	2493	1	2
178.609	2494	2	2
178.709	2495	1	3
178.709	2496	2	3
178.709	2497	3	3
178.809	2498	1	1
178.809	2499	2	1
178.809	2500	3	1
178.809	2501	4	1
179.009	2502	1	1
179.009	2503	3	1
179.009	2504	4	2
179.209	2505	2	1
179.209	2506	4	3
179.234	2507	3	2
179.409	2508	1	1
179.409	2509	2	1
179.409	2510	4	1
179.409	2511	3	3
179.609	2512	1	2
179.609	2513	2	1
179.609	2514	4	1
179.809	2515	3	2
179.809	2516	4	2
179.909	2517	3	3
179.909	2518	4	3
180.009	2519	3	2
180.009	2520	4	2
180.109	2521	1	3
180.109	2522	3	3
180.109	2523	4	3
180.209	2524	1	1
180.209	2525	2	1
180.209	2526	4	1
180.409	2527	1	1
180.409	2528	3	1
180.409	2529	4	2
180.809	2530	1	1
180.809	2531	2	1
180.809	2532	3	1
181.009	2533	1	2
181.009	2534	2	2
181.109	2535	1	3
181.109	2536	2	3
181.109	2537	4	3
181.209	2538	1	2
181.209	2539	2	2
181.209	2540	3	2
181.309	2541	1	3
181.309	2542	2	3
181.409	2543	1	1
181.409	2544	2	1
181.409	2545	4	1
181.609	2546	1	1
181.609	2547	2	1
181.609	2548	4	1
181.809	2549	1	2
181.809	2550	2	2
181.909	2551	1	3
181.909	2552	2	3
181.909	2553	3	3
182.009	2554	1	2
182.009	2555	2	2
182.009	2556	3	1
182.009	2557	4	2
182.109	2558	1	3
182.109	2559	2	3
182.209	2560	1	1
182.209	2561	2	1
182.209	2562	3	1
182.409	2563	4	3
182.609	2564	1	1
182.609	2565	2	1
182.609	2566	3	1
182.809	2567	1	2
182.809	2568	2	1
182.809	2569	4	1
183.009	2570	3	2
183.009	2571	4	2
183.109	2572	3	3
183.109	2573	4	3
183.209	2574	3	2
183.209	2575	4	2
183.309	2576	1	3
183.309	2577	3	3
183.309	2578	4	3
183.409	2579	1	1
183.409	2580	3	1
183.409	2581	4	1
183.609	2582	1	1
183.609	2583	2	1
183.609	2584	3	1
183.609	2585	4	2
183.809	2586	1	1
183.809	2587	2	1
183.809	2588	3	1
184.009	2589	1	1
184.009	2590	2	1
184.009	2591	3	1
184.209	2592	1	2
184.209	2593	2	2
184.309	2594	1	3
184.309	2595	2	3
184.309	2596	4	3
184.409	2597	1	2
184.409	2598	2	2
184.409	2599	3	2
184.509	2600	1	3
184.509	2601	2	3
184.609	2602	1	1
184.609	2603	2	1
184.609	2604	4	1
184.809	2605	1	1
184.809	2606	2	1
184.809	2607	4	1
184.809	2608	3	3
185.009	2609	3	2
185.209	2610	1	2
185.209	2611	4	1
185.209	2612	3	3
185.309	2613	2	1
185.409	2614	4	2
185.409	2615	1	3
185.509	2616	3	1
185.609	2617	2	1
185.609	2618	4	3
185.709	2619	1	1
185.809	2620	3	1
185.909	2621	2	1
186.009	2622	1	1
186.009	2623	4	1