Song Name	Glorious (Hard) by Kagetora & Ashrount
Difficulty	32
Primary Color	Flow
Secondary Color	Chill
Last Note Time	136.217
Total Notes	2272
Fever Fill	558
Fever Time	20.432550
Long Notes	597
BPM	170
Song Length	140.661927438

Timing Points
0.688	352.9412


Song Data
0.688	1	3	1
0.688	2	4	1
0.864	3	3	1
1.040	4	2	1
1.040	5	4	1
1.217	6	4	1
1.393	7	1	1
1.393	8	2	1
1.570	9	2	1
1.746	10	1	1
1.746	11	3	1
1.923	12	1	1
2.099	13	3	1
2.099	14	4	1
2.276	15	3	1
2.452	16	2	1
2.452	17	4	1
2.629	18	4	1
2.805	19	1	1
2.805	20	2	1
2.982	21	2	1
3.158	22	1	1
3.158	23	3	1
3.335	24	1	1
3.511	25	2	1
3.511	26	4	1
3.687	27	4	1
3.864	28	1	1
3.864	29	2	1
4.040	30	2	1
4.217	31	1	1
4.217	32	3	1
4.393	33	1	1
4.570	34	3	1
4.570	35	4	1
4.746	36	3	1
4.923	37	2	1
4.923	38	4	1
5.099	39	4	1
5.276	40	1	1
5.276	41	2	1
5.452	42	2	1
5.629	43	1	1
5.629	44	3	1
5.805	45	1	1
5.982	46	3	1
5.982	47	4	1
6.158	48	3	1
6.335	49	1	1
6.335	50	2	1
6.511	51	2	1
6.687	52	1	1
6.687	53	3	1
6.864	54	1	1
7.040	55	3	1
7.040	56	4	1
7.217	57	3	1
7.393	58	2	1
7.393	59	4	1
7.570	60	4	1
7.746	61	1	1
7.746	62	2	1
7.923	63	2	1
8.099	64	1	1
8.099	65	3	1
8.276	66	1	1
8.452	67	3	1
8.452	68	4	1
8.629	69	3	1
8.805	70	2	1
8.805	71	4	1
8.982	72	4	1
9.158	73	1	1
9.158	74	3	1
9.335	75	1	1
9.511	76	3	1
9.511	77	4	1
9.687	78	3	1
9.864	79	2	1
9.864	80	4	1
10.040	81	4	1
10.217	82	1	1
10.217	83	2	1
10.393	84	2	1
10.570	85	1	1
10.570	86	3	1
10.746	87	1	1
10.923	88	4	1
11.099	89	2	1
11.099	90	4	1
11.276	91	1	1
11.276	92	2	1
11.452	93	1	1
11.629	94	3	1
11.629	95	4	1
11.805	96	3	1
11.982	97	1	1
11.982	98	2	1
11.982	99	4	1
12.158	100	2	1
12.246	101	4	1
12.335	102	1	1
12.335	103	3	1
12.511	104	3	1
12.599	105	4	1
12.687	106	1	1
12.687	107	2	1
12.864	108	1	1
12.952	109	3	1
13.040	110	2	1
13.040	111	4	1
13.217	112	4	1
13.305	113	3	1
13.393	114	1	1
13.393	115	2	1
13.570	116	2	1
13.658	117	4	1
13.746	118	1	1
13.746	119	3	1
13.923	120	3	1
14.011	121	4	1
14.099	122	1	1
14.099	123	2	1
14.276	124	1	1
14.364	125	3	1
14.452	126	2	1
14.452	127	4	1
14.629	128	2	1
14.717	129	1	1
14.805	130	3	1
14.805	131	4	1
14.982	132	3	1
15.070	133	1	1
15.158	134	2	1
15.158	135	4	1
15.335	136	2	1
15.423	137	1	1
15.511	138	3	1
15.511	139	4	1
15.687	140	4	1
15.776	141	2	1
15.864	142	1	1
15.864	143	3	1
16.040	144	1	1
16.129	145	2	1
16.217	146	3	1
16.217	147	4	1
16.393	148	3	1
16.482	149	1	1
16.570	150	2	1
16.570	151	4	1
16.746	152	2	1
16.835	153	1	1
16.923	154	3	1
16.923	155	4	1
17.099	156	4	1
17.187	157	2	1
17.276	158	1	1
17.276	159	3	1
17.452	160	2	1
17.540	161	3	1
17.629	162	1	1
17.629	163	2	1
17.629	164	4	1
17.805	165	3	1
17.805	166	4	1
17.982	167	1	1
17.982	168	2	1
17.982	169	3	1
18.158	170	1	1
18.158	171	4	1
18.335	172	2	1
18.335	173	3	1
18.335	174	4	1
18.511	175	1	1
18.511	176	2	1
18.687	177	1	1
18.687	178	3	1
18.687	179	4	1
18.864	180	2	1
18.864	181	3	1
19.040	182	1	1
19.040	183	2	1
19.040	184	4	1
19.129	185	3	1
19.217	186	1	1
19.305	187	3	1
19.393	188	2	1
19.393	189	4	1
19.482	190	1	1
19.570	191	4	1
19.658	192	1	1
19.746	193	2	1
19.746	194	3	1
19.835	195	4	1
19.923	196	3	1
20.011	197	4	1
20.099	198	1	1
20.099	199	2	1
20.187	200	3	1
20.276	201	1	1
20.364	202	3	1
20.452	203	2	1
20.452	204	4	1
20.540	205	1	1
20.629	206	3	1
20.629	207	4	1
20.717	208	1	1
20.805	209	2	1
20.805	210	3	1
20.893	211	4	1
20.982	212	1	1
20.982	213	2	1
21.070	214	4	1
21.158	215	1	1
21.158	216	3	1
21.217	217	2	1
21.276	218	4	1
21.335	219	1	1
21.393	220	3	1
21.452	221	4	1
21.511	222	2	1
21.570	223	3	1
21.629	224	4	1
21.687	225	1	1
21.746	226	2	1
21.805	227	3	1
21.864	228	1	1
21.864	229	2	1
21.864	230	4	1
22.129	231	4	1
22.217	232	1	1
22.217	233	2	1
22.393	234	3	1
22.452	235	1	1
22.511	236	4	1
22.570	237	2	1
22.570	238	3	1
22.923	239	1	1
22.923	240	4	2
23.011	241	2	2
23.011	242	4	3
23.099	243	4	2
23.099	244	2	3
23.187	245	3	2
23.187	246	4	3
23.276	247	1	2
23.276	248	2	2
23.276	249	4	1
23.276	250	3	3
23.364	251	2	3
23.452	252	2	2
23.540	253	4	2
23.629	254	3	2
23.629	255	1	3
23.629	256	2	3
23.629	257	4	3
23.805	258	1	2
23.805	259	3	3
23.893	260	3	2
23.982	261	2	2
23.982	262	1	3
23.982	263	3	3
24.158	264	1	2
24.158	265	3	2
24.158	266	4	2
24.158	267	2	3
24.246	268	3	3
24.335	269	3	2
24.335	270	1	3
24.335	271	4	3
24.511	272	1	2
24.511	273	2	2
24.511	274	4	2
24.511	275	3	3
24.776	276	1	3
24.864	277	1	2
24.864	278	2	3
24.864	279	4	3
25.217	280	2	2
25.217	281	3	2
25.217	282	4	2
25.217	283	1	3
25.482	284	4	3
25.570	285	4	2
25.570	286	2	3
25.570	287	3	3
25.746	288	1	2
25.746	289	2	2
25.746	290	3	2
25.835	291	3	3
25.923	292	3	1
25.923	293	4	3
26.011	294	3	1
26.011	295	1	3
26.099	296	1	1
26.099	297	4	2
26.099	298	2	3
26.187	299	3	2
26.276	300	1	2
26.276	301	3	3
26.276	302	4	3
26.364	303	2	2
26.364	304	1	3
26.452	305	4	2
26.452	306	2	3
26.540	307	1	2
26.629	308	3	2
26.629	309	1	3
26.629	310	4	3
26.717	311	2	2
26.717	312	3	3
26.805	313	1	2
26.805	314	2	3
26.893	315	2	2
26.982	316	3	1
26.982	317	4	2
26.982	318	1	3
26.982	319	2	3
27.070	320	1	2
27.070	321	4	3
27.158	322	3	2
27.158	323	1	3
27.246	324	2	2
27.335	325	1	1
27.335	326	4	2
27.335	327	2	3
27.335	328	3	3
27.423	329	3	2
27.423	330	4	3
27.511	331	1	2
27.511	332	3	3
27.599	333	4	2
27.687	334	2	2
27.687	335	1	3
27.687	336	4	3
27.776	337	1	2
27.776	338	2	3
27.864	339	3	2
27.864	340	1	3
27.952	341	4	2
28.040	342	1	1
28.040	343	2	2
28.040	344	3	3
28.040	345	4	3
28.129	346	3	2
28.129	347	2	3
28.217	348	4	2
28.217	349	3	3
28.305	350	1	2
28.393	351	3	2
28.393	352	1	3
28.393	353	4	3
28.482	354	2	2
28.482	355	3	3
28.570	356	1	1
28.570	357	4	2
28.570	358	2	3
28.658	359	3	2
28.746	360	2	2
28.746	361	3	3
28.746	362	4	3
28.835	363	3	2
28.835	364	2	3
28.923	365	1	2
28.923	366	2	2
28.923	367	4	2
28.923	368	3	3
29.276	369	1	3
29.276	370	2	3
29.452	371	2	1
29.452	372	4	3
29.540	373	2	1
29.629	374	4	2
29.805	375	1	2
29.805	376	2	2
29.805	377	3	2
29.805	378	4	3
29.893	379	1	3
29.982	380	1	2
29.982	381	2	3
29.982	382	3	3
30.158	383	2	2
30.158	384	3	2
30.158	385	4	2
30.158	386	1	3
30.423	387	2	3
30.511	388	2	2
30.511	389	3	3
30.511	390	4	3
30.864	391	1	2
30.864	392	3	2
30.864	393	4	2
30.864	394	2	3
31.129	395	1	3
31.217	396	1	2
31.217	397	3	3
31.217	398	4	3
31.393	399	2	2
31.393	400	3	2
31.393	401	4	2
31.482	402	2	3
31.570	403	2	2
31.570	404	1	3
31.658	405	3	3
31.658	406	4	3
31.746	407	1	2
31.746	408	3	2
31.746	409	4	2
31.746	410	2	3
31.923	411	2	2
32.011	412	2	3
32.099	413	2	2
32.099	414	1	3
32.099	415	3	3
32.099	416	4	3
32.276	417	4	1
32.276	418	2	3
32.364	419	4	1
32.452	420	2	2
32.629	421	1	2
32.629	422	3	2
32.629	423	4	2
32.629	424	2	3
32.717	425	3	3
32.805	426	3	2
32.805	427	1	3
32.805	428	4	3
32.982	429	1	2
32.982	430	2	2
32.982	431	4	2
32.982	432	3	3
33.070	433	4	3
33.158	434	3	2
33.158	435	4	1
33.158	436	1	3
33.158	437	2	3
33.246	438	1	2
33.246	439	2	1
33.335	440	4	2
33.335	441	3	3
33.423	442	2	2
33.423	443	3	1
33.423	444	1	3
33.423	445	4	3
33.511	446	1	1
33.511	447	4	2
33.511	448	2	3
33.599	449	3	2
33.687	450	1	2
33.687	451	2	1
33.687	452	3	3
33.687	453	4	3
33.776	454	4	2
33.864	455	2	2
33.864	456	1	3
33.864	457	4	3
33.952	458	3	2
33.952	459	2	3
34.040	460	1	2
34.040	461	4	1
34.040	462	3	3
34.129	463	2	2
34.129	464	1	3
34.217	465	1	2
34.217	466	3	2
34.217	467	4	2
34.217	468	2	3
34.305	469	3	3
34.393	470	3	2
34.393	471	1	3
34.482	472	4	3
34.570	473	1	2
34.570	474	2	2
34.570	475	4	1
34.570	476	3	3
34.746	477	4	1
34.746	478	1	3
34.746	479	2	3
34.923	480	2	2
34.923	481	3	2
35.099	482	1	1
35.099	483	2	3
35.099	484	3	3
35.276	485	2	2
35.276	486	3	2
35.364	487	2	3
35.452	488	2	2
35.629	489	1	1
35.629	490	4	1
35.629	491	2	3
35.629	492	3	3
35.805	493	3	2
35.805	494	4	2
35.982	495	1	1
35.982	496	2	1
35.982	497	3	3
35.982	498	4	3
36.158	499	1	2
36.158	500	4	2
36.335	501	2	1
36.335	502	3	1
36.335	503	1	3
36.335	504	4	3
36.511	505	1	2
36.511	506	2	2
36.687	507	3	1
36.687	508	4	1
36.687	509	1	3
36.687	510	2	3
36.864	511	3	2
37.040	512	2	2
37.040	513	4	2
37.040	514	3	3
37.129	515	2	3
37.217	516	2	2
37.393	517	1	2
37.393	518	3	2
37.393	519	2	3
37.393	520	4	3
37.570	521	4	1
37.570	522	1	3
37.570	523	3	3
37.746	524	3	2
37.746	525	4	2
37.923	526	1	1
37.923	527	3	3
37.923	528	4	3
38.099	529	3	2
38.099	530	4	2
38.187	531	3	3
38.276	532	3	2
38.452	533	1	1
38.452	534	2	2
38.452	535	4	3
38.629	536	1	2
38.629	537	4	2
38.629	538	2	3
38.629	539	3	3
38.805	540	2	1
38.805	541	3	1
38.805	542	1	3
38.805	543	4	3
38.982	544	3	2
38.982	545	4	2
39.158	546	1	1
39.158	547	2	1
39.158	548	3	3
39.158	549	4	3
39.335	550	2	2
39.335	551	3	2
39.511	552	1	1
39.511	553	4	1
39.511	554	2	3
39.511	555	3	3
39.687	556	1	2
39.687	557	2	2
39.864	558	3	1
39.864	559	4	1
39.864	560	1	3
39.864	561	2	3
40.040	562	1	2
40.040	563	4	2
40.129	564	1	3
40.217	565	1	1
40.217	566	2	1
40.217	567	3	1
40.217	568	4	3
40.393	569	4	1
40.570	570	2	2
40.570	571	3	2
40.746	572	1	1
40.746	573	2	3
40.746	574	3	3
40.923	575	2	2
40.923	576	3	2
41.011	577	2	3
41.099	578	2	2
41.276	579	1	1
41.276	580	4	1
41.276	581	2	3
41.276	582	3	3
41.452	583	1	2
41.452	584	2	2
41.629	585	3	1
41.629	586	4	1
41.629	587	1	3
41.629	588	2	3
41.805	589	1	2
41.805	590	4	2
41.982	591	2	1
41.982	592	3	1
41.982	593	1	3
41.982	594	4	3
42.158	595	3	2
42.158	596	4	2
42.335	597	1	1
42.335	598	2	1
42.335	599	3	3
42.335	600	4	3
42.511	601	2	2
42.687	602	1	2
42.687	603	3	2
42.687	604	2	3
42.776	605	3	3
42.864	606	3	2
43.040	607	2	2
43.040	608	4	2
43.040	609	1	3
43.040	610	3	3
43.217	611	1	1
43.217	612	2	3
43.217	613	4	3
43.393	614	1	2
43.393	615	2	2
43.570	616	4	1
43.570	617	1	3
43.570	618	2	3
43.746	619	1	2
43.746	620	2	2
43.835	621	2	3
43.923	622	2	2
44.099	623	3	2
44.099	624	4	1
44.099	625	1	3
44.276	626	1	2
44.276	627	4	2
44.276	628	2	3
44.276	629	3	3
44.452	630	2	1
44.452	631	3	1
44.452	632	1	3
44.452	633	4	3
44.629	634	2	2
44.805	635	4	1
44.805	636	2	3
44.982	637	4	2
45.158	638	1	1
45.158	639	4	3
45.335	640	1	2
45.511	641	3	1
45.511	642	4	1
45.511	643	1	3
45.599	644	2	1
45.687	645	1	1
45.687	646	4	1
45.776	647	2	1
45.864	648	1	1
45.864	649	3	2
45.864	650	4	2
46.040	651	2	1
46.040	652	3	3
46.040	653	4	3
46.217	654	2	1
46.217	655	3	2
46.393	656	1	2
46.393	657	3	3
46.570	658	2	1
46.570	659	3	2
46.570	660	1	3
46.746	661	4	2
46.923	662	1	1
46.923	663	2	2
46.923	664	3	3
46.923	665	4	3
47.011	666	2	3
47.099	667	2	2
47.276	668	1	1
47.276	669	4	2
47.276	670	2	3
47.452	671	1	2
47.452	672	4	3
47.629	673	2	1
47.629	674	4	2
47.629	675	1	3
47.805	676	1	2
47.805	677	4	3
47.982	678	2	1
47.982	679	3	2
47.982	680	1	3
48.158	681	4	2
48.335	682	1	1
48.335	683	2	2
48.335	684	3	3
48.335	685	4	3
48.511	686	3	1
48.511	687	2	3
48.599	688	3	1
48.687	689	1	1
48.687	690	2	1
48.687	691	4	1
48.864	692	3	1
49.040	693	1	1
49.040	694	3	2
49.217	695	4	2
49.217	696	3	3
49.393	697	1	1
49.393	698	2	2
49.393	699	4	3
49.570	700	4	2
49.746	701	1	1
49.746	702	3	2
49.746	703	2	3
49.746	704	4	3
49.923	705	1	2
49.923	706	3	3
50.099	707	2	1
50.099	708	3	2
50.099	709	1	3
50.187	710	3	3
50.276	711	3	2
50.452	712	1	1
50.452	713	4	2
50.452	714	3	3
50.629	715	2	2
50.805	716	1	2
50.805	717	3	1
50.805	718	2	3
50.805	719	4	3
50.982	720	2	2
51.158	721	3	2
51.158	722	4	1
51.158	723	1	3
51.158	724	2	3
51.335	725	2	1
51.335	726	3	3
51.423	727	2	1
51.511	728	1	2
51.511	729	4	1
51.687	730	2	1
51.687	731	3	1
51.687	732	1	3
51.864	733	1	2
51.864	734	2	1
52.040	735	3	1
52.040	736	4	1
52.040	737	1	3
52.217	738	1	1
52.217	739	4	2
52.393	740	2	1
52.393	741	3	2
52.570	742	1	1
52.570	743	2	2
52.570	744	3	3
52.570	745	4	3
52.746	746	3	2
52.746	747	4	1
52.746	748	2	3
52.923	749	1	1
52.923	750	2	1
52.923	751	4	1
52.923	752	3	3
53.011	753	3	1
53.099	754	1	1
53.099	755	2	1
53.187	756	3	1
53.276	757	2	1
53.276	758	4	1
53.364	759	1	1
53.452	760	3	1
53.452	761	4	1
53.540	762	1	1
53.629	763	2	1
53.629	764	3	1
53.717	765	4	1
53.805	766	1	1
53.805	767	2	1
53.893	768	4	1
53.982	769	1	1
53.982	770	3	1
54.070	771	2	1
54.158	772	3	1
54.158	773	4	1
54.246	774	1	1
54.335	775	3	1
54.335	776	4	1
54.423	777	1	1
54.423	778	2	1
54.511	779	3	1
54.511	780	4	1
54.599	781	1	1
54.599	782	2	1
54.687	783	3	1
54.687	784	4	1
54.776	785	1	1
54.776	786	2	1
54.864	787	3	1
54.864	788	4	1
54.952	789	1	1
54.952	790	2	1
55.040	791	4	1
55.099	792	3	1
55.158	793	1	1
55.217	794	2	1
55.276	795	3	1
55.335	796	4	1
55.393	797	1	1
55.452	798	2	1
55.511	799	4	1
55.570	800	3	1
55.629	801	2	1
55.687	802	1	1
55.746	803	3	1
55.746	804	4	1
55.805	805	2	1
55.864	806	4	1
55.923	807	1	1
56.011	808	3	1
56.099	809	4	1
56.187	810	4	1
56.276	811	2	1
56.364	812	2	1
56.452	813	3	1
56.540	814	4	1
56.717	815	4	1
56.805	816	1	1
56.805	817	3	1
56.982	818	3	1
57.070	819	3	1
57.158	820	1	2
57.158	821	2	1
57.158	822	4	2
57.217	823	3	1
57.246	824	1	3
57.276	825	2	1
57.335	826	1	2
57.423	827	3	1
57.423	828	4	3
57.511	829	2	1
57.511	830	4	1
57.511	831	1	3
57.599	832	4	1
57.687	833	1	1
57.776	834	4	1
57.864	835	1	1
57.864	836	2	1
57.952	837	3	1
57.952	838	4	1
58.040	839	2	1
58.217	840	1	1
58.217	841	4	2
58.305	842	3	2
58.305	843	4	3
58.393	844	4	2
58.393	845	3	3
58.482	846	2	2
58.570	847	1	1
58.570	848	3	1
58.570	849	2	3
58.570	850	4	3
58.658	851	1	1
58.746	852	4	1
58.835	853	1	1
58.923	854	3	2
58.923	855	4	2
59.011	856	2	1
59.011	857	3	3
59.099	858	3	1
59.099	859	4	3
59.187	860	4	1
59.276	861	1	1
59.276	862	2	1
59.364	863	3	1
59.452	864	4	2
59.511	865	1	2
59.629	866	2	2
59.629	867	3	2
59.629	868	1	3
59.629	869	4	3
59.717	870	2	3
59.805	871	2	2
59.805	872	4	2
59.893	873	2	3
59.893	874	4	3
59.982	875	1	2
59.982	876	4	2
59.982	877	3	3
60.040	878	2	1
60.070	879	4	3
60.099	880	3	1
60.158	881	4	2
60.246	882	1	3
60.335	883	1	1
60.335	884	3	1
60.335	885	4	3
60.423	886	1	1
60.511	887	4	1
60.599	888	1	1
60.687	889	3	1
60.687	890	4	1
60.776	891	2	2
60.952	892	3	1
60.952	893	2	3
61.040	894	1	1
61.040	895	4	1
61.129	896	3	1
61.217	897	1	1
61.276	898	4	1
61.335	899	2	1
61.393	900	3	1
61.393	901	4	2
61.482	902	3	2
61.570	903	1	1
61.570	904	3	3
61.570	905	4	3
61.658	906	4	1
61.746	907	1	1
61.746	908	2	1
61.835	909	3	1
61.923	910	2	2
62.099	911	3	2
62.099	912	4	2
62.099	913	2	3
62.158	914	1	1
62.187	915	3	3
62.217	916	2	1
62.276	917	3	1
62.364	918	4	3
62.452	919	1	2
62.452	920	2	2
62.511	921	4	1
62.540	922	2	3
62.570	923	3	1
62.629	924	2	1
62.717	925	1	3
62.805	926	1	2
62.805	927	3	1
62.805	928	4	2
62.864	929	2	1
62.893	930	4	3
62.923	931	3	1
62.982	932	4	2
63.070	933	2	1
63.070	934	1	3
63.158	935	1	1
63.158	936	3	1
63.158	937	4	3
63.246	938	1	1
63.335	939	4	1
63.423	940	1	1
63.511	941	3	1
63.511	942	4	1
63.599	943	2	2
63.658	944	1	2
63.776	945	4	1
63.776	946	2	3
63.864	947	2	1
63.864	948	3	1
63.864	949	1	3
63.952	950	2	1
64.040	951	4	1
64.129	952	4	1
64.217	953	1	1
64.217	954	2	1
64.305	955	3	2
64.393	956	3	3
64.482	957	3	1
64.570	958	1	1
64.570	959	4	1
64.658	960	2	1
64.746	961	1	1
64.805	962	4	1
64.864	963	2	1
64.923	964	3	1
64.923	965	4	1
65.011	966	3	1
65.099	967	1	1
65.187	968	4	1
65.276	969	1	1
65.276	970	2	1
65.364	971	3	2
65.452	972	2	2
65.452	973	3	3
65.629	974	1	2
65.629	975	3	1
65.629	976	4	2
65.629	977	2	3
65.687	978	2	1
65.717	979	4	3
65.746	980	3	1
65.805	981	4	2
65.893	982	2	1
65.893	983	1	3
65.982	984	1	1
65.982	985	3	1
65.982	986	4	3
66.070	987	4	1
66.158	988	2	1
66.246	989	2	1
66.276	990	4	1
66.335	991	1	1
66.335	992	3	1
66.423	993	2	1
66.452	994	4	1
66.511	995	3	2
66.687	996	2	1
66.687	997	4	2
66.687	998	3	3
66.776	999	2	1
66.864	1000	1	2
66.864	1001	4	3
66.952	1002	2	2
66.952	1003	1	3
67.040	1004	3	2
67.040	1005	4	2
67.040	1006	2	3
67.099	1007	1	1
67.129	1008	3	3
67.158	1009	2	1
67.217	1010	3	1
67.305	1011	4	3
67.393	1012	1	1
67.393	1013	2	1
67.482	1014	2	1
67.570	1015	3	2
67.746	1016	1	2
67.746	1017	2	2
67.746	1018	3	3
67.805	1019	4	1
67.835	1020	2	3
67.864	1021	3	1
67.923	1022	2	1
68.011	1023	1	3
68.099	1024	1	1
68.099	1025	4	1
68.187	1026	4	1
68.276	1027	2	2
68.364	1028	3	2
68.364	1029	2	3
68.452	1030	1	2
68.452	1031	2	1
68.452	1032	4	2
68.452	1033	3	3
68.511	1034	3	1
68.540	1035	1	3
68.570	1036	2	1
68.629	1037	1	2
68.717	1038	3	1
68.717	1039	4	3
68.805	1040	2	1
68.805	1041	4	1
68.805	1042	1	3
68.893	1043	4	1
68.982	1044	1	1
69.070	1045	4	1
69.158	1046	1	1
69.158	1047	2	1
69.246	1048	3	1
69.246	1049	4	1
69.335	1050	2	1
69.511	1051	1	1
69.511	1052	4	2
69.599	1053	3	2
69.599	1054	4	3
69.687	1055	4	2
69.687	1056	3	3
69.776	1057	2	2
69.864	1058	1	1
69.864	1059	3	1
69.864	1060	2	3
69.864	1061	4	3
69.952	1062	1	1
70.040	1063	4	1
70.129	1064	1	1
70.217	1065	3	2
70.217	1066	4	2
70.305	1067	2	1
70.305	1068	3	3
70.393	1069	3	1
70.393	1070	4	3
70.482	1071	4	1
70.570	1072	1	1
70.570	1073	2	1
70.658	1074	3	1
70.746	1075	4	2
70.805	1076	1	2
70.923	1077	2	2
70.923	1078	3	2
70.923	1079	1	3
70.923	1080	4	3
71.011	1081	2	3
71.099	1082	2	2
71.099	1083	4	2
71.187	1084	2	3
71.187	1085	4	3
71.276	1086	1	2
71.276	1087	4	2
71.276	1088	3	3
71.335	1089	2	1
71.364	1090	4	3
71.393	1091	3	1
71.452	1092	4	2
71.540	1093	1	3
71.629	1094	1	1
71.629	1095	3	1
71.629	1096	4	3
71.717	1097	1	1
71.805	1098	4	1
71.893	1099	1	1
71.982	1100	3	1
71.982	1101	4	1
72.070	1102	2	2
72.246	1103	3	1
72.246	1104	2	3
72.335	1105	1	1
72.335	1106	4	1
72.423	1107	3	1
72.511	1108	1	1
72.570	1109	4	1
72.629	1110	2	1
72.687	1111	3	1
72.687	1112	4	2
72.776	1113	3	2
72.864	1114	1	1
72.864	1115	3	3
72.864	1116	4	3
72.952	1117	4	1
73.040	1118	1	1
73.040	1119	2	1
73.129	1120	3	1
73.217	1121	2	2
73.393	1122	3	2
73.393	1123	4	2
73.393	1124	2	3
73.452	1125	1	1
73.482	1126	3	3
73.511	1127	2	1
73.570	1128	3	1
73.658	1129	4	3
73.746	1130	1	2
73.746	1131	2	2
73.805	1132	4	1
73.835	1133	2	3
73.864	1134	3	1
73.923	1135	2	1
74.011	1136	1	3
74.099	1137	1	2
74.099	1138	3	1
74.099	1139	4	2
74.158	1140	2	1
74.187	1141	4	3
74.217	1142	3	1
74.276	1143	4	2
74.364	1144	2	1
74.364	1145	1	3
74.452	1146	1	1
74.452	1147	3	1
74.452	1148	4	3
74.540	1149	1	1
74.629	1150	4	1
74.717	1151	1	1
74.805	1152	3	1
74.805	1153	4	1
74.893	1154	2	2
74.952	1155	1	2
75.070	1156	4	1
75.070	1157	2	3
75.158	1158	2	1
75.158	1159	3	1
75.158	1160	1	3
75.246	1161	2	1
75.335	1162	4	1
75.423	1163	4	1
75.511	1164	1	1
75.511	1165	2	1
75.599	1166	3	2
75.687	1167	3	3
75.776	1168	3	1
75.864	1169	1	1
75.864	1170	4	1
75.952	1171	2	1
76.040	1172	1	1
76.099	1173	4	1
76.158	1174	2	1
76.217	1175	3	1
76.217	1176	4	1
76.305	1177	3	1
76.393	1178	1	1
76.482	1179	4	1
76.570	1180	1	1
76.570	1181	2	1
76.658	1182	3	1
76.746	1183	1	1
76.746	1184	2	1
76.923	1185	1	2
76.923	1186	3	1
76.923	1187	4	2
76.982	1188	2	1
77.011	1189	4	3
77.040	1190	3	1
77.099	1191	4	2
77.187	1192	2	1
77.187	1193	1	3
77.276	1194	1	1
77.276	1195	3	1
77.276	1196	4	3
77.364	1197	4	1
77.452	1198	2	1
77.540	1199	3	1
77.540	1200	4	1
77.629	1201	1	1
77.629	1202	2	1
77.717	1203	4	1
77.746	1204	1	1
77.805	1205	2	1
77.805	1206	3	2
77.982	1207	2	1
77.982	1208	4	1
77.982	1209	3	3
78.070	1210	4	1
78.158	1211	2	1
78.246	1212	2	1
78.335	1213	1	1
78.335	1214	4	1
78.511	1215	3	1
78.599	1216	1	1
78.687	1217	2	1
78.687	1218	4	1
78.776	1219	3	1
78.805	1220	4	1
78.952	1221	2	1
79.040	1222	1	1
79.129	1223	4	1
79.217	1224	2	1
79.305	1225	4	1
79.393	1226	1	1
79.393	1227	2	1
79.393	1228	3	1
79.482	1229	4	1
79.570	1230	2	1
79.658	1231	2	1
79.746	1232	1	2
79.746	1233	3	1
79.746	1234	4	2
79.805	1235	2	1
79.835	1236	4	3
79.864	1237	3	1
79.923	1238	4	2
80.011	1239	2	1
80.011	1240	1	3
80.099	1241	1	1
80.099	1242	3	1
80.099	1243	4	3
80.187	1244	1	1
80.276	1245	4	1
80.364	1246	1	1
80.452	1247	3	1
80.452	1248	4	1
80.540	1249	1	1
80.540	1250	2	1
80.629	1251	3	1
80.805	1252	1	2
80.805	1253	4	1
80.893	1254	2	2
80.893	1255	1	3
80.982	1256	1	2
80.982	1257	2	3
81.070	1258	3	2
81.158	1259	2	1
81.158	1260	4	1
81.158	1261	1	3
81.158	1262	3	3
81.246	1263	4	1
81.335	1264	1	1
81.423	1265	4	1
81.511	1266	1	2
81.511	1267	2	2
81.599	1268	3	1
81.599	1269	2	3
81.687	1270	2	2
81.687	1271	1	3
81.776	1272	1	1
81.864	1273	3	2
81.864	1274	4	1
81.864	1275	2	3
81.952	1276	2	1
81.952	1277	3	3
82.040	1278	1	2
82.099	1279	4	2
82.217	1280	2	2
82.217	1281	3	2
82.217	1282	1	3
82.217	1283	4	3
82.305	1284	3	3
82.393	1285	1	2
82.393	1286	3	2
82.482	1287	1	3
82.482	1288	3	3
82.570	1289	1	2
82.570	1290	4	2
82.570	1291	2	3
82.629	1292	3	1
82.658	1293	1	3
82.687	1294	2	1
82.746	1295	1	2
82.835	1296	4	3
82.923	1297	2	1
82.923	1298	4	1
82.923	1299	1	3
83.011	1300	4	1
83.099	1301	1	1
83.187	1302	4	1
83.276	1303	1	1
83.276	1304	2	1
83.364	1305	3	2
83.540	1306	2	1
83.540	1307	3	3
83.629	1308	1	1
83.629	1309	4	2
83.717	1310	2	1
83.717	1311	4	3
83.805	1312	4	2
83.864	1313	1	1
83.923	1314	3	1
83.982	1315	1	2
83.982	1316	2	1
83.982	1317	4	3
84.070	1318	2	2
84.158	1319	4	1
84.158	1320	1	3
84.158	1321	2	3
84.246	1322	1	2
84.335	1323	3	2
84.335	1324	4	1
84.335	1325	1	3
84.423	1326	2	1
84.423	1327	3	3
84.511	1328	3	2
84.687	1329	1	2
84.687	1330	2	2
84.687	1331	3	3
84.746	1332	4	1
84.776	1333	2	3
84.805	1334	3	1
84.864	1335	2	1
84.952	1336	1	3
85.040	1337	3	2
85.040	1338	4	2
85.099	1339	1	1
85.129	1340	3	3
85.158	1341	2	1
85.217	1342	3	1
85.305	1343	4	3
85.393	1344	1	2
85.393	1345	2	1
85.393	1346	4	2
85.452	1347	3	1
85.482	1348	1	3
85.511	1349	2	1
85.570	1350	1	2
85.658	1351	3	1
85.658	1352	4	3
85.746	1353	2	1
85.746	1354	4	1
85.746	1355	1	3
85.835	1356	4	1
85.923	1357	1	1
86.011	1358	4	1
86.099	1359	1	1
86.099	1360	2	1
86.187	1361	3	2
86.246	1362	4	2
86.364	1363	1	1
86.364	1364	3	3
86.452	1365	2	1
86.452	1366	3	1
86.452	1367	4	3
86.540	1368	3	1
86.629	1369	1	1
86.717	1370	1	1
86.805	1371	3	1
86.805	1372	4	1
86.893	1373	2	1
86.982	1374	4	2
87.070	1375	2	1
87.070	1376	4	3
87.158	1377	1	1
87.158	1378	4	2
87.246	1379	3	1
87.246	1380	4	3
87.335	1381	4	1
87.393	1382	1	1
87.452	1383	3	1
87.511	1384	1	1
87.511	1385	2	1
87.599	1386	2	1
87.687	1387	4	1
87.776	1388	1	1
87.864	1389	3	1
87.864	1390	4	1
87.923	1391	2	1
87.982	1392	4	1
88.040	1393	3	2
88.217	1394	1	2
88.217	1395	2	1
88.217	1396	4	2
88.217	1397	3	3
88.276	1398	3	1
88.305	1399	1	3
88.335	1400	2	1
88.393	1401	1	2
88.482	1402	3	1
88.482	1403	4	3
88.570	1404	2	1
88.570	1405	4	1
88.570	1406	1	3
88.658	1407	1	1
88.746	1408	3	1
88.835	1409	3	1
88.864	1410	1	1
88.923	1411	2	1
88.923	1412	4	1
89.011	1413	3	1
89.040	1414	1	1
89.099	1415	2	2
89.276	1416	1	1
89.276	1417	4	1
89.276	1418	2	3
89.364	1419	4	1
89.452	1420	1	2
89.482	1421	3	2
89.540	1422	1	3
89.629	1423	1	2
89.629	1424	2	2
89.629	1425	3	3
89.687	1426	4	1
89.717	1427	2	3
89.746	1428	3	1
89.805	1429	2	1
89.893	1430	1	3
89.982	1431	3	1
89.982	1432	4	1
90.070	1433	3	1
90.158	1434	2	2
90.335	1435	3	2
90.335	1436	4	2
90.335	1437	2	3
90.393	1438	1	1
90.423	1439	3	3
90.452	1440	2	1
90.511	1441	3	1
90.599	1442	4	3
90.687	1443	1	1
90.687	1444	4	1
90.776	1445	1	1
90.864	1446	3	2
90.952	1447	2	2
90.952	1448	3	3
91.040	1449	1	2
91.040	1450	2	3
91.070	1451	3	2
91.129	1452	1	3
91.217	1453	2	2
91.217	1454	4	2
91.217	1455	3	3
91.305	1456	2	3
91.305	1457	4	3
91.393	1458	1	1
91.393	1459	2	2
91.393	1460	4	2
91.482	1461	1	1
91.482	1462	2	3
91.482	1463	4	3
91.570	1464	4	1
91.658	1465	1	1
91.746	1466	3	1
91.746	1467	4	1
91.835	1468	1	1
91.835	1469	2	1
91.923	1470	3	1
92.099	1471	1	2
92.099	1472	4	1
92.187	1473	2	2
92.187	1474	1	3
92.276	1475	1	2
92.276	1476	2	3
92.364	1477	3	2
92.452	1478	2	1
92.452	1479	4	1
92.452	1480	1	3
92.452	1481	3	3
92.540	1482	4	1
92.629	1483	1	1
92.717	1484	4	1
92.805	1485	1	2
92.805	1486	2	2
92.893	1487	3	1
92.893	1488	2	3
92.982	1489	2	2
92.982	1490	1	3
93.070	1491	1	1
93.158	1492	3	2
93.158	1493	4	1
93.158	1494	2	3
93.246	1495	2	1
93.246	1496	3	3
93.335	1497	1	2
93.393	1498	4	2
93.511	1499	2	2
93.511	1500	3	2
93.511	1501	1	3
93.511	1502	4	3
93.599	1503	3	3
93.687	1504	1	2
93.687	1505	3	2
93.776	1506	1	3
93.776	1507	3	3
93.864	1508	1	2
93.864	1509	4	2
93.864	1510	2	3
93.923	1511	3	1
93.952	1512	1	3
93.982	1513	2	1
94.040	1514	1	2
94.129	1515	4	3
94.217	1516	2	1
94.217	1517	4	1
94.217	1518	1	3
94.305	1519	4	1
94.393	1520	1	1
94.482	1521	4	1
94.570	1522	1	1
94.570	1523	2	1
94.658	1524	3	2
94.835	1525	2	1
94.835	1526	3	3
94.923	1527	1	1
94.923	1528	4	2
95.011	1529	2	1
95.011	1530	4	3
95.099	1531	4	2
95.158	1532	1	1
95.217	1533	3	1
95.276	1534	1	2
95.276	1535	2	1
95.276	1536	4	3
95.364	1537	2	2
95.452	1538	4	2
95.452	1539	1	3
95.452	1540	2	3
95.540	1541	1	1
95.540	1542	4	3
95.629	1543	3	1
95.629	1544	4	2
95.717	1545	2	1
95.805	1546	3	2
95.805	1547	4	3
95.982	1548	1	2
95.982	1549	2	2
95.982	1550	3	3
96.040	1551	4	1
96.070	1552	2	3
96.099	1553	3	1
96.158	1554	2	1
96.246	1555	1	3
96.335	1556	3	2
96.335	1557	4	2
96.393	1558	1	1
96.423	1559	3	3
96.452	1560	2	1
96.511	1561	3	1
96.599	1562	4	3
96.687	1563	1	2
96.687	1564	2	1
96.687	1565	4	2
96.746	1566	3	1
96.776	1567	1	3
96.805	1568	2	1
96.864	1569	1	2
96.952	1570	3	1
96.952	1571	4	3
97.040	1572	2	1
97.040	1573	4	1
97.040	1574	1	3
97.129	1575	4	1
97.217	1576	1	1
97.305	1577	4	1
97.393	1578	1	1
97.393	1579	2	1
97.482	1580	3	2
97.540	1581	4	2
97.658	1582	1	1
97.658	1583	3	3
97.746	1584	2	1
97.746	1585	3	1
97.746	1586	4	3
97.835	1587	3	1
97.923	1588	1	1
98.011	1589	1	1
98.099	1590	3	1
98.099	1591	4	2
98.187	1592	2	1
98.276	1593	3	2
98.276	1594	4	3
98.364	1595	1	1
98.364	1596	3	3
98.452	1597	2	1
98.452	1598	3	1
98.540	1599	3	2
98.629	1600	4	1
98.629	1601	3	3
98.717	1602	3	2
98.805	1603	1	1
98.805	1604	2	1
98.805	1605	3	3
98.893	1606	2	1
98.982	1607	4	1
99.070	1608	1	1
99.158	1609	3	1
99.158	1610	4	1
99.217	1611	2	1
99.276	1612	3	1
99.335	1613	1	1
99.335	1614	4	1
99.511	1615	1	2
99.511	1616	2	1
99.511	1617	4	2
99.570	1618	3	1
99.599	1619	1	3
99.629	1620	2	1
99.687	1621	1	2
99.776	1622	3	1
99.776	1623	4	3
99.864	1624	2	1
99.864	1625	4	1
99.864	1626	1	3
99.952	1627	1	1
100.040	1628	4	1
100.129	1629	1	1
100.129	1630	2	1
100.217	1631	3	1
100.217	1632	4	1
100.305	1633	1	1
100.335	1634	4	1
100.393	1635	2	2
100.393	1636	3	1
100.570	1637	1	1
100.570	1638	3	1
100.570	1639	2	3
100.658	1640	1	1
100.746	1641	3	1
100.835	1642	3	1
100.923	1643	1	1
100.923	1644	2	1
100.923	1645	4	1
101.099	1646	2	2
101.276	1647	1	1
101.276	1648	4	1
101.276	1649	2	3
101.364	1650	3	2
101.540	1651	2	2
101.540	1652	3	3
101.629	1653	1	1
101.629	1654	2	3
101.717	1655	4	1
101.805	1656	4	2
101.982	1657	1	1
101.982	1658	2	1
101.982	1659	4	3
102.070	1660	1	1
102.158	1661	3	1
102.246	1662	3	1
102.335	1663	1	2
102.335	1664	2	1
102.335	1665	4	2
102.511	1666	2	1
102.511	1667	4	3
102.687	1668	3	2
102.687	1669	4	1
102.687	1670	1	3
102.864	1671	3	3
103.040	1672	1	2
103.040	1673	4	2
103.129	1674	4	3
103.217	1675	4	2
103.393	1676	2	1
103.393	1677	3	2
103.393	1678	1	3
103.393	1679	4	3
103.570	1680	2	2
103.570	1681	3	3
103.746	1682	1	2
103.746	1683	3	2
103.746	1684	2	3
103.835	1685	3	3
103.923	1686	3	2
104.099	1687	2	1
104.099	1688	4	2
104.099	1689	1	3
104.099	1690	3	3
104.276	1691	2	1
104.276	1692	4	3
104.364	1693	2	1
104.452	1694	1	2
104.452	1695	4	2
104.629	1696	3	2
104.629	1697	4	3
104.805	1698	2	2
104.805	1699	1	3
104.805	1700	3	3
104.849	1701	4	2
104.893	1702	2	3
104.982	1703	2	2
105.070	1704	4	3
105.158	1705	1	1
105.158	1706	3	1
105.158	1707	4	2
105.158	1708	2	3
105.335	1709	2	2
105.423	1710	2	3
105.511	1711	2	2
105.511	1712	3	1
105.511	1713	4	3
105.599	1714	2	3
105.687	1715	2	2
105.864	1716	1	2
105.864	1717	4	2
105.864	1718	2	3
106.040	1719	2	2
106.040	1720	1	3
106.217	1721	1	1
106.217	1722	3	2
106.217	1723	2	3
106.217	1724	4	3
106.393	1725	2	2
106.393	1726	3	3
106.570	1727	1	2
106.570	1728	4	2
106.570	1729	2	3
106.658	1730	1	3
106.746	1731	1	2
106.835	1732	1	3
106.923	1733	1	2
106.923	1734	3	1
106.923	1735	4	3
107.099	1736	3	2
107.099	1737	1	3
107.276	1738	2	2
107.276	1739	4	2
107.276	1740	3	3
107.364	1741	2	3
107.452	1742	2	2
107.540	1743	2	3
107.629	1744	2	2
107.629	1745	4	3
107.673	1746	3	2
107.805	1747	1	2
107.805	1748	2	3
107.893	1749	1	3
107.982	1750	1	1
107.982	1751	2	1
107.982	1752	4	2
107.982	1753	3	3
108.158	1754	2	1
108.158	1755	3	1
108.158	1756	4	3
108.335	1757	3	1
108.335	1758	4	2
108.511	1759	1	1
108.511	1760	2	1
108.511	1761	4	3
108.687	1762	1	2
108.687	1763	4	1
108.864	1764	2	2
108.864	1765	3	1
109.040	1766	3	2
109.040	1767	4	1
109.040	1768	1	3
109.040	1769	2	3
109.217	1770	1	1
109.217	1771	2	2
109.217	1772	3	3
109.393	1773	1	1
109.393	1774	3	1
109.393	1775	4	1
109.393	1776	2	3
109.482	1777	2	1
109.570	1778	3	1
109.570	1779	4	1
109.658	1780	2	1
109.746	1781	1	1
109.746	1782	3	1
109.835	1783	4	1
109.923	1784	1	1
109.923	1785	2	1
110.011	1786	4	1
110.099	1787	2	1
110.099	1788	3	1
110.187	1789	1	1
110.276	1790	3	1
110.276	1791	4	1
110.364	1792	1	1
110.452	1793	2	1
110.452	1794	4	1
110.540	1795	3	1
110.629	1796	1	1
110.629	1797	2	1
110.717	1798	4	1
110.805	1799	1	1
110.805	1800	2	1
110.893	1801	3	1
110.893	1802	4	1
110.982	1803	1	1
110.982	1804	2	1
111.070	1805	3	1
111.070	1806	4	1
111.158	1807	1	1
111.158	1808	2	1
111.246	1809	3	1
111.246	1810	4	1
111.335	1811	1	1
111.335	1812	2	1
111.423	1813	3	1
111.423	1814	4	1
111.511	1815	1	1
111.570	1816	2	1
111.629	1817	4	1
111.687	1818	3	1
111.746	1819	2	1
111.805	1820	1	1
111.864	1821	4	1
111.923	1822	3	1
111.982	1823	1	1
112.040	1824	2	1
112.099	1825	3	1
112.158	1826	4	1
112.217	1827	1	1
112.217	1828	2	1
112.305	1829	2	1
112.393	1830	3	1
112.482	1831	3	1
112.570	1832	1	1
112.658	1833	1	1
112.746	1834	4	1
112.835	1835	4	1
112.923	1836	1	1
112.923	1837	2	1
112.923	1838	3	1
113.099	1839	1	1
113.099	1840	2	1
113.099	1841	3	1
113.276	1842	2	2
113.276	1843	3	2
113.276	1844	4	2
113.364	1845	2	3
113.452	1846	2	1
113.452	1847	3	3
113.540	1848	2	1
113.540	1849	4	3
113.629	1850	1	1
113.629	1851	3	2
113.629	1852	4	2
113.717	1853	3	3
113.805	1854	3	2
113.893	1855	1	2
113.893	1856	4	3
113.982	1857	2	1
113.982	1858	4	1
113.982	1859	1	3
113.982	1860	3	3
114.070	1861	1	2
114.158	1862	3	1
114.158	1863	1	3
114.246	1864	2	2
114.335	1865	3	1
114.335	1866	4	1
114.335	1867	2	3
114.423	1868	2	2
114.599	1869	3	1
114.599	1870	2	3
114.687	1871	1	2
114.687	1872	4	2
114.776	1873	2	1
114.776	1874	1	3
114.864	1875	1	2
114.952	1876	4	3
115.040	1877	3	1
115.040	1878	4	1
115.040	1879	1	3
115.129	1880	2	2
115.305	1881	1	1
115.305	1882	2	3
115.393	1883	3	1
115.393	1884	4	2
115.570	1885	2	1
115.570	1886	4	3
115.658	1887	1	2
115.746	1888	3	1
115.746	1889	4	1
115.746	1890	1	3
115.835	1891	2	2
115.923	1892	3	2
116.011	1893	2	3
116.011	1894	3	3
116.099	1895	2	1
116.099	1896	4	2
116.187	1897	3	1
116.187	1898	4	3
116.276	1899	1	2
116.364	1900	1	3
116.452	1901	3	2
116.452	1902	4	2
116.540	1903	3	3
116.629	1904	3	2
116.717	1905	1	2
116.717	1906	4	3
116.805	1907	2	1
116.805	1908	4	1
116.805	1909	1	3
116.805	1910	3	3
116.893	1911	1	2
116.982	1912	3	1
116.982	1913	1	3
117.070	1914	2	2
117.158	1915	3	1
117.158	1916	4	1
117.158	1917	2	3
117.246	1918	2	2
117.423	1919	3	1
117.423	1920	2	3
117.511	1921	1	2
117.511	1922	4	1
117.599	1923	1	3
117.687	1924	4	2
117.864	1925	1	1
117.864	1926	2	2
117.864	1927	4	3
117.952	1928	4	2
118.040	1929	3	2
118.040	1930	2	3
118.129	1931	2	2
118.129	1932	3	3
118.129	1933	4	3
118.217	1934	1	2
118.217	1935	4	1
118.217	1936	2	3
118.393	1937	4	2
118.393	1938	1	3
118.482	1939	1	2
118.482	1940	4	3
118.570	1941	3	2
118.570	1942	4	1
118.658	1943	2	2
118.658	1944	1	3
118.658	1945	3	3
118.746	1946	4	2
118.746	1947	2	3
118.923	1948	1	2
118.923	1949	2	1
118.923	1950	4	3
119.011	1951	3	2
119.099	1952	4	2
119.099	1953	1	3
119.099	1954	3	3
119.187	1955	3	2
119.276	1956	1	2
119.276	1957	2	2
119.276	1958	3	3
119.276	1959	4	3
119.364	1960	2	3
119.452	1961	2	2
119.540	1962	4	2
119.540	1963	1	3
119.629	1964	1	1
119.629	1965	3	1
119.629	1966	2	3
119.629	1967	4	3
119.717	1968	4	2
119.805	1969	2	1
119.805	1970	4	3
119.893	1971	3	2
119.982	1972	1	1
119.982	1973	2	1
119.982	1974	3	3
120.070	1975	3	2
120.246	1976	2	1
120.246	1977	3	3
120.335	1978	1	2
120.335	1979	4	2
120.423	1980	4	3
120.511	1981	4	2
120.599	1982	1	3
120.687	1983	1	1
120.687	1984	2	1
120.687	1985	4	3
120.776	1986	3	2
120.952	1987	4	1
120.952	1988	3	3
121.040	1989	1	2
121.040	1990	2	1
121.217	1991	3	1
121.217	1992	1	3
121.305	1993	4	2
121.393	1994	1	1
121.393	1995	2	1
121.393	1996	4	3
121.482	1997	3	2
121.570	1998	2	2
121.658	1999	2	3
121.658	2000	3	3
121.746	2001	1	2
121.746	2002	3	1
121.835	2003	2	1
121.835	2004	1	3
121.923	2005	4	2
122.011	2006	4	3
122.099	2007	2	2
122.099	2008	4	2
122.187	2009	2	3
122.276	2010	2	2
122.276	2011	4	3
122.364	2012	4	2
122.452	2013	1	1
122.452	2014	3	1
122.452	2015	2	3
122.540	2016	2	2
122.629	2017	1	2
122.629	2018	2	3
122.629	2019	4	3
122.805	2020	3	2
122.805	2021	4	2
122.805	2022	1	3
122.893	2023	3	3
122.982	2024	3	2
122.982	2025	4	3
123.070	2026	1	2
123.158	2027	2	1
123.158	2028	4	1
123.158	2029	3	3
123.246	2030	3	2
123.335	2031	4	2
123.335	2032	1	3
123.335	2033	3	3
123.511	2034	1	1
123.511	2035	2	1
123.511	2036	4	3
123.599	2037	3	2
123.776	2038	2	1
123.776	2039	3	3
123.864	2040	1	1
123.864	2041	4	2
123.952	2042	4	3
124.040	2043	1	2
124.129	2044	1	3
124.217	2045	2	2
124.217	2046	3	2
124.217	2047	4	2
124.305	2048	4	3
124.393	2049	4	2
124.393	2050	3	3
124.482	2051	2	3
124.570	2052	1	2
124.570	2053	2	2
124.570	2054	3	2
124.570	2055	4	3
124.658	2056	1	3
124.746	2057	1	2
124.746	2058	2	3
124.835	2059	3	3
124.923	2060	2	1
124.923	2061	3	2
124.923	2062	4	2
124.923	2063	1	3
125.011	2064	3	3
125.099	2065	3	2
125.187	2066	1	2
125.187	2067	4	3
125.276	2068	2	1
125.276	2069	4	1
125.276	2070	1	3
125.276	2071	3	3
125.364	2072	1	2
125.452	2073	3	1
125.452	2074	1	3
125.540	2075	2	2
125.629	2076	3	1
125.629	2077	4	1
125.629	2078	2	3
125.717	2079	2	2
125.893	2080	3	1
125.893	2081	2	3
125.982	2082	1	2
125.982	2083	4	2
126.070	2084	2	1
126.070	2085	1	3
126.158	2086	1	2
126.246	2087	4	3
126.335	2088	3	1
126.335	2089	4	1
126.335	2090	1	3
126.423	2091	2	2
126.599	2092	1	1
126.599	2093	2	3
126.687	2094	3	1
126.687	2095	4	2
126.864	2096	2	1
126.864	2097	4	3
126.952	2098	1	2
127.040	2099	3	1
127.040	2100	4	1
127.040	2101	1	3
127.129	2102	2	2
127.217	2103	3	2
127.305	2104	2	3
127.305	2105	3	3
127.393	2106	2	1
127.393	2107	4	2
127.482	2108	3	1
127.482	2109	4	3
127.570	2110	1	2
127.658	2111	1	3
127.746	2112	3	2
127.746	2113	4	2
127.835	2114	3	3
127.923	2115	3	2
128.011	2116	1	2
128.011	2117	4	3
128.099	2118	2	1
128.099	2119	4	1
128.099	2120	1	3
128.099	2121	3	3
128.187	2122	1	2
128.276	2123	3	1
128.276	2124	1	3
128.364	2125	2	2
128.452	2126	3	1
128.452	2127	4	1
128.452	2128	2	3
128.540	2129	2	2
128.717	2130	3	1
128.717	2131	2	3
128.805	2132	1	2
128.805	2133	4	1
128.893	2134	1	3
128.982	2135	4	2
129.158	2136	1	1
129.158	2137	2	2
129.158	2138	4	3
129.246	2139	4	2
129.335	2140	3	2
129.335	2141	2	3
129.423	2142	2	2
129.423	2143	3	3
129.423	2144	4	3
129.511	2145	1	2
129.511	2146	4	1
129.511	2147	2	3
129.687	2148	4	2
129.687	2149	1	3
129.776	2150	1	2
129.776	2151	4	3
129.864	2152	3	2
129.864	2153	4	1
129.952	2154	2	2
129.952	2155	1	3
129.952	2156	3	3
130.040	2157	4	2
130.040	2158	2	3
130.217	2159	1	2
130.217	2160	2	1
130.217	2161	4	3
130.305	2162	3	2
130.393	2163	4	2
130.393	2164	1	3
130.393	2165	3	3
130.482	2166	3	2
130.570	2167	1	2
130.570	2168	2	2
130.570	2169	3	3
130.570	2170	4	3
130.658	2171	2	3
130.746	2172	2	2
130.835	2173	4	2
130.835	2174	1	3
130.923	2175	1	1
130.923	2176	3	1
130.923	2177	2	3
130.923	2178	4	3
131.011	2179	4	2
131.099	2180	2	1
131.099	2181	4	3
131.187	2182	3	2
131.276	2183	1	1
131.276	2184	2	1
131.276	2185	3	3
131.364	2186	3	2
131.540	2187	2	1
131.540	2188	3	3
131.629	2189	1	2
131.629	2190	4	2
131.717	2191	4	3
131.805	2192	4	2
131.893	2193	1	3
131.982	2194	1	1
131.982	2195	2	1
131.982	2196	4	3
132.070	2197	3	2
132.246	2198	4	1
132.246	2199	3	3
132.335	2200	1	2
132.335	2201	2	1
132.511	2202	3	1
132.511	2203	1	3
132.599	2204	4	2
132.687	2205	1	1
132.687	2206	2	1
132.687	2207	4	3
132.776	2208	3	2
132.864	2209	2	2
132.952	2210	2	3
132.952	2211	3	3
133.040	2212	1	2
133.040	2213	3	1
133.129	2214	2	1
133.129	2215	1	3
133.217	2216	4	2
133.305	2217	4	3
133.393	2218	2	2
133.393	2219	4	2
133.482	2220	2	3
133.570	2221	2	2
133.570	2222	4	3
133.658	2223	4	2
133.746	2224	1	1
133.746	2225	3	1
133.746	2226	2	3
133.835	2227	2	2
133.923	2228	1	2
133.923	2229	2	3
133.923	2230	4	3
134.099	2231	3	2
134.099	2232	4	2
134.099	2233	1	3
134.187	2234	3	3
134.276	2235	3	2
134.276	2236	4	3
134.364	2237	1	2
134.452	2238	2	1
134.452	2239	4	1
134.452	2240	3	3
134.540	2241	3	2
134.629	2242	4	2
134.629	2243	1	3
134.629	2244	3	3
134.805	2245	1	1
134.805	2246	2	1
134.805	2247	4	3
134.893	2248	3	2
135.070	2249	2	1
135.070	2250	3	3
135.158	2251	1	1
135.158	2252	4	2
135.246	2253	4	3
135.335	2254	1	2
135.423	2255	4	1
135.423	2256	1	3
135.511	2257	2	1
135.511	2258	3	2
135.599	2259	1	1
135.599	2260	3	3
135.687	2261	3	1
135.687	2262	4	2
135.776	2263	4	3
135.864	2264	1	1
135.864	2265	2	1
135.864	2266	4	2
136.040	2267	1	2
136.129	2268	4	3
136.217	2269	2	1
136.217	2270	3	1
136.217	2271	4	1
136.217	2272	1	3