Song Name	God ASK by naruto2413 (feat. Aya Mashiro)
Title	God ASK
Artist	naruto2413 (feat. Aya Mashiro)
Description	From the artist: [this track] expresses the same themes as the previous work 'My lonely excuse that is too convenient' from a different perspective. Known in Japanese as 'Kamisama ASK'. Map by Rushiliate.
Difficulty	15
Primary Color	Beat
Secondary Color	Rush
Cover Image ID	7676115344
Audio Asset ID	rbxassetid://9061152514
Audio File	9061152514.ogg
Last Note Time	128.804
Total Notes	942
Fever Fill	240
Fever Time	19.320600
Long Notes	222
BPM	140
Song Length	129.804000000

Timing Points
0.662	428.571429
91.519	428.571429
127.519	428.571429


Song Data
0.233	1	2	1
0.447	2	3	1
0.662	3	2	1
0.662	4	1	1
0.662	5	4	2
1.090	6	4	3
1.090	7	3	1
1.090	8	1	1
1.304	9	2	2
1.519	10	2	3
1.519	11	3	2
1.840	12	3	3
1.840	13	4	2
2.162	14	4	3
1.947	15	2	1
1.947	16	1	1
2.162	17	2	2
2.376	18	2	3
2.376	19	4	2
2.697	20	4	3
2.697	21	3	2
3.019	22	3	3
2.804	23	1	1
2.804	24	2	1
3.019	25	1	2
3.233	26	1	3
3.126	27	4	1
3.233	28	3	2
3.662	29	3	3
3.340	30	4	1
3.662	31	1	1
3.662	32	2	1
4.090	33	3	2
4.519	34	3	3
4.519	35	4	2
4.947	36	4	3
4.519	37	1	1
4.947	38	3	2
5.269	39	3	3
5.269	40	2	2
5.590	41	2	3
5.376	42	4	1
5.376	43	3	1
5.590	44	1	2
5.804	45	1	3
5.804	46	2	2
6.662	47	2	3
6.233	48	3	1
6.233	49	4	1
6.554	50	4	1
6.769	51	4	1
7.090	52	1	1
7.090	53	2	1
7.304	54	3	1
7.519	55	2	1
7.519	56	1	1
7.519	57	4	2
7.947	58	4	3
7.947	59	3	1
7.947	60	1	1
8.162	61	2	2
8.376	62	2	3
8.376	63	3	2
8.697	64	3	3
8.697	65	4	2
9.019	66	4	3
8.804	67	2	1
8.804	68	1	1
9.019	69	2	2
9.233	70	2	3
9.233	71	4	2
9.554	72	4	3
9.554	73	3	2
9.876	74	3	3
9.662	75	1	1
9.662	76	2	1
9.876	77	1	2
10.519	78	1	3
9.983	79	4	1
10.197	80	4	1
10.519	81	4	1
10.519	82	3	1
10.947	83	3	2
11.376	84	3	3
11.376	85	4	2
11.804	86	4	3
11.376	87	1	1
11.804	88	3	2
12.126	89	3	3
12.126	90	1	2
12.447	91	1	3
12.233	92	4	1
12.233	93	3	1
12.447	94	2	2
12.662	95	2	3
12.662	96	4	2
13.519	97	4	3
13.090	98	2	1
13.090	99	1	1
13.412	100	1	1
13.626	101	1	1
13.947	102	2	1
13.947	103	1	1
14.162	104	3	1
14.376	105	2	1
14.376	106	4	2
14.804	107	4	3
14.376	108	1	1
14.804	109	1	1
14.804	110	3	1
15.019	111	2	2
15.233	112	2	3
15.233	113	3	2
15.554	114	3	3
15.554	115	4	2
15.876	116	4	3
15.662	117	1	1
15.662	118	2	1
15.876	119	2	2
16.090	120	2	3
16.090	121	4	2
16.412	122	4	3
16.412	123	3	2
16.733	124	3	3
16.519	125	2	1
16.519	126	1	1
16.733	127	1	2
17.376	128	1	3
16.840	129	4	1
17.054	130	4	1
17.376	131	4	1
17.376	132	3	1
17.804	133	3	2
18.233	134	3	3
18.233	135	1	1
18.233	136	4	2
18.662	137	4	3
18.662	138	2	1
18.876	139	3	2
19.304	140	3	3
19.090	141	1	1
19.090	142	4	1
19.304	143	2	2
19.519	144	2	3
19.519	145	1	2
20.376	146	1	3
19.947	147	4	1
19.947	148	3	1
20.269	149	4	1
20.483	150	4	1
20.804	151	1	1
20.804	152	2	1
21.233	153	4	1
21.233	154	1	1
21.233	155	3	2
21.662	156	3	3
21.662	157	1	1
21.662	158	2	2
22.304	159	2	3
22.090	160	4	1
22.304	161	3	2
22.733	162	3	3
22.519	163	1	1
22.519	164	2	1
22.733	165	4	2
22.947	166	4	3
22.947	167	3	2
23.590	168	3	3
22.947	169	1	1
22.947	170	2	1
23.376	171	1	1
23.376	172	2	1
23.697	173	4	1
23.912	174	4	1
24.019	175	2	2
24.447	176	2	3
24.233	177	4	1
24.233	178	3	1
24.447	179	3	2
24.662	180	3	3
24.662	181	1	1
24.662	182	2	1
24.662	183	4	2
25.304	184	4	3
25.090	185	2	1
25.090	186	3	1
25.304	187	1	2
25.519	188	1	3
25.519	189	3	2
25.840	190	3	3
25.840	191	2	2
26.162	192	2	3
25.947	193	4	1
25.947	194	3	1
26.162	195	3	2
26.376	196	3	3
26.376	197	1	1
26.376	198	2	1
26.376	199	4	2
26.804	200	4	3
26.804	201	2	1
26.804	202	3	1
27.019	203	1	2
27.233	204	1	3
27.126	205	4	1
27.233	206	3	2
27.554	207	3	3
27.340	208	2	1
27.554	209	2	2
27.876	210	2	3
27.662	211	4	1
27.662	212	3	1
27.876	213	3	2
28.090	214	3	3
28.090	215	2	1
28.090	216	1	1
28.090	217	4	2
30.662	218	4	3
28.519	219	1	1
28.519	220	2	1
28.947	221	3	1
28.947	222	2	1
29.376	223	1	1
29.376	224	2	1
29.804	225	3	1
29.804	226	2	1
30.233	227	1	1
30.233	228	2	1
30.554	229	1	1
30.769	230	1	1
31.090	231	4	1
31.090	232	3	1
31.519	233	1	1
31.519	234	2	1
31.519	235	3	2
33.233	236	3	3
31.947	237	4	1
31.947	238	2	1
32.376	239	1	1
32.376	240	2	1
32.804	241	4	1
32.804	242	2	1
33.233	243	1	1
33.233	244	2	1
33.662	245	3	1
33.662	246	4	1
33.983	247	1	1
34.090	248	4	2
34.519	249	4	3
34.197	250	1	1
34.519	251	1	1
34.519	252	3	2
34.733	253	3	3
34.733	254	2	2
34.947	255	2	3
34.947	256	4	1
34.947	257	3	1
34.947	258	1	2
36.233	259	1	3
35.376	260	2	1
35.376	261	3	1
35.804	262	3	1
35.804	263	4	1
36.233	264	2	1
36.233	265	3	1
36.662	266	1	1
36.662	267	4	2
37.947	268	4	3
37.090	269	3	1
37.090	270	2	1
37.412	271	1	1
37.626	272	1	1
37.947	273	3	1
37.947	274	2	1
38.376	275	1	1
38.376	276	2	1
38.376	277	4	2
40.090	278	4	3
38.804	279	3	1
38.804	280	2	1
39.233	281	1	1
39.233	282	2	1
39.662	283	3	1
39.662	284	2	1
40.090	285	2	1
40.090	286	1	2
41.804	287	1	3
40.519	288	4	1
40.519	289	3	1
40.840	290	2	1
41.054	291	2	1
41.376	292	4	1
41.376	293	3	1
41.804	294	2	1
41.804	295	3	2
43.519	296	3	3
42.233	297	4	1
42.233	298	2	1
42.662	299	1	1
42.662	300	2	1
43.090	301	4	1
43.090	302	2	1
43.519	303	1	1
43.519	304	2	2
44.162	305	2	3
43.947	306	4	1
43.947	307	3	1
44.269	308	4	1
44.376	309	1	2
45.233	310	1	3
44.483	311	4	1
44.804	312	3	1
44.804	313	2	1
45.233	314	2	1
45.233	315	3	1
45.233	316	4	2
46.947	317	4	3
45.662	318	1	1
45.662	319	2	1
46.090	320	3	1
46.090	321	2	1
46.519	322	1	1
46.519	323	2	1
46.947	324	2	1
46.947	325	1	2
48.662	326	1	3
47.376	327	4	1
47.376	328	3	1
47.697	329	2	1
47.912	330	2	1
48.233	331	4	1
48.233	332	3	1
48.662	333	2	1
48.662	334	3	2
50.376	335	3	3
49.090	336	4	1
49.090	337	2	1
49.519	338	1	1
49.519	339	2	1
49.947	340	4	1
49.947	341	2	1
50.376	342	1	1
50.376	343	4	2
51.662	344	4	3
50.804	345	3	1
50.804	346	2	1
51.126	347	1	1
51.340	348	1	1
51.662	349	3	1
51.662	350	2	1
52.090	351	4	1
52.090	352	1	1
52.090	353	2	2
53.804	354	2	3
52.519	355	4	1
52.519	356	3	1
52.947	357	1	1
52.947	358	3	1
53.376	359	4	1
53.376	360	3	1
53.804	361	3	1
53.804	362	1	2
55.519	363	1	3
54.233	364	4	1
54.233	365	3	1
54.554	366	2	1
54.769	367	2	1
55.090	368	4	1
55.090	369	3	1
55.519	370	4	1
55.519	371	3	1
55.519	372	2	2
57.233	373	2	3
55.947	374	1	1
55.947	375	3	1
56.376	376	4	1
56.376	377	3	1
56.804	378	1	1
56.804	379	3	1
57.233	380	1	1
57.233	381	4	1
57.233	382	3	2
58.947	383	3	3
57.662	384	4	1
57.662	385	2	1
57.983	386	1	1
58.197	387	1	1
58.519	388	4	1
58.519	389	2	1
58.947	390	1	1
58.947	391	2	1
58.947	392	4	2
61.519	393	4	3
59.376	394	2	1
59.376	395	3	1
59.804	396	1	1
59.804	397	2	1
60.233	398	3	1
60.233	399	2	1
60.662	400	1	1
60.662	401	3	2
61.519	402	3	3
61.090	403	1	1
61.090	404	2	1
61.519	405	2	1
61.519	406	1	1
61.733	407	4	1
61.733	408	3	1
61.733	409	2	1
62.054	410	4	1
62.054	411	1	1
62.054	412	2	1
62.376	413	1	1
62.376	414	2	1
62.376	415	3	1
62.590	416	1	2
62.804	417	1	3
62.804	418	4	1
62.804	419	2	2
63.019	420	2	3
63.019	421	3	2
63.233	422	3	3
63.233	423	4	2
63.554	424	4	3
63.554	425	3	2
63.876	426	3	3
63.662	427	1	1
63.662	428	2	1
63.876	429	2	2
64.090	430	2	3
64.090	431	4	1
64.304	432	1	2
64.519	433	1	3
64.519	434	4	1
64.519	435	2	2
64.733	436	2	3
64.733	437	3	2
64.947	438	3	3
64.840	439	1	1
64.947	440	4	2
65.269	441	4	3
65.054	442	1	1
65.269	443	3	2
65.590	444	3	3
65.376	445	1	1
65.376	446	2	1
65.590	447	2	2
65.804	448	2	3
65.804	449	4	1
66.019	450	1	2
66.233	451	1	3
66.233	452	4	1
66.233	453	2	2
66.447	454	2	3
66.447	455	3	2
66.662	456	3	3
66.662	457	4	2
66.983	458	4	3
66.983	459	3	2
67.304	460	3	3
67.090	461	1	1
67.090	462	2	1
67.304	463	2	2
67.519	464	2	3
67.519	465	4	1
67.519	466	3	2
67.840	467	3	3
67.840	468	1	2
68.162	469	1	3
67.947	470	4	1
67.947	471	3	1
68.162	472	3	2
68.376	473	3	3
68.269	474	1	1
68.376	475	4	2
68.804	476	4	3
68.483	477	1	1
68.804	478	1	1
68.804	479	2	1
69.233	480	1	1
69.233	481	2	1
69.233	482	3	1
69.447	483	1	2
69.662	484	1	3
69.662	485	4	1
69.662	486	2	2
69.876	487	2	3
69.876	488	3	2
70.090	489	3	3
70.090	490	4	2
70.412	491	4	3
70.412	492	3	2
70.733	493	3	3
70.519	494	1	1
70.519	495	2	1
70.733	496	2	2
70.947	497	2	3
70.947	498	4	1
71.162	499	1	2
71.376	500	1	3
71.376	501	4	1
71.376	502	2	2
71.590	503	2	3
71.590	504	3	2
71.804	505	3	3
71.697	506	1	1
71.804	507	4	2
72.126	508	4	3
71.912	509	1	1
72.126	510	3	2
72.447	511	3	3
72.233	512	1	1
72.233	513	2	1
72.447	514	2	2
72.662	515	2	3
72.662	516	4	1
72.876	517	1	2
73.090	518	1	3
73.090	519	4	1
73.090	520	2	2
73.304	521	2	3
73.304	522	3	2
73.519	523	3	3
73.519	524	1	1
73.519	525	4	2
73.840	526	4	3
73.840	527	3	2
74.162	528	3	3
73.947	529	1	1
73.947	530	2	1
74.162	531	2	2
74.376	532	2	3
74.376	533	3	2
74.697	534	3	3
74.697	535	2	2
75.019	536	2	3
74.804	537	4	1
74.804	538	3	1
75.019	539	3	2
75.233	540	3	3
75.126	541	1	1
75.233	542	4	2
75.662	543	4	3
75.340	544	1	1
75.662	545	1	1
75.662	546	2	1
76.090	547	4	2
76.519	548	4	3
76.090	549	2	1
76.090	550	1	1
76.519	551	1	1
76.519	552	3	2
76.947	553	3	3
76.947	554	4	2
77.269	555	4	3
77.269	556	1	2
77.590	557	1	3
77.376	558	4	1
77.376	559	3	1
77.590	560	2	2
77.804	561	2	3
77.804	562	4	2
78.126	563	4	3
78.126	564	3	2
78.447	565	3	3
78.233	566	1	1
78.233	567	2	1
78.447	568	2	2
78.662	569	2	3
78.554	570	4	1
78.662	571	3	2
78.876	572	3	3
78.769	573	4	1
79.090	574	3	1
79.090	575	1	1
79.304	576	2	2
79.519	577	2	3
79.519	578	3	2
79.947	579	3	3
79.947	580	1	1
79.947	581	2	1
80.376	582	4	2
80.697	583	4	3
80.697	584	3	2
81.019	585	3	3
80.804	586	1	1
80.804	587	2	1
81.019	588	2	2
81.233	589	2	3
81.233	590	1	1
81.233	591	4	1
81.233	592	3	2
81.876	593	3	3
81.662	594	1	1
81.662	595	2	1
81.983	596	4	1
82.090	597	1	1
82.090	598	2	1
82.090	599	3	1
82.197	600	4	1
82.519	601	3	1
82.519	602	1	1
82.733	603	2	1
82.840	604	3	1
82.947	605	1	1
82.947	606	2	1
82.947	607	4	2
83.376	608	4	3
83.376	609	1	1
83.376	610	2	1
83.590	611	3	2
83.804	612	3	3
83.804	613	4	2
84.126	614	4	3
84.126	615	3	2
84.447	616	3	3
84.233	617	1	1
84.233	618	2	1
84.447	619	2	2
84.662	620	2	3
84.662	621	4	2
85.519	622	4	3
85.090	623	1	1
85.090	624	2	1
85.412	625	1	1
85.626	626	1	1
85.947	627	4	1
85.947	628	3	1
86.162	629	2	1
86.269	630	3	1
86.376	631	4	2
86.590	632	4	3
86.590	633	2	2
86.804	634	2	3
86.804	635	1	1
86.804	636	4	2
87.019	637	4	3
87.233	638	3	2
87.554	639	3	3
87.554	640	2	2
87.876	641	2	3
87.662	642	4	1
87.662	643	3	1
87.876	644	4	2
88.090	645	4	3
88.090	646	3	1
88.090	647	2	1
88.090	648	1	2
89.804	649	1	3
88.519	650	4	1
88.519	651	3	1
88.840	652	2	1
89.054	653	2	1
89.376	654	4	1
89.376	655	3	1
89.804	656	3	1
89.804	657	2	1
89.912	658	4	1
90.233	659	1	1
90.233	660	2	1
90.662	661	4	1
90.769	662	3	1
90.876	663	2	1
90.983	664	1	1
91.090	665	2	2
91.304	666	2	3
91.304	667	3	2
91.519	668	3	3
91.519	669	4	2
91.947	670	4	3
91.519	671	1	1
91.519	672	2	1
91.947	673	1	1
91.947	674	3	1
92.162	675	2	2
92.376	676	2	3
92.376	677	3	2
92.697	678	3	3
92.697	679	4	2
93.019	680	4	3
92.804	681	1	1
92.804	682	2	1
93.019	683	2	2
93.233	684	2	3
93.233	685	4	2
93.554	686	4	3
93.554	687	3	2
93.876	688	3	3
93.662	689	2	1
93.662	690	1	1
93.876	691	1	2
94.090	692	1	3
93.983	693	4	1
94.090	694	3	2
94.519	695	3	3
94.197	696	4	1
94.519	697	2	1
94.519	698	1	1
94.947	699	3	2
95.376	700	3	3
95.376	701	1	1
95.376	702	4	2
95.804	703	4	3
95.804	704	3	2
96.126	705	3	3
96.126	706	2	2
96.447	707	2	3
96.233	708	3	1
96.233	709	4	1
96.447	710	1	2
96.662	711	1	3
96.662	712	2	2
97.519	713	2	3
97.090	714	4	1
97.090	715	3	1
97.412	716	4	1
97.626	717	4	1
97.947	718	2	1
97.947	719	1	1
98.162	720	3	1
98.376	721	4	2
98.804	722	4	3
98.376	723	1	1
98.376	724	2	1
98.804	725	1	1
98.804	726	3	1
99.019	727	2	2
99.233	728	2	3
99.233	729	3	2
99.554	730	3	3
99.554	731	4	2
99.876	732	4	3
99.662	733	1	1
99.662	734	2	1
99.876	735	2	2
100.090	736	2	3
100.090	737	4	2
100.412	738	4	3
100.412	739	3	2
100.733	740	3	3
100.519	741	2	1
100.519	742	1	1
100.733	743	1	2
101.376	744	1	3
100.840	745	4	1
101.054	746	4	1
101.376	747	3	1
101.376	748	4	1
101.804	749	3	2
102.233	750	3	3
102.233	751	1	1
102.233	752	4	2
102.662	753	4	3
102.662	754	3	2
102.983	755	3	3
102.983	756	1	2
103.304	757	1	3
103.090	758	3	1
103.090	759	4	1
103.304	760	2	2
103.519	761	2	3
103.519	762	4	2
104.162	763	4	3
103.947	764	1	1
103.947	765	2	1
104.269	766	1	1
104.376	767	4	1
104.376	768	3	1
104.376	769	2	1
104.483	770	1	1
104.804	771	2	2
105.019	772	2	3
104.804	773	1	1
105.019	774	3	2
105.233	775	3	3
105.233	776	1	1
105.233	777	4	2
105.662	778	4	3
105.233	779	2	1
105.662	780	3	1
105.662	781	1	1
105.876	782	2	2
106.090	783	2	3
106.090	784	3	2
106.412	785	3	3
106.412	786	4	2
106.733	787	4	3
106.519	788	2	1
106.519	789	1	1
106.733	790	2	2
106.947	791	2	3
106.947	792	4	2
107.269	793	4	3
107.269	794	3	2
107.590	795	3	3
107.376	796	1	1
107.376	797	2	1
107.590	798	1	2
108.233	799	1	3
107.697	800	4	1
107.912	801	4	1
108.233	802	3	1
108.233	803	4	1
108.662	804	3	2
109.090	805	3	3
109.090	806	4	2
109.519	807	4	3
109.090	808	1	1
109.519	809	2	1
109.733	810	3	2
110.162	811	3	3
109.947	812	4	1
109.947	813	1	1
110.162	814	2	2
110.376	815	2	3
110.376	816	1	2
111.233	817	1	3
110.804	818	3	1
110.804	819	4	1
111.126	820	4	1
111.340	821	4	1
111.662	822	2	1
111.662	823	1	1
112.090	824	3	2
112.519	825	3	3
112.090	826	1	1
112.090	827	4	1
112.519	828	2	2
113.162	829	2	3
112.519	830	1	1
112.947	831	4	1
113.162	832	3	2
113.590	833	3	3
113.376	834	2	1
113.376	835	1	1
113.590	836	4	2
113.804	837	4	3
113.804	838	3	2
114.447	839	3	3
114.233	840	2	1
114.233	841	1	1
114.554	842	4	1
114.769	843	4	1
114.876	844	2	2
115.304	845	2	3
115.090	846	3	1
115.090	847	4	1
115.304	848	3	2
115.519	849	3	3
115.519	850	4	2
116.162	851	4	3
115.519	852	2	1
115.519	853	1	1
115.947	854	3	1
115.947	855	2	1
116.162	856	1	2
116.376	857	1	3
116.376	858	3	2
116.697	859	3	3
116.697	860	2	2
117.019	861	2	3
116.804	862	3	1
116.804	863	4	1
117.019	864	3	2
117.233	865	3	3
117.233	866	4	2
117.662	867	4	3
117.662	868	3	1
117.662	869	2	1
117.876	870	1	2
118.090	871	1	3
117.983	872	4	1
118.090	873	3	2
118.412	874	3	3
118.197	875	2	1
118.412	876	2	2
118.733	877	2	3
118.519	878	3	1
118.519	879	4	1
118.733	880	3	2
118.947	881	3	3
118.947	882	4	2
121.519	883	4	3
118.947	884	1	1
118.947	885	2	1
119.376	886	2	1
119.376	887	1	1
119.804	888	2	1
119.804	889	3	1
120.233	890	2	1
120.233	891	1	1
120.662	892	2	1
120.662	893	3	1
121.090	894	2	1
121.090	895	1	1
121.412	896	1	1
121.626	897	1	1
121.947	898	3	1
121.947	899	4	1
122.376	900	3	2
124.090	901	3	3
122.376	902	2	1
122.376	903	1	1
122.804	904	2	1
122.804	905	4	1
123.233	906	2	1
123.233	907	1	1
123.662	908	2	1
123.662	909	4	1
124.090	910	2	1
124.090	911	1	1
124.519	912	4	1
124.519	913	3	1
124.840	914	1	1
124.947	915	4	2
125.269	916	4	3
125.054	917	1	1
125.269	918	3	2
125.590	919	3	3
125.376	920	2	1
125.376	921	1	1
125.590	922	2	2
125.804	923	2	3
125.804	924	1	2
127.090	925	1	3
125.804	926	3	1
125.804	927	4	1
126.233	928	3	1
126.233	929	2	1
126.554	930	4	1
126.769	931	4	1
127.090	932	3	1
127.090	933	2	1
127.519	934	1	1
127.733	935	2	1
127.947	936	4	1
128.162	937	1	1
128.269	938	2	1
128.376	939	3	1
128.483	940	4	1
128.590	941	2	1
128.804	942	4	1