Song Name	Hanami Dango and Drinking Frenzy (Hard) by AAAA
Difficulty	27
Primary Color	Flow
Secondary Color	Chill
Last Note Time	126.008
Total Notes	1826
Fever Fill	421
Fever Time	18.901200
Long Notes	564
BPM	161
Song Length	126.535918367

Timing Points
0.030	405.405405
42.192	270.270270
64.894	405.405405


Song Data
0.030	1	2	1
0.030	2	3	2
0.030	3	4	1
0.232	4	4	1
0.334	5	1	2
0.334	6	3	3
0.435	7	2	1
0.435	8	3	2
0.435	9	1	3
0.638	10	4	2
0.638	11	3	3
0.840	12	1	1
0.840	13	2	2
0.840	14	4	3
0.942	15	2	3
1.043	16	2	1
1.111	17	4	1
1.178	18	1	1
1.246	19	3	2
1.246	20	4	1
1.347	21	3	3
1.448	22	2	2
1.550	23	2	3
1.651	24	1	2
1.651	25	3	1
1.854	26	4	1
1.955	27	3	2
1.955	28	1	3
2.057	29	1	2
2.057	30	2	1
2.057	31	3	3
2.158	32	1	3
2.259	33	4	1
2.327	34	3	1
2.394	35	1	1
2.462	36	2	1
2.462	37	4	2
2.665	38	1	2
2.665	39	2	1
2.766	40	1	3
2.867	41	1	2
2.867	42	2	1
2.969	43	3	1
2.969	44	1	3
3.070	45	1	1
3.070	46	4	3
3.273	47	3	2
3.273	48	4	1
3.577	49	1	2
3.577	50	3	3
3.678	51	2	1
3.678	52	3	2
3.678	53	1	3
3.881	54	4	2
3.881	55	3	3
4.084	56	1	1
4.084	57	2	2
4.084	58	4	3
4.185	59	2	3
4.286	60	3	1
4.354	61	4	1
4.421	62	1	1
4.489	63	2	1
4.489	64	3	2
4.590	65	3	3
4.692	66	4	2
4.793	67	4	3
4.894	68	1	2
4.894	69	2	1
5.097	70	3	1
5.097	71	4	2
5.198	72	2	2
5.198	73	4	3
5.300	74	4	2
5.300	75	2	3
5.502	76	2	1
5.502	77	3	2
5.502	78	4	3
5.604	79	4	2
5.604	80	3	3
5.705	81	3	2
5.705	82	1	3
5.705	83	4	3
5.908	84	2	2
5.908	85	4	1
5.908	86	3	3
5.975	87	1	1
6.009	88	2	3
6.043	89	3	1
6.111	90	2	2
6.111	91	4	1
6.212	92	2	3
6.313	93	1	1
6.313	94	3	1
6.415	95	3	1
6.516	96	1	1
6.516	97	2	2
6.516	98	4	1
6.719	99	1	1
6.820	100	4	2
6.820	101	2	3
6.921	102	2	2
6.921	103	3	1
6.921	104	4	3
7.124	105	1	2
7.124	106	2	3
7.327	107	3	2
7.327	108	4	1
7.327	109	1	3
7.428	110	3	3
7.529	111	3	1
7.597	112	1	1
7.665	113	4	1
7.732	114	1	1
7.732	115	2	2
7.834	116	2	3
7.935	117	3	2
8.036	118	3	3
8.138	119	2	1
8.138	120	4	2
8.340	121	1	1
8.442	122	2	2
8.442	123	4	3
8.543	124	3	1
8.543	125	4	2
8.543	126	2	3
8.644	127	4	3
8.746	128	1	1
8.813	129	2	1
8.881	130	4	1
8.948	131	1	2
8.948	132	3	1
9.151	133	3	1
9.151	134	4	2
9.252	135	1	3
9.252	136	4	3
9.354	137	3	1
9.354	138	4	2
9.455	139	1	1
9.455	140	4	3
9.557	141	2	2
9.658	142	2	3
9.759	143	1	2
9.759	144	4	1
9.861	145	3	1
9.962	146	4	1
10.165	147	2	1
10.165	148	3	2
10.165	149	1	3
10.266	150	3	3
10.367	151	1	2
10.469	152	1	3
10.570	153	3	1
10.570	154	4	2
10.773	155	2	1
10.773	156	4	3
10.840	157	3	1
10.908	158	1	1
10.975	159	2	2
10.975	160	4	1
11.077	161	2	3
11.178	162	4	2
11.279	163	4	3
11.381	164	1	2
11.381	165	2	1
11.584	166	4	2
11.685	167	2	2
11.685	168	4	3
11.786	169	3	2
11.786	170	4	1
11.786	171	2	3
11.888	172	2	2
11.989	173	4	1
11.989	174	2	3
11.989	175	3	3
12.090	176	4	1
12.192	177	2	2
12.192	178	3	2
12.192	179	1	3
12.293	180	2	3
12.394	181	1	1
12.394	182	2	1
12.394	183	3	3
12.597	184	1	2
12.597	185	2	2
12.597	186	3	2
12.698	187	3	3
12.800	188	3	1
12.800	189	2	3
12.901	190	3	1
12.901	191	1	3
13.002	192	1	2
13.002	193	2	1
13.002	194	4	2
13.205	195	1	3
13.205	196	4	3
13.408	197	2	2
13.408	198	4	1
13.611	199	4	1
13.712	200	4	1
13.813	201	1	2
13.813	202	3	1
13.813	203	2	3
14.016	204	4	1
14.219	205	3	2
14.219	206	4	1
14.219	207	1	3
14.421	208	2	1
14.523	209	2	1
14.624	210	1	1
14.624	211	4	2
14.624	212	3	3
14.827	213	1	1
14.928	214	2	2
14.928	215	4	3
15.029	216	3	1
15.029	217	4	2
15.029	218	2	3
15.131	219	4	3
15.232	220	3	1
15.334	221	3	1
15.435	222	1	2
15.435	223	2	1
15.638	224	4	1
15.840	225	2	1
15.840	226	3	1
15.840	227	1	3
16.043	228	3	2
16.144	229	2	2
16.144	230	3	3
16.246	231	1	1
16.246	232	4	2
16.246	233	2	3
16.448	234	1	1
16.448	235	4	3
16.516	236	3	1
16.584	237	1	1
16.651	238	2	1
16.651	239	4	2
16.752	240	4	3
16.854	241	3	1
16.955	242	3	1
17.057	243	1	2
17.057	244	2	1
17.259	245	3	2
17.259	246	1	3
17.361	247	3	3
17.462	248	2	1
17.462	249	4	1
17.529	250	1	1
17.597	251	4	1
17.665	252	2	1
17.766	253	2	1
17.867	254	3	2
17.867	255	4	1
18.070	256	1	2
18.171	257	4	2
18.171	258	1	3
18.273	259	1	2
18.273	260	2	1
18.273	261	4	3
18.475	262	2	2
18.475	263	1	3
18.577	264	1	2
18.577	265	2	3
18.678	266	2	2
18.678	267	4	1
18.678	268	1	3
18.678	269	3	3
18.881	270	3	1
18.881	271	4	2
18.881	272	2	3
18.948	273	1	1
18.982	274	4	3
19.016	275	2	1
19.084	276	3	1
19.084	277	4	2
19.185	278	4	3
19.286	279	2	1
19.286	280	3	1
19.388	281	3	1
19.489	282	1	2
19.489	283	2	1
19.489	284	4	2
19.692	285	1	3
19.692	286	4	3
19.894	287	1	1
19.894	288	3	2
20.097	289	1	1
20.198	290	1	1
20.300	291	2	1
20.300	292	4	2
20.300	293	3	3
20.502	294	1	1
20.705	295	1	1
20.705	296	2	2
20.705	297	4	3
20.908	298	3	1
21.009	299	3	1
21.111	300	1	2
21.111	301	4	1
21.111	302	2	3
21.313	303	4	1
21.415	304	3	2
21.415	305	1	3
21.516	306	1	2
21.516	307	2	1
21.516	308	3	3
21.617	309	1	3
21.719	310	2	1
21.820	311	2	1
21.921	312	3	1
21.921	313	4	2
22.124	314	1	1
22.327	315	2	1
22.327	316	3	1
22.327	317	4	3
22.529	318	2	2
22.631	319	3	2
22.631	320	2	3
22.732	321	1	2
22.732	322	4	1
22.732	323	3	3
22.935	324	4	1
22.935	325	1	3
23.002	326	2	1
23.070	327	4	1
23.138	328	1	1
23.138	329	3	2
23.239	330	3	3
23.340	331	2	1
23.442	332	2	1
23.543	333	3	1
23.543	334	4	2
23.644	335	4	3
23.746	336	2	2
23.847	337	2	3
23.948	338	1	1
23.948	339	3	2
24.050	340	3	3
24.151	341	1	1
24.252	342	1	1
24.354	343	3	1
24.354	344	4	2
24.557	345	1	2
24.658	346	3	2
24.658	347	1	3
24.759	348	1	1
24.759	349	2	2
24.759	350	3	3
24.861	351	3	2
24.962	352	1	1
24.962	353	2	3
24.962	354	3	3
25.063	355	1	1
25.165	356	2	2
25.165	357	3	2
25.165	358	4	3
25.266	359	3	3
25.367	360	3	1
25.367	361	4	1
25.367	362	2	3
25.570	363	2	2
25.570	364	3	2
25.570	365	4	2
25.671	366	2	3
25.773	367	2	1
25.773	368	3	3
25.874	369	2	1
25.874	370	4	3
25.975	371	1	2
25.975	372	3	1
25.975	373	4	2
26.178	374	1	3
26.178	375	4	3
26.381	376	1	1
26.381	377	3	2
26.584	378	1	1
26.685	379	1	1
26.786	380	2	1
26.786	381	4	2
26.786	382	3	3
26.989	383	1	1
27.192	384	1	1
27.192	385	2	2
27.192	386	4	3
27.394	387	3	1
27.496	388	3	1
27.597	389	1	2
27.597	390	4	1
27.597	391	2	3
27.800	392	4	1
27.901	393	3	2
27.901	394	1	3
28.002	395	1	2
28.002	396	2	1
28.002	397	3	3
28.104	398	1	3
28.205	399	2	1
28.307	400	2	1
28.408	401	3	1
28.408	402	4	2
28.611	403	1	1
28.813	404	2	1
28.813	405	3	1
28.813	406	4	3
29.016	407	2	2
29.117	408	3	2
29.117	409	2	3
29.219	410	1	2
29.219	411	4	1
29.219	412	3	3
29.421	413	4	1
29.421	414	1	3
29.489	415	2	1
29.557	416	4	1
29.624	417	1	2
29.624	418	3	1
29.725	419	1	3
29.827	420	2	1
29.928	421	2	1
30.029	422	3	1
30.029	423	4	2
30.232	424	2	2
30.232	425	4	3
30.334	426	2	3
30.435	427	1	1
30.435	428	3	1
30.502	429	4	1
30.570	430	1	1
30.638	431	3	1
30.739	432	3	1
30.840	433	1	1
30.840	434	2	2
31.043	435	4	2
31.144	436	1	2
31.144	437	4	3
31.246	438	3	1
31.246	439	4	2
31.246	440	1	3
31.448	441	3	2
31.448	442	4	3
31.550	443	4	2
31.550	444	3	3
31.651	445	1	1
31.651	446	3	2
31.651	447	2	3
31.651	448	4	3
31.854	449	1	2
31.854	450	2	1
31.854	451	3	3
31.921	452	4	1
31.955	453	1	3
31.989	454	3	1
32.057	455	1	2
32.057	456	2	1
32.158	457	1	3
32.259	458	2	1
32.259	459	3	1
32.361	460	2	1
32.462	461	1	2
32.462	462	3	1
32.462	463	4	2
32.665	464	3	1
32.665	465	1	3
32.766	466	2	2
32.766	467	4	3
32.867	468	1	1
32.867	469	4	2
32.867	470	2	3
33.070	471	1	1
33.171	472	2	2
33.171	473	4	3
33.273	474	3	1
33.273	475	4	2
33.273	476	2	3
33.374	477	4	3
33.475	478	3	2
33.577	479	4	2
33.678	480	1	2
33.678	481	2	1
33.678	482	3	3
33.678	483	4	3
33.779	484	1	3
33.881	485	2	1
33.982	486	2	1
34.084	487	3	2
34.084	488	4	1
34.286	489	1	2
34.388	490	1	3
34.388	491	3	3
34.489	492	2	2
34.489	493	4	2
34.590	494	2	3
34.590	495	4	3
34.692	496	2	1
34.692	497	3	2
34.793	498	2	1
34.793	499	3	3
34.894	500	1	2
34.894	501	3	2
34.996	502	3	3
35.097	503	3	1
35.198	504	1	3
35.300	505	1	1
35.300	506	4	1
35.502	507	3	2
35.604	508	1	2
35.604	509	3	3
35.705	510	2	1
35.705	511	3	2
35.705	512	4	2
35.705	513	1	3
35.807	514	4	3
35.908	515	4	1
35.975	516	1	1
36.009	517	3	3
36.043	518	4	1
36.111	519	2	2
36.111	520	3	2
36.212	521	2	3
36.212	522	3	3
36.313	523	2	2
36.415	524	2	3
36.516	525	1	2
36.516	526	3	1
36.719	527	4	1
36.820	528	3	2
36.820	529	1	3
36.921	530	1	2
36.921	531	2	1
36.921	532	3	3
37.023	533	1	3
37.124	534	2	2
37.225	535	1	1
37.225	536	2	3
37.327	537	3	1
37.327	538	4	2
37.529	539	2	2
37.529	540	4	3
37.631	541	4	2
37.631	542	2	3
37.732	543	2	2
37.732	544	3	1
37.732	545	4	3
37.834	546	2	3
37.935	547	1	2
38.036	548	1	3
38.138	549	2	1
38.138	550	3	2
38.340	551	2	1
38.340	552	4	2
38.340	553	3	3
38.442	554	4	3
38.543	555	1	1
38.543	556	3	1
38.611	557	4	1
38.678	558	1	1
38.746	559	2	1
38.746	560	3	1
38.847	561	2	1
38.948	562	1	2
38.948	563	3	1
38.948	564	4	1
39.151	565	2	2
39.252	566	4	2
39.252	567	2	3
39.354	568	2	1
39.354	569	3	2
39.354	570	4	3
39.455	571	4	2
39.455	572	3	3
39.557	573	2	2
39.557	574	4	3
39.658	575	3	2
39.658	576	2	3
39.759	577	2	1
39.759	578	4	2
39.759	579	1	3
39.759	580	3	3
39.861	581	3	2
39.861	582	4	3
39.962	583	1	2
39.962	584	3	3
40.063	585	2	2
40.063	586	1	3
40.165	587	3	1
40.165	588	4	2
40.165	589	2	3
40.266	590	1	2
40.367	591	3	2
40.367	592	1	3
40.367	593	4	3
40.469	594	2	2
40.570	595	1	1
40.570	596	4	1
40.570	597	2	3
40.570	598	3	3
40.773	599	1	2
40.773	600	2	2
40.773	601	3	2
40.874	602	1	3
40.874	603	2	3
40.874	604	3	3
40.975	605	1	2
40.975	606	2	2
40.975	607	3	2
41.077	608	1	3
41.178	609	1	1
41.178	610	2	3
41.279	611	1	1
41.279	612	3	3
41.381	613	2	2
41.381	614	3	2
41.381	615	4	2
41.482	616	4	3
41.584	617	4	1
41.584	618	3	3
41.651	619	1	1
41.685	620	2	3
41.719	621	4	1
41.786	622	2	1
41.786	623	3	1
41.921	624	2	1
41.921	625	3	1
42.057	626	2	1
42.057	627	3	1
42.192	628	1	2
42.192	629	3	1
42.192	630	4	1
43.002	631	2	1
43.002	632	4	2
43.137	633	4	3
43.273	634	3	2
43.408	635	3	3
43.543	636	2	2
43.678	637	2	3
43.813	638	3	2
43.813	639	4	2
43.813	640	1	3
43.948	641	3	3
44.354	642	1	2
44.489	643	2	2
44.489	644	1	3
44.624	645	1	1
44.624	646	3	2
44.624	647	2	3
44.759	648	3	3
44.894	649	2	2
45.029	650	2	3
45.164	651	1	2
45.300	652	1	3
45.435	653	2	2
45.435	654	3	2
45.435	655	4	3
45.525	656	4	2
45.525	657	3	3
45.705	658	3	2
45.705	659	4	3
45.840	660	3	3
45.975	661	1	2
46.110	662	1	3
46.246	663	3	1
46.246	664	4	2
46.381	665	4	3
46.516	666	1	2
46.651	667	1	3
46.786	668	3	2
46.921	669	3	3
47.056	670	1	2
47.056	671	4	2
47.056	672	2	3
47.191	673	4	3
47.462	674	3	2
47.597	675	2	2
47.597	676	3	3
47.732	677	2	3
47.867	678	3	1
47.867	679	4	2
48.002	680	4	3
48.408	681	2	2
48.543	682	4	2
48.543	683	2	3
48.678	684	2	2
48.678	685	3	2
48.678	686	1	3
48.678	687	4	3
48.813	688	2	3
48.948	689	1	2
49.083	690	1	3
49.219	691	2	2
49.354	692	2	3
49.489	693	1	1
49.489	694	4	1
50.029	695	4	2
50.164	696	4	3
50.300	697	1	2
50.300	698	2	2
50.300	699	3	3
50.435	700	1	3
50.570	701	3	2
50.705	702	3	3
50.840	703	1	2
50.975	704	1	3
51.110	705	3	1
51.110	706	4	1
51.651	707	3	2
51.786	708	4	2
51.786	709	3	3
51.921	710	1	2
51.921	711	3	2
51.921	712	2	3
51.921	713	4	3
52.056	714	3	3
52.462	715	2	2
52.597	716	3	2
52.597	717	2	3
52.732	718	2	1
52.732	719	4	2
52.732	720	3	3
52.867	721	4	3
53.002	722	3	2
53.137	723	3	3
53.273	724	2	2
53.408	725	4	2
53.408	726	2	3
53.543	727	2	2
53.543	728	3	1
53.543	729	1	3
53.543	730	4	3
53.678	731	1	2
53.813	732	3	2
53.813	733	1	3
53.813	734	2	3
53.948	735	4	2
53.948	736	3	3
54.083	737	3	2
54.219	738	2	2
54.219	739	3	3
54.219	740	4	3
54.286	741	1	1
54.354	742	3	2
54.354	743	2	3
54.444	744	4	2
54.534	745	2	2
54.534	746	3	3
54.624	747	3	2
54.624	748	4	3
54.714	749	1	2
54.714	750	2	3
54.714	751	3	3
54.804	752	2	2
54.804	753	1	3
54.894	754	4	1
54.894	755	2	3
54.984	756	1	1
55.074	757	3	1
55.164	758	1	1
55.164	759	2	1
55.164	760	4	2
55.435	761	2	1
55.570	762	1	1
55.570	763	3	1
55.570	764	4	3
55.705	765	3	1
55.705	766	4	2
55.975	767	2	2
56.110	768	1	1
56.110	769	3	1
56.110	770	4	3
56.246	771	3	2
56.246	772	4	1
56.246	773	2	3
56.381	774	1	1
56.516	775	2	1
56.516	776	4	2
56.516	777	3	3
56.786	778	1	2
56.786	779	2	1
56.786	780	3	1
56.786	781	4	3
57.056	782	3	1
57.191	783	2	1
57.191	784	4	1
57.191	785	1	3
57.327	786	1	2
57.327	787	2	1
57.462	788	3	2
57.462	789	1	3
57.597	790	1	2
57.597	791	3	3
57.732	792	3	1
57.732	793	4	1
57.867	794	2	2
57.867	795	4	1
57.867	796	1	3
58.137	797	1	1
58.137	798	3	2
58.137	799	2	3
58.273	800	4	1
58.340	801	1	1
58.408	802	2	1
58.408	803	4	2
58.408	804	3	3
58.678	805	1	1
58.678	806	3	1
58.678	807	4	3
58.746	808	2	1
58.813	809	3	1
58.881	810	2	1
58.948	811	1	1
58.948	812	4	2
59.083	813	1	2
59.083	814	4	3
59.219	815	3	1
59.219	816	4	1
59.219	817	1	3
59.286	818	2	1
59.354	819	3	2
59.489	820	1	2
59.489	821	4	1
59.489	822	3	3
59.624	823	4	2
59.624	824	1	3
59.759	825	1	1
59.759	826	2	2
59.759	827	4	3
59.894	828	1	2
59.894	829	2	3
60.029	830	3	2
60.029	831	4	1
60.029	832	1	3
60.300	833	1	1
60.435	834	2	1
60.435	835	4	1
60.435	836	3	3
60.502	837	1	1
60.570	838	3	2
60.570	839	4	1
60.705	840	2	2
60.840	841	1	2
60.840	842	2	3
60.840	843	3	3
60.975	844	3	1
60.975	845	4	1
61.110	846	3	1
61.110	847	4	2
61.246	848	1	3
61.381	849	1	1
61.381	850	2	2
61.381	851	4	3
61.516	852	3	1
61.516	853	2	3
61.583	854	1	1
61.651	855	2	1
61.651	856	3	2
61.651	857	4	1
61.921	858	4	2
61.921	859	3	3
62.056	860	1	1
62.056	861	2	1
62.191	862	2	2
62.191	863	3	1
62.191	864	4	3
62.327	865	4	1
62.462	866	3	1
62.597	867	1	1
62.597	868	4	1
62.597	869	2	3
62.732	870	1	1
62.732	871	2	1
63.002	872	2	2
63.002	873	3	1
63.137	874	4	1
63.205	875	1	1
63.273	876	3	1
63.273	877	4	2
63.273	878	2	3
63.543	879	1	2
63.543	880	4	3
63.678	881	3	1
63.678	882	4	1
63.813	883	2	1
63.813	884	3	2
63.813	885	1	3
63.948	886	4	2
63.948	887	3	3
64.083	888	2	2
64.083	889	4	3
64.219	890	3	1
64.219	891	4	1
64.354	892	1	1
64.354	893	4	1
64.354	894	2	3
64.624	895	1	1
64.624	896	2	1
64.759	897	3	1
64.759	898	4	1
64.827	899	1	1
64.894	900	2	1
64.894	901	3	1
64.894	902	4	2
65.096	903	1	1
65.096	904	4	3
65.164	905	3	1
65.231	906	1	1
65.299	907	2	1
65.299	908	4	2
65.400	909	4	3
65.502	910	1	2
65.603	911	3	1
65.603	912	4	1
65.603	913	1	3
65.704	914	1	1
65.704	915	2	2
65.704	916	3	1
65.907	917	1	1
65.907	918	4	1
66.008	919	3	2
66.008	920	2	3
66.110	921	2	2
66.110	922	4	1
66.110	923	3	3
66.211	924	2	3
66.312	925	1	2
66.312	926	3	1
66.414	927	3	1
66.414	928	1	3
66.515	929	1	1
66.515	930	2	2
66.515	931	4	1
66.718	932	3	1
66.718	933	4	1
66.718	934	2	3
66.819	935	3	1
66.819	936	4	1
66.921	937	1	1
66.921	938	2	2
67.022	939	2	3
67.123	940	1	1
67.123	941	4	2
67.225	942	1	1
67.225	943	4	3
67.326	944	2	2
67.326	945	3	2
67.326	946	4	1
67.529	947	1	1
67.529	948	4	1
67.529	949	2	3
67.529	950	3	3
67.630	951	4	1
67.731	952	2	1
67.731	953	3	1
67.799	954	1	1
67.866	955	3	1
67.934	956	2	1
67.934	957	4	1
68.035	958	2	1
68.137	959	1	2
68.137	960	3	1
68.137	961	4	1
68.339	962	2	2
68.339	963	4	1
68.441	964	3	2
68.441	965	2	3
68.542	966	2	2
68.542	967	3	3
68.745	968	4	2
68.745	969	2	3
68.846	970	2	1
68.846	971	3	2
68.846	972	4	3
68.948	973	4	2
68.948	974	1	3
68.948	975	3	3
69.150	976	1	2
69.150	977	3	1
69.353	978	2	1
69.353	979	3	1
69.353	980	1	3
69.353	981	4	3
69.421	982	4	1
69.488	983	3	1
69.556	984	1	1
69.556	985	2	2
69.657	986	1	2
69.657	987	4	2
69.758	988	3	1
69.758	989	1	3
69.758	990	2	3
69.758	991	4	3
69.961	992	2	2
69.961	993	3	2
69.961	994	4	2
70.062	995	2	3
70.062	996	3	3
70.062	997	4	3
70.164	998	2	2
70.164	999	3	2
70.164	1000	4	2
70.265	1001	4	3
70.366	1002	4	1
70.366	1003	3	3
70.468	1004	4	1
70.468	1005	2	3
70.569	1006	1	2
70.569	1007	2	2
70.569	1008	3	2
70.671	1009	1	3
70.671	1010	2	3
70.772	1011	1	1
70.772	1012	2	1
70.873	1013	1	1
70.873	1014	2	1
70.873	1015	3	3
70.975	1016	3	1
70.975	1017	4	1
71.380	1018	2	1
71.380	1019	3	2
71.380	1020	4	1
71.583	1021	4	1
71.684	1022	1	2
71.684	1023	3	3
71.785	1024	2	1
71.785	1025	3	2
71.785	1026	1	3
71.988	1027	4	2
71.988	1028	3	3
72.191	1029	1	1
72.191	1030	2	2
72.191	1031	4	3
72.292	1032	2	3
72.394	1033	2	1
72.461	1034	4	1
72.529	1035	1	1
72.596	1036	3	2
72.596	1037	4	1
72.698	1038	3	3
72.799	1039	2	2
72.900	1040	2	3
73.002	1041	1	2
73.002	1042	3	1
73.204	1043	4	1
73.306	1044	3	2
73.306	1045	1	3
73.407	1046	1	2
73.407	1047	2	1
73.407	1048	3	3
73.508	1049	1	3
73.610	1050	4	1
73.677	1051	3	1
73.745	1052	1	1
73.812	1053	2	1
73.812	1054	4	2
74.015	1055	1	2
74.015	1056	2	1
74.116	1057	1	3
74.218	1058	1	2
74.218	1059	2	1
74.319	1060	3	1
74.319	1061	1	3
74.421	1062	1	1
74.421	1063	4	3
74.623	1064	3	2
74.623	1065	4	1
74.927	1066	1	2
74.927	1067	3	3
75.029	1068	2	1
75.029	1069	3	2
75.029	1070	1	3
75.231	1071	4	2
75.231	1072	3	3
75.434	1073	1	1
75.434	1074	2	2
75.434	1075	4	3
75.535	1076	2	3
75.637	1077	3	1
75.704	1078	4	1
75.772	1079	1	1
75.839	1080	2	1
75.839	1081	3	2
75.941	1082	3	3
76.042	1083	4	2
76.143	1084	4	3
76.245	1085	1	2
76.245	1086	2	1
76.448	1087	3	1
76.448	1088	4	2
76.549	1089	2	2
76.549	1090	4	3
76.650	1091	4	2
76.650	1092	2	3
76.853	1093	2	1
76.853	1094	3	2
76.853	1095	4	3
76.954	1096	4	2
76.954	1097	3	3
77.056	1098	3	2
77.056	1099	1	3
77.056	1100	4	3
77.258	1101	2	2
77.258	1102	4	1
77.258	1103	3	3
77.326	1104	1	1
77.360	1105	2	3
77.393	1106	3	1
77.461	1107	2	2
77.461	1108	4	1
77.562	1109	2	3
77.664	1110	1	1
77.664	1111	3	1
77.765	1112	3	1
77.866	1113	1	1
77.866	1114	2	2
77.866	1115	4	1
78.069	1116	1	1
78.171	1117	4	2
78.171	1118	2	3
78.272	1119	2	2
78.272	1120	3	1
78.272	1121	4	3
78.475	1122	1	2
78.475	1123	2	3
78.677	1124	3	2
78.677	1125	4	1
78.677	1126	1	3
78.779	1127	3	3
78.880	1128	3	1
78.948	1129	1	1
79.015	1130	4	1
79.083	1131	1	1
79.083	1132	2	2
79.184	1133	2	3
79.285	1134	3	2
79.387	1135	3	3
79.488	1136	2	1
79.488	1137	4	2
79.691	1138	1	1
79.792	1139	2	2
79.792	1140	4	3
79.893	1141	3	1
79.893	1142	4	2
79.893	1143	2	3
79.995	1144	4	3
80.096	1145	1	1
80.164	1146	2	1
80.231	1147	4	1
80.299	1148	1	2
80.299	1149	3	1
80.502	1150	3	1
80.502	1151	4	2
80.603	1152	1	3
80.603	1153	4	3
80.704	1154	3	1
80.704	1155	4	2
80.806	1156	1	1
80.806	1157	4	3
80.907	1158	2	2
81.008	1159	2	3
81.110	1160	1	2
81.110	1161	4	1
81.211	1162	3	1
81.312	1163	4	1
81.515	1164	2	1
81.515	1165	3	2
81.515	1166	1	3
81.616	1167	3	3
81.718	1168	1	2
81.819	1169	1	3
81.921	1170	3	1
81.921	1171	4	2
82.123	1172	2	1
82.123	1173	4	3
82.191	1174	3	1
82.258	1175	1	1
82.326	1176	2	2
82.326	1177	4	1
82.427	1178	2	3
82.529	1179	4	2
82.630	1180	4	3
82.731	1181	1	2
82.731	1182	2	1
82.934	1183	4	2
83.035	1184	2	2
83.035	1185	4	3
83.137	1186	3	2
83.137	1187	4	1
83.137	1188	2	3
83.238	1189	2	2
83.339	1190	4	1
83.339	1191	2	3
83.339	1192	3	3
83.441	1193	4	1
83.542	1194	2	2
83.542	1195	3	2
83.542	1196	1	3
83.643	1197	2	3
83.745	1198	1	1
83.745	1199	2	1
83.745	1200	3	3
83.948	1201	1	2
83.948	1202	2	2
83.948	1203	3	2
84.049	1204	2	3
84.150	1205	2	1
84.150	1206	3	3
84.252	1207	2	1
84.252	1208	1	3
84.353	1209	1	1
84.353	1210	3	2
84.353	1211	4	1
84.556	1212	4	1
84.657	1213	1	2
84.657	1214	3	3
84.758	1215	2	1
84.758	1216	3	2
84.758	1217	1	3
84.961	1218	4	2
84.961	1219	3	3
85.164	1220	1	1
85.164	1221	2	2
85.164	1222	4	3
85.265	1223	2	3
85.366	1224	2	1
85.434	1225	4	1
85.502	1226	1	1
85.569	1227	3	2
85.569	1228	4	1
85.671	1229	3	3
85.772	1230	2	2
85.873	1231	2	3
85.975	1232	1	2
85.975	1233	3	1
86.177	1234	4	1
86.279	1235	3	2
86.279	1236	1	3
86.380	1237	1	2
86.380	1238	2	1
86.380	1239	3	3
86.481	1240	1	3
86.583	1241	4	1
86.650	1242	3	1
86.718	1243	1	1
86.785	1244	2	1
86.785	1245	4	2
86.988	1246	1	2
86.988	1247	2	1
87.089	1248	1	3
87.191	1249	1	2
87.191	1250	2	1
87.292	1251	3	1
87.292	1252	1	3
87.393	1253	1	1
87.393	1254	4	3
87.596	1255	3	2
87.596	1256	4	1
87.900	1257	1	2
87.900	1258	3	3
88.002	1259	2	1
88.002	1260	3	2
88.002	1261	1	3
88.204	1262	4	2
88.204	1263	3	3
88.407	1264	1	1
88.407	1265	2	2
88.407	1266	4	3
88.508	1267	2	3
88.610	1268	3	1
88.677	1269	4	1
88.745	1270	1	1
88.812	1271	2	1
88.812	1272	3	2
88.914	1273	3	3
89.015	1274	4	2
89.116	1275	4	3
89.218	1276	1	2
89.218	1277	2	1
89.421	1278	3	1
89.421	1279	4	2
89.522	1280	2	2
89.522	1281	4	3
89.623	1282	4	2
89.623	1283	2	3
89.826	1284	2	1
89.826	1285	3	2
89.826	1286	4	3
89.927	1287	4	2
89.927	1288	3	3
90.029	1289	3	2
90.029	1290	1	3
90.029	1291	4	3
90.231	1292	2	2
90.231	1293	4	1
90.231	1294	3	3
90.299	1295	1	1
90.333	1296	2	3
90.366	1297	3	1
90.434	1298	2	2
90.434	1299	4	1
90.535	1300	2	3
90.637	1301	1	1
90.637	1302	3	1
90.738	1303	3	1
90.839	1304	1	1
90.839	1305	2	2
90.839	1306	4	1
91.042	1307	1	1
91.143	1308	4	2
91.143	1309	2	3
91.245	1310	2	2
91.245	1311	3	1
91.245	1312	4	3
91.448	1313	1	2
91.448	1314	2	3
91.650	1315	3	2
91.650	1316	4	1
91.650	1317	1	3
91.752	1318	3	3
91.853	1319	3	1
91.921	1320	1	1
91.988	1321	4	1
92.056	1322	1	1
92.056	1323	2	2
92.157	1324	2	3
92.258	1325	3	2
92.360	1326	3	3
92.461	1327	2	1
92.461	1328	4	2
92.664	1329	1	1
92.765	1330	2	2
92.765	1331	4	3
92.866	1332	3	1
92.866	1333	4	2
92.866	1334	2	3
92.968	1335	4	3
93.069	1336	1	1
93.137	1337	2	1
93.204	1338	4	1
93.272	1339	1	2
93.272	1340	3	1
93.475	1341	3	1
93.475	1342	4	2
93.576	1343	1	3
93.576	1344	4	3
93.677	1345	3	1
93.677	1346	4	2
93.779	1347	1	1
93.779	1348	4	3
93.880	1349	2	2
93.981	1350	2	3
94.083	1351	1	2
94.083	1352	4	1
94.184	1353	3	1
94.285	1354	4	1
94.488	1355	2	1
94.488	1356	3	2
94.488	1357	1	3
94.589	1358	3	3
94.691	1359	1	2
94.792	1360	1	3
94.893	1361	3	1
94.893	1362	4	2
95.096	1363	2	1
95.096	1364	4	3
95.164	1365	3	1
95.231	1366	1	1
95.299	1367	2	2
95.299	1368	4	1
95.400	1369	2	3
95.502	1370	4	2
95.603	1371	4	3
95.704	1372	1	2
95.704	1373	2	1
95.907	1374	4	2
96.008	1375	2	2
96.008	1376	4	3
96.110	1377	3	2
96.110	1378	4	1
96.110	1379	2	3
96.211	1380	2	2
96.312	1381	4	1
96.312	1382	2	3
96.312	1383	3	3
96.414	1384	4	1
96.515	1385	2	2
96.515	1386	3	2
96.515	1387	1	3
96.616	1388	2	3
96.718	1389	1	1
96.718	1390	2	1
96.718	1391	3	3
96.921	1392	1	2
96.921	1393	2	2
96.921	1394	3	2
97.022	1395	2	3
97.123	1396	2	1
97.123	1397	3	3
97.225	1398	2	1
97.225	1399	1	3
97.326	1400	1	2
97.326	1401	3	1
97.326	1402	4	2
97.529	1403	1	3
97.529	1404	4	3
97.731	1405	1	1
97.731	1406	3	2
97.934	1407	1	1
98.035	1408	1	1
98.137	1409	2	1
98.137	1410	4	2
98.137	1411	3	3
98.339	1412	1	1
98.542	1413	1	1
98.542	1414	2	2
98.542	1415	4	3
98.745	1416	3	1
98.846	1417	3	1
98.948	1418	1	2
98.948	1419	4	1
98.948	1420	2	3
99.150	1421	4	1
99.252	1422	3	2
99.252	1423	1	3
99.353	1424	1	2
99.353	1425	2	1
99.353	1426	3	3
99.454	1427	1	3
99.556	1428	2	1
99.657	1429	2	1
99.758	1430	3	1
99.758	1431	4	2
99.961	1432	1	1
100.164	1433	2	1
100.164	1434	3	1
100.164	1435	4	3
100.366	1436	2	2
100.468	1437	3	2
100.468	1438	2	3
100.569	1439	1	2
100.569	1440	4	1
100.569	1441	3	3
100.772	1442	4	1
100.772	1443	1	3
100.839	1444	2	1
100.907	1445	4	1
100.975	1446	1	2
100.975	1447	3	1
101.076	1448	1	3
101.177	1449	2	1
101.279	1450	2	1
101.380	1451	3	1
101.380	1452	4	2
101.583	1453	2	2
101.583	1454	4	3
101.684	1455	2	3
101.785	1456	1	1
101.785	1457	3	1
101.853	1458	4	1
101.921	1459	1	1
101.988	1460	3	1
102.089	1461	3	1
102.191	1462	1	1
102.191	1463	2	2
102.393	1464	4	2
102.495	1465	1	2
102.495	1466	4	3
102.596	1467	3	1
102.596	1468	4	2
102.596	1469	1	3
102.799	1470	3	2
102.799	1471	4	3
102.900	1472	4	2
102.900	1473	3	3
103.002	1474	1	1
103.002	1475	3	2
103.002	1476	2	3
103.002	1477	4	3
103.204	1478	1	2
103.204	1479	2	1
103.204	1480	3	3
103.272	1481	4	1
103.306	1482	1	3
103.339	1483	3	1
103.407	1484	1	2
103.407	1485	2	1
103.508	1486	1	3
103.610	1487	2	1
103.610	1488	3	1
103.711	1489	2	1
103.812	1490	1	2
103.812	1491	3	1
103.812	1492	4	2
104.015	1493	1	3
104.015	1494	4	3
104.218	1495	2	2
104.218	1496	4	1
104.421	1497	4	1
104.522	1498	4	1
104.623	1499	1	2
104.623	1500	3	1
104.623	1501	2	3
104.826	1502	4	1
105.029	1503	3	2
105.029	1504	4	1
105.029	1505	1	3
105.231	1506	2	1
105.333	1507	2	1
105.434	1508	1	1
105.434	1509	4	2
105.434	1510	3	3
105.637	1511	1	1
105.738	1512	2	2
105.738	1513	4	3
105.839	1514	3	1
105.839	1515	4	2
105.839	1516	2	3
105.941	1517	4	3
106.042	1518	3	1
106.143	1519	3	1
106.245	1520	1	2
106.245	1521	2	1
106.448	1522	4	1
106.650	1523	2	1
106.650	1524	3	1
106.650	1525	1	3
106.853	1526	3	2
106.954	1527	2	2
106.954	1528	3	3
107.056	1529	1	1
107.056	1530	4	2
107.056	1531	2	3
107.258	1532	1	1
107.258	1533	4	3
107.326	1534	3	1
107.393	1535	1	1
107.461	1536	2	2
107.461	1537	4	1
107.562	1538	2	3
107.664	1539	3	1
107.765	1540	3	1
107.866	1541	1	2
107.866	1542	2	1
107.968	1543	1	3
108.069	1544	3	2
108.171	1545	3	3
108.272	1546	2	2
108.272	1547	4	1
108.373	1548	2	3
108.475	1549	4	1
108.576	1550	4	1
108.677	1551	1	2
108.677	1552	2	1
108.880	1553	4	2
108.981	1554	2	2
108.981	1555	4	3
109.083	1556	3	2
109.083	1557	4	1
109.083	1558	2	3
109.184	1559	2	2
109.285	1560	4	1
109.285	1561	2	3
109.285	1562	3	3
109.387	1563	4	1
109.488	1564	2	2
109.488	1565	3	2
109.488	1566	1	3
109.589	1567	2	3
109.691	1568	1	1
109.691	1569	2	1
109.691	1570	3	3
109.893	1571	1	2
109.893	1572	2	2
109.893	1573	3	2
109.995	1574	3	3
110.096	1575	3	1
110.096	1576	2	3
110.198	1577	3	1
110.198	1578	1	3
110.299	1579	1	2
110.299	1580	2	1
110.299	1581	4	2
110.502	1582	1	3
110.502	1583	4	3
110.704	1584	2	2
110.704	1585	4	1
110.907	1586	4	1
111.008	1587	4	1
111.110	1588	1	2
111.110	1589	3	1
111.110	1590	2	3
111.312	1591	4	1
111.515	1592	3	2
111.515	1593	4	1
111.515	1594	1	3
111.718	1595	2	1
111.819	1596	2	1
111.921	1597	1	1
111.921	1598	4	2
111.921	1599	3	3
112.123	1600	1	1
112.225	1601	2	2
112.225	1602	4	3
112.326	1603	3	1
112.326	1604	4	2
112.326	1605	2	3
112.427	1606	4	3
112.529	1607	3	1
112.630	1608	3	1
112.731	1609	1	2
112.731	1610	2	1
112.934	1611	4	1
113.137	1612	2	1
113.137	1613	3	1
113.137	1614	1	3
113.339	1615	3	2
113.441	1616	2	2
113.441	1617	3	3
113.542	1618	1	1
113.542	1619	4	2
113.542	1620	2	3
113.745	1621	1	1
113.745	1622	4	3
113.812	1623	3	1
113.880	1624	1	1
113.948	1625	2	1
113.948	1626	4	2
114.049	1627	4	3
114.150	1628	3	1
114.252	1629	3	1
114.353	1630	1	2
114.353	1631	2	1
114.556	1632	3	2
114.556	1633	1	3
114.657	1634	3	3
114.758	1635	2	1
114.758	1636	4	1
114.826	1637	1	1
114.893	1638	4	1
114.961	1639	2	1
115.062	1640	2	1
115.164	1641	3	2
115.164	1642	4	1
115.366	1643	1	2
115.468	1644	4	2
115.468	1645	1	3
115.569	1646	1	2
115.569	1647	2	1
115.569	1648	4	3
115.772	1649	2	2
115.772	1650	1	3
115.873	1651	1	2
115.873	1652	2	3
115.975	1653	2	2
115.975	1654	4	1
115.975	1655	1	3
115.975	1656	3	3
116.177	1657	3	1
116.177	1658	4	2
116.177	1659	2	3
116.245	1660	1	1
116.279	1661	4	3
116.312	1662	2	1
116.380	1663	3	1
116.380	1664	4	2
116.481	1665	4	3
116.583	1666	2	1
116.583	1667	3	1
116.684	1668	3	1
116.785	1669	1	2
116.785	1670	2	1
116.785	1671	4	2
116.988	1672	2	1
116.988	1673	4	3
117.089	1674	3	2
117.089	1675	1	3
117.191	1676	1	2
117.191	1677	4	1
117.191	1678	3	3
117.393	1679	4	1
117.495	1680	3	2
117.495	1681	1	3
117.596	1682	1	2
117.596	1683	2	1
117.596	1684	3	3
117.698	1685	1	3
117.799	1686	2	2
117.900	1687	1	2
118.002	1688	3	1
118.002	1689	4	2
118.002	1690	1	3
118.002	1691	2	3
118.103	1692	4	3
118.204	1693	3	1
118.306	1694	3	1
118.407	1695	1	1
118.407	1696	2	2
118.610	1697	4	2
118.711	1698	2	3
118.711	1699	4	3
118.812	1700	1	2
118.812	1701	3	2
118.914	1702	1	3
118.914	1703	3	3
119.015	1704	2	2
119.015	1705	3	1
119.116	1706	3	1
119.116	1707	2	3
119.218	1708	2	2
119.218	1709	4	2
119.319	1710	2	3
119.421	1711	2	1
119.522	1712	4	3
119.623	1713	1	1
119.623	1714	4	1
119.826	1715	2	2
119.927	1716	4	2
119.927	1717	2	3
120.029	1718	1	2
120.029	1719	2	2
120.029	1720	3	1
120.029	1721	4	3
120.130	1722	1	3
120.231	1723	1	1
120.299	1724	4	1
120.333	1725	2	3
120.366	1726	1	1
120.434	1727	2	2
120.434	1728	3	2
120.535	1729	2	3
120.535	1730	3	3
120.637	1731	3	2
120.738	1732	3	3
120.839	1733	2	1
120.839	1734	4	2
121.042	1735	1	1
121.143	1736	2	2
121.143	1737	4	3
121.245	1738	3	1
121.245	1739	4	2
121.245	1740	2	3
121.346	1741	4	3
121.448	1742	3	2
121.549	1743	4	1
121.549	1744	3	3
121.650	1745	1	2
121.650	1746	2	1
121.853	1747	3	2
121.853	1748	1	3
121.954	1749	1	2
121.954	1750	3	3
122.056	1751	2	1
122.056	1752	3	2
122.056	1753	1	3
122.157	1754	3	3
122.258	1755	4	2
122.360	1756	4	3
122.461	1757	2	2
122.461	1758	3	1
122.664	1759	1	2
122.664	1760	3	1
122.664	1761	2	3
122.765	1762	1	3
122.866	1763	2	1
122.866	1764	4	1
122.934	1765	1	1
123.002	1766	4	1
123.069	1767	2	1
123.069	1768	3	1
123.171	1769	3	1
123.272	1770	1	1
123.272	1771	2	1
123.272	1772	4	2
123.475	1773	3	2
123.576	1774	1	2
123.576	1775	3	3
123.677	1776	2	2
123.677	1777	3	1
123.677	1778	1	3
123.779	1779	1	2
123.779	1780	2	3
123.880	1781	3	2
123.880	1782	1	3
123.981	1783	2	2
123.981	1784	3	3
124.083	1785	1	2
124.083	1786	3	1
124.083	1787	2	3
124.083	1788	4	3
124.184	1789	2	2
124.184	1790	1	3
124.285	1791	4	2
124.285	1792	2	3
124.387	1793	3	2
124.387	1794	4	3
124.488	1795	1	2
124.488	1796	2	1
124.488	1797	3	3
124.589	1798	4	2
124.691	1799	2	2
124.691	1800	1	3
124.691	1801	4	3
124.792	1802	3	2
124.893	1803	1	1
124.893	1804	4	1
124.893	1805	2	3
124.893	1806	3	3
125.096	1807	2	2
125.096	1808	3	2
125.096	1809	4	2
125.198	1810	2	3
125.198	1811	3	3
125.198	1812	4	3
125.299	1813	2	2
125.299	1814	3	2
125.299	1815	4	2
125.400	1816	4	3
125.502	1817	4	1
125.502	1818	3	3
125.603	1819	4	1
125.603	1820	2	3
125.704	1821	1	2
125.704	1822	2	2
125.704	1823	3	2
125.806	1824	1	3
125.907	1825	2	3
126.008	1826	3	3