Song Name	Heat Wave (Hard) by Tony Romera [Monstercat]
Title	Heat Wave (Hard)
Artist	Tony Romera [Monstercat]
Description	A song by French Bass House Producer Tony Romera released in September 2019 under the Monstercat label.
Difficulty	23
Primary Color	Flow
Secondary Color	Rush
Cover Image ID	6074431210
Audio Asset ID	rbxassetid://9063173304
Audio File	9063173304.ogg
Last Note Time	121.147
Total Notes	1122
Fever Fill	337
Fever Time	18.172050
Long Notes	111
BPM	128
Song Length	122.147000000

Timing Points
1.147	468.750000
91.153	468.750000
121.153	468.750000


Song Data
1.147	1	2	1
1.147	2	3	1
1.381	3	4	1
1.615	4	3	1
1.850	5	1	1
2.084	6	3	1
2.084	7	2	1
2.318	8	4	1
2.553	9	3	1
2.787	10	1	1
3.022	11	2	1
3.022	12	3	1
3.256	13	4	1
3.490	14	3	1
3.725	15	1	1
3.959	16	3	1
3.959	17	2	1
4.193	18	4	1
4.428	19	3	1
4.662	20	2	1
4.897	21	1	1
4.897	22	3	1
5.131	23	4	1
5.365	24	3	1
5.600	25	2	1
5.834	26	1	1
5.834	27	3	1
6.068	28	4	1
6.303	29	3	1
6.537	30	2	1
6.772	31	3	1
6.772	32	1	1
7.006	33	4	1
7.240	34	3	1
7.475	35	2	1
7.709	36	1	1
7.709	37	3	1
7.943	38	4	1
8.178	39	3	1
8.412	40	1	1
8.647	41	4	1
8.647	42	2	1
8.881	43	3	1
9.115	44	2	1
9.350	45	1	1
9.584	46	2	1
9.584	47	4	1
9.818	48	3	1
10.053	49	2	1
10.287	50	1	1
10.522	51	4	1
10.522	52	2	1
10.756	53	3	1
10.990	54	2	1
11.225	55	1	1
11.459	56	4	1
11.459	57	2	1
11.693	58	3	1
11.928	59	2	1
12.162	60	1	1
12.397	61	2	1
12.397	62	3	1
12.631	63	4	1
12.865	64	3	1
13.100	65	1	1
13.334	66	3	1
13.334	67	2	1
13.568	68	4	1
13.803	69	3	1
14.037	70	1	1
14.272	71	3	1
14.272	72	2	1
14.506	73	4	1
14.740	74	3	1
14.975	75	1	1
15.209	76	3	1
15.209	77	4	1
15.443	78	4	1
15.443	79	2	1
15.678	80	3	1
15.678	81	2	1
15.912	82	1	1
15.912	83	3	1
16.147	84	1	1
16.147	85	2	1
16.147	86	3	1
16.381	87	4	1
16.498	88	1	1
16.615	89	3	1
16.732	90	1	1
16.850	91	2	1
17.084	92	2	1
17.084	93	3	1
17.318	94	4	1
17.436	95	1	1
17.553	96	3	1
17.670	97	1	1
17.787	98	2	1
18.022	99	3	1
18.022	100	2	1
18.256	101	4	1
18.373	102	1	1
18.490	103	3	1
18.607	104	1	1
18.725	105	2	1
18.959	106	2	1
18.959	107	3	1
19.193	108	4	1
19.311	109	1	1
19.428	110	3	1
19.545	111	1	1
19.662	112	2	1
19.897	113	1	1
19.897	114	3	1
20.131	115	4	1
20.248	116	1	1
20.365	117	3	1
20.482	118	1	1
20.600	119	2	1
20.834	120	1	1
20.834	121	3	1
21.068	122	4	1
21.186	123	1	1
21.303	124	3	1
21.420	125	1	1
21.537	126	2	1
21.772	127	1	1
21.772	128	3	1
22.006	129	4	1
22.123	130	1	1
22.240	131	3	1
22.357	132	1	1
22.475	133	2	1
22.709	134	1	1
22.709	135	3	1
22.943	136	4	1
23.061	137	1	1
23.178	138	3	1
23.295	139	1	1
23.412	140	2	1
23.647	141	4	1
23.647	142	2	1
23.881	143	4	1
23.998	144	1	1
24.115	145	3	1
24.232	146	1	1
24.350	147	2	1
24.584	148	4	1
24.584	149	2	1
24.818	150	4	1
24.936	151	1	1
25.053	152	3	1
25.170	153	1	1
25.287	154	2	1
25.522	155	4	1
25.522	156	2	1
25.756	157	4	1
25.873	158	1	1
25.990	159	3	1
26.107	160	1	1
26.225	161	2	1
26.459	162	4	1
26.459	163	2	1
26.693	164	4	1
26.811	165	1	1
26.928	166	3	1
27.045	167	1	1
27.162	168	2	1
27.397	169	3	1
27.397	170	2	1
27.631	171	4	1
27.748	172	1	1
27.865	173	3	1
27.982	174	1	1
28.100	175	2	1
28.334	176	2	1
28.334	177	3	1
28.568	178	4	1
28.686	179	1	1
28.803	180	3	1
28.920	181	1	1
29.037	182	2	1
29.272	183	2	1
29.272	184	3	1
29.506	185	4	1
29.623	186	1	1
29.740	187	3	1
29.857	188	1	1
29.975	189	2	1
30.209	190	3	1
30.209	191	2	1
30.443	192	4	1
30.561	193	1	1
30.678	194	2	1
30.678	195	4	1
30.795	196	1	1
30.912	197	2	1
30.912	198	3	1
31.147	199	3	1
31.147	200	1	1
31.147	201	2	1
31.381	202	4	1
31.498	203	1	1
31.615	204	3	1
31.732	205	1	1
31.850	206	2	1
32.084	207	2	1
32.084	208	3	1
32.318	209	4	1
32.436	210	1	1
32.553	211	3	1
32.670	212	1	1
32.787	213	2	1
33.022	214	3	1
33.022	215	2	1
33.256	216	4	1
33.373	217	1	1
33.490	218	3	1
33.607	219	1	1
33.725	220	2	1
33.959	221	3	1
33.959	222	2	1
34.193	223	4	1
34.311	224	1	1
34.428	225	4	2
34.897	226	4	3
34.428	227	3	1
34.545	228	1	1
34.662	229	2	1
34.897	230	2	1
34.897	231	3	1
34.897	232	1	1
35.131	233	4	1
35.248	234	1	1
35.365	235	3	1
35.482	236	1	1
35.600	237	2	1
35.834	238	1	1
35.834	239	3	1
36.068	240	4	1
36.186	241	1	1
36.303	242	3	1
36.420	243	1	1
36.537	244	2	1
36.772	245	3	1
36.772	246	1	1
37.006	247	4	1
37.123	248	1	1
37.240	249	3	1
37.357	250	1	1
37.475	251	2	1
37.709	252	1	1
37.709	253	3	1
37.943	254	4	1
38.061	255	1	1
38.178	256	4	2
38.647	257	4	3
38.178	258	3	1
38.295	259	1	1
38.412	260	2	1
38.647	261	1	1
38.647	262	2	1
38.647	263	3	1
38.881	264	4	1
38.998	265	1	1
39.115	266	3	1
39.232	267	1	1
39.350	268	2	1
39.584	269	4	1
39.584	270	2	1
39.818	271	4	1
39.936	272	1	1
40.053	273	3	1
40.170	274	1	1
40.287	275	2	1
40.522	276	4	1
40.522	277	2	1
40.756	278	4	1
40.873	279	1	1
40.990	280	3	1
41.107	281	1	1
41.225	282	2	1
41.459	283	2	1
41.459	284	4	1
41.693	285	4	1
41.811	286	1	1
41.928	287	3	1
41.928	288	4	2
42.162	289	4	3
41.928	290	2	1
42.045	291	1	1
42.162	292	2	1
42.162	293	3	1
42.397	294	1	1
42.397	295	2	1
42.397	296	4	1
42.631	297	4	1
42.748	298	1	1
42.865	299	3	1
42.982	300	1	1
43.100	301	2	1
43.334	302	2	1
43.334	303	3	1
43.568	304	4	1
43.686	305	1	1
43.803	306	3	1
43.920	307	1	1
44.037	308	2	1
44.272	309	2	1
44.272	310	3	1
44.506	311	4	1
44.623	312	1	1
44.682	313	2	1
44.740	314	3	1
44.857	315	1	1
44.975	316	2	1
45.092	317	1	1
45.150	318	4	1
45.209	319	3	1
45.209	320	2	1
45.443	321	4	1
45.561	322	1	1
45.678	323	4	2
46.147	324	4	3
45.678	325	2	1
45.678	326	3	1
45.795	327	1	1
45.912	328	2	1
46.147	329	3	1
46.147	330	2	1
46.147	331	1	1
46.381	332	4	1
46.498	333	1	1
46.615	334	3	1
46.732	335	1	1
46.850	336	2	1
47.084	337	3	1
47.084	338	2	1
47.318	339	4	1
47.436	340	1	1
47.553	341	3	1
47.670	342	1	1
47.787	343	2	1
48.022	344	3	1
48.022	345	2	1
48.256	346	4	1
48.373	347	1	1
48.490	348	3	1
48.607	349	1	1
48.725	350	2	1
48.959	351	2	1
48.959	352	3	1
49.193	353	4	1
49.311	354	1	1
49.428	355	3	1
49.428	356	4	2
49.897	357	4	3
49.545	358	1	1
49.662	359	2	1
49.897	360	2	1
49.897	361	3	1
49.897	362	1	1
50.131	363	4	1
50.248	364	1	1
50.365	365	3	1
50.482	366	1	1
50.600	367	2	1
50.834	368	3	1
50.834	369	1	1
51.068	370	4	1
51.186	371	1	1
51.303	372	3	1
51.420	373	1	1
51.537	374	2	1
51.772	375	3	1
51.772	376	1	1
52.006	377	4	1
52.123	378	1	1
52.240	379	3	1
52.357	380	1	1
52.475	381	2	1
52.709	382	3	1
52.709	383	1	1
52.943	384	4	1
53.061	385	1	1
53.178	386	3	1
53.178	387	4	2
53.647	388	4	3
53.295	389	1	1
53.412	390	2	1
53.647	391	2	1
53.647	392	1	1
53.647	393	3	1
53.881	394	4	1
53.998	395	1	1
54.115	396	3	1
54.232	397	1	1
54.350	398	2	1
54.584	399	2	1
54.584	400	4	1
54.818	401	4	1
54.936	402	1	1
55.053	403	3	1
55.170	404	1	1
55.287	405	2	1
55.522	406	4	1
55.522	407	2	1
55.756	408	4	1
55.873	409	1	1
55.990	410	3	1
56.107	411	1	1
56.225	412	2	1
56.459	413	4	1
56.459	414	2	1
56.693	415	4	1
56.811	416	1	1
56.928	417	4	2
57.162	418	4	3
56.928	419	3	1
56.928	420	2	1
57.045	421	1	1
57.162	422	3	1
57.162	423	2	1
57.397	424	1	1
57.397	425	4	1
57.397	426	2	1
57.631	427	4	1
57.748	428	1	1
57.865	429	3	1
57.982	430	1	1
58.100	431	2	1
58.334	432	3	1
58.334	433	2	1
58.568	434	4	1
58.686	435	1	1
58.803	436	3	1
58.920	437	1	1
59.037	438	2	1
59.272	439	3	1
59.272	440	2	1
59.506	441	4	1
59.623	442	1	1
59.682	443	2	1
59.740	444	3	1
59.857	445	1	1
59.975	446	2	1
60.092	447	1	1
60.150	448	4	1
60.209	449	3	1
60.209	450	2	1
60.443	451	4	1
60.561	452	1	1
60.678	453	3	1
60.678	454	2	1
60.678	455	4	2
61.147	456	4	3
60.795	457	1	1
60.912	458	2	1
61.147	459	2	1
61.147	460	3	1
61.147	461	1	1
61.381	462	4	1
61.498	463	3	1
61.615	464	1	1
61.732	465	2	1
61.850	466	4	1
61.967	467	3	1
62.084	468	1	1
62.201	469	2	1
62.318	470	4	1
62.436	471	3	1
62.553	472	1	1
62.670	473	2	1
62.787	474	4	1
62.904	475	3	1
63.022	476	1	1
63.139	477	2	1
63.256	478	4	1
63.373	479	3	1
63.490	480	1	1
63.607	481	2	1
63.725	482	4	1
63.842	483	3	1
63.959	484	1	1
64.076	485	2	1
64.193	486	4	1
64.311	487	3	1
64.428	488	1	1
64.545	489	2	1
64.662	490	4	1
64.779	491	3	1
64.897	492	1	1
65.014	493	2	1
65.131	494	4	1
65.248	495	3	1
65.365	496	1	1
65.482	497	2	1
65.600	498	4	1
65.717	499	3	1
65.834	500	1	1
65.951	501	2	1
66.068	502	4	1
66.186	503	3	1
66.303	504	1	1
66.420	505	2	1
66.537	506	4	1
66.654	507	3	1
66.772	508	1	1
66.889	509	2	1
67.006	510	4	1
67.123	511	3	1
67.240	512	1	1
67.357	513	2	1
67.475	514	4	1
67.592	515	3	1
67.709	516	1	1
67.826	517	2	1
67.943	518	4	1
68.061	519	2	1
68.119	520	1	1
68.178	521	3	1
68.178	522	4	1
68.295	523	1	1
68.412	524	2	1
68.412	525	3	1
68.529	526	4	1
68.647	527	1	2
68.764	528	1	3
68.764	529	2	1
68.881	530	4	2
68.998	531	4	3
68.998	532	3	1
69.115	533	1	2
69.232	534	1	3
69.232	535	2	1
69.350	536	4	2
69.467	537	4	3
69.467	538	3	1
69.584	539	1	2
69.701	540	1	3
69.701	541	2	1
69.818	542	4	2
69.936	543	4	3
69.936	544	3	1
70.053	545	1	2
70.170	546	1	3
70.170	547	2	1
70.287	548	4	2
70.404	549	4	3
70.404	550	3	1
70.522	551	1	2
70.639	552	1	3
70.639	553	2	1
70.756	554	4	2
70.873	555	4	3
70.873	556	3	1
70.990	557	1	2
71.107	558	1	3
71.107	559	2	1
71.225	560	4	2
71.342	561	4	3
71.342	562	3	1
71.459	563	1	2
71.576	564	1	3
71.576	565	2	1
71.693	566	4	2
71.811	567	4	3
71.811	568	3	1
71.928	569	1	2
72.045	570	1	3
72.045	571	2	1
72.162	572	4	2
72.279	573	4	3
72.279	574	3	1
72.397	575	1	2
72.514	576	1	3
72.514	577	2	1
72.631	578	4	2
72.748	579	4	3
72.748	580	3	1
72.865	581	1	2
72.982	582	1	3
72.982	583	2	1
73.100	584	4	2
73.217	585	4	3
73.217	586	3	1
73.334	587	1	2
73.451	588	1	3
73.451	589	2	1
73.568	590	4	2
73.686	591	4	3
73.686	592	3	1
73.803	593	1	2
73.920	594	1	3
73.920	595	2	1
74.037	596	4	2
74.154	597	4	3
74.154	598	3	1
74.272	599	1	2
74.389	600	1	3
74.389	601	2	1
74.506	602	4	2
74.623	603	4	3
74.623	604	3	1
74.740	605	1	2
74.857	606	1	3
74.857	607	2	1
74.975	608	4	2
75.092	609	4	3
75.092	610	3	1
75.209	611	1	2
75.326	612	1	3
75.326	613	2	1
75.443	614	4	2
75.561	615	4	3
75.561	616	3	1
75.678	617	4	1
75.678	618	1	2
75.795	619	1	3
75.795	620	2	1
75.912	621	1	1
75.912	622	4	2
76.029	623	4	3
76.029	624	3	1
76.147	625	4	1
76.147	626	1	1
76.147	627	2	1
76.381	628	1	1
76.498	629	2	1
76.615	630	4	2
76.850	631	4	3
76.615	632	3	1
76.615	633	1	1
76.850	634	3	2
77.084	635	3	3
77.084	636	2	1
77.084	637	1	1
77.318	638	1	1
77.436	639	2	1
77.553	640	1	1
77.553	641	4	2
77.787	642	4	3
77.553	643	3	1
77.787	644	3	2
78.022	645	3	3
78.022	646	2	1
78.022	647	1	1
78.256	648	1	1
78.373	649	2	1
78.490	650	1	1
78.490	651	3	1
78.490	652	4	2
78.725	653	4	3
78.725	654	3	2
78.959	655	3	3
78.959	656	1	1
78.959	657	2	1
79.193	658	1	1
79.311	659	2	1
79.428	660	4	2
79.662	661	4	3
79.428	662	1	1
79.428	663	3	1
79.662	664	3	2
79.897	665	3	3
79.897	666	2	1
79.897	667	1	1
80.131	668	1	1
80.248	669	2	1
80.365	670	3	1
80.365	671	4	2
80.600	672	4	3
80.365	673	1	1
80.600	674	3	2
80.834	675	3	3
80.834	676	2	1
80.834	677	1	1
81.068	678	1	1
81.186	679	2	1
81.303	680	1	1
81.303	681	4	2
81.537	682	4	3
81.303	683	3	1
81.537	684	3	2
81.772	685	3	3
81.772	686	1	1
81.772	687	2	1
82.006	688	1	1
82.123	689	2	1
82.240	690	3	1
82.240	691	1	1
82.240	692	4	2
82.475	693	4	3
82.475	694	3	2
82.709	695	3	3
82.709	696	1	1
82.709	697	2	1
82.943	698	1	1
83.061	699	2	1
83.178	700	4	2
83.412	701	4	3
83.178	702	3	1
83.178	703	1	1
83.412	704	3	2
83.647	705	3	3
83.647	706	1	1
83.647	707	2	1
83.881	708	2	1
83.881	709	1	1
84.115	710	1	1
84.115	711	2	1
84.350	712	2	1
84.350	713	1	1
84.584	714	4	1
84.584	715	3	1
84.818	716	3	1
84.818	717	4	1
85.053	718	4	1
85.053	719	3	1
85.287	720	3	1
85.287	721	4	1
85.522	722	1	1
85.639	723	2	1
85.756	724	3	1
85.873	725	4	1
85.990	726	1	1
86.107	727	2	1
86.225	728	3	1
86.342	729	4	1
86.459	730	1	1
86.576	731	2	1
86.693	732	3	1
86.811	733	4	1
86.928	734	1	1
87.045	735	2	1
87.162	736	3	1
87.279	737	4	1
87.397	738	1	1
87.455	739	2	1
87.514	740	3	1
87.572	741	4	1
87.631	742	1	1
87.689	743	2	1
87.748	744	3	1
87.807	745	4	1
87.865	746	1	1
87.924	747	2	1
87.982	748	3	1
88.041	749	4	1
88.100	750	1	1
88.158	751	2	1
88.217	752	3	1
88.275	753	4	1
88.334	754	1	1
88.393	755	2	1
88.451	756	3	1
88.510	757	4	1
88.568	758	1	1
88.627	759	2	1
88.686	760	3	1
88.744	761	4	1
88.803	762	1	1
88.861	763	2	1
88.920	764	3	1
88.979	765	4	1
89.037	766	1	1
89.096	767	2	1
89.154	768	3	1
89.213	769	4	1
89.272	770	2	1
89.506	771	3	1
89.662	772	4	1
89.897	773	3	1
90.053	774	2	1
90.287	775	1	1
90.443	776	2	1
90.522	777	3	1
90.561	778	4	1
90.619	779	1	1
90.678	780	2	1
90.678	781	3	1
90.912	782	2	1
90.912	783	3	1
91.147	784	4	2
91.615	785	4	3
91.147	786	2	1
91.147	787	3	1
91.147	788	1	2
91.615	789	1	3
91.615	790	3	1
91.615	791	2	1
91.732	792	4	1
91.850	793	3	1
91.967	794	1	1
92.084	795	4	1
92.084	796	2	2
92.318	797	2	3
92.084	798	3	1
92.318	799	4	1
92.553	800	1	1
92.553	801	3	1
92.670	802	2	1
92.787	803	3	2
93.022	804	3	3
93.022	805	1	1
93.022	806	2	1
93.139	807	4	1
93.256	808	3	1
93.373	809	2	1
93.490	810	1	1
93.490	811	3	1
93.607	812	2	1
93.725	813	3	1
93.842	814	4	1
93.959	815	1	1
93.959	816	2	2
94.193	817	2	3
93.959	818	3	1
94.193	819	4	1
94.311	820	3	1
94.428	821	4	1
94.428	822	1	1
94.545	823	2	1
94.662	824	3	2
94.897	825	3	3
94.897	826	4	2
95.365	827	4	3
94.897	828	2	1
94.897	829	1	2
95.365	830	1	3
95.365	831	3	1
95.365	832	2	1
95.482	833	4	1
95.600	834	3	1
95.717	835	1	1
95.834	836	2	2
96.068	837	2	3
95.834	838	3	1
95.834	839	4	1
96.068	840	4	1
96.186	841	3	1
96.303	842	4	1
96.303	843	1	1
96.420	844	2	1
96.537	845	3	2
96.772	846	3	3
96.772	847	2	1
96.772	848	1	1
96.889	849	4	1
97.006	850	3	1
97.123	851	2	1
97.240	852	1	1
97.240	853	3	1
97.357	854	2	1
97.475	855	3	1
97.592	856	4	1
97.709	857	3	1
97.709	858	1	1
97.709	859	2	2
97.943	860	2	3
97.943	861	4	1
98.061	862	3	1
98.178	863	1	1
98.178	864	4	1
98.178	865	2	2
98.647	866	2	3
98.412	867	1	1
98.412	868	3	2
98.647	869	3	3
98.412	870	4	1
98.647	871	1	2
99.115	872	1	3
98.647	873	4	2
99.115	874	4	3
99.115	875	3	1
99.115	876	2	1
99.232	877	4	1
99.350	878	3	1
99.467	879	1	1
99.584	880	2	2
99.818	881	2	3
99.584	882	3	1
99.584	883	4	1
99.818	884	4	1
99.936	885	3	1
100.053	886	1	1
100.053	887	4	1
100.170	888	2	1
100.287	889	3	2
100.522	890	3	3
100.522	891	2	1
100.522	892	1	1
100.639	893	4	1
100.756	894	3	1
100.873	895	2	1
100.990	896	1	1
100.990	897	3	1
101.107	898	2	1
101.225	899	3	1
101.342	900	4	1
101.459	901	2	2
101.693	902	2	3
101.459	903	3	1
101.459	904	1	1
101.693	905	4	1
101.811	906	3	1
101.928	907	1	1
101.928	908	4	1
102.045	909	2	1
102.162	910	3	2
102.397	911	3	3
102.397	912	4	2
102.865	913	4	3
102.397	914	1	2
102.865	915	1	3
102.397	916	2	1
102.865	917	2	1
102.865	918	3	1
102.982	919	4	1
103.100	920	3	1
103.217	921	1	1
103.334	922	2	2
103.568	923	2	3
103.334	924	4	1
103.334	925	3	1
103.568	926	4	1
103.686	927	3	1
103.803	928	4	1
103.803	929	1	1
103.920	930	2	1
104.037	931	3	2
104.272	932	3	3
104.272	933	2	1
104.272	934	1	1
104.389	935	4	1
104.506	936	3	1
104.623	937	2	1
104.740	938	1	1
104.740	939	3	1
104.857	940	2	1
104.975	941	3	1
105.092	942	4	1
105.209	943	2	2
106.147	944	2	3
105.678	945	3	1
105.795	946	3	1
105.912	947	3	1
106.029	948	3	1
106.147	949	1	2
106.615	950	1	3
106.147	951	4	2
106.615	952	4	3
106.615	953	2	1
106.615	954	3	1
106.732	955	4	1
106.850	956	3	1
106.967	957	2	1
106.967	958	1	2
107.084	959	1	3
107.084	960	3	1
107.084	961	4	1
107.318	962	4	1
107.436	963	3	1
107.553	964	1	1
107.553	965	4	1
107.670	966	2	1
107.787	967	3	2
108.022	968	3	3
108.022	969	2	1
108.022	970	1	1
108.139	971	4	1
108.256	972	3	1
108.373	973	2	1
108.490	974	3	1
108.490	975	4	1
108.490	976	1	2
108.607	977	1	3
108.607	978	2	1
108.725	979	3	1
108.842	980	4	2
108.959	981	4	3
108.959	982	2	1
108.959	983	3	1
109.193	984	4	1
109.311	985	3	1
109.428	986	1	1
109.428	987	4	1
109.545	988	2	1
109.662	989	3	2
109.897	990	3	3
109.897	991	2	1
109.897	992	4	2
110.365	993	4	3
109.897	994	1	2
110.365	995	1	3
110.365	996	3	1
110.365	997	2	1
110.482	998	4	1
110.600	999	3	1
110.717	1000	1	2
110.834	1001	1	3
110.717	1002	2	1
110.834	1003	3	1
110.834	1004	4	1
111.068	1005	4	1
111.186	1006	3	1
111.303	1007	1	1
111.303	1008	4	1
111.420	1009	2	1
111.537	1010	3	2
111.772	1011	3	3
111.772	1012	1	1
111.772	1013	2	1
111.889	1014	4	1
112.006	1015	3	1
112.123	1016	2	1
112.240	1017	1	2
112.357	1018	1	3
112.240	1019	3	1
112.240	1020	4	1
112.357	1021	2	1
112.475	1022	3	1
112.592	1023	4	2
112.709	1024	4	3
112.709	1025	2	1
112.709	1026	3	1
112.943	1027	4	1
113.061	1028	3	1
113.178	1029	2	2
113.647	1030	2	3
113.178	1031	4	1
113.178	1032	1	1
113.412	1033	3	2
113.647	1034	3	3
113.412	1035	1	1
113.412	1036	4	1
113.647	1037	4	2
114.115	1038	4	3
113.647	1039	1	2
114.115	1040	1	3
114.115	1041	2	1
114.115	1042	3	1
114.232	1043	4	1
114.350	1044	3	1
114.467	1045	1	2
114.584	1046	1	3
114.467	1047	2	1
114.584	1048	3	1
114.584	1049	4	1
114.818	1050	4	1
114.936	1051	3	1
115.053	1052	4	1
115.053	1053	1	1
115.170	1054	2	1
115.287	1055	3	2
115.522	1056	3	3
115.522	1057	2	1
115.522	1058	1	1
115.639	1059	4	1
115.756	1060	3	1
115.873	1061	2	1
115.990	1062	3	1
115.990	1063	4	1
115.990	1064	1	2
116.107	1065	1	3
116.107	1066	2	1
116.225	1067	3	1
116.342	1068	4	2
116.459	1069	4	3
116.459	1070	2	1
116.459	1071	3	1
116.693	1072	4	1
116.811	1073	3	1
116.928	1074	1	1
116.928	1075	4	1
117.045	1076	2	1
117.162	1077	3	2
117.397	1078	3	3
117.397	1079	1	2
117.865	1080	1	3
117.397	1081	2	1
117.397	1082	4	2
117.865	1083	4	3
117.865	1084	2	1
117.865	1085	3	1
117.982	1086	4	1
118.100	1087	3	1
118.217	1088	1	2
118.334	1089	1	3
118.217	1090	2	1
118.334	1091	4	1
118.334	1092	3	1
118.568	1093	4	1
118.686	1094	3	1
118.803	1095	4	1
118.803	1096	1	1
118.920	1097	2	1
119.037	1098	3	2
119.272	1099	3	3
119.272	1100	1	1
119.272	1101	2	1
119.389	1102	4	1
119.506	1103	3	1
119.623	1104	2	1
119.740	1105	1	2
119.857	1106	1	3
119.740	1107	3	1
119.740	1108	4	1
119.857	1109	2	1
119.975	1110	3	1
120.092	1111	4	2
120.209	1112	4	3
120.209	1113	2	2
120.678	1114	2	3
120.678	1115	1	2
121.147	1116	1	3
120.678	1117	4	2
121.147	1118	4	3
120.678	1119	3	1
120.912	1120	2	1
121.147	1121	2	1
121.147	1122	3	1