Song Name	Hemisphere(Remake ver.) (Hard) by ARForest
Difficulty	18
Primary Color	Flow
Secondary Color	Vibe
Last Note Time	143.483
Total Notes	885
Fever Fill	257
Fever Time	21.522450
Long Notes	115
BPM	117
Song Length	144.087729167

Timing Points
14.483	600.0000
115.283	2400.0000
115.283	2400.0000
123.683	300.0000
123.683	300.0000


Song Data
14.483	1	1	1
14.933	2	4	1
15.233	3	3	1
15.383	4	1	1
15.533	5	2	1
15.833	6	3	1
16.133	7	2	1
16.283	8	1	1
16.433	9	4	1
16.583	10	2	1
16.733	11	3	1
16.883	12	1	1
17.183	13	4	1
17.333	14	1	1
17.633	15	3	1
17.783	16	1	1
17.933	17	2	1
18.233	18	3	1
18.533	19	2	1
18.683	20	1	1
18.833	21	4	1
18.983	22	2	1
19.133	23	3	1
19.283	24	1	1
19.733	25	4	1
20.033	26	3	1
20.183	27	1	1
20.333	28	2	1
20.633	29	3	1
20.933	30	2	1
21.083	31	1	1
21.233	32	4	1
21.383	33	2	1
21.533	34	3	1
21.683	35	1	1
21.983	36	4	1
22.133	37	1	1
22.433	38	3	1
22.583	39	1	1
22.733	40	2	1
23.033	41	3	1
23.333	42	2	1
23.483	43	1	1
23.633	44	4	1
23.783	45	2	1
23.933	46	3	1
24.083	47	1	1
24.533	48	4	1
24.833	49	3	1
24.983	50	1	1
25.133	51	2	1
25.433	52	3	1
25.733	53	2	1
25.883	54	1	1
26.033	55	4	1
26.183	56	2	1
26.333	57	3	1
26.483	58	1	1
26.783	59	4	1
26.933	60	1	1
27.233	61	3	1
27.383	62	1	1
27.533	63	2	1
27.833	64	3	1
28.133	65	2	1
28.283	66	1	1
28.433	67	4	1
28.583	68	2	1
28.733	69	3	1
28.883	70	1	1
29.333	71	4	1
29.633	72	3	1
29.783	73	1	1
29.933	74	2	1
30.233	75	3	1
30.533	76	2	1
30.683	77	1	1
30.833	78	4	1
30.983	79	2	1
31.133	80	3	1
31.283	81	1	1
31.583	82	4	1
31.733	83	1	1
32.033	84	3	1
32.183	85	1	1
32.333	86	2	1
32.633	87	3	1
32.933	88	2	1
33.083	89	1	1
33.233	90	4	1
33.383	91	3	1
33.533	92	2	1
33.683	93	1	1
33.683	94	4	1
34.133	95	4	1
34.433	96	3	1
34.583	97	1	1
34.583	98	4	1
34.733	99	2	1
35.033	100	3	1
35.333	101	2	1
35.483	102	1	1
35.633	103	4	1
35.783	104	1	1
35.783	105	2	1
35.933	106	3	1
36.083	107	1	1
36.383	108	4	1
36.533	109	1	1
36.833	110	3	1
36.983	111	1	1
36.983	112	4	1
37.133	113	2	1
37.433	114	3	1
37.733	115	2	1
37.883	116	1	1
38.033	117	4	1
38.183	118	1	1
38.183	119	2	1
38.333	120	3	1
38.483	121	1	1
38.933	122	4	1
39.233	123	3	1
39.383	124	1	1
39.383	125	4	1
39.533	126	2	1
39.833	127	3	1
40.133	128	2	1
40.283	129	1	1
40.433	130	4	1
40.583	131	1	1
40.583	132	2	1
40.733	133	3	1
40.883	134	1	1
41.183	135	4	1
41.333	136	1	1
41.633	137	3	1
41.783	138	1	1
41.783	139	4	1
41.933	140	2	1
42.233	141	3	1
42.533	142	2	1
42.683	143	1	1
42.833	144	4	1
42.983	145	1	1
42.983	146	2	1
43.133	147	3	1
43.283	148	1	1
43.733	149	4	1
44.033	150	3	1
44.183	151	1	1
44.183	152	4	1
44.333	153	2	1
44.633	154	3	1
44.933	155	2	1
45.083	156	1	1
45.233	157	4	1
45.383	158	1	1
45.383	159	2	1
45.533	160	3	1
45.683	161	1	1
45.983	162	4	1
46.133	163	1	1
46.433	164	3	1
46.583	165	1	1
46.583	166	4	1
46.733	167	2	1
47.033	168	3	1
47.333	169	2	1
47.483	170	1	1
47.633	171	4	1
47.783	172	1	1
47.783	173	2	1
47.933	174	3	1
48.083	175	1	1
48.533	176	4	1
48.833	177	3	1
48.983	178	1	1
48.983	179	4	1
49.133	180	2	1
49.433	181	3	1
49.733	182	2	1
49.883	183	1	1
50.033	184	4	1
50.183	185	1	1
50.183	186	2	1
50.333	187	3	1
50.483	188	1	1
50.783	189	4	2
50.933	190	1	2
51.233	191	3	2
51.233	192	1	3
51.233	193	4	3
51.383	194	2	2
51.533	195	1	2
51.533	196	2	3
51.533	197	3	3
51.833	198	2	2
52.133	199	3	2
52.433	200	4	2
52.433	201	3	3
52.583	202	3	2
52.583	203	2	3
52.733	204	2	2
52.733	205	1	3
52.883	206	1	2
55.883	207	2	3
55.883	208	3	3
55.883	209	4	3
57.683	210	3	1
57.683	211	4	1
57.683	212	1	3
57.833	213	2	1
57.983	214	2	1
58.133	215	1	1
58.133	216	3	1
58.283	217	3	1
58.433	218	2	1
58.583	219	1	1
58.583	220	4	1
58.733	221	1	1
58.883	222	3	1
59.033	223	2	1
59.033	224	4	1
59.183	225	2	1
59.333	226	1	1
59.483	227	1	1
59.483	228	4	1
59.633	229	3	1
59.783	230	2	1
59.783	231	3	1
59.933	232	4	1
60.083	233	1	1
60.083	234	3	1
60.233	235	2	1
60.383	236	2	1
60.533	237	1	1
60.533	238	4	1
60.683	239	3	1
60.833	240	2	1
60.983	241	1	1
60.983	242	3	1
61.133	243	1	1
61.283	244	4	1
61.433	245	2	1
61.583	246	2	1
61.733	247	1	1
61.883	248	3	1
62.033	249	4	1
62.183	250	1	1
62.333	251	2	1
62.483	252	3	1
62.483	253	4	1
62.633	254	2	1
62.783	255	2	1
62.933	256	1	1
62.933	257	3	1
63.083	258	3	1
63.233	259	2	1
63.383	260	1	1
63.383	261	4	1
63.533	262	1	1
63.683	263	3	1
63.833	264	2	1
63.833	265	4	1
63.983	266	2	1
64.133	267	1	1
64.283	268	1	1
64.283	269	4	1
64.433	270	3	1
64.583	271	2	1
64.583	272	3	1
64.733	273	4	1
64.883	274	1	1
64.883	275	3	1
65.033	276	2	1
65.183	277	2	1
65.333	278	1	1
65.333	279	4	1
65.483	280	3	1
65.633	281	2	1
65.783	282	1	1
65.783	283	3	1
65.933	284	1	1
66.083	285	4	1
66.233	286	2	1
66.383	287	2	1
66.533	288	3	1
66.683	289	1	1
66.833	290	2	1
66.983	291	3	1
67.133	292	4	1
67.283	293	3	1
67.283	294	4	1
67.433	295	2	1
67.583	296	2	1
67.733	297	1	1
67.733	298	3	1
67.883	299	3	1
67.883	300	4	1
68.033	301	2	1
68.183	302	1	1
68.183	303	4	1
68.333	304	1	1
68.483	305	3	1
68.633	306	2	1
68.633	307	4	1
68.783	308	2	1
68.933	309	1	1
69.083	310	1	1
69.083	311	4	1
69.233	312	3	1
69.383	313	2	1
69.383	314	3	1
69.533	315	4	1
69.683	316	1	1
69.683	317	3	1
69.833	318	2	1
69.983	319	2	1
70.133	320	1	1
70.133	321	4	1
70.283	322	3	1
70.283	323	4	1
70.433	324	2	1
70.583	325	1	1
70.583	326	3	1
70.733	327	1	1
70.883	328	4	1
71.033	329	2	1
71.183	330	2	1
71.333	331	1	1
71.483	332	2	1
71.483	333	3	1
71.633	334	4	1
71.783	335	1	1
71.933	336	2	1
72.083	337	3	1
72.083	338	4	1
72.233	339	2	1
72.383	340	2	1
72.533	341	1	1
72.533	342	3	1
72.683	343	3	1
72.683	344	4	1
72.833	345	2	1
72.983	346	1	1
72.983	347	4	1
73.133	348	1	1
73.283	349	3	1
73.433	350	2	1
73.433	351	4	1
73.583	352	2	1
73.733	353	1	1
73.883	354	1	1
73.883	355	4	1
74.033	356	3	1
74.183	357	2	1
74.183	358	3	1
74.333	359	4	1
74.483	360	1	1
74.483	361	3	1
74.633	362	2	1
74.783	363	2	1
74.933	364	1	1
74.933	365	4	1
75.083	366	1	1
75.083	367	3	1
75.233	368	2	1
75.383	369	3	1
75.383	370	4	1
75.533	371	1	1
75.683	372	4	1
75.833	373	3	1
75.908	374	2	1
75.983	375	1	1
76.133	376	2	1
76.283	377	1	1
76.283	378	4	1
76.358	379	3	1
76.433	380	2	1
76.508	381	1	1
76.583	382	3	1
76.583	383	4	1
76.883	384	2	2
76.883	385	3	1
77.033	386	1	2
77.033	387	2	3
77.183	388	3	2
77.183	389	1	3
77.333	390	4	2
77.333	391	3	3
77.633	392	1	2
77.633	393	4	3
77.933	394	2	2
77.933	395	1	3
78.083	396	2	3
78.233	397	2	2
78.383	398	4	2
78.383	399	2	3
78.533	400	3	2
78.533	401	4	3
78.683	402	2	2
78.683	403	3	3
78.833	404	3	2
78.833	405	2	3
78.983	406	1	2
78.983	407	3	3
79.133	408	2	2
79.133	409	1	3
79.283	410	3	2
79.283	411	2	3
79.433	412	4	2
79.583	413	1	2
79.583	414	3	3
79.583	415	4	3
79.733	416	2	2
79.733	417	1	3
79.883	418	2	3
80.033	419	4	2
80.183	420	4	3
80.333	421	3	2
80.483	422	3	3
80.633	423	1	2
80.783	424	2	2
80.933	425	3	2
80.933	426	1	3
80.933	427	2	3
81.083	428	4	2
81.083	429	3	3
81.233	430	2	2
81.233	431	4	3
81.383	432	1	2
81.383	433	2	3
81.533	434	3	2
81.533	435	1	3
81.683	436	2	2
81.833	437	1	2
81.833	438	2	3
81.833	439	3	3
81.983	440	3	2
81.983	441	1	3
82.133	442	4	2
82.133	443	3	3
82.433	444	1	2
82.433	445	4	3
82.733	446	2	2
82.733	447	1	3
82.883	448	2	3
83.033	449	2	2
83.183	450	4	2
83.183	451	2	3
83.333	452	3	2
83.333	453	4	3
83.483	454	1	2
83.483	455	3	3
83.633	456	2	2
83.633	457	1	3
83.783	458	4	2
83.783	459	2	3
83.933	460	3	2
83.933	461	4	3
84.083	462	1	2
84.233	463	2	2
84.233	464	1	3
84.383	465	1	2
84.383	466	2	3
84.383	467	3	3
84.533	468	3	2
84.533	469	1	3
84.683	470	3	3
84.833	471	4	2
84.983	472	3	2
84.983	473	4	3
85.133	474	2	2
85.133	475	3	3
85.283	476	2	3
85.433	477	1	2
85.583	478	2	2
85.733	479	3	2
85.733	480	1	3
85.733	481	2	3
85.883	482	4	2
85.883	483	3	3
86.033	484	2	2
86.033	485	4	3
86.183	486	3	2
86.183	487	2	3
86.333	488	4	2
86.333	489	3	3
86.483	490	2	1
86.483	491	3	1
86.483	492	4	3
86.633	493	1	1
86.783	494	3	1
86.933	495	4	1
87.233	496	1	1
87.533	497	2	1
87.833	498	1	1
87.833	499	2	1
87.983	500	4	1
88.133	501	3	1
88.283	502	1	1
88.283	503	2	1
88.433	504	3	1
88.583	505	1	1
88.733	506	2	1
88.883	507	1	1
88.883	508	3	1
89.033	509	4	1
89.183	510	2	1
89.333	511	3	1
89.633	512	4	1
89.933	513	3	1
90.233	514	1	1
90.233	515	4	1
90.383	516	2	1
90.533	517	3	1
90.683	518	1	1
90.683	519	4	1
90.833	520	2	1
90.983	521	1	1
90.983	522	4	1
91.133	523	3	1
91.283	524	2	1
91.283	525	4	1
91.433	526	1	1
91.583	527	3	1
91.733	528	4	1
92.033	529	1	1
92.333	530	2	1
92.633	531	1	1
92.633	532	2	1
92.783	533	4	1
92.933	534	3	1
93.083	535	1	1
93.083	536	4	1
93.233	537	2	1
93.383	538	4	1
93.533	539	3	1
93.683	540	1	1
93.683	541	4	1
93.833	542	2	1
93.983	543	1	1
94.133	544	3	1
94.433	545	4	1
94.583	546	3	1
94.733	547	2	1
95.033	548	1	1
95.033	549	4	1
95.183	550	2	1
95.333	551	3	1
95.483	552	2	1
95.483	553	4	1
95.633	554	1	1
95.783	555	2	1
95.783	556	3	1
95.933	557	4	1
96.083	558	1	1
96.083	559	3	1
96.233	560	2	1
96.383	561	3	1
96.533	562	4	1
96.833	563	1	1
97.133	564	2	1
97.433	565	2	1
97.583	566	4	1
97.733	567	3	1
97.883	568	2	1
98.033	569	3	1
98.183	570	1	1
98.333	571	2	1
98.483	572	3	1
98.633	573	4	1
98.783	574	1	1
98.933	575	2	1
99.233	576	4	1
99.533	577	3	1
99.833	578	1	1
99.983	579	2	1
100.133	580	3	1
100.283	581	4	1
100.433	582	2	1
100.583	583	1	1
100.733	584	3	1
100.883	585	2	1
101.033	586	1	1
101.183	587	3	1
101.333	588	4	1
101.633	589	1	1
101.933	590	2	1
102.233	591	2	1
102.383	592	4	1
102.533	593	3	1
102.683	594	1	1
102.833	595	2	1
102.983	596	4	1
103.133	597	3	1
103.283	598	1	1
103.433	599	2	1
103.583	600	1	1
103.733	601	3	1
104.033	602	4	1
104.183	603	3	1
104.333	604	2	1
104.633	605	1	1
104.783	606	2	1
104.933	607	3	1
105.083	608	4	1
105.233	609	2	1
105.383	610	3	1
105.533	611	4	1
105.683	612	1	1
105.683	613	3	1
105.833	614	2	1
105.983	615	3	1
106.133	616	4	1
106.433	617	1	1
106.733	618	2	1
107.033	619	2	1
107.183	620	4	1
107.333	621	3	1
107.483	622	2	1
107.633	623	3	1
107.783	624	1	1
107.933	625	2	1
108.083	626	3	1
108.233	627	4	1
108.383	628	1	1
108.533	629	2	1
108.833	630	4	1
109.133	631	3	1
109.433	632	1	1
109.583	633	2	1
109.733	634	3	1
109.883	635	4	1
110.033	636	2	1
110.183	637	1	1
110.333	638	3	1
110.483	639	2	1
110.633	640	1	1
110.783	641	3	1
110.933	642	4	1
111.233	643	1	1
111.533	644	2	1
111.833	645	2	1
111.983	646	4	1
112.133	647	3	1
112.283	648	1	1
112.433	649	2	1
112.583	650	4	1
112.733	651	3	1
112.883	652	2	2
112.883	653	3	2
113.483	654	4	2
113.633	655	1	2
113.633	656	4	3
113.783	657	1	3
114.083	658	4	2
114.383	659	1	2
114.383	660	4	3
114.533	661	4	2
114.533	662	1	3
114.833	663	1	2
114.833	664	4	3
115.133	665	1	3
115.283	666	1	2
115.283	667	4	2
115.283	668	2	3
115.283	669	3	3
117.533	670	1	3
117.533	671	4	3
117.683	672	1	2
117.683	673	4	2
119.933	674	1	3
119.933	675	4	3
120.083	676	1	2
120.083	677	4	2
122.333	678	1	3
122.333	679	4	3
122.483	680	1	2
122.483	681	4	2
123.683	682	3	1
123.833	683	2	1
123.983	684	2	1
124.133	685	3	1
124.283	686	3	1
124.283	687	1	3
124.283	688	4	3
124.433	689	2	1
124.583	690	3	1
124.658	691	2	1
124.733	692	3	1
124.808	693	2	1
124.883	694	1	1
124.883	695	3	2
124.883	696	4	1
125.183	697	2	1
125.183	698	4	1
125.333	699	1	1
125.483	700	2	2
125.483	701	3	3
125.633	702	4	1
125.783	703	1	1
125.783	704	3	1
125.933	705	4	1
126.083	706	1	2
126.083	707	2	3
126.233	708	3	1
126.383	709	2	1
126.383	710	4	1
126.533	711	3	1
126.608	712	2	1
126.683	713	4	2
126.683	714	1	3
126.833	715	3	1
126.983	716	1	1
126.983	717	2	1
127.133	718	3	2
127.133	719	4	3
127.283	720	1	1
127.583	721	2	2
127.583	722	4	1
127.583	723	3	3
127.733	724	1	1
127.883	725	4	2
127.883	726	2	3
128.033	727	1	1
128.183	728	2	1
128.183	729	3	1
128.333	730	1	1
128.483	731	3	2
128.483	732	4	3
128.633	733	4	1
128.783	734	1	1
128.783	735	2	1
128.933	736	4	1
129.008	737	1	1
129.083	738	2	2
129.083	739	3	3
129.233	740	4	1
129.383	741	1	1
129.533	742	3	2
129.533	743	4	1
129.533	744	2	3
129.683	745	1	1
129.983	746	1	1
129.983	747	2	1
130.133	748	4	1
130.283	749	1	2
130.283	750	3	3
130.433	751	4	1
130.583	752	2	1
130.583	753	3	1
130.733	754	4	1
130.883	755	2	2
130.883	756	1	3
131.033	757	1	1
131.183	758	3	1
131.183	759	4	1
131.333	760	1	1
131.408	761	4	1
131.483	762	3	2
131.483	763	2	3
131.633	764	2	1
131.783	765	1	1
131.783	766	4	1
131.933	767	2	2
131.933	768	3	3
132.083	769	4	1
132.383	770	1	2
132.383	771	3	1
132.383	772	2	3
132.533	773	4	1
132.683	774	3	2
132.683	775	1	3
132.833	776	2	1
132.983	777	1	1
132.983	778	4	1
133.133	779	2	1
133.283	780	4	2
133.283	781	3	3
133.433	782	1	1
133.583	783	2	1
133.583	784	3	1
133.733	785	1	1
133.808	786	3	1
133.883	787	2	2
133.883	788	4	3
134.033	789	4	1
134.183	790	1	1
134.183	791	3	1
134.333	792	4	1
134.408	793	1	1
134.483	794	3	2
134.483	795	4	1
134.483	796	2	3
134.783	797	2	1
134.783	798	4	1
134.933	799	1	1
135.083	800	2	2
135.083	801	3	3
135.233	802	4	1
135.383	803	1	1
135.383	804	3	1
135.533	805	4	1
135.683	806	1	2
135.683	807	2	3
135.833	808	3	1
135.983	809	2	1
135.983	810	4	1
136.133	811	3	1
136.208	812	2	1
136.283	813	4	2
136.283	814	1	3
136.433	815	3	1
136.583	816	1	1
136.583	817	2	1
136.733	818	3	2
136.733	819	4	3
136.883	820	1	1
137.183	821	2	2
137.183	822	4	1
137.183	823	3	3
137.333	824	1	1
137.483	825	4	2
137.483	826	2	3
137.633	827	1	1
137.783	828	2	1
137.783	829	3	1
137.933	830	1	1
138.083	831	3	2
138.083	832	4	3
138.233	833	4	1
138.383	834	1	1
138.383	835	2	1
138.533	836	4	1
138.608	837	1	1
138.683	838	2	2
138.683	839	3	3
138.833	840	4	1
138.983	841	1	1
139.133	842	3	2
139.133	843	4	1
139.133	844	2	3
139.283	845	1	1
139.583	846	1	1
139.583	847	2	1
139.733	848	4	1
139.883	849	1	2
139.883	850	3	3
140.033	851	4	1
140.183	852	2	1
140.183	853	3	1
140.333	854	4	1
140.483	855	2	2
140.483	856	1	3
140.633	857	1	1
140.783	858	3	1
140.783	859	4	1
140.933	860	1	1
141.008	861	4	1
141.083	862	3	2
141.083	863	2	3
141.233	864	2	1
141.383	865	1	1
141.383	866	4	1
141.533	867	2	2
141.533	868	3	3
141.683	869	3	1
141.683	870	4	1
141.983	871	1	2
141.983	872	2	3
142.133	873	2	1
142.133	874	4	1
142.283	875	3	2
142.283	876	1	3
142.583	877	1	1
142.583	878	4	1
142.883	879	4	2
142.883	880	3	3
143.033	881	1	1
143.183	882	2	1
143.333	883	3	1
143.483	884	1	1
143.483	885	4	3