Song Name	Hold Me, Magic (Hard) by AKORINGO [Nash Music Library]
Title	Hold Me, Magic (Hard)
Artist	AKORINGO [Nash Music Library]
Description	A 2016 track released in the 'J-Songs' collection. Magic! Trick! Love! Kiss! Which one should I choose? You're so cute I want to bully you! Map by Ucitysm and iiJohn0.
Difficulty	30
Primary Color	Flow
Secondary Color	Rush
Cover Image ID	134428435089819
Audio Asset ID	rbxassetid://9062023189
Audio File	9062023189.ogg
Last Note Time	148.648
Total Notes	2235
Fever Fill	616
Fever Time	22.297200
Long Notes	386
BPM	180
Song Length	149.648000000

Timing Points
0.000	333.333333
0.149	333.333333
1.315	333.333333
53.314	333.333333
74.648	333.333333
138.648	333.333333
148.648	333.333333


Song Data
0.000	1	3	1
0.000	2	1	1
0.000	3	2	1
0.149	4	4	2
0.315	5	4	3
0.315	6	1	1
0.315	7	3	1
0.482	8	4	2
0.648	9	4	3
0.648	10	1	1
0.648	11	2	1
0.815	12	4	2
0.982	13	4	3
0.982	14	1	1
0.982	15	3	1
1.148	16	4	2
1.315	17	4	3
1.315	18	1	1
1.315	19	2	1
1.481	20	4	2
1.648	21	4	3
1.648	22	1	1
1.648	23	3	1
1.814	24	4	2
1.981	25	4	3
1.981	26	1	1
1.981	27	2	1
2.148	28	4	2
2.314	29	4	3
2.314	30	1	1
2.314	31	3	1
2.481	32	4	2
2.648	33	4	3
2.648	34	1	1
2.648	35	2	1
2.814	36	4	2
2.981	37	4	3
2.981	38	1	1
2.981	39	3	1
3.148	40	4	2
3.314	41	4	3
3.314	42	1	1
3.314	43	2	1
3.481	44	4	2
3.648	45	4	3
3.648	46	1	1
3.648	47	3	1
3.814	48	4	2
3.981	49	4	3
3.981	50	1	1
3.981	51	2	1
4.148	52	4	2
4.314	53	4	3
4.314	54	1	1
4.314	55	3	1
4.481	56	4	2
4.648	57	4	3
4.648	58	1	2
4.814	59	1	3
4.648	60	2	1
4.814	61	4	2
4.981	62	4	3
4.981	63	1	1
4.981	64	3	2
5.148	65	3	3
5.148	66	4	2
5.314	67	4	3
5.314	68	1	1
5.314	69	2	1
5.481	70	4	2
5.648	71	4	3
5.648	72	1	1
5.648	73	3	1
5.814	74	4	2
5.981	75	4	3
5.981	76	1	1
5.981	77	2	1
6.148	78	4	2
6.314	79	4	3
6.314	80	3	1
6.314	81	1	1
6.481	82	4	2
6.648	83	4	3
6.648	84	1	1
6.648	85	2	1
6.814	86	4	2
6.981	87	4	3
6.981	88	1	1
6.981	89	3	1
7.148	90	4	2
7.314	91	4	3
7.314	92	1	1
7.314	93	2	1
7.481	94	4	2
7.648	95	4	3
7.648	96	3	1
7.648	97	1	1
7.814	98	4	2
7.981	99	4	3
7.981	100	1	1
7.981	101	2	1
8.148	102	4	2
8.314	103	4	3
8.314	104	1	1
8.314	105	3	1
8.481	106	4	2
8.648	107	4	3
8.648	108	1	1
8.648	109	2	1
8.814	110	4	2
8.981	111	4	3
8.981	112	1	1
8.981	113	3	1
9.148	114	4	2
9.314	115	4	3
9.314	116	1	1
9.314	117	2	1
9.481	118	4	2
9.648	119	4	3
9.648	120	1	1
9.648	121	3	1
9.814	122	3	2
9.981	123	3	3
9.981	124	4	1
9.981	125	1	2
10.148	126	1	3
10.148	127	2	2
10.314	128	2	3
10.314	129	1	1
10.314	130	4	2
10.481	131	4	3
10.481	132	1	2
10.648	133	1	3
10.648	134	3	1
10.648	135	2	2
10.981	136	2	3
10.648	137	4	1
10.814	138	3	1
10.981	139	3	1
10.981	140	1	1
10.981	141	4	2
11.314	142	4	3
11.148	143	2	1
11.314	144	1	1
11.314	145	2	2
11.648	146	2	3
11.481	147	3	1
11.648	148	3	1
11.648	149	1	1
11.648	150	4	2
11.981	151	4	3
11.814	152	2	1
11.981	153	2	2
12.148	154	2	3
11.981	155	3	1
12.148	156	1	2
12.314	157	1	3
12.314	158	3	2
12.481	159	3	3
12.314	160	2	1
12.314	161	4	1
12.481	162	4	2
12.648	163	4	3
12.648	164	1	1
12.648	165	2	2
12.981	166	2	3
12.814	167	4	1
12.981	168	1	1
12.981	169	3	1
12.981	170	4	1
13.148	171	2	1
13.314	172	1	1
13.314	173	4	1
13.481	174	3	2
13.648	175	3	3
13.648	176	2	1
13.648	177	1	1
13.648	178	4	1
13.814	179	2	2
13.981	180	2	3
13.981	181	1	1
13.981	182	4	1
14.148	183	3	2
14.314	184	3	3
14.314	185	2	1
14.314	186	1	1
14.314	187	4	1
14.481	188	2	2
14.648	189	2	3
14.648	190	1	1
14.648	191	4	1
14.814	192	3	1
14.981	193	1	1
14.981	194	4	1
14.981	195	3	1
15.148	196	2	1
15.314	197	1	1
15.314	198	4	1
15.398	199	3	1
15.398	200	2	1
15.481	201	1	1
15.481	202	4	1
15.648	203	1	1
15.648	204	2	1
15.731	205	4	1
15.731	206	3	1
15.814	207	1	1
15.814	208	2	1
15.898	209	4	1
15.898	210	3	1
15.981	211	1	1
15.981	212	2	2
16.314	213	2	3
16.148	214	3	1
16.314	215	3	1
16.314	216	1	1
16.314	217	4	2
16.648	218	4	3
16.481	219	2	1
16.648	220	1	1
16.648	221	2	2
16.981	222	2	3
16.814	223	3	1
16.981	224	1	1
16.981	225	3	1
16.981	226	4	2
17.314	227	4	3
17.148	228	2	1
17.314	229	2	2
17.481	230	2	3
17.314	231	3	1
17.481	232	1	2
17.648	233	1	3
17.648	234	2	1
17.648	235	3	2
17.814	236	3	3
17.648	237	4	1
17.814	238	4	2
17.981	239	4	3
17.981	240	1	1
17.981	241	2	2
18.314	242	2	3
18.148	243	4	1
18.314	244	1	1
18.314	245	3	1
18.314	246	4	1
18.481	247	2	1
18.648	248	1	1
18.648	249	4	1
18.814	250	4	1
18.981	251	3	2
19.314	252	3	3
18.981	253	2	1
18.981	254	1	1
19.148	255	4	1
19.314	256	2	1
19.314	257	4	1
19.481	258	2	1
19.648	259	1	2
19.981	260	1	3
19.648	261	3	1
19.648	262	4	1
19.814	263	2	1
19.981	264	3	2
20.148	265	3	3
19.981	266	4	1
20.148	267	1	1
20.314	268	3	2
20.481	269	3	3
20.314	270	2	1
20.314	271	4	1
20.481	272	1	1
20.648	273	3	1
20.648	274	4	1
20.731	275	1	1
20.731	276	2	1
20.814	277	3	1
20.814	278	4	1
20.981	279	1	1
20.981	280	4	1
21.064	281	2	1
21.064	282	3	1
21.148	283	1	1
21.148	284	4	1
21.231	285	2	1
21.231	286	3	1
21.314	287	1	2
21.481	288	1	3
21.314	289	3	1
21.314	290	4	1
21.481	291	3	2
21.648	292	3	3
21.648	293	1	1
21.648	294	4	1
21.648	295	2	2
21.814	296	2	3
21.814	297	4	2
21.981	298	4	3
21.981	299	1	1
21.981	300	3	2
22.148	301	3	3
22.148	302	4	2
22.314	303	4	3
22.314	304	3	1
22.314	305	1	1
22.314	306	2	2
22.481	307	2	3
22.481	308	1	2
22.648	309	1	3
22.648	310	4	1
22.648	311	3	2
22.814	312	3	3
22.814	313	2	2
22.981	314	2	3
22.981	315	1	1
22.981	316	3	1
22.981	317	4	2
23.148	318	4	3
23.148	319	1	2
23.314	320	1	3
23.314	321	3	1
23.314	322	2	2
23.481	323	2	3
23.481	324	1	2
23.648	325	1	3
23.648	326	2	1
23.648	327	4	1
23.648	328	3	2
23.814	329	3	3
23.814	330	4	2
23.981	331	4	3
23.981	332	2	1
23.981	333	1	2
24.148	334	1	3
24.148	335	4	2
24.314	336	4	3
24.314	337	1	1
24.314	338	2	1
24.314	339	3	2
24.481	340	3	3
24.481	341	4	2
24.648	342	4	3
24.648	343	3	1
24.648	344	2	2
24.814	345	2	3
24.814	346	3	2
24.981	347	3	3
24.981	348	2	1
24.981	349	4	1
24.981	350	1	2
25.148	351	1	3
25.148	352	4	2
25.314	353	4	3
25.314	354	3	1
25.314	355	2	2
25.481	356	2	3
25.481	357	1	2
25.648	358	1	3
25.648	359	4	1
25.648	360	3	2
25.814	361	3	3
25.648	362	2	1
25.814	363	2	2
25.981	364	2	3
25.981	365	4	1
25.981	366	1	1
26.064	367	2	1
26.064	368	3	1
26.148	369	4	1
26.148	370	1	1
26.314	371	1	1
26.314	372	2	1
26.398	373	4	1
26.398	374	3	1
26.481	375	1	1
26.481	376	2	1
26.564	377	4	1
26.564	378	3	1
26.648	379	2	1
26.648	380	1	2
26.814	381	1	3
26.814	382	3	2
26.981	383	3	3
26.981	384	1	1
26.981	385	4	1
26.981	386	2	2
27.148	387	2	3
27.148	388	4	2
27.314	389	4	3
27.314	390	1	1
27.314	391	3	2
27.481	392	3	3
27.481	393	4	2
27.648	394	4	3
27.648	395	3	1
27.648	396	1	1
27.648	397	2	2
27.814	398	2	3
27.814	399	1	2
27.981	400	1	3
27.981	401	4	1
27.981	402	3	2
28.148	403	3	3
28.148	404	2	2
28.314	405	2	3
28.314	406	1	1
28.314	407	3	1
28.314	408	4	2
28.481	409	4	3
28.481	410	1	2
28.648	411	1	3
28.648	412	3	1
28.648	413	2	2
28.814	414	2	3
28.814	415	1	2
28.981	416	1	3
28.981	417	2	1
28.981	418	4	1
28.981	419	3	2
29.148	420	3	3
29.148	421	4	2
29.314	422	4	3
29.314	423	2	1
29.314	424	1	2
29.481	425	1	3
29.481	426	4	2
29.648	427	4	3
29.648	428	1	1
29.648	429	2	1
29.648	430	3	2
29.814	431	3	3
29.814	432	4	2
29.981	433	4	3
29.981	434	3	1
29.981	435	2	2
30.148	436	2	3
30.148	437	3	2
30.314	438	3	3
30.314	439	2	1
30.314	440	4	1
30.314	441	1	2
30.481	442	1	3
30.481	443	4	2
30.648	444	4	3
30.648	445	3	1
30.648	446	2	2
30.814	447	2	3
30.814	448	1	2
30.981	449	1	3
30.981	450	3	1
30.981	451	4	2
31.148	452	4	3
30.981	453	2	1
31.148	454	3	2
31.314	455	3	3
31.314	456	1	1
31.314	457	2	1
31.398	458	4	1
31.398	459	3	1
31.481	460	1	1
31.481	461	2	1
31.648	462	4	1
31.648	463	1	1
31.731	464	3	1
31.731	465	2	1
31.814	466	4	1
31.814	467	1	1
31.898	468	2	1
31.898	469	3	1
31.981	470	1	1
31.981	471	3	1
31.981	472	4	1
32.148	473	2	1
32.314	474	4	2
32.648	475	4	3
32.314	476	3	1
32.314	477	2	1
32.481	478	1	1
32.648	479	1	1
32.648	480	3	1
32.814	481	2	1
32.981	482	4	2
33.314	483	4	3
32.981	484	2	1
32.981	485	3	1
33.148	486	1	1
33.314	487	2	2
33.481	488	2	3
33.314	489	3	1
33.481	490	1	2
33.648	491	1	3
33.648	492	2	1
33.648	493	4	1
33.648	494	3	2
33.814	495	3	3
33.814	496	4	2
33.981	497	4	3
33.981	498	1	1
33.981	499	2	2
34.314	500	2	3
34.148	501	4	1
34.314	502	1	1
34.314	503	3	1
34.314	504	4	1
34.481	505	2	1
34.648	506	4	1
34.648	507	1	1
34.814	508	3	2
34.981	509	3	3
34.981	510	4	1
34.981	511	1	1
34.981	512	2	1
35.148	513	4	2
35.314	514	4	3
35.314	515	1	1
35.314	516	2	1
35.481	517	3	2
35.648	518	3	3
35.648	519	1	1
35.648	520	2	1
35.648	521	4	1
35.814	522	4	2
35.981	523	4	3
35.981	524	2	1
35.981	525	3	1
36.148	526	1	1
36.314	527	3	1
36.314	528	4	1
36.314	529	1	1
36.481	530	2	1
36.648	531	1	1
36.648	532	4	1
36.731	533	3	1
36.731	534	2	1
36.814	535	1	1
36.814	536	4	1
36.981	537	1	1
36.981	538	2	1
37.064	539	4	1
37.064	540	3	1
37.148	541	1	1
37.148	542	2	1
37.231	543	4	1
37.231	544	3	1
37.314	545	1	1
37.314	546	2	2
37.648	547	2	3
37.481	548	3	1
37.648	549	3	1
37.648	550	1	1
37.648	551	4	2
37.981	552	4	3
37.814	553	2	1
37.981	554	1	1
37.981	555	2	2
38.314	556	2	3
38.148	557	3	1
38.314	558	3	1
38.314	559	1	1
38.314	560	4	2
38.648	561	4	3
38.481	562	2	1
38.648	563	2	2
38.814	564	2	3
38.648	565	3	1
38.814	566	1	2
38.981	567	1	3
38.981	568	3	2
39.148	569	3	3
38.981	570	2	1
38.981	571	4	1
39.148	572	4	2
39.314	573	4	3
39.314	574	1	1
39.314	575	2	2
39.648	576	2	3
39.481	577	4	1
39.648	578	1	1
39.648	579	3	1
39.648	580	4	1
39.814	581	2	1
39.981	582	1	1
39.981	583	4	1
40.148	584	4	1
40.314	585	3	2
40.648	586	3	3
40.314	587	2	1
40.314	588	1	1
40.481	589	4	1
40.648	590	2	1
40.648	591	4	1
40.814	592	2	1
40.981	593	1	2
41.314	594	1	3
40.981	595	3	1
40.981	596	4	1
41.148	597	2	1
41.314	598	4	2
41.481	599	4	3
41.314	600	3	1
41.481	601	1	1
41.648	602	4	2
41.814	603	4	3
41.648	604	2	1
41.648	605	3	1
41.814	606	1	1
41.981	607	3	1
41.981	608	4	1
42.064	609	1	1
42.064	610	2	1
42.148	611	3	1
42.148	612	4	1
42.314	613	1	1
42.314	614	4	1
42.398	615	2	1
42.398	616	3	1
42.481	617	1	1
42.481	618	4	1
42.564	619	2	1
42.564	620	3	1
42.648	621	4	2
42.814	622	4	3
42.648	623	3	1
42.648	624	1	1
42.814	625	2	2
42.981	626	2	3
42.981	627	3	1
42.981	628	1	2
43.148	629	1	3
43.148	630	2	2
43.314	631	2	3
43.314	632	4	2
43.481	633	4	3
43.481	634	2	2
43.648	635	2	3
43.648	636	1	2
43.814	637	1	3
43.648	638	3	1
43.814	639	2	2
43.981	640	2	3
43.981	641	4	1
44.148	642	2	1
44.314	643	4	1
44.314	644	1	1
44.481	645	3	1
44.648	646	2	2
44.814	647	2	3
44.814	648	4	1
44.981	649	2	1
44.981	650	3	2
45.148	651	3	3
45.148	652	1	1
45.314	653	4	2
45.481	654	4	3
45.481	655	2	2
45.648	656	2	3
45.648	657	3	1
45.648	658	1	2
45.814	659	1	3
45.814	660	2	2
45.981	661	2	3
45.981	662	4	2
46.148	663	4	3
46.148	664	2	2
46.314	665	2	3
46.314	666	1	2
46.481	667	1	3
46.314	668	3	1
46.481	669	2	2
46.648	670	2	3
46.648	671	4	1
46.814	672	2	1
46.981	673	4	1
46.981	674	1	1
47.148	675	3	1
47.314	676	1	1
47.481	677	2	1
47.648	678	4	1
47.648	679	3	2
47.981	680	3	3
47.814	681	1	1
47.981	682	4	2
48.148	683	4	3
47.981	684	2	1
47.981	685	1	1
48.148	686	2	2
48.314	687	2	3
48.314	688	3	1
48.314	689	1	2
48.481	690	1	3
48.481	691	2	2
48.648	692	2	3
48.648	693	4	2
48.814	694	4	3
48.814	695	2	2
48.981	696	2	3
48.981	697	1	2
49.148	698	1	3
48.981	699	3	1
49.148	700	2	2
49.314	701	2	3
49.314	702	3	1
49.314	703	1	1
49.314	704	4	1
49.481	705	2	1
49.648	706	4	1
49.648	707	1	1
49.814	708	3	1
49.981	709	2	2
50.148	710	2	3
50.148	711	4	1
50.314	712	2	1
50.314	713	3	2
50.481	714	3	3
50.481	715	1	1
50.648	716	4	2
50.814	717	4	3
50.648	718	3	1
50.648	719	1	1
50.814	720	2	2
50.981	721	2	3
50.981	722	3	1
50.981	723	1	2
51.148	724	1	3
51.148	725	2	2
51.314	726	2	3
51.314	727	1	1
51.314	728	3	1
51.314	729	4	2
51.481	730	4	3
51.481	731	2	2
51.648	732	2	3
51.648	733	1	2
51.814	734	1	3
51.648	735	3	1
51.814	736	2	2
51.981	737	2	3
51.981	738	4	1
51.981	739	3	1
52.064	740	1	1
52.064	741	2	1
52.148	742	4	1
52.148	743	3	1
52.231	744	2	1
52.231	745	1	1
52.314	746	3	1
52.314	747	4	1
52.356	748	1	1
52.398	749	2	1
52.439	750	3	1
52.481	751	4	1
52.523	752	1	1
52.564	753	2	1
52.606	754	3	1
52.648	755	1	1
52.648	756	4	1
52.731	757	3	1
52.731	758	2	1
52.814	759	1	1
52.814	760	4	1
52.898	761	3	1
52.898	762	2	1
52.981	763	1	1
52.981	764	4	1
53.023	765	2	1
53.064	766	3	1
53.106	767	4	1
53.148	768	2	1
53.189	769	1	1
53.231	770	3	1
53.273	771	2	1
53.314	772	4	2
53.481	773	4	3
53.314	774	1	1
53.481	775	1	2
53.648	776	1	3
53.648	777	3	1
53.648	778	2	1
53.648	779	4	1
53.814	780	4	2
53.981	781	4	3
53.981	782	2	1
53.981	783	1	2
54.148	784	1	3
54.148	785	3	1
54.314	786	4	2
54.481	787	4	3
54.314	788	3	1
54.314	789	1	1
54.481	790	1	2
54.648	791	1	3
54.648	792	4	1
54.648	793	3	1
54.814	794	4	2
54.981	795	4	3
54.981	796	1	2
55.148	797	1	3
54.981	798	2	1
54.981	799	3	1
55.148	800	4	1
55.314	801	1	1
55.314	802	3	1
55.481	803	1	1
55.648	804	4	1
55.648	805	3	1
55.648	806	2	1
55.814	807	2	1
55.981	808	1	1
55.981	809	3	2
56.148	810	3	3
56.148	811	1	2
56.314	812	1	3
56.314	813	2	1
56.314	814	4	1
56.314	815	3	1
56.481	816	2	2
56.648	817	2	3
56.648	818	4	1
56.648	819	3	2
56.981	820	3	3
56.814	821	1	1
56.981	822	1	1
56.981	823	2	1
56.981	824	4	1
57.148	825	4	2
57.481	826	4	3
57.314	827	2	1
57.314	828	3	1
57.481	829	1	1
57.648	830	4	1
57.648	831	3	1
57.648	832	1	1
57.814	833	2	2
57.981	834	2	3
57.981	835	1	1
57.981	836	4	1
58.064	837	2	1
58.064	838	3	1
58.148	839	4	1
58.148	840	1	1
58.314	841	3	1
58.314	842	4	1
58.398	843	1	1
58.398	844	2	1
58.481	845	4	1
58.481	846	3	1
58.564	847	1	1
58.564	848	2	1
58.648	849	3	1
58.648	850	4	2
58.814	851	4	3
58.814	852	1	2
58.981	853	1	3
58.981	854	3	1
58.981	855	4	1
58.981	856	2	1
59.148	857	4	2
59.314	858	4	3
59.314	859	2	1
59.314	860	1	2
59.481	861	1	3
59.481	862	3	1
59.648	863	4	2
59.814	864	4	3
59.648	865	3	1
59.648	866	1	1
59.814	867	1	2
59.981	868	1	3
59.981	869	3	1
59.981	870	4	1
60.148	871	4	2
60.314	872	4	3
60.314	873	1	2
60.481	874	1	3
60.314	875	3	1
60.314	876	2	1
60.481	877	4	1
60.648	878	1	1
60.648	879	3	1
60.814	880	1	1
60.981	881	4	1
60.981	882	3	1
60.981	883	2	1
61.148	884	2	1
61.314	885	3	2
61.481	886	3	3
61.314	887	1	1
61.481	888	1	2
61.648	889	1	3
61.648	890	2	1
61.648	891	4	1
61.648	892	3	1
61.814	893	4	2
62.148	894	4	3
61.981	895	1	1
61.981	896	3	1
62.148	897	2	1
62.314	898	1	1
62.314	899	4	1
62.314	900	3	1
62.481	901	1	2
63.314	902	1	3
62.648	903	2	1
62.648	904	3	1
62.814	905	4	1
62.981	906	4	1
62.981	907	3	1
62.981	908	2	1
63.148	909	2	1
63.314	910	3	1
63.314	911	4	1
63.398	912	2	1
63.398	913	1	1
63.481	914	4	1
63.481	915	3	1
63.648	916	1	1
63.648	917	4	1
63.731	918	2	1
63.731	919	3	1
63.814	920	4	1
63.814	921	1	1
63.898	922	2	1
63.898	923	3	1
63.981	924	4	2
64.148	925	4	3
63.981	926	1	1
63.981	927	3	1
64.148	928	1	2
64.314	929	1	3
64.314	930	2	1
64.314	931	4	1
64.314	932	3	1
64.481	933	4	2
64.648	934	4	3
64.648	935	1	2
64.814	936	1	3
64.648	937	2	1
64.814	938	3	1
64.981	939	4	2
65.148	940	4	3
64.981	941	3	1
64.981	942	1	1
65.148	943	1	2
65.314	944	1	3
65.314	945	4	1
65.314	946	3	1
65.481	947	4	2
65.648	948	4	3
65.648	949	1	2
65.814	950	1	3
65.648	951	2	1
65.648	952	3	1
65.814	953	4	1
65.981	954	1	1
65.981	955	3	1
66.148	956	1	1
66.314	957	4	1
66.314	958	3	1
66.314	959	2	1
66.481	960	2	1
66.648	961	3	2
66.814	962	3	3
66.648	963	1	1
66.814	964	1	2
66.981	965	1	3
66.981	966	2	1
66.981	967	4	1
66.981	968	3	1
67.148	969	2	2
67.314	970	2	3
67.314	971	4	1
67.314	972	3	2
67.648	973	3	3
67.481	974	1	1
67.648	975	1	1
67.648	976	2	1
67.648	977	4	1
67.814	978	4	2
68.148	979	4	3
67.981	980	2	1
67.981	981	3	1
68.148	982	1	1
68.314	983	4	1
68.314	984	3	1
68.314	985	1	1
68.481	986	2	2
68.648	987	2	3
68.648	988	1	1
68.648	989	4	1
68.731	990	2	1
68.731	991	3	1
68.814	992	4	1
68.814	993	1	1
68.981	994	3	1
68.981	995	4	1
69.064	996	1	1
69.064	997	2	1
69.148	998	4	1
69.148	999	3	1
69.231	1000	1	1
69.231	1001	2	1
69.314	1002	3	1
69.314	1003	4	2
69.481	1004	4	3
69.481	1005	1	2
69.648	1006	1	3
69.648	1007	3	1
69.648	1008	2	1
69.648	1009	4	1
69.814	1010	4	2
69.981	1011	4	3
69.981	1012	1	2
70.148	1013	1	3
69.981	1014	2	1
70.148	1015	3	1
70.314	1016	4	2
70.481	1017	4	3
70.314	1018	3	1
70.314	1019	1	1
70.481	1020	1	2
70.648	1021	1	3
70.648	1022	3	1
70.648	1023	4	1
70.814	1024	4	2
70.981	1025	4	3
70.981	1026	3	1
70.981	1027	2	1
70.981	1028	1	2
71.148	1029	1	3
71.148	1030	4	1
71.314	1031	3	1
71.314	1032	4	2
71.481	1033	4	3
71.481	1034	1	2
71.648	1035	1	3
71.648	1036	3	1
71.648	1037	2	1
71.648	1038	4	1
71.814	1039	1	1
71.814	1040	4	2
71.981	1041	4	3
71.981	1042	3	1
71.981	1043	2	1
72.064	1044	1	1
72.148	1045	4	1
72.148	1046	3	1
72.231	1047	1	1
72.314	1048	4	1
72.314	1049	3	1
72.314	1050	2	1
72.398	1051	1	1
72.481	1052	3	1
72.481	1053	4	1
72.564	1054	2	1
72.648	1055	4	1
72.648	1056	1	1
72.731	1057	3	1
72.814	1058	2	1
72.814	1059	1	1
72.898	1060	4	1
72.981	1061	1	1
72.981	1062	2	1
72.981	1063	3	1
73.064	1064	4	1
73.148	1065	1	1
73.148	1066	2	1
73.231	1067	3	1
73.314	1068	1	1
73.314	1069	4	1
73.398	1070	2	1
73.481	1071	3	1
73.481	1072	4	1
73.564	1073	2	1
73.648	1074	3	1
73.648	1075	4	1
73.689	1076	1	1
73.731	1077	2	1
73.773	1078	3	1
73.814	1079	4	1
73.856	1080	1	1
73.898	1081	2	1
73.939	1082	3	1
73.981	1083	1	1
73.981	1084	4	1
74.064	1085	3	1
74.064	1086	2	1
74.148	1087	1	1
74.148	1088	4	1
74.231	1089	3	1
74.231	1090	2	1
74.314	1091	4	1
74.314	1092	1	1
74.356	1093	2	1
74.398	1094	3	1
74.439	1095	4	1
74.481	1096	1	1
74.523	1097	2	1
74.564	1098	3	1
74.606	1099	4	1
74.648	1100	2	1
74.648	1101	1	1
74.731	1102	3	1
74.814	1103	4	1
74.898	1104	2	1
74.981	1105	1	1
74.981	1106	3	1
75.064	1107	2	1
75.148	1108	4	1
75.231	1109	3	1
75.314	1110	1	1
75.314	1111	4	1
75.398	1112	2	1
75.481	1113	4	1
75.564	1114	2	1
75.648	1115	1	1
75.648	1116	3	1
75.731	1117	2	1
75.814	1118	4	1
75.898	1119	3	1
75.981	1120	4	1
75.981	1121	1	1
76.064	1122	2	1
76.148	1123	4	1
76.231	1124	2	1
76.314	1125	1	1
76.314	1126	3	1
76.398	1127	2	1
76.481	1128	4	1
76.564	1129	3	1
76.648	1130	1	1
76.648	1131	4	1
76.731	1132	2	1
76.814	1133	4	1
76.898	1134	2	1
76.981	1135	3	1
76.981	1136	1	1
77.064	1137	2	1
77.148	1138	4	1
77.231	1139	3	1
77.314	1140	4	1
77.314	1141	1	1
77.398	1142	2	1
77.481	1143	4	1
77.564	1144	2	1
77.648	1145	1	1
77.648	1146	3	1
77.731	1147	2	1
77.814	1148	4	1
77.898	1149	3	1
77.981	1150	1	1
77.981	1151	4	1
78.064	1152	2	1
78.148	1153	4	1
78.231	1154	2	1
78.314	1155	3	1
78.314	1156	1	1
78.398	1157	2	1
78.481	1158	4	1
78.564	1159	3	1
78.648	1160	4	1
78.648	1161	1	1
78.731	1162	2	1
78.814	1163	4	1
78.898	1164	2	1
78.981	1165	1	1
78.981	1166	3	1
79.064	1167	2	1
79.148	1168	4	1
79.231	1169	3	1
79.314	1170	4	1
79.314	1171	1	1
79.398	1172	3	1
79.398	1173	2	1
79.481	1174	1	1
79.564	1175	4	1
79.564	1176	3	1
79.648	1177	1	1
79.648	1178	2	1
79.731	1179	4	1
79.731	1180	3	1
79.814	1181	2	1
79.814	1182	1	1
79.898	1183	4	1
79.898	1184	3	1
79.981	1185	1	1
79.981	1186	2	1
80.064	1187	3	1
80.148	1188	4	1
80.231	1189	2	1
80.314	1190	3	1
80.314	1191	1	1
80.398	1192	2	1
80.481	1193	4	1
80.564	1194	3	1
80.648	1195	4	1
80.648	1196	1	1
80.731	1197	2	1
80.814	1198	4	1
80.898	1199	2	1
80.981	1200	1	1
80.981	1201	3	1
81.064	1202	2	1
81.148	1203	4	1
81.231	1204	3	1
81.314	1205	1	1
81.314	1206	4	1
81.398	1207	2	1
81.481	1208	4	1
81.564	1209	2	1
81.648	1210	3	1
81.648	1211	1	1
81.731	1212	2	1
81.814	1213	4	1
81.898	1214	3	1
81.981	1215	4	1
81.981	1216	1	1
82.064	1217	2	1
82.148	1218	4	1
82.231	1219	2	1
82.314	1220	1	1
82.314	1221	3	1
82.398	1222	2	1
82.481	1223	4	1
82.564	1224	3	1
82.648	1225	1	1
82.648	1226	4	1
82.731	1227	2	1
82.814	1228	4	1
82.898	1229	2	1
82.981	1230	3	1
82.981	1231	1	1
83.064	1232	2	1
83.148	1233	4	1
83.231	1234	3	1
83.314	1235	4	1
83.314	1236	1	1
83.398	1237	2	1
83.481	1238	4	1
83.564	1239	2	1
83.648	1240	1	1
83.648	1241	3	1
83.731	1242	2	1
83.814	1243	4	1
83.898	1244	3	1
83.981	1245	1	1
83.981	1246	4	1
84.064	1247	2	1
84.148	1248	4	1
84.231	1249	2	1
84.314	1250	3	1
84.314	1251	1	1
84.398	1252	2	1
84.481	1253	4	1
84.564	1254	3	1
84.648	1255	2	1
84.689	1256	1	1
84.731	1257	4	1
84.731	1258	3	1
84.773	1259	2	1
84.814	1260	1	1
84.898	1261	3	1
84.939	1262	2	1
84.981	1263	4	1
84.981	1264	1	1
85.064	1265	3	1
85.106	1266	4	1
85.148	1267	1	1
85.189	1268	2	1
85.231	1269	3	1
85.273	1270	4	1
85.314	1271	2	1
85.314	1272	1	2
86.648	1273	1	3
85.398	1274	4	1
85.481	1275	3	1
85.564	1276	2	1
85.648	1277	3	1
85.648	1278	4	1
85.731	1279	2	1
85.814	1280	4	1
85.898	1281	3	1
85.981	1282	4	1
85.981	1283	2	1
86.064	1284	3	1
86.148	1285	2	1
86.231	1286	4	1
86.314	1287	3	1
86.314	1288	2	1
86.398	1289	4	1
86.481	1290	3	1
86.564	1291	2	1
86.648	1292	3	1
86.648	1293	4	2
87.981	1294	4	3
86.731	1295	1	1
86.814	1296	2	1
86.898	1297	3	1
86.981	1298	2	1
86.981	1299	1	1
87.064	1300	3	1
87.148	1301	1	1
87.231	1302	2	1
87.314	1303	3	1
87.314	1304	1	1
87.398	1305	2	1
87.481	1306	3	1
87.564	1307	1	1
87.648	1308	3	1
87.648	1309	2	1
87.731	1310	1	1
87.814	1311	2	1
87.898	1312	3	1
87.981	1313	1	1
87.981	1314	2	2
89.314	1315	2	3
88.064	1316	3	1
88.148	1317	4	1
88.231	1318	1	1
88.314	1319	4	1
88.314	1320	3	1
88.398	1321	1	1
88.481	1322	3	1
88.564	1323	4	1
88.648	1324	1	1
88.648	1325	3	1
88.731	1326	4	1
88.814	1327	3	1
88.898	1328	1	1
88.981	1329	4	1
88.981	1330	3	1
89.064	1331	1	1
89.148	1332	4	1
89.231	1333	3	1
89.314	1334	4	1
89.314	1335	1	2
89.981	1336	1	3
89.398	1337	3	1
89.481	1338	2	1
89.564	1339	4	1
89.648	1340	2	1
89.648	1341	3	1
89.731	1342	4	1
89.814	1343	3	1
89.898	1344	2	1
89.981	1345	4	1
89.981	1346	3	1
90.064	1347	1	1
90.064	1348	2	1
90.148	1349	3	1
90.148	1350	4	1
90.231	1351	2	1
90.314	1352	1	1
90.314	1353	4	1
90.398	1354	3	1
90.398	1355	2	1
90.481	1356	4	1
90.481	1357	1	1
90.564	1358	3	1
90.564	1359	2	1
90.648	1360	1	1
90.648	1361	4	2
91.981	1362	4	3
90.731	1363	3	1
90.814	1364	2	1
90.898	1365	1	1
90.981	1366	2	1
90.981	1367	3	1
91.064	1368	1	1
91.148	1369	3	1
91.231	1370	2	1
91.314	1371	3	1
91.314	1372	1	1
91.398	1373	2	1
91.481	1374	1	1
91.564	1375	3	1
91.648	1376	1	1
91.648	1377	2	1
91.731	1378	3	1
91.814	1379	2	1
91.898	1380	1	1
91.981	1381	3	1
91.981	1382	2	2
93.314	1383	2	3
92.064	1384	1	1
92.148	1385	4	1
92.231	1386	3	1
92.314	1387	4	1
92.314	1388	1	1
92.398	1389	3	1
92.481	1390	1	1
92.564	1391	4	1
92.648	1392	1	1
92.648	1393	3	1
92.731	1394	4	1
92.814	1395	3	1
92.898	1396	1	1
92.981	1397	4	1
92.981	1398	3	1
93.064	1399	1	1
93.148	1400	4	1
93.231	1401	1	1
93.314	1402	4	1
93.314	1403	3	1
93.398	1404	1	1
93.398	1405	2	1
93.481	1406	4	1
93.481	1407	3	1
93.564	1408	1	1
93.564	1409	2	1
93.648	1410	3	1
93.648	1411	4	1
93.689	1412	1	1
93.731	1413	2	1
93.773	1414	3	1
93.814	1415	4	1
93.856	1416	1	1
93.898	1417	2	1
93.939	1418	3	1
93.981	1419	1	1
93.981	1420	4	1
94.064	1421	3	1
94.064	1422	2	1
94.148	1423	1	1
94.148	1424	4	1
94.231	1425	3	1
94.231	1426	2	1
94.314	1427	1	1
94.314	1428	4	1
94.356	1429	2	1
94.398	1430	3	1
94.439	1431	4	1
94.481	1432	1	1
94.523	1433	2	1
94.564	1434	3	1
94.606	1435	4	1
94.648	1436	1	1
94.648	1437	2	1
94.731	1438	4	1
94.731	1439	3	1
94.814	1440	1	1
94.814	1441	2	1
94.898	1442	4	1
94.898	1443	3	1
94.981	1444	1	1
94.981	1445	2	1
95.064	1446	4	1
95.064	1447	3	1
95.148	1448	1	1
95.148	1449	2	1
95.231	1450	4	1
95.231	1451	3	1
95.314	1452	1	1
95.314	1453	2	1
95.398	1454	4	1
95.398	1455	3	1
95.481	1456	1	1
95.481	1457	2	1
95.564	1458	4	1
95.564	1459	3	1
95.648	1460	1	1
95.648	1461	2	1
95.731	1462	4	1
95.731	1463	3	1
95.814	1464	1	1
95.814	1465	2	1
95.898	1466	4	1
95.898	1467	3	1
95.981	1468	4	2
96.481	1469	4	3
95.981	1470	1	1
95.981	1471	2	1
96.148	1472	1	1
96.314	1473	1	1
96.314	1474	3	1
96.314	1475	2	1
96.481	1476	2	2
96.981	1477	2	3
96.648	1478	3	1
96.648	1479	1	1
96.814	1480	4	1
96.981	1481	3	1
96.981	1482	4	1
96.981	1483	1	2
97.648	1484	1	3
97.148	1485	2	1
97.314	1486	3	1
97.314	1487	4	1
97.481	1488	4	1
97.648	1489	2	1
97.648	1490	3	1
97.648	1491	4	1
97.814	1492	1	1
97.981	1493	2	1
97.981	1494	3	2
98.314	1495	3	3
98.148	1496	4	1
98.314	1497	1	1
98.314	1498	2	1
98.314	1499	4	2
98.648	1500	4	3
98.481	1501	2	1
98.648	1502	3	1
98.648	1503	1	2
99.148	1504	1	3
98.814	1505	4	1
98.981	1506	4	1
98.981	1507	3	1
98.981	1508	2	1
99.148	1509	2	2
99.648	1510	2	3
99.314	1511	1	1
99.314	1512	4	1
99.481	1513	3	1
99.648	1514	1	1
99.648	1515	4	1
99.648	1516	3	2
100.648	1517	3	3
99.814	1518	2	1
99.981	1519	4	1
99.981	1520	1	1
100.148	1521	1	1
100.314	1522	4	1
100.314	1523	1	1
100.314	1524	2	1
100.481	1525	2	1
100.648	1526	4	1
100.648	1527	1	1
100.731	1528	3	1
100.731	1529	2	1
100.814	1530	4	1
100.814	1531	1	1
100.981	1532	3	1
100.981	1533	4	1
101.064	1534	1	1
101.064	1535	2	1
101.148	1536	3	1
101.148	1537	4	1
101.231	1538	1	1
101.231	1539	2	1
101.314	1540	3	1
101.314	1541	4	2
101.814	1542	4	3
101.481	1543	1	1
101.648	1544	2	1
101.648	1545	3	1
101.648	1546	1	1
101.814	1547	2	2
102.314	1548	2	3
101.981	1549	1	1
101.981	1550	3	1
102.148	1551	4	1
102.314	1552	1	2
102.981	1553	1	3
102.314	1554	4	1
102.314	1555	3	1
102.481	1556	2	1
102.648	1557	4	1
102.648	1558	3	1
102.814	1559	4	1
102.981	1560	4	1
102.981	1561	3	1
102.981	1562	2	1
103.148	1563	1	1
103.314	1564	3	2
103.648	1565	3	3
103.314	1566	2	1
103.481	1567	4	1
103.648	1568	4	2
103.981	1569	4	3
103.648	1570	2	1
103.648	1571	1	1
103.814	1572	2	1
103.981	1573	1	2
104.481	1574	1	3
103.981	1575	3	1
104.148	1576	4	1
104.314	1577	2	1
104.314	1578	3	1
104.314	1579	4	1
104.481	1580	2	2
104.981	1581	2	3
104.648	1582	4	1
104.648	1583	1	1
104.814	1584	3	1
104.981	1585	3	2
105.981	1586	3	3
104.981	1587	4	1
104.981	1588	1	1
105.148	1589	2	1
105.314	1590	1	1
105.314	1591	4	1
105.481	1592	1	1
105.648	1593	2	1
105.648	1594	1	1
105.648	1595	4	1
105.814	1596	4	1
105.981	1597	1	1
105.981	1598	2	1
106.064	1599	4	1
106.064	1600	3	1
106.148	1601	1	1
106.148	1602	2	1
106.314	1603	4	1
106.314	1604	1	1
106.398	1605	2	1
106.398	1606	3	1
106.481	1607	4	1
106.481	1608	1	1
106.564	1609	2	1
106.564	1610	3	1
106.648	1611	1	2
106.814	1612	1	3
106.648	1613	3	1
106.648	1614	4	1
106.814	1615	3	2
106.981	1616	3	3
106.981	1617	1	1
106.981	1618	4	1
106.981	1619	2	2
107.148	1620	2	3
107.148	1621	4	2
107.314	1622	4	3
107.314	1623	1	1
107.314	1624	3	2
107.481	1625	3	3
107.481	1626	4	2
107.648	1627	4	3
107.648	1628	3	1
107.648	1629	1	1
107.648	1630	2	2
107.814	1631	2	3
107.814	1632	1	2
107.981	1633	1	3
107.981	1634	4	1
107.981	1635	3	2
108.148	1636	3	3
108.148	1637	2	2
108.314	1638	2	3
108.314	1639	1	1
108.314	1640	3	1
108.314	1641	4	2
108.481	1642	4	3
108.481	1643	1	2
108.648	1644	1	3
108.648	1645	3	1
108.648	1646	2	2
108.814	1647	2	3
108.814	1648	1	2
108.981	1649	1	3
108.981	1650	2	1
108.981	1651	4	1
108.981	1652	3	2
109.148	1653	3	3
109.148	1654	4	2
109.314	1655	4	3
109.314	1656	2	1
109.314	1657	1	2
109.481	1658	1	3
109.481	1659	4	2
109.648	1660	4	3
109.648	1661	1	1
109.648	1662	2	1
109.648	1663	3	2
109.814	1664	3	3
109.814	1665	4	2
109.981	1666	4	3
109.981	1667	3	1
109.981	1668	2	2
110.148	1669	2	3
110.148	1670	3	2
110.314	1671	3	3
110.314	1672	2	1
110.314	1673	4	1
110.314	1674	1	2
110.481	1675	1	3
110.481	1676	4	2
110.648	1677	4	3
110.648	1678	3	1
110.648	1679	2	2
110.814	1680	2	3
110.814	1681	1	2
110.981	1682	1	3
110.981	1683	4	1
110.981	1684	3	2
111.148	1685	3	3
110.981	1686	2	1
111.148	1687	2	2
111.314	1688	2	3
111.314	1689	4	1
111.314	1690	1	1
111.398	1691	2	1
111.398	1692	3	1
111.481	1693	4	1
111.481	1694	1	1
111.648	1695	1	1
111.648	1696	2	1
111.731	1697	4	1
111.731	1698	3	1
111.814	1699	1	1
111.814	1700	2	1
111.898	1701	4	1
111.898	1702	3	1
111.981	1703	2	1
111.981	1704	1	2
112.148	1705	1	3
112.148	1706	3	2
112.314	1707	3	3
112.314	1708	1	1
112.314	1709	4	1
112.314	1710	2	2
112.481	1711	2	3
112.481	1712	4	2
112.648	1713	4	3
112.648	1714	1	1
112.648	1715	3	2
112.814	1716	3	3
112.814	1717	4	2
112.981	1718	4	3
112.981	1719	3	1
112.981	1720	1	1
112.981	1721	2	2
113.148	1722	2	3
113.148	1723	1	2
113.314	1724	1	3
113.314	1725	4	1
113.314	1726	3	2
113.481	1727	3	3
113.481	1728	2	2
113.648	1729	2	3
113.648	1730	1	1
113.648	1731	3	1
113.648	1732	4	2
113.814	1733	4	3
113.814	1734	1	2
113.981	1735	1	3
113.981	1736	3	1
113.981	1737	2	2
114.148	1738	2	3
114.148	1739	1	2
114.314	1740	1	3
114.314	1741	2	1
114.314	1742	4	1
114.314	1743	3	2
114.481	1744	3	3
114.481	1745	4	2
114.648	1746	4	3
114.648	1747	2	1
114.648	1748	1	2
114.814	1749	1	3
114.814	1750	4	2
114.981	1751	4	3
114.981	1752	1	1
114.981	1753	2	1
114.981	1754	3	2
115.148	1755	3	3
115.148	1756	4	2
115.314	1757	4	3
115.314	1758	3	1
115.314	1759	2	2
115.481	1760	2	3
115.481	1761	3	2
115.648	1762	3	3
115.648	1763	2	1
115.648	1764	4	1
115.648	1765	1	2
115.814	1766	1	3
115.814	1767	4	2
115.981	1768	4	3
115.981	1769	3	1
115.981	1770	2	2
116.148	1771	2	3
116.148	1772	1	2
116.314	1773	1	3
116.314	1774	3	1
116.314	1775	4	2
116.481	1776	4	3
116.314	1777	2	1
116.481	1778	3	2
116.648	1779	3	3
116.648	1780	1	1
116.648	1781	2	1
116.731	1782	4	1
116.731	1783	3	1
116.814	1784	1	1
116.814	1785	2	1
116.981	1786	4	1
116.981	1787	1	1
117.064	1788	3	1
117.064	1789	2	1
117.148	1790	4	1
117.148	1791	1	1
117.231	1792	2	1
117.231	1793	3	1
117.314	1794	1	1
117.314	1795	3	1
117.314	1796	4	1
117.481	1797	2	1
117.648	1798	4	2
117.981	1799	4	3
117.648	1800	3	1
117.648	1801	2	1
117.814	1802	1	1
117.981	1803	1	1
117.981	1804	3	1
118.148	1805	2	1
118.314	1806	4	2
118.648	1807	4	3
118.314	1808	2	1
118.314	1809	3	1
118.481	1810	1	1
118.648	1811	2	2
118.814	1812	2	3
118.648	1813	3	1
118.814	1814	1	2
118.981	1815	1	3
118.981	1816	2	1
118.981	1817	3	2
119.148	1818	3	3
118.981	1819	4	1
119.148	1820	4	2
119.314	1821	4	3
119.314	1822	2	2
119.648	1823	2	3
119.314	1824	1	1
119.481	1825	4	1
119.648	1826	3	1
119.648	1827	1	1
119.648	1828	4	1
119.814	1829	2	1
119.981	1830	4	1
119.981	1831	1	1
120.148	1832	3	2
120.314	1833	3	3
120.314	1834	4	1
120.314	1835	1	1
120.314	1836	2	1
120.481	1837	4	2
120.648	1838	4	3
120.648	1839	1	1
120.648	1840	2	1
120.814	1841	3	2
120.981	1842	3	3
120.981	1843	1	1
120.981	1844	2	1
120.981	1845	4	1
121.148	1846	4	2
121.314	1847	4	3
121.314	1848	2	1
121.314	1849	3	1
121.481	1850	1	1
121.648	1851	1	1
121.648	1852	4	1
121.648	1853	3	1
121.814	1854	2	1
121.981	1855	1	1
121.981	1856	4	1
122.064	1857	3	1
122.064	1858	2	1
122.148	1859	1	1
122.148	1860	4	1
122.314	1861	1	1
122.314	1862	2	1
122.398	1863	4	1
122.398	1864	3	1
122.481	1865	1	1
122.481	1866	2	1
122.564	1867	4	1
122.564	1868	3	1
122.648	1869	1	1
122.648	1870	2	2
122.981	1871	2	3
122.814	1872	3	1
122.981	1873	3	1
122.981	1874	1	1
122.981	1875	4	2
123.314	1876	4	3
123.148	1877	2	1
123.314	1878	1	1
123.314	1879	2	2
123.648	1880	2	3
123.481	1881	3	1
123.648	1882	3	1
123.648	1883	1	1
123.648	1884	4	2
123.981	1885	4	3
123.814	1886	2	1
123.981	1887	2	2
124.148	1888	2	3
123.981	1889	3	1
124.148	1890	1	2
124.314	1891	1	3
124.314	1892	2	1
124.314	1893	3	2
124.481	1894	3	3
124.314	1895	4	1
124.481	1896	4	2
124.648	1897	4	3
124.648	1898	1	1
124.648	1899	2	2
124.981	1900	2	3
124.814	1901	3	1
124.981	1902	3	1
124.981	1903	1	1
124.981	1904	4	1
125.148	1905	2	1
125.314	1906	1	1
125.314	1907	4	1
125.481	1908	4	1
125.648	1909	3	2
125.981	1910	3	3
125.648	1911	2	1
125.648	1912	1	1
125.814	1913	4	1
125.981	1914	2	1
125.981	1915	4	1
126.148	1916	2	1
126.314	1917	1	2
126.648	1918	1	3
126.314	1919	3	1
126.314	1920	4	1
126.481	1921	2	1
126.648	1922	4	2
126.814	1923	4	3
126.648	1924	3	1
126.814	1925	1	1
126.981	1926	4	2
127.148	1927	4	3
126.981	1928	2	1
126.981	1929	3	1
127.148	1930	1	1
127.314	1931	3	1
127.314	1932	4	1
127.398	1933	1	1
127.398	1934	2	1
127.481	1935	3	1
127.481	1936	4	1
127.648	1937	1	1
127.648	1938	4	1
127.731	1939	2	1
127.731	1940	3	1
127.814	1941	1	1
127.814	1942	4	1
127.898	1943	2	1
127.898	1944	3	1
127.981	1945	4	2
128.148	1946	4	3
127.981	1947	3	1
127.981	1948	1	1
128.148	1949	2	2
128.314	1950	2	3
128.314	1951	3	1
128.314	1952	1	2
128.481	1953	1	3
128.481	1954	2	2
128.648	1955	2	3
128.648	1956	4	2
128.814	1957	4	3
128.814	1958	2	2
128.981	1959	2	3
128.981	1960	1	2
129.148	1961	1	3
128.981	1962	3	1
129.148	1963	2	2
129.314	1964	2	3
129.314	1965	4	1
129.481	1966	2	1
129.648	1967	4	1
129.648	1968	2	1
129.814	1969	1	1
129.981	1970	2	2
130.148	1971	2	3
130.148	1972	1	1
130.314	1973	3	1
130.314	1974	4	2
130.481	1975	4	3
130.481	1976	1	1
130.648	1977	4	2
130.814	1978	4	3
130.814	1979	2	2
130.981	1980	2	3
130.981	1981	3	1
130.981	1982	1	2
131.148	1983	1	3
131.148	1984	2	2
131.314	1985	2	3
131.314	1986	4	2
131.481	1987	4	3
131.481	1988	2	2
131.648	1989	2	3
131.648	1990	1	2
131.814	1991	1	3
131.648	1992	3	1
131.814	1993	2	2
131.981	1994	2	3
131.981	1995	4	1
132.148	1996	2	1
132.314	1997	4	1
132.314	1998	2	1
132.481	1999	1	1
132.648	2000	2	2
132.814	2001	2	3
132.814	2002	1	1
132.981	2003	4	1
132.981	2004	3	2
133.314	2005	3	3
133.148	2006	1	1
133.314	2007	4	2
133.481	2008	4	3
133.314	2009	2	1
133.314	2010	1	1
133.481	2011	2	2
133.648	2012	2	3
133.648	2013	3	1
133.648	2014	1	2
133.814	2015	1	3
133.814	2016	2	2
133.981	2017	2	3
133.981	2018	4	2
134.148	2019	4	3
134.148	2020	2	2
134.314	2021	2	3
134.314	2022	1	2
134.481	2023	1	3
134.314	2024	3	1
134.481	2025	4	1
134.564	2026	4	1
134.648	2027	2	1
134.648	2028	3	1
134.648	2029	1	1
134.814	2030	2	1
134.981	2031	4	1
134.981	2032	1	1
135.148	2033	3	1
135.314	2034	2	1
135.398	2035	2	1
135.481	2036	4	1
135.648	2037	2	1
135.648	2038	3	2
135.814	2039	3	3
135.814	2040	1	1
135.898	2041	1	1
135.981	2042	4	1
135.981	2043	3	1
135.981	2044	2	1
136.064	2045	1	1
136.148	2046	3	1
136.148	2047	4	1
136.231	2048	2	1
136.314	2049	4	1
136.314	2050	1	1
136.398	2051	3	1
136.481	2052	2	1
136.481	2053	1	1
136.564	2054	4	1
136.648	2055	1	1
136.648	2056	2	1
136.648	2057	3	1
136.731	2058	4	1
136.814	2059	1	1
136.814	2060	2	1
136.898	2061	3	1
136.981	2062	1	1
136.981	2063	4	1
137.064	2064	2	1
137.148	2065	3	1
137.148	2066	4	1
137.231	2067	1	1
137.314	2068	4	1
137.314	2069	2	1
137.398	2070	1	1
137.481	2071	3	1
137.481	2072	4	1
137.564	2073	2	1
137.648	2074	4	1
137.648	2075	1	1
137.689	2076	3	1
137.731	2077	2	1
137.773	2078	1	1
137.814	2079	4	1
137.856	2080	3	1
137.898	2081	2	1
137.939	2082	1	1
137.981	2083	3	1
137.981	2084	4	1
138.148	2085	3	1
138.148	2086	2	1
138.314	2087	1	1
138.314	2088	4	1
138.398	2089	3	1
138.398	2090	2	1
138.481	2091	4	1
138.481	2092	1	1
138.564	2093	3	1
138.564	2094	2	1
138.648	2095	4	2
138.814	2096	4	3
138.648	2097	3	1
138.648	2098	1	1
138.814	2099	1	2
138.981	2100	1	3
138.981	2101	2	1
138.981	2102	4	1
138.981	2103	3	1
139.148	2104	4	2
139.314	2105	4	3
139.314	2106	1	2
139.481	2107	1	3
139.314	2108	2	1
139.481	2109	3	1
139.648	2110	4	2
139.814	2111	4	3
139.648	2112	3	1
139.648	2113	1	1
139.814	2114	1	2
139.981	2115	1	3
139.981	2116	4	1
139.981	2117	3	1
140.148	2118	4	2
140.314	2119	4	3
140.314	2120	1	2
140.481	2121	1	3
140.314	2122	2	1
140.314	2123	3	1
140.481	2124	4	1
140.648	2125	1	1
140.648	2126	3	1
140.814	2127	1	1
140.981	2128	4	1
140.981	2129	3	1
140.981	2130	2	1
141.148	2131	2	1
141.314	2132	3	2
141.481	2133	3	3
141.314	2134	1	1
141.481	2135	1	2
141.648	2136	1	3
141.648	2137	2	1
141.648	2138	4	1
141.648	2139	3	1
141.814	2140	2	2
141.981	2141	2	3
141.981	2142	4	1
141.981	2143	3	2
142.314	2144	3	3
142.148	2145	1	1
142.314	2146	1	1
142.314	2147	2	1
142.314	2148	4	1
142.481	2149	4	2
142.814	2150	4	3
142.648	2151	2	1
142.648	2152	3	1
142.814	2153	1	1
142.981	2154	4	1
142.981	2155	3	1
142.981	2156	1	1
143.148	2157	2	2
143.314	2158	2	3
143.314	2159	1	1
143.314	2160	4	1
143.398	2161	2	1
143.398	2162	3	1
143.481	2163	4	1
143.481	2164	1	1
143.648	2165	4	1
143.648	2166	3	1
143.731	2167	1	1
143.731	2168	2	1
143.814	2169	4	1
143.814	2170	3	1
143.898	2171	2	1
143.898	2172	1	1
143.981	2173	3	1
143.981	2174	4	2
144.148	2175	4	3
144.148	2176	1	2
144.314	2177	1	3
144.314	2178	3	1
144.314	2179	4	1
144.314	2180	2	1
144.481	2181	4	2
144.648	2182	4	3
144.648	2183	1	2
144.814	2184	1	3
144.648	2185	2	1
144.814	2186	3	1
144.981	2187	4	2
145.148	2188	4	3
144.981	2189	3	1
144.981	2190	1	1
145.148	2191	1	2
145.314	2192	1	3
145.314	2193	3	1
145.314	2194	4	1
145.481	2195	4	2
145.648	2196	4	3
145.648	2197	1	2
145.814	2198	1	3
145.648	2199	3	1
145.648	2200	2	1
145.814	2201	4	1
145.981	2202	1	1
145.981	2203	3	1
146.148	2204	1	1
146.314	2205	4	1
146.314	2206	3	1
146.314	2207	2	1
146.481	2208	2	1
146.648	2209	3	2
146.814	2210	3	3
146.648	2211	1	1
146.814	2212	1	2
146.981	2213	1	3
146.981	2214	2	1
146.981	2215	4	1
146.981	2216	3	1
147.148	2217	4	2
147.481	2218	4	3
147.314	2219	1	1
147.314	2220	3	1
147.481	2221	2	1
147.648	2222	4	1
147.648	2223	1	1
147.648	2224	3	1
147.814	2225	1	2
148.648	2226	1	3
147.981	2227	2	1
147.981	2228	3	1
148.148	2229	4	1
148.314	2230	4	1
148.314	2231	3	1
148.314	2232	2	1
148.481	2233	2	1
148.648	2234	3	1
148.648	2235	4	1