Song Name	Home*made Parade (Hard) by Neko Hacker (feat. Nanahira)
Title	Home*made Parade (Hard)
Artist	Neko Hacker (feat. Nanahira)
Description	It's handmade, but I hope you like it! Track 15 from Nanahira's 2024 album 'ICONIC' ? also released as a September 2024 single. Music and lyrics by Neko Hacker.
Difficulty	25
Primary Color	Vibe
Secondary Color	Flow
Cover Image ID	134386225251635
Audio Asset ID	rbxassetid://104976742950149
Audio File	104976742950149.ogg
Last Note Time	143.243
Total Notes	1765
Fever Fill	455
Fever Time	21.486450
Long Notes	401
BPM	165
Song Length	144.243000000

Timing Points
0.698	363.636364
50.152	363.636364
73.061	363.636364
119.970	363.636364
131.243	363.636364


Song Data
0.516	1	2	1
0.607	2	3	1
0.698	3	4	2
1.061	4	4	3
0.698	5	2	2
0.880	6	2	3
0.698	7	1	1
0.880	8	1	2
1.061	9	1	3
1.061	10	3	1
1.243	11	3	2
1.425	12	3	3
1.425	13	1	2
1.607	14	1	3
1.607	15	4	1
1.698	16	3	1
1.789	17	1	1
1.880	18	2	1
1.970	19	4	2
2.152	20	4	3
1.970	21	1	2
2.334	22	1	3
1.970	23	3	2
2.152	24	3	3
2.334	25	3	2
2.516	26	3	3
2.516	27	2	1
2.698	28	4	2
2.880	29	4	3
2.698	30	2	2
2.880	31	2	3
2.698	32	1	2
2.880	33	1	3
3.061	34	1	1
3.061	35	2	1
3.152	36	3	1
3.243	37	2	1
3.243	38	1	2
3.607	39	1	3
3.243	40	4	2
3.607	41	4	3
3.607	42	2	1
3.607	43	3	1
3.970	44	3	2
4.152	45	3	3
3.970	46	4	1
4.152	47	2	2
4.334	48	2	3
4.334	49	3	2
4.516	50	3	3
4.334	51	1	1
4.516	52	4	2
4.698	53	4	3
4.698	54	1	1
4.698	55	2	2
4.880	56	2	3
4.880	57	1	2
5.061	58	1	3
4.880	59	3	2
5.243	60	3	3
5.061	61	4	1
5.061	62	2	1
5.243	63	1	2
5.425	64	1	3
5.425	65	2	1
5.425	66	4	2
5.789	67	4	3
5.607	68	2	2
5.789	69	2	3
5.789	70	3	2
5.970	71	3	3
5.789	72	1	1
5.970	73	2	1
6.061	74	3	1
6.152	75	1	2
6.334	76	1	3
6.152	77	4	2
6.334	78	4	3
6.334	79	3	1
6.425	80	2	1
6.516	81	4	1
6.516	82	3	1
6.516	83	1	1
6.880	84	3	2
7.061	85	3	3
6.880	86	1	1
7.061	87	2	1
7.243	88	4	1
7.243	89	2	2
7.425	90	2	3
7.425	91	1	2
7.607	92	1	3
7.607	93	4	1
7.607	94	3	2
7.789	95	3	3
7.789	96	4	2
7.970	97	4	3
7.789	98	2	2
8.152	99	2	3
7.970	100	1	1
7.970	101	3	1
8.152	102	4	2
8.334	103	4	3
8.334	104	3	1
8.334	105	2	2
8.516	106	2	3
8.516	107	3	2
8.698	108	3	3
8.698	109	4	1
8.698	110	1	1
8.880	111	1	2
9.243	112	1	3
9.061	113	4	1
9.061	114	2	1
9.243	115	4	2
9.607	116	4	3
9.243	117	3	2
9.425	118	3	3
9.425	119	1	1
9.607	120	2	1
9.607	121	3	1
9.789	122	3	1
9.789	123	1	1
9.970	124	2	1
9.970	125	4	1
10.061	126	1	1
10.152	127	4	1
10.152	128	3	1
10.334	129	1	1
10.334	130	2	1
10.516	131	3	1
10.516	132	2	1
10.698	133	1	2
10.880	134	1	3
10.698	135	4	2
10.880	136	4	3
10.698	137	3	2
10.880	138	3	3
11.061	139	4	1
11.061	140	2	2
11.243	141	2	3
11.061	142	1	1
11.243	143	4	2
11.516	144	4	3
11.243	145	3	2
11.516	146	3	3
11.243	147	1	2
11.607	148	1	3
11.789	149	4	1
11.789	150	1	1
11.880	151	2	1
11.970	152	4	1
11.970	153	3	1
12.152	154	1	1
12.152	155	2	1
12.243	156	3	1
12.334	157	1	2
12.698	158	1	3
12.334	159	4	2
12.516	160	4	3
12.334	161	2	1
12.516	162	3	1
12.698	163	2	1
12.698	164	4	1
12.880	165	3	1
12.970	166	2	1
13.061	167	1	1
13.061	168	4	1
13.243	169	3	1
13.425	170	2	2
13.607	171	2	3
13.425	172	1	1
13.607	173	1	2
13.789	174	1	3
13.789	175	4	2
14.152	176	4	3
13.789	177	3	1
13.970	178	2	1
14.152	179	3	1
14.152	180	1	1
14.334	181	4	2
14.516	182	4	3
14.516	183	1	2
14.698	184	1	3
14.516	185	3	1
14.698	186	3	2
14.880	187	3	3
14.880	188	4	1
14.880	189	2	2
15.061	190	2	3
15.061	191	3	2
15.243	192	3	3
15.243	193	4	2
15.607	194	4	3
15.243	195	1	1
15.425	196	3	1
15.607	197	1	1
15.607	198	2	1
15.789	199	2	1
15.880	200	3	1
15.970	201	1	1
15.970	202	4	1
16.152	203	3	1
16.334	204	1	1
16.334	205	2	1
16.516	206	3	1
16.698	207	1	1
16.698	208	4	2
17.061	209	4	3
16.880	210	3	1
17.061	211	1	1
17.061	212	2	2
17.243	213	2	3
17.243	214	4	2
17.425	215	4	3
17.425	216	3	1
17.425	217	1	2
17.789	218	1	3
17.607	219	2	1
17.789	220	4	1
17.789	221	3	1
17.970	222	2	1
18.152	223	1	1
18.152	224	4	2
18.425	225	4	3
18.425	226	3	2
18.880	227	3	3
18.516	228	1	1
18.516	229	2	1
18.698	230	1	2
18.880	231	1	3
18.880	232	4	2
19.061	233	4	3
18.880	234	2	2
19.061	235	2	3
19.061	236	1	1
19.243	237	4	2
19.425	238	4	3
19.243	239	3	2
19.425	240	3	3
19.425	241	2	1
19.607	242	4	1
19.607	243	1	2
19.880	244	1	3
19.880	245	2	2
20.334	246	2	3
19.970	247	4	1
19.970	248	3	1
20.152	249	4	2
20.334	250	4	3
20.334	251	1	2
20.516	252	1	3
20.334	253	3	2
20.516	254	3	3
20.516	255	4	1
20.698	256	1	2
20.880	257	1	3
20.698	258	2	2
20.880	259	2	3
20.880	260	3	1
21.061	261	4	2
21.243	262	4	3
21.061	263	1	1
21.061	264	2	1
21.243	265	3	2
21.425	266	3	3
21.425	267	1	1
21.425	268	2	1
21.607	269	3	2
21.970	270	3	3
21.607	271	4	1
21.607	272	1	1
21.970	273	1	2
22.152	274	1	3
22.152	275	4	1
22.152	276	3	1
22.334	277	2	2
22.698	278	2	3
22.334	279	1	1
22.334	280	4	1
22.698	281	3	2
22.880	282	3	3
22.698	283	4	1
22.880	284	1	1
22.880	285	2	1
23.061	286	4	1
23.061	287	2	1
23.152	288	1	1
23.243	289	3	1
23.243	290	4	1
23.425	291	2	1
23.425	292	3	1
23.607	293	4	1
23.607	294	1	1
23.607	295	2	1
23.970	296	3	2
24.152	297	3	3
23.970	298	4	1
23.970	299	1	1
24.152	300	4	2
24.334	301	4	3
24.334	302	2	2
24.698	303	2	3
24.334	304	1	1
24.516	305	4	2
24.698	306	4	3
24.698	307	3	2
24.880	308	3	3
24.880	309	1	1
24.880	310	2	1
25.061	311	4	1
25.061	312	3	1
25.243	313	2	1
25.334	314	4	1
25.425	315	1	1
25.516	316	3	1
25.607	317	4	1
25.607	318	2	1
25.698	319	3	1
25.789	320	1	1
25.789	321	2	1
25.970	322	3	1
26.061	323	1	1
26.152	324	4	1
26.152	325	2	1
26.334	326	2	1
26.516	327	1	2
26.698	328	1	3
26.516	329	4	1
26.698	330	3	1
26.789	331	2	1
26.880	332	3	2
27.061	333	3	3
26.880	334	4	1
27.061	335	4	2
27.243	336	4	3
27.243	337	2	2
27.425	338	2	3
27.243	339	1	1
27.425	340	1	2
27.607	341	1	3
27.516	342	4	1
27.607	343	3	2
27.789	344	3	3
27.789	345	2	1
27.789	346	4	2
27.970	347	4	3
27.970	348	3	1
27.970	349	1	2
28.152	350	1	3
28.152	351	2	1
28.152	352	4	2
28.516	353	4	3
28.334	354	1	1
28.516	355	3	1
28.516	356	2	2
28.698	357	2	3
28.698	358	1	1
28.698	359	4	2
28.880	360	4	3
28.880	361	3	2
29.425	362	3	3
29.243	363	2	1
29.243	364	1	1
29.425	365	1	1
29.425	366	4	1
29.607	367	4	1
29.607	368	3	1
29.698	369	2	1
29.789	370	3	1
29.789	371	1	1
29.789	372	4	1
30.152	373	2	1
30.152	374	4	1
30.334	375	4	2
30.516	376	4	3
30.516	377	3	2
30.698	378	3	3
30.516	379	1	1
30.698	380	1	2
30.880	381	1	3
30.880	382	4	1
30.880	383	2	1
31.061	384	2	2
31.243	385	2	3
31.243	386	1	1
31.243	387	3	1
31.243	388	4	1
31.425	389	3	2
31.789	390	3	3
31.607	391	1	1
31.607	392	2	1
31.789	393	1	2
32.334	394	1	3
31.970	395	4	2
32.334	396	4	3
31.970	397	3	1
32.334	398	2	1
32.334	399	3	1
32.516	400	1	1
32.516	401	2	1
32.607	402	3	1
32.698	403	4	1
32.698	404	1	1
32.698	405	2	1
33.061	406	2	1
33.061	407	4	1
33.243	408	4	1
33.243	409	1	1
33.243	410	3	1
33.425	411	3	1
33.607	412	4	1
33.607	413	1	2
33.789	414	1	3
33.789	415	2	1
33.789	416	3	1
33.970	417	1	1
33.970	418	3	2
34.152	419	3	3
33.970	420	4	1
34.334	421	4	1
34.334	422	1	1
34.334	423	2	1
34.516	424	4	1
34.516	425	1	1
34.516	426	2	1
34.698	427	4	1
34.698	428	1	1
34.698	429	2	1
34.880	430	3	2
35.061	431	3	3
35.243	432	3	1
35.425	433	2	1
35.607	434	4	2
36.516	435	4	3
35.607	436	3	1
35.607	437	1	1
35.789	438	2	1
35.880	439	3	1
35.970	440	1	1
35.970	441	2	1
36.152	442	3	1
36.334	443	2	1
36.334	444	1	1
36.516	445	1	1
36.607	446	2	1
36.698	447	3	2
36.880	448	3	3
36.698	449	4	1
36.880	450	1	2
37.607	451	1	3
36.970	452	4	1
37.061	453	2	1
37.061	454	3	1
37.243	455	2	1
37.425	456	4	1
37.425	457	3	1
37.607	458	4	1
37.789	459	1	1
37.789	460	2	1
37.880	461	3	1
37.970	462	2	1
38.061	463	1	1
38.152	464	4	2
38.334	465	4	3
38.152	466	3	1
38.334	467	3	2
38.516	468	3	3
38.425	469	1	1
38.516	470	2	2
38.698	471	2	3
38.516	472	4	1
38.698	473	3	1
38.880	474	4	2
39.061	475	4	3
38.880	476	1	1
39.061	477	1	2
39.243	478	1	3
39.152	479	3	1
39.243	480	4	1
39.243	481	2	1
39.425	482	2	2
39.607	483	2	3
39.607	484	4	2
39.789	485	4	3
39.607	486	3	1
39.789	487	3	2
40.334	488	3	3
39.970	489	2	1
39.970	490	1	1
40.152	491	1	2
40.334	492	1	3
40.334	493	4	1
40.334	494	2	2
40.516	495	2	3
40.516	496	4	2
41.061	497	4	3
40.698	498	3	1
40.698	499	2	1
40.880	500	3	1
41.061	501	1	1
41.061	502	2	1
41.243	503	3	1
41.334	504	2	1
41.425	505	3	1
41.425	506	4	1
41.425	507	1	1
41.607	508	3	1
41.789	509	1	1
41.789	510	4	1
41.880	511	2	1
41.970	512	4	1
42.061	513	3	1
42.152	514	1	1
42.152	515	2	1
42.243	516	3	1
42.334	517	4	1
42.516	518	4	1
42.516	519	1	1
42.516	520	2	1
42.698	521	1	1
42.880	522	3	1
42.880	523	4	1
42.970	524	1	1
43.061	525	4	1
43.152	526	2	1
43.243	527	1	1
43.243	528	3	1
43.334	529	2	1
43.425	530	4	1
43.516	531	1	1
43.607	532	4	1
43.607	533	3	1
43.698	534	2	1
43.789	535	1	1
43.970	536	2	1
43.970	537	4	1
43.970	538	1	1
44.152	539	3	1
44.152	540	4	1
44.243	541	2	1
44.334	542	4	2
44.819	543	4	3
44.334	544	3	2
44.577	545	3	3
44.334	546	1	1
44.577	547	1	2
44.819	548	1	3
44.577	549	2	1
44.819	550	3	2
45.061	551	3	3
44.819	552	2	1
45.061	553	2	2
45.304	554	2	3
45.061	555	1	2
45.546	556	1	3
45.061	557	4	1
45.304	558	4	2
45.546	559	4	3
45.304	560	3	1
45.546	561	3	1
45.546	562	2	2
45.789	563	2	3
45.789	564	1	1
45.789	565	4	2
46.273	566	4	3
45.789	567	3	2
46.031	568	3	3
46.031	569	1	2
46.273	570	1	3
46.031	571	2	1
46.273	572	3	2
46.516	573	3	3
46.273	574	2	1
46.516	575	1	2
46.698	576	1	3
46.516	577	2	2
46.698	578	2	3
46.516	579	4	1
46.880	580	2	1
46.880	581	3	1
47.061	582	1	2
47.243	583	1	3
47.061	584	4	2
47.243	585	4	3
47.061	586	3	1
47.425	587	3	1
47.425	588	2	1
47.607	589	4	2
47.970	590	4	3
47.607	591	2	2
48.152	592	2	3
47.607	593	1	2
48.152	594	1	3
48.152	595	3	1
48.334	596	2	1
48.516	597	4	2
48.698	598	4	3
48.516	599	3	2
48.698	600	3	3
48.516	601	1	2
48.698	602	1	3
48.880	603	4	2
49.061	604	4	3
48.880	605	3	2
49.061	606	3	3
48.880	607	2	2
49.061	608	2	3
49.243	609	2	2
49.425	610	2	3
49.243	611	4	2
49.425	612	4	3
49.243	613	1	2
49.425	614	1	3
49.607	615	3	1
49.607	616	4	1
49.789	617	3	1
49.880	618	1	1
49.970	619	2	1
50.061	620	3	1
50.152	621	4	2
50.334	622	4	3
50.152	623	1	2
50.516	624	1	3
50.334	625	3	1
50.516	626	2	2
50.698	627	2	3
50.516	628	4	2
50.880	629	4	3
50.698	630	3	1
50.880	631	3	2
51.061	632	3	3
50.880	633	1	2
51.243	634	1	3
51.061	635	2	2
51.243	636	2	3
51.243	637	4	1
51.243	638	3	1
51.425	639	3	2
51.789	640	3	3
51.425	641	2	2
51.789	642	2	3
51.607	643	4	1
51.607	644	1	1
51.789	645	4	1
51.970	646	2	2
52.152	647	2	3
51.970	648	1	2
52.334	649	1	3
52.152	650	4	2
52.334	651	4	3
52.334	652	2	1
52.334	653	3	1
52.516	654	1	2
52.698	655	1	3
52.698	656	2	1
52.698	657	4	2
53.061	658	4	3
52.880	659	3	2
53.061	660	3	3
53.061	661	2	2
53.243	662	2	3
53.061	663	1	2
53.425	664	1	3
53.243	665	4	1
53.425	666	4	2
53.607	667	4	3
53.425	668	3	2
53.789	669	3	3
53.607	670	1	1
53.789	671	4	2
53.970	672	4	3
53.789	673	2	2
54.152	674	2	3
53.970	675	1	2
54.152	676	1	3
54.152	677	4	1
54.152	678	3	1
54.334	679	4	2
54.516	680	4	3
54.334	681	3	2
54.516	682	3	3
54.516	683	1	1
54.516	684	2	1
54.698	685	3	1
54.880	686	1	2
55.061	687	1	3
54.880	688	4	2
55.243	689	4	3
55.061	690	3	2
55.243	691	3	3
55.243	692	2	1
55.243	693	1	1
55.425	694	3	2
55.607	695	3	3
55.425	696	2	2
55.789	697	2	3
55.607	698	4	1
55.607	699	1	2
55.789	700	1	3
55.789	701	3	1
55.970	702	1	1
55.970	703	4	1
56.061	704	3	1
56.061	705	2	1
56.243	706	2	1
56.243	707	3	1
56.334	708	1	1
56.334	709	4	1
56.455	710	2	1
56.607	711	3	1
56.607	712	4	2
57.061	713	4	3
56.698	714	1	1
56.698	715	2	1
56.880	716	3	1
57.061	717	2	1
57.061	718	1	1
57.243	719	4	1
57.334	720	3	1
57.425	721	1	1
57.425	722	2	1
57.516	723	4	1
57.516	724	3	1
57.698	725	1	1
57.698	726	4	1
57.789	727	2	1
57.789	728	3	1
57.970	729	1	1
58.152	730	3	2
58.516	731	3	3
58.152	732	4	1
58.334	733	1	2
58.698	734	1	3
58.516	735	2	2
58.698	736	2	3
58.516	737	4	1
58.880	738	4	1
58.880	739	3	2
59.243	740	3	3
59.061	741	1	2
59.243	742	1	3
59.243	743	2	2
59.425	744	2	3
59.243	745	4	1
59.425	746	4	2
59.607	747	4	3
59.607	748	2	2
59.789	749	2	3
59.607	750	1	2
59.789	751	1	3
59.789	752	4	1
59.970	753	2	1
59.970	754	1	1
60.152	755	4	1
60.243	756	3	1
60.334	757	1	1
60.334	758	2	1
60.516	759	2	1
60.516	760	4	1
60.607	761	3	1
60.698	762	2	1
60.698	763	4	1
60.880	764	3	1
60.880	765	1	1
60.970	766	2	1
61.061	767	3	1
61.061	768	1	1
61.243	769	4	1
61.243	770	1	1
61.425	771	4	1
61.425	772	3	1
61.607	773	1	1
61.607	774	2	1
61.789	775	1	2
61.970	776	1	3
61.789	777	4	2
62.152	778	4	3
61.970	779	3	1
62.152	780	3	2
62.334	781	3	3
62.152	782	1	2
62.516	783	1	3
62.334	784	2	1
62.516	785	4	2
62.880	786	4	3
62.516	787	2	1
62.698	788	3	2
62.880	789	3	3
62.880	790	1	1
62.880	791	2	1
63.061	792	2	2
63.425	793	2	3
63.061	794	3	2
63.425	795	3	3
63.243	796	1	1
63.243	797	4	1
63.425	798	1	1
63.607	799	3	2
63.789	800	3	3
63.607	801	4	2
63.970	802	4	3
63.789	803	1	2
63.970	804	1	3
63.970	805	3	1
63.970	806	2	1
64.152	807	4	2
64.334	808	4	3
64.334	809	3	1
64.334	810	1	2
64.698	811	1	3
64.516	812	2	2
64.698	813	2	3
64.698	814	3	2
64.880	815	3	3
64.698	816	4	2
65.061	817	4	3
64.880	818	1	1
65.061	819	1	2
65.243	820	1	3
65.061	821	2	2
65.425	822	2	3
65.243	823	4	1
65.425	824	1	1
65.425	825	3	1
65.607	826	4	1
65.789	827	2	1
65.789	828	1	1
65.970	829	4	2
66.334	830	4	3
65.970	831	1	2
66.334	832	1	3
66.152	833	3	1
66.152	834	2	1
66.334	835	3	1
66.516	836	1	2
67.061	837	1	3
66.516	838	4	2
66.698	839	4	3
66.698	840	2	2
67.061	841	2	3
66.880	842	3	1
66.880	843	4	1
67.061	844	4	1
67.243	845	1	2
67.425	846	1	3
67.243	847	2	2
67.425	848	2	3
67.425	849	3	1
67.607	850	4	1
67.607	851	1	1
67.698	852	2	1
67.698	853	3	1
67.880	854	3	1
67.880	855	2	1
67.970	856	4	1
67.970	857	1	1
68.061	858	3	1
68.243	859	1	1
68.243	860	2	1
68.334	861	3	2
68.516	862	3	3
68.334	863	4	1
68.516	864	1	2
68.880	865	1	3
68.698	866	3	2
68.880	867	3	3
68.698	868	4	1
68.880	869	2	1
68.970	870	1	1
69.061	871	4	1
69.061	872	3	1
69.152	873	1	1
69.152	874	2	1
69.334	875	4	1
69.334	876	1	1
69.425	877	3	1
69.425	878	2	1
69.516	879	4	1
69.698	880	4	1
69.698	881	3	1
69.789	882	2	2
70.152	883	2	3
69.789	884	1	1
69.970	885	4	2
70.334	886	4	3
70.152	887	3	2
70.334	888	3	3
70.152	889	1	1
70.516	890	1	1
70.516	891	4	1
70.516	892	2	2
70.880	893	2	3
70.698	894	4	2
70.880	895	4	3
70.880	896	3	2
71.061	897	3	3
70.880	898	1	1
71.061	899	1	2
71.243	900	1	3
71.243	901	2	1
71.243	902	3	2
71.425	903	3	3
71.243	904	4	2
71.425	905	4	3
71.425	906	1	1
71.607	907	4	1
71.789	908	1	2
72.152	909	1	3
71.970	910	4	1
71.970	911	3	1
72.152	912	2	2
72.334	913	2	3
72.334	914	4	2
72.698	915	4	3
72.334	916	1	1
72.516	917	3	2
72.698	918	3	3
72.698	919	2	2
72.880	920	2	3
72.698	921	1	2
72.880	922	1	3
72.789	923	4	1
72.880	924	3	1
73.061	925	4	1
73.061	926	1	1
73.243	927	1	1
73.243	928	2	1
73.334	929	3	1
73.425	930	4	1
73.425	931	1	1
73.425	932	2	1
73.607	933	4	1
73.789	934	2	1
73.970	935	2	1
74.152	936	3	1
74.334	937	1	1
74.425	938	2	1
74.516	939	4	1
74.607	940	3	1
74.698	941	4	2
74.880	942	4	3
74.698	943	2	2
74.880	944	2	3
74.698	945	1	2
74.880	946	1	3
75.061	947	3	1
75.243	948	2	1
75.425	949	4	2
75.607	950	4	3
75.425	951	3	2
75.607	952	3	3
75.425	953	1	2
75.607	954	1	3
75.789	955	2	2
75.970	956	2	3
75.970	957	3	2
76.334	958	3	3
76.334	959	4	2
76.516	960	4	3
76.334	961	2	2
76.516	962	2	3
76.334	963	1	2
76.516	964	1	3
76.698	965	3	1
76.880	966	3	1
77.061	967	2	1
77.243	968	2	1
77.334	969	4	1
77.425	970	3	1
77.516	971	4	1
77.607	972	3	2
77.789	973	3	3
77.607	974	2	2
77.789	975	2	3
77.607	976	1	2
77.789	977	1	3
77.970	978	1	1
78.061	979	2	1
78.152	980	1	1
78.334	981	3	2
78.516	982	3	3
78.334	983	4	2
78.516	984	4	3
78.334	985	2	2
78.516	986	2	3
78.516	987	1	1
78.698	988	2	1
78.789	989	3	1
78.880	990	4	2
79.243	991	4	3
79.243	992	1	1
79.243	993	2	1
79.243	994	3	1
79.607	995	3	2
79.789	996	3	3
79.607	997	1	1
79.789	998	2	1
79.970	999	1	2
80.152	1000	1	3
79.970	1001	4	1
80.152	1002	2	2
80.334	1003	2	3
80.334	1004	3	2
80.516	1005	3	3
80.334	1006	1	1
80.516	1007	4	2
80.880	1008	4	3
80.516	1009	2	1
80.698	1010	3	1
80.698	1011	1	1
80.880	1012	1	2
81.061	1013	1	3
81.061	1014	3	1
81.061	1015	4	1
81.243	1016	2	2
81.425	1017	2	3
81.425	1018	3	1
81.425	1019	1	1
81.607	1020	3	1
81.698	1021	2	1
81.789	1022	4	1
81.789	1023	1	1
81.970	1024	1	2
82.152	1025	1	3
81.970	1026	4	1
81.970	1027	3	1
82.152	1028	2	1
82.334	1029	1	1
82.334	1030	4	1
82.334	1031	3	1
82.516	1032	1	1
82.516	1033	4	1
82.516	1034	3	1
82.698	1035	2	1
82.789	1036	3	1
82.880	1037	1	1
82.880	1038	2	1
83.061	1039	3	1
83.152	1040	2	1
83.243	1041	4	1
83.243	1042	3	1
83.425	1043	1	2
83.789	1044	1	3
83.425	1045	2	1
83.425	1046	4	1
83.789	1047	4	1
83.789	1048	2	1
83.880	1049	3	1
83.970	1050	4	1
83.970	1051	2	1
84.152	1052	1	1
84.152	1053	3	1
84.243	1054	2	1
84.334	1055	1	1
84.334	1056	3	1
84.516	1057	2	1
84.516	1058	4	1
84.607	1059	3	1
84.698	1060	4	2
85.061	1061	4	3
84.698	1062	1	1
85.061	1063	2	1
85.061	1064	1	1
85.152	1065	3	1
85.243	1066	1	1
85.334	1067	4	1
85.425	1068	3	1
85.425	1069	1	1
85.607	1070	1	1
85.698	1071	1	1
85.789	1072	4	1
85.789	1073	3	1
85.880	1074	2	1
85.970	1075	4	1
86.061	1076	1	1
86.152	1077	4	1
86.152	1078	2	1
86.334	1079	4	1
86.425	1080	4	1
86.516	1081	2	1
86.516	1082	3	1
86.607	1083	1	1
86.698	1084	2	1
86.789	1085	4	1
86.880	1086	1	1
86.880	1087	2	1
86.970	1088	3	1
87.061	1089	2	1
87.152	1090	2	1
87.243	1091	3	1
87.243	1092	1	1
87.334	1093	4	1
87.425	1094	3	1
87.516	1095	1	1
87.607	1096	4	1
87.607	1097	3	1
87.698	1098	2	1
87.789	1099	3	1
87.880	1100	3	1
87.970	1101	1	1
87.970	1102	4	1
88.061	1103	3	1
88.152	1104	1	1
88.243	1105	2	1
88.334	1106	4	1
88.334	1107	1	1
88.425	1108	3	1
88.516	1109	1	1
88.607	1110	1	1
88.698	1111	3	1
88.698	1112	4	1
88.789	1113	2	1
88.880	1114	4	1
88.970	1115	3	1
89.061	1116	1	1
89.061	1117	4	1
89.152	1118	2	1
89.243	1119	4	1
89.334	1120	4	1
89.425	1121	2	1
89.425	1122	3	1
89.516	1123	1	1
89.607	1124	2	1
89.698	1125	4	1
89.789	1126	1	1
89.789	1127	2	1
89.880	1128	3	1
89.970	1129	2	1
90.061	1130	2	1
90.152	1131	3	1
90.152	1132	1	1
90.243	1133	4	1
90.334	1134	3	1
90.425	1135	1	1
90.516	1136	4	1
90.516	1137	3	1
90.607	1138	2	1
90.698	1139	3	1
90.758	1140	4	1
90.819	1141	1	1
90.880	1142	4	1
90.880	1143	2	1
90.940	1144	3	1
91.001	1145	2	1
91.061	1146	1	1
91.152	1147	3	1
91.243	1148	1	1
91.243	1149	2	1
91.425	1150	3	1
91.516	1151	2	1
91.607	1152	4	1
91.607	1153	1	1
91.698	1154	3	1
91.789	1155	2	1
91.880	1156	4	1
91.970	1157	1	1
91.970	1158	3	1
92.061	1159	4	1
92.152	1160	2	1
92.213	1161	1	1
92.243	1162	4	1
92.334	1163	1	1
92.334	1164	3	1
92.395	1165	2	1
92.455	1166	3	1
92.516	1167	4	1
92.607	1168	2	1
92.698	1169	4	1
92.698	1170	3	1
92.880	1171	2	1
92.970	1172	3	1
93.061	1173	1	1
93.061	1174	4	1
93.152	1175	2	1
93.243	1176	3	1
93.334	1177	1	1
93.425	1178	4	1
93.425	1179	2	1
93.516	1180	1	1
93.607	1181	3	1
93.667	1182	4	1
93.698	1183	1	1
93.789	1184	4	1
93.789	1185	2	1
93.849	1186	3	1
93.910	1187	2	1
93.970	1188	1	1
94.061	1189	3	1
94.152	1190	1	1
94.152	1191	2	1
94.334	1192	3	1
94.425	1193	2	1
94.516	1194	4	1
94.516	1195	1	1
94.698	1196	2	1
94.698	1197	4	1
94.880	1198	2	1
94.880	1199	1	1
95.061	1200	3	1
95.061	1201	4	1
95.152	1202	2	1
95.243	1203	4	1
95.243	1204	3	1
95.243	1205	1	1
95.486	1206	3	1
95.486	1207	1	1
95.486	1208	2	1
95.728	1209	4	1
95.728	1210	1	1
95.728	1211	2	1
95.970	1212	3	1
95.970	1213	2	1
95.970	1214	4	1
96.213	1215	1	1
96.213	1216	4	1
96.213	1217	3	1
96.455	1218	1	1
96.455	1219	3	1
96.455	1220	2	1
96.698	1221	4	2
97.061	1222	4	3
97.061	1223	2	2
97.243	1224	2	3
97.061	1225	1	1
97.243	1226	3	2
97.425	1227	3	3
97.425	1228	1	2
97.607	1229	1	3
97.607	1230	4	2
97.880	1231	4	3
97.607	1232	3	1
97.789	1233	1	1
97.880	1234	2	2
98.152	1235	2	3
97.970	1236	3	1
98.152	1237	1	2
98.880	1238	1	3
98.152	1239	4	1
98.334	1240	4	1
98.516	1241	3	1
98.698	1242	3	1
98.880	1243	4	1
98.880	1244	2	1
99.061	1245	3	1
99.061	1246	2	1
99.243	1247	1	1
99.425	1248	1	1
99.607	1249	3	2
99.880	1250	3	3
99.880	1251	2	2
100.152	1252	2	3
99.970	1253	1	1
99.970	1254	4	1
100.152	1255	1	2
100.334	1256	1	3
100.334	1257	3	2
100.607	1258	3	3
100.516	1259	1	1
100.516	1260	4	1
100.607	1261	2	2
100.880	1262	2	3
100.698	1263	1	1
100.880	1264	4	2
101.061	1265	4	3
101.061	1266	2	1
101.061	1267	1	2
101.789	1268	1	3
101.243	1269	2	1
101.425	1270	4	1
101.607	1271	4	1
101.789	1272	2	1
101.789	1273	3	1
101.970	1274	1	1
101.970	1275	3	1
102.152	1276	2	1
102.334	1277	2	1
102.516	1278	3	2
102.698	1279	3	3
102.516	1280	4	2
102.880	1281	4	3
102.698	1282	1	1
102.880	1283	3	1
102.880	1284	2	1
103.061	1285	4	1
103.243	1286	2	2
103.516	1287	2	3
103.243	1288	1	1
103.516	1289	3	2
103.789	1290	3	3
103.607	1291	1	1
103.607	1292	4	1
103.789	1293	1	2
103.970	1294	1	3
103.970	1295	4	2
104.334	1296	4	3
103.970	1297	3	1
104.152	1298	2	1
104.334	1299	3	1
104.334	1300	1	1
104.516	1301	2	2
104.698	1302	2	3
104.698	1303	1	2
105.061	1304	1	3
104.698	1305	4	1
104.880	1306	3	1
105.061	1307	4	1
105.061	1308	2	1
105.243	1309	1	1
105.425	1310	3	2
105.607	1311	3	3
105.425	1312	4	1
105.607	1313	1	2
105.789	1314	1	3
105.789	1315	2	2
105.970	1316	2	3
105.789	1317	4	1
105.970	1318	3	2
106.152	1319	3	3
106.152	1320	1	1
106.152	1321	2	1
106.334	1322	4	2
106.516	1323	4	3
106.516	1324	3	1
106.516	1325	2	2
106.698	1326	2	3
106.698	1327	1	2
107.789	1328	1	3
106.880	1329	4	1
106.880	1330	3	1
107.061	1331	2	1
107.152	1332	3	1
107.243	1333	2	1
107.243	1334	4	1
107.425	1335	2	1
107.425	1336	3	1
107.607	1337	3	1
107.607	1338	4	1
107.789	1339	4	1
107.789	1340	2	1
107.970	1341	1	1
107.970	1342	2	1
108.152	1343	4	1
108.152	1344	3	1
108.334	1345	4	2
108.698	1346	4	3
108.334	1347	1	1
108.516	1348	3	1
108.698	1349	2	1
108.698	1350	1	2
109.061	1351	1	3
108.880	1352	3	1
109.061	1353	2	2
109.243	1354	2	3
109.243	1355	3	2
109.425	1356	3	3
109.425	1357	2	1
109.425	1358	1	1
109.607	1359	3	2
109.970	1360	3	3
109.789	1361	4	1
109.970	1362	2	2
110.152	1363	2	3
110.152	1364	3	1
110.152	1365	4	2
110.516	1366	4	3
110.334	1367	1	2
110.516	1368	1	3
110.516	1369	2	1
110.698	1370	4	2
111.061	1371	4	3
110.880	1372	1	2
111.061	1373	1	3
110.880	1374	3	1
111.061	1375	2	2
111.243	1376	2	3
111.243	1377	4	2
111.607	1378	4	3
111.425	1379	3	1
111.607	1380	1	1
111.607	1381	2	2
111.970	1382	2	3
111.789	1383	4	1
111.970	1384	3	2
112.334	1385	3	3
112.152	1386	4	2
112.334	1387	4	3
112.334	1388	2	1
112.334	1389	1	1
112.516	1390	1	2
112.880	1391	1	3
112.698	1392	4	1
112.880	1393	3	2
113.061	1394	3	3
113.061	1395	4	1
113.061	1396	1	2
113.425	1397	1	3
113.243	1398	2	2
113.425	1399	2	3
113.425	1400	4	1
113.607	1401	3	2
113.970	1402	3	3
113.789	1403	1	1
113.789	1404	4	2
113.970	1405	4	3
113.970	1406	2	1
114.152	1407	4	1
114.152	1408	1	1
114.243	1409	3	1
114.425	1410	2	1
114.516	1411	4	1
114.516	1412	1	1
114.607	1413	3	1
114.789	1414	1	2
115.243	1415	1	3
114.880	1416	3	2
115.061	1417	3	3
114.880	1418	4	1
115.061	1419	2	2
115.243	1420	2	3
115.243	1421	3	1
115.243	1422	4	1
115.425	1423	2	1
115.516	1424	1	1
115.607	1425	4	1
115.607	1426	3	1
115.698	1427	2	1
115.880	1428	1	1
115.970	1429	3	1
115.970	1430	2	1
116.061	1431	4	1
116.243	1432	3	1
116.334	1433	2	2
116.698	1434	2	3
116.334	1435	1	1
116.516	1436	4	2
116.880	1437	4	3
116.698	1438	3	2
116.880	1439	3	3
116.698	1440	1	1
117.061	1441	2	1
117.061	1442	1	1
117.243	1443	4	1
117.243	1444	3	1
117.425	1445	3	1
117.425	1446	1	1
117.607	1447	2	1
117.607	1448	1	1
117.789	1449	4	1
117.789	1450	2	1
117.970	1451	4	1
117.970	1452	3	1
118.152	1453	2	1
118.152	1454	3	1
118.334	1455	2	1
118.334	1456	1	1
118.516	1457	4	1
118.516	1458	3	1
118.607	1459	2	1
118.698	1460	3	1
118.789	1461	1	1
118.880	1462	4	1
118.970	1463	2	1
119.061	1464	4	1
119.152	1465	2	1
119.243	1466	1	1
119.334	1467	3	1
119.425	1468	1	1
119.516	1469	3	1
119.607	1470	4	2
119.789	1471	4	3
119.607	1472	2	2
119.789	1473	2	3
119.607	1474	1	2
119.789	1475	1	3
119.970	1476	3	1
119.970	1477	4	2
120.152	1478	4	3
119.970	1479	1	2
120.334	1480	1	3
120.152	1481	2	1
120.334	1482	2	2
120.516	1483	2	3
120.334	1484	4	2
120.698	1485	4	3
120.516	1486	3	1
120.698	1487	1	1
120.698	1488	3	1
120.880	1489	1	2
121.061	1490	1	3
120.880	1491	2	2
121.061	1492	2	3
121.061	1493	4	1
121.061	1494	3	1
121.243	1495	3	2
121.607	1496	3	3
121.243	1497	2	2
121.607	1498	2	3
121.425	1499	4	1
121.425	1500	1	1
121.607	1501	4	1
121.789	1502	2	2
121.970	1503	2	3
121.789	1504	1	2
122.152	1505	1	3
121.970	1506	4	2
122.152	1507	4	3
122.152	1508	2	1
122.152	1509	3	1
122.334	1510	1	2
122.516	1511	1	3
122.516	1512	2	1
122.516	1513	4	2
122.880	1514	4	3
122.698	1515	3	2
122.880	1516	3	3
122.880	1517	2	2
123.061	1518	2	3
122.880	1519	1	2
123.243	1520	1	3
123.061	1521	4	1
123.243	1522	4	2
123.425	1523	4	3
123.243	1524	3	2
123.607	1525	3	3
123.425	1526	1	1
123.607	1527	2	1
123.607	1528	4	1
123.789	1529	1	1
123.970	1530	3	1
123.970	1531	4	1
124.152	1532	3	2
124.516	1533	3	3
124.152	1534	4	2
124.516	1535	4	3
124.334	1536	2	1
124.334	1537	1	1
124.516	1538	2	1
124.698	1539	4	2
125.243	1540	4	3
124.698	1541	1	2
124.880	1542	1	3
124.880	1543	3	2
125.243	1544	3	3
125.061	1545	2	1
125.061	1546	1	1
125.243	1547	1	2
125.607	1548	1	3
125.425	1549	2	2
125.607	1550	2	3
125.425	1551	4	1
125.607	1552	3	1
125.789	1553	1	1
125.789	1554	4	1
125.880	1555	3	1
125.880	1556	2	1
126.061	1557	2	1
126.061	1558	3	1
126.152	1559	1	1
126.152	1560	4	1
126.273	1561	2	1
126.425	1562	3	1
126.425	1563	4	1
126.516	1564	2	2
126.880	1565	2	3
126.516	1566	1	1
126.698	1567	3	2
126.880	1568	3	3
126.880	1569	4	1
126.880	1570	1	2
127.061	1571	1	3
127.061	1572	4	1
127.152	1573	3	1
127.243	1574	1	1
127.243	1575	2	1
127.334	1576	4	1
127.334	1577	3	1
127.516	1578	1	1
127.516	1579	4	1
127.607	1580	2	1
127.607	1581	3	1
127.698	1582	4	1
127.880	1583	1	1
127.880	1584	2	1
127.970	1585	3	2
128.334	1586	3	3
127.970	1587	4	1
128.152	1588	1	2
128.516	1589	1	3
128.334	1590	2	2
128.516	1591	2	3
128.334	1592	4	1
128.698	1593	1	1
128.698	1594	4	1
128.698	1595	3	2
129.061	1596	3	3
128.880	1597	1	2
129.061	1598	1	3
129.061	1599	2	2
129.243	1600	2	3
129.061	1601	4	1
129.243	1602	4	2
129.425	1603	4	3
129.425	1604	2	2
129.607	1605	2	3
129.425	1606	1	2
129.607	1607	1	3
129.607	1608	4	1
129.789	1609	2	1
129.789	1610	1	1
129.970	1611	4	2
130.334	1612	4	3
130.152	1613	1	1
130.152	1614	2	1
130.334	1615	3	1
130.334	1616	2	1
130.516	1617	1	1
130.516	1618	4	1
130.698	1619	1	1
130.698	1620	2	1
130.880	1621	1	2
131.061	1622	1	3
130.880	1623	4	2
131.061	1624	4	3
130.880	1625	3	2
131.061	1626	3	3
130.880	1627	2	2
131.061	1628	2	3
131.243	1629	1	1
131.304	1630	2	1
131.364	1631	3	1
131.425	1632	4	1
131.516	1633	3	1
131.607	1634	2	2
131.970	1635	2	3
131.607	1636	1	1
131.607	1637	4	2
131.970	1638	4	3
131.849	1639	1	1
131.970	1640	3	1
132.213	1641	3	2
132.334	1642	3	3
132.334	1643	1	2
132.577	1644	1	3
132.577	1645	3	1
132.698	1646	2	1
132.940	1647	4	2
133.304	1648	4	3
132.940	1649	3	2
133.304	1650	3	3
132.940	1651	1	2
133.304	1652	1	3
133.304	1653	2	1
133.425	1654	3	2
133.667	1655	3	3
133.667	1656	2	2
133.789	1657	2	3
133.667	1658	4	2
133.789	1659	4	3
133.667	1660	1	2
133.789	1661	1	3
134.031	1662	3	1
134.031	1663	2	1
134.152	1664	1	2
134.516	1665	1	3
134.152	1666	4	2
134.516	1667	4	3
134.516	1668	3	1
134.516	1669	2	1
134.758	1670	2	2
134.880	1671	2	3
134.880	1672	3	2
135.122	1673	3	3
134.880	1674	4	1
135.122	1675	2	2
135.243	1676	2	3
135.243	1677	1	2
135.486	1678	1	3
135.243	1679	4	1
135.486	1680	3	2
135.607	1681	3	3
135.607	1682	2	2
135.849	1683	2	3
135.607	1684	4	1
135.849	1685	1	1
135.849	1686	3	2
136.213	1687	3	3
135.970	1688	4	1
135.970	1689	2	1
136.213	1690	1	2
136.334	1691	1	3
136.334	1692	2	1
136.334	1693	4	2
136.698	1694	4	3
136.577	1695	2	1
136.698	1696	3	2
136.940	1697	3	3
136.698	1698	1	1
136.940	1699	2	2
137.061	1700	2	3
137.061	1701	4	2
137.304	1702	4	3
137.061	1703	1	2
137.304	1704	1	3
137.425	1705	3	1
137.425	1706	4	1
137.425	1707	1	1
137.789	1708	3	2
138.031	1709	3	3
137.789	1710	1	1
138.031	1711	2	1
138.152	1712	1	2
138.395	1713	1	3
138.152	1714	4	1
138.395	1715	2	2
138.516	1716	2	3
138.516	1717	3	2
138.758	1718	3	3
138.516	1719	1	1
138.758	1720	4	1
138.758	1721	2	2
139.122	1722	2	3
138.880	1723	1	1
138.880	1724	3	1
139.122	1725	3	2
139.243	1726	3	3
139.243	1727	2	2
139.486	1728	2	3
139.243	1729	1	1
139.486	1730	3	1
139.607	1731	4	1
139.607	1732	1	1
139.849	1733	1	2
140.213	1734	1	3
139.970	1735	4	1
139.970	1736	2	1
140.213	1737	3	2
140.577	1738	3	3
140.213	1739	4	2
140.577	1740	4	3
140.334	1741	2	1
140.334	1742	1	1
140.577	1743	1	1
140.577	1744	2	1
140.698	1745	4	1
140.698	1746	3	1
140.819	1747	2	1
140.940	1748	1	1
141.061	1749	4	1
141.061	1750	3	1
141.183	1751	2	1
141.304	1752	3	1
141.425	1753	1	1
141.425	1754	4	1
141.667	1755	3	1
141.667	1756	1	1
141.789	1757	2	2
142.152	1758	2	3
141.789	1759	4	2
143.122	1760	4	3
142.152	1761	1	1
142.273	1762	3	1
142.395	1763	2	1
142.516	1764	1	2
143.243	1765	1	3