Song Name	if i could return in the 90s (Hard) by naruto2413 (feat. Aya Majiro)
Title	if i could return in the 90s (Hard)
Artist	naruto2413 (feat. Aya Majiro)
Description	Track 4 from naruto2413's album 'sing song chips'. From the artist: The NES (Famicom), SHARP X1 and X68000 played the chiptune tracks, and put on the vocals! Map by EntityEnginuity.
Difficulty	25
Primary Color	Beat
Secondary Color	Vibe
Cover Image ID	7676076606
Audio Asset ID	rbxassetid://9061149550
Audio File	9061149550.ogg
Last Note Time	150.173
Total Notes	1736
Fever Fill	525
Fever Time	22.525950
Long Notes	161
BPM	152
Song Length	151.173000000

Timing Points
0.026	393.313668
0.813	393.313668
32.278	393.313668
57.450	393.313668
60.596	393.313668
85.768	393.313668
98.354	393.313668
110.940	393.313668
123.526	393.313668
148.698	393.313668


Song Data
0.026	1	1	1
0.124	2	1	1
0.222	3	3	1
0.320	4	3	1
0.419	5	1	1
0.484	6	2	1
0.550	7	3	1
0.615	8	1	1
0.615	9	4	1
0.665	10	2	1
0.714	11	3	1
0.763	12	4	1
0.812	13	1	1
0.813	14	2	1
1.009	15	3	1
1.009	16	4	1
1.206	17	1	1
1.304	18	2	1
1.402	19	4	1
1.501	20	3	1
1.599	21	2	1
1.599	22	4	1
1.796	23	1	1
1.992	24	3	1
1.992	25	2	1
2.189	26	4	1
2.386	27	3	1
2.386	28	2	1
2.582	29	4	1
2.582	30	1	1
2.779	31	3	1
2.976	32	1	1
3.074	33	2	1
3.172	34	3	1
3.172	35	1	1
3.369	36	4	1
3.566	37	4	1
3.664	38	2	1
3.762	39	3	1
3.861	40	1	1
3.959	41	3	1
3.959	42	2	1
4.156	43	3	1
4.156	44	4	1
4.254	45	2	1
4.352	46	4	1
4.352	47	1	1
4.549	48	2	1
4.647	49	3	1
4.746	50	2	1
4.746	51	4	1
4.844	52	3	1
4.942	53	1	1
5.041	54	1	1
5.139	55	3	1
5.139	56	2	1
5.336	57	4	1
5.532	58	3	1
5.532	59	2	1
5.729	60	4	1
5.729	61	1	1
5.926	62	2	1
5.926	63	3	1
6.024	64	4	1
6.122	65	1	1
6.221	66	2	1
6.319	67	3	1
6.319	68	1	1
6.417	69	2	1
6.516	70	3	1
6.614	71	4	1
6.712	72	1	1
6.778	73	2	1
6.843	74	3	1
6.909	75	1	1
6.909	76	4	1
6.974	77	2	1
7.040	78	3	1
7.106	79	4	1
7.106	80	1	1
7.302	81	1	1
7.302	82	2	1
7.499	83	1	1
7.499	84	4	1
7.597	85	3	1
7.597	86	2	1
7.794	87	3	1
7.892	88	1	1
7.892	89	4	1
8.187	90	3	1
8.187	91	4	1
8.285	92	2	1
8.285	93	1	1
8.482	94	2	1
8.482	95	1	2
9.269	96	1	3
8.679	97	3	1
8.875	98	4	1
9.072	99	3	1
9.072	100	2	1
9.170	101	4	1
9.269	102	3	1
9.465	103	1	1
9.564	104	2	1
9.662	105	3	1
9.760	106	4	1
9.859	107	1	1
9.859	108	2	1
10.055	109	3	1
10.252	110	2	1
10.252	111	4	1
10.449	112	4	1
10.449	113	3	1
10.645	114	4	1
10.645	115	1	1
10.744	116	2	1
10.744	117	3	1
10.940	118	3	1
11.039	119	4	1
11.039	120	1	1
11.334	121	2	1
11.334	122	1	1
11.432	123	4	1
11.432	124	3	1
11.629	125	3	1
11.629	126	4	2
12.415	127	4	3
11.825	128	2	1
12.022	129	1	1
12.219	130	2	1
12.219	131	3	1
12.317	132	1	1
12.415	133	2	1
12.514	134	1	1
12.612	135	4	1
12.710	136	3	1
12.809	137	1	1
12.907	138	2	1
13.005	139	1	1
13.005	140	4	1
13.202	141	3	1
13.399	142	2	1
13.399	143	4	1
13.399	144	1	1
13.595	145	2	1
13.595	146	1	1
13.792	147	1	1
13.792	148	4	1
13.890	149	2	1
13.890	150	3	1
14.087	151	3	1
14.185	152	4	1
14.185	153	1	1
14.480	154	4	1
14.480	155	3	1
14.578	156	2	1
14.578	157	1	1
14.775	158	2	1
14.775	159	1	2
15.562	160	1	3
14.972	161	3	1
15.168	162	4	1
15.365	163	2	1
15.365	164	3	1
15.463	165	4	1
15.562	166	3	1
15.758	167	1	1
15.857	168	2	1
15.955	169	4	1
16.053	170	3	1
16.152	171	2	1
16.152	172	1	1
16.348	173	1	1
16.348	174	4	1
16.545	175	3	1
16.545	176	4	1
16.742	177	2	1
16.938	178	1	1
17.135	179	3	1
17.135	180	2	1
17.332	181	1	1
17.332	182	4	1
17.528	183	2	1
17.528	184	1	2
18.512	185	1	3
17.725	186	4	1
17.922	187	2	1
18.118	188	4	1
18.118	189	3	1
18.315	190	2	1
18.512	191	3	1
18.610	192	3	1
18.708	193	4	1
18.708	194	2	1
18.807	195	3	1
18.905	196	1	1
19.003	197	2	1
19.102	198	1	1
19.200	199	2	1
19.298	200	3	1
19.397	201	4	1
19.495	202	3	1
19.593	203	4	1
19.692	204	3	1
19.692	205	1	1
19.888	206	1	1
19.888	207	2	1
20.085	208	1	1
20.085	209	4	1
20.183	210	3	1
20.183	211	2	1
20.380	212	3	1
20.478	213	1	1
20.478	214	4	1
20.773	215	3	1
20.773	216	4	1
20.871	217	2	1
20.871	218	1	1
21.068	219	2	1
21.068	220	1	2
21.855	221	1	3
21.265	222	3	1
21.461	223	4	1
21.658	224	3	1
21.658	225	2	1
21.756	226	4	1
21.855	227	3	1
22.051	228	1	1
22.150	229	2	1
22.248	230	3	1
22.346	231	4	1
22.445	232	1	1
22.445	233	2	1
22.641	234	3	1
22.740	235	3	1
22.838	236	2	1
22.838	237	4	1
23.035	238	4	1
23.035	239	3	1
23.231	240	4	1
23.231	241	1	1
23.330	242	2	1
23.330	243	3	1
23.526	244	3	1
23.625	245	4	1
23.625	246	1	1
23.920	247	2	1
23.920	248	1	1
24.018	249	4	1
24.018	250	3	1
24.215	251	3	1
24.215	252	4	2
25.001	253	4	3
24.411	254	2	1
24.608	255	1	1
24.805	256	2	1
24.805	257	3	1
24.903	258	1	1
25.001	259	2	1
25.100	260	1	1
25.198	261	4	1
25.296	262	3	1
25.395	263	1	1
25.493	264	2	1
25.591	265	1	1
25.591	266	4	1
25.788	267	3	1
25.985	268	2	1
25.985	269	4	1
25.985	270	1	1
26.181	271	2	1
26.181	272	1	1
26.378	273	1	1
26.378	274	4	1
26.476	275	2	1
26.476	276	3	1
26.673	277	3	1
26.771	278	4	1
26.771	279	1	1
27.066	280	4	1
27.066	281	3	1
27.165	282	2	1
27.165	283	1	1
27.361	284	2	1
27.361	285	1	2
28.148	286	1	3
27.558	287	3	1
27.754	288	4	1
27.951	289	2	1
27.951	290	3	1
28.049	291	4	1
28.148	292	3	1
28.344	293	1	1
28.443	294	2	1
28.541	295	4	1
28.639	296	3	1
28.738	297	2	1
28.738	298	1	1
28.934	299	1	1
28.934	300	4	1
29.033	301	2	1
29.131	302	3	1
29.131	303	4	1
29.328	304	1	1
29.524	305	2	1
29.623	306	4	1
29.721	307	3	1
29.721	308	1	1
29.918	309	2	1
29.918	310	4	1
30.016	311	3	1
30.114	312	1	1
30.311	313	2	1
30.311	314	3	1
30.409	315	1	1
30.508	316	2	1
30.508	317	4	1
30.606	318	3	1
30.704	319	1	1
30.803	320	2	1
30.901	321	4	1
30.999	322	3	1
31.098	323	1	1
31.196	324	2	1
31.294	325	4	1
31.393	326	3	1
31.491	327	1	1
31.589	328	2	1
31.688	329	3	1
31.688	330	4	1
31.786	331	2	1
31.884	332	1	1
31.950	333	2	1
32.015	334	3	1
32.081	335	1	1
32.081	336	4	1
32.146	337	2	1
32.212	338	3	1
32.278	339	4	1
32.278	340	1	1
32.278	341	2	2
32.868	342	2	3
32.474	343	4	1
32.573	344	1	1
32.671	345	4	1
32.671	346	3	1
32.769	347	1	1
32.868	348	4	2
33.458	349	4	3
32.966	350	3	1
33.064	351	1	1
33.064	352	2	1
33.261	353	3	1
33.359	354	1	1
33.458	355	3	1
33.458	356	2	2
33.851	357	2	3
33.654	358	4	1
33.851	359	4	2
34.048	360	4	3
33.851	361	1	2
34.244	362	1	3
34.048	363	3	1
34.244	364	3	1
34.244	365	4	1
34.342	366	2	1
34.441	367	1	1
34.539	368	3	1
34.637	369	2	1
34.637	370	4	1
34.736	371	3	1
34.834	372	1	1
34.932	373	2	1
35.031	374	3	1
35.031	375	4	1
35.129	376	2	1
35.227	377	3	1
35.326	378	4	1
35.424	379	2	2
36.014	380	2	3
35.621	381	3	1
35.719	382	1	1
35.817	383	4	1
35.817	384	3	1
36.014	385	1	2
36.604	386	1	3
36.112	387	3	1
36.211	388	4	1
36.211	389	2	1
36.309	390	3	1
36.407	391	2	1
36.604	392	3	2
36.899	393	3	3
36.702	394	4	1
36.801	395	2	1
36.997	396	3	2
37.391	397	3	3
37.194	398	2	1
37.292	399	2	1
37.391	400	4	1
37.391	401	1	1
37.587	402	2	1
37.686	403	3	1
37.784	404	4	1
37.784	405	2	1
37.882	406	1	1
37.981	407	2	1
38.079	408	3	1
38.177	409	4	1
38.276	410	2	1
38.374	411	1	1
38.472	412	3	1
38.571	413	4	1
38.571	414	1	1
38.571	415	2	1
38.866	416	3	1
38.866	417	2	1
38.964	418	4	1
38.964	419	1	1
39.161	420	1	1
39.161	421	4	1
39.259	422	3	1
39.357	423	1	1
39.357	424	2	1
39.456	425	3	1
39.456	426	4	1
39.751	427	4	1
39.751	428	3	1
39.751	429	2	2
40.144	430	2	3
39.947	431	1	1
40.144	432	3	1
40.144	433	4	1
40.439	434	3	1
40.439	435	2	1
40.537	436	4	1
40.537	437	1	1
40.734	438	1	1
40.734	439	4	1
40.832	440	2	1
40.930	441	4	1
40.930	442	3	1
41.029	443	1	1
41.029	444	2	1
41.324	445	2	1
41.324	446	1	1
41.324	447	4	2
41.717	448	4	3
41.520	449	3	1
41.717	450	1	1
41.717	451	2	1
42.012	452	3	1
42.012	453	2	1
42.110	454	4	1
42.110	455	1	1
42.307	456	1	1
42.307	457	4	1
42.405	458	3	1
42.504	459	1	1
42.504	460	2	1
42.602	461	3	1
42.602	462	4	1
42.897	463	4	1
42.897	464	3	1
42.897	465	2	2
43.290	466	2	3
43.094	467	1	1
43.290	468	3	1
43.290	469	4	1
43.487	470	2	1
43.684	471	1	1
43.880	472	3	1
43.880	473	2	1
44.077	474	1	1
44.175	475	2	1
44.274	476	3	1
44.372	477	4	1
44.470	478	1	1
44.569	479	2	1
44.667	480	3	1
44.765	481	4	1
44.864	482	1	1
44.864	483	2	2
45.454	484	2	3
45.060	485	4	1
45.159	486	1	1
45.257	487	4	1
45.257	488	3	1
45.355	489	1	1
45.454	490	4	2
46.044	491	4	3
45.552	492	3	1
45.650	493	1	1
45.650	494	2	1
45.847	495	3	1
45.945	496	1	1
46.044	497	3	1
46.044	498	2	2
46.437	499	2	3
46.240	500	4	1
46.437	501	4	2
46.634	502	4	3
46.437	503	1	2
46.830	504	1	3
46.634	505	3	1
46.830	506	3	1
46.830	507	4	1
46.929	508	2	1
47.027	509	1	1
47.125	510	3	1
47.224	511	2	1
47.224	512	4	1
47.322	513	3	1
47.420	514	1	1
47.518	515	2	1
47.617	516	3	1
47.617	517	4	1
47.715	518	2	1
47.813	519	3	1
47.912	520	4	1
48.010	521	2	2
48.600	522	2	3
48.207	523	3	1
48.305	524	1	1
48.403	525	4	1
48.403	526	3	1
48.600	527	1	2
49.190	528	1	3
48.698	529	3	1
48.797	530	4	1
48.797	531	2	1
48.895	532	3	1
48.993	533	2	1
49.190	534	3	2
49.485	535	3	3
49.288	536	4	1
49.387	537	2	1
49.583	538	3	2
49.977	539	3	3
49.780	540	2	1
49.878	541	2	1
49.977	542	4	1
49.977	543	1	1
50.173	544	2	1
50.272	545	3	1
50.370	546	4	1
50.370	547	2	1
50.468	548	1	1
50.567	549	2	1
50.665	550	3	1
50.763	551	4	1
50.862	552	2	1
50.960	553	1	1
51.058	554	3	1
51.157	555	4	1
51.157	556	1	1
51.157	557	2	1
51.452	558	3	1
51.452	559	2	1
51.550	560	4	1
51.550	561	1	1
51.747	562	1	1
51.747	563	4	1
51.845	564	3	1
51.943	565	1	1
51.943	566	2	1
52.042	567	3	1
52.042	568	4	1
52.337	569	4	1
52.337	570	3	1
52.337	571	2	2
52.730	572	2	3
52.533	573	1	1
52.730	574	3	1
52.730	575	4	1
53.025	576	3	1
53.025	577	2	1
53.123	578	4	1
53.123	579	1	1
53.320	580	1	1
53.320	581	4	1
53.418	582	2	1
53.517	583	4	1
53.517	584	3	1
53.615	585	1	1
53.615	586	2	1
53.910	587	1	1
53.910	588	2	1
53.910	589	4	2
54.303	590	4	3
54.107	591	3	1
54.303	592	1	1
54.303	593	2	1
54.598	594	3	1
54.598	595	2	1
54.696	596	1	1
54.696	597	4	1
54.893	598	1	1
54.893	599	4	1
54.991	600	3	1
55.090	601	1	1
55.090	602	2	1
55.188	603	3	1
55.188	604	4	1
55.483	605	4	1
55.483	606	3	1
55.483	607	2	2
55.876	608	2	3
55.680	609	1	1
55.876	610	4	1
55.975	611	3	1
56.073	612	1	1
56.171	613	2	1
56.270	614	4	1
56.368	615	3	1
56.466	616	1	1
56.565	617	2	1
56.663	618	1	1
56.761	619	4	1
56.860	620	3	1
56.958	621	4	1
57.056	622	1	1
57.122	623	2	1
57.187	624	3	1
57.253	625	4	1
57.253	626	1	1
57.319	627	2	1
57.384	628	3	1
57.450	629	4	2
57.646	630	4	3
57.646	631	2	1
57.745	632	3	1
57.843	633	2	2
57.941	634	2	3
58.040	635	4	1
58.138	636	3	1
58.236	637	1	1
58.335	638	3	1
58.433	639	2	1
58.531	640	4	1
58.630	641	2	1
58.728	642	3	1
58.826	643	1	2
58.925	644	1	3
59.023	645	4	1
59.072	646	3	1
59.121	647	2	1
59.220	648	1	1
59.269	649	2	1
59.318	650	3	1
59.416	651	4	1
59.465	652	3	1
59.515	653	2	1
59.613	654	1	1
59.711	655	2	1
59.810	656	1	1
59.908	657	4	1
60.006	658	3	1
60.105	659	4	1
60.203	660	1	1
60.252	661	2	1
60.301	662	3	1
60.350	663	4	1
60.400	664	1	1
60.449	665	2	1
60.498	666	3	1
60.547	667	4	1
60.596	668	2	1
60.596	669	1	1
60.793	670	2	1
60.891	671	1	1
60.989	672	2	1
60.989	673	3	1
61.088	674	4	1
61.186	675	2	1
61.284	676	3	1
61.383	677	2	1
61.481	678	3	1
61.579	679	1	1
61.678	680	2	1
61.776	681	4	1
61.776	682	3	1
61.973	683	2	1
62.169	684	3	1
62.169	685	1	1
62.268	686	2	1
62.366	687	4	1
62.464	688	2	1
62.563	689	3	1
62.563	690	4	1
62.661	691	2	1
62.759	692	1	1
62.858	693	3	1
62.956	694	1	1
62.956	695	4	1
62.956	696	2	2
63.349	697	2	3
63.153	698	3	1
63.349	699	1	1
63.349	700	4	1
63.546	701	3	1
63.743	702	2	1
63.743	703	1	2
64.136	704	1	3
63.841	705	4	1
63.939	706	2	1
63.939	707	3	1
64.136	708	4	1
64.136	709	3	2
64.529	710	3	3
64.234	711	1	1
64.333	712	4	1
64.333	713	2	1
64.529	714	2	1
64.529	715	1	2
64.923	716	1	3
64.628	717	3	1
64.726	718	4	1
64.923	719	4	1
64.923	720	3	2
65.316	721	3	3
65.119	722	1	1
65.119	723	2	1
65.316	724	1	1
65.316	725	2	2
65.709	726	2	3
65.709	727	1	1
65.709	728	4	2
66.103	729	4	3
65.906	730	2	1
65.906	731	1	1
66.004	732	3	1
66.103	733	1	1
66.103	734	2	1
66.299	735	4	1
66.299	736	3	1
66.496	737	2	1
66.496	738	1	1
66.693	739	1	1
66.791	740	2	1
66.889	741	4	1
66.889	742	3	1
67.086	743	2	1
67.184	744	1	1
67.283	745	2	1
67.283	746	3	1
67.479	747	1	1
67.577	748	3	1
67.676	749	2	1
67.774	750	4	1
67.971	751	3	2
68.462	752	3	3
68.069	753	1	1
68.266	754	2	1
68.462	755	1	1
68.561	756	4	1
68.659	757	1	1
68.757	758	4	1
68.856	759	3	1
68.954	760	1	1
69.052	761	3	1
69.151	762	1	1
69.249	763	2	1
69.347	764	4	1
69.446	765	2	1
69.544	766	4	1
69.642	767	3	1
69.741	768	1	1
69.839	769	3	1
69.937	770	1	1
70.036	771	3	1
70.036	772	4	2
70.429	773	4	3
70.134	774	1	1
70.232	775	3	1
70.232	776	2	1
70.429	777	1	1
70.429	778	2	2
70.822	779	2	3
70.527	780	4	1
70.626	781	1	1
70.626	782	3	1
70.822	783	3	1
70.822	784	4	2
71.216	785	4	3
70.921	786	2	1
71.019	787	1	1
71.216	788	1	1
71.216	789	2	2
71.609	790	2	3
71.412	791	4	1
71.412	792	3	1
71.609	793	4	1
71.609	794	3	2
72.002	795	3	3
72.002	796	4	1
72.002	797	1	2
72.396	798	1	3
72.199	799	3	1
72.199	800	4	1
72.297	801	2	1
72.396	802	4	1
72.396	803	3	1
72.592	804	1	1
72.592	805	2	1
72.789	806	3	1
72.789	807	4	1
72.887	808	2	1
72.986	809	1	1
72.986	810	4	1
73.084	811	3	1
73.182	812	1	1
73.182	813	2	1
73.379	814	2	1
73.477	815	1	1
73.576	816	3	1
73.576	817	2	1
73.674	818	4	1
73.772	819	2	1
73.871	820	3	1
73.969	821	2	1
74.067	822	3	1
74.165	823	1	1
74.264	824	2	1
74.362	825	3	1
74.362	826	4	1
74.559	827	2	1
74.755	828	1	1
74.755	829	3	1
74.854	830	2	1
74.952	831	4	1
75.050	832	2	1
75.149	833	4	1
75.149	834	3	1
75.247	835	2	1
75.345	836	1	1
75.444	837	3	1
75.542	838	2	2
75.935	839	2	3
75.739	840	3	1
75.935	841	4	1
75.935	842	1	1
76.132	843	3	1
76.329	844	1	2
76.722	845	1	3
76.329	846	2	1
76.427	847	4	1
76.525	848	3	1
76.525	849	2	1
76.722	850	3	2
77.115	851	3	3
76.722	852	4	1
76.820	853	1	1
76.919	854	2	1
76.919	855	4	1
77.115	856	1	2
77.509	857	1	3
77.115	858	2	1
77.214	859	3	1
77.312	860	4	1
77.509	861	3	2
77.902	862	3	3
77.509	863	4	1
77.705	864	2	1
77.705	865	1	1
77.902	866	2	2
78.295	867	2	3
77.902	868	1	1
78.295	869	4	2
78.689	870	4	3
78.295	871	1	1
78.492	872	1	1
78.492	873	2	1
78.590	874	3	1
78.689	875	2	1
78.689	876	1	1
78.885	877	3	1
78.885	878	4	1
79.082	879	1	1
79.082	880	2	1
79.279	881	1	1
79.377	882	2	1
79.475	883	3	1
79.475	884	4	1
79.672	885	2	1
79.770	886	1	1
79.869	887	2	1
79.869	888	3	1
80.065	889	1	1
80.164	890	3	1
80.262	891	2	1
80.360	892	4	1
80.557	893	3	2
81.048	894	3	3
80.655	895	1	1
80.852	896	2	1
81.048	897	1	1
81.147	898	4	1
81.245	899	1	1
81.343	900	4	1
81.442	901	3	1
81.540	902	1	1
81.638	903	3	1
81.737	904	1	1
81.835	905	2	1
81.933	906	4	1
82.032	907	2	1
82.130	908	4	1
82.228	909	3	1
82.327	910	1	1
82.425	911	3	1
82.523	912	1	1
82.622	913	3	1
82.622	914	4	2
83.015	915	4	3
82.720	916	1	1
82.818	917	3	1
82.818	918	2	1
83.015	919	1	1
83.015	920	2	2
83.408	921	2	3
83.113	922	4	1
83.212	923	1	1
83.212	924	3	1
83.408	925	3	1
83.408	926	4	2
83.802	927	4	3
83.507	928	2	1
83.605	929	1	1
83.802	930	1	1
83.802	931	2	2
84.195	932	2	3
83.998	933	4	1
83.998	934	3	1
84.195	935	4	1
84.293	936	3	1
84.392	937	1	1
84.490	938	2	1
84.588	939	3	1
84.588	940	4	1
84.687	941	2	1
84.785	942	3	1
84.883	943	2	1
84.982	944	1	1
85.047	945	2	1
85.113	946	3	1
85.178	947	1	1
85.178	948	4	1
85.244	949	2	1
85.309	950	3	1
85.375	951	1	1
85.375	952	4	1
85.440	953	2	1
85.506	954	3	1
85.572	955	1	1
85.572	956	4	1
85.637	957	2	1
85.703	958	3	1
85.768	959	2	1
85.768	960	1	1
85.965	961	3	1
85.965	962	4	1
86.162	963	1	1
86.358	964	2	1
86.457	965	3	1
86.555	966	2	1
86.555	967	4	1
86.752	968	1	1
86.948	969	3	1
86.948	970	2	1
87.145	971	4	1
87.342	972	3	1
87.342	973	2	1
87.538	974	4	1
87.538	975	1	1
87.735	976	3	1
87.931	977	1	1
88.030	978	2	1
88.128	979	3	1
88.128	980	1	1
88.325	981	4	1
88.521	982	4	1
88.620	983	2	1
88.718	984	3	1
88.816	985	2	1
88.915	986	1	1
88.915	987	4	1
88.915	988	3	1
89.111	989	3	1
89.111	990	4	1
89.210	991	2	1
89.308	992	1	1
89.505	993	2	1
89.603	994	3	1
89.701	995	1	1
89.701	996	2	1
89.701	997	4	1
89.800	998	3	1
89.898	999	1	1
89.996	1000	1	1
90.095	1001	3	1
90.095	1002	2	1
90.291	1003	4	1
90.488	1004	3	1
90.488	1005	2	1
90.685	1006	4	1
90.685	1007	1	1
90.881	1008	2	1
90.881	1009	3	1
90.980	1010	4	1
91.078	1011	1	1
91.176	1012	2	1
91.275	1013	4	1
91.275	1014	3	1
91.275	1015	1	1
91.373	1016	2	1
91.471	1017	4	1
91.570	1018	3	1
91.668	1019	4	1
91.668	1020	1	1
91.734	1021	2	1
91.799	1022	3	1
91.865	1023	1	1
91.865	1024	4	1
91.930	1025	2	1
91.996	1026	3	1
92.061	1027	2	1
92.061	1028	1	1
92.258	1029	3	1
92.258	1030	4	1
92.455	1031	3	1
92.455	1032	1	1
92.651	1033	2	1
92.750	1034	3	1
92.848	1035	2	1
92.848	1036	4	1
93.045	1037	1	1
93.241	1038	3	1
93.241	1039	2	1
93.438	1040	4	1
93.635	1041	3	1
93.635	1042	2	1
93.831	1043	4	1
93.831	1044	1	1
94.028	1045	2	1
94.028	1046	3	1
94.224	1047	1	1
94.323	1048	2	1
94.421	1049	3	1
94.421	1050	1	1
94.618	1051	4	1
94.814	1052	1	1
94.814	1053	4	1
94.913	1054	2	1
95.011	1055	3	1
95.109	1056	1	1
95.208	1057	3	1
95.208	1058	2	1
95.404	1059	3	1
95.404	1060	4	1
95.503	1061	2	1
95.601	1062	4	1
95.601	1063	1	1
95.798	1064	2	1
95.896	1065	3	1
95.994	1066	2	1
95.994	1067	4	1
96.093	1068	3	1
96.191	1069	1	1
96.289	1070	1	1
96.388	1071	3	1
96.388	1072	2	1
96.584	1073	4	1
96.781	1074	3	1
96.781	1075	2	1
96.978	1076	4	1
96.978	1077	1	1
97.174	1078	1	1
97.174	1079	3	1
97.273	1080	4	1
97.371	1081	1	1
97.469	1082	2	1
97.568	1083	4	1
97.568	1084	3	1
97.568	1085	1	1
97.666	1086	2	1
97.764	1087	4	1
97.863	1088	3	1
97.961	1089	4	1
97.961	1090	1	1
98.027	1091	2	1
98.092	1092	3	1
98.158	1093	1	1
98.158	1094	4	1
98.223	1095	2	1
98.289	1096	4	1
98.354	1097	2	1
98.354	1098	3	1
98.551	1099	1	2
98.748	1100	1	3
98.748	1101	3	1
98.748	1102	4	1
98.944	1103	2	2
99.043	1104	2	3
99.043	1105	3	2
99.141	1106	3	3
99.141	1107	1	1
99.141	1108	4	2
99.338	1109	4	3
99.338	1110	2	2
99.534	1111	2	3
99.534	1112	4	1
99.534	1113	1	2
99.731	1114	1	3
99.731	1115	3	2
99.928	1116	3	3
99.928	1117	1	1
99.928	1118	4	2
100.223	1119	4	3
100.124	1120	2	1
100.321	1121	1	1
100.321	1122	2	2
100.616	1123	2	3
100.419	1124	4	1
100.518	1125	3	1
100.714	1126	1	1
100.714	1127	4	2
101.009	1128	4	3
100.911	1129	2	1
101.009	1130	3	2
101.206	1131	3	3
101.107	1132	2	1
101.107	1133	1	1
101.304	1134	3	2
101.501	1135	3	3
101.501	1136	4	1
101.501	1137	1	1
101.697	1138	2	2
101.894	1139	2	3
101.796	1140	1	2
101.894	1141	1	3
101.894	1142	3	1
101.894	1143	4	2
102.091	1144	4	3
102.091	1145	3	2
102.189	1146	3	3
102.287	1147	2	1
102.287	1148	1	1
102.287	1149	4	2
102.582	1150	4	3
102.582	1151	2	2
102.877	1152	2	3
102.877	1153	4	2
102.976	1154	4	3
102.976	1155	1	2
103.074	1156	1	3
103.074	1157	3	1
103.074	1158	4	1
103.271	1159	2	2
103.467	1160	2	3
103.467	1161	4	1
103.467	1162	3	2
103.664	1163	3	3
103.664	1164	1	2
103.861	1165	1	3
103.762	1166	4	1
103.861	1167	2	1
103.861	1168	3	2
103.959	1169	3	3
103.959	1170	4	2
104.057	1171	4	3
104.057	1172	3	1
104.057	1173	1	2
104.156	1174	1	3
104.156	1175	2	2
104.254	1176	2	3
104.254	1177	1	1
104.254	1178	4	2
104.352	1179	4	3
104.352	1180	3	2
104.451	1181	3	3
104.451	1182	4	1
104.451	1183	1	1
104.549	1184	2	1
104.647	1185	3	1
104.647	1186	4	1
104.647	1187	1	1
104.844	1188	2	1
105.041	1189	4	1
105.041	1190	2	2
105.139	1191	2	3
105.139	1192	3	2
105.237	1193	3	3
105.237	1194	1	1
105.336	1195	2	1
105.434	1196	3	2
105.532	1197	3	3
105.532	1198	4	2
105.631	1199	4	3
105.631	1200	2	1
105.729	1201	3	2
105.827	1202	3	3
105.827	1203	4	1
105.827	1204	1	2
105.926	1205	1	3
105.926	1206	2	1
106.024	1207	3	2
106.122	1208	3	3
106.122	1209	2	2
106.221	1210	2	3
106.221	1211	4	2
106.319	1212	4	3
106.319	1213	1	2
106.417	1214	1	3
106.417	1215	3	2
106.516	1216	3	3
106.516	1217	2	2
106.614	1218	2	3
106.614	1219	1	1
106.614	1220	4	2
106.712	1221	4	3
106.712	1222	2	2
106.811	1223	2	3
106.909	1224	3	2
107.007	1225	3	3
107.007	1226	4	1
107.007	1227	1	1
107.106	1228	2	2
107.204	1229	2	3
107.155	1230	4	1
107.204	1231	3	2
107.302	1232	3	3
107.302	1233	4	2
107.401	1234	4	3
107.401	1235	1	1
107.401	1236	2	2
107.499	1237	2	3
107.499	1238	4	2
107.597	1239	4	3
107.597	1240	2	2
107.695	1241	2	3
107.695	1242	1	2
107.794	1243	1	3
107.794	1244	2	1
107.794	1245	3	2
107.892	1246	3	3
107.892	1247	4	2
107.990	1248	4	3
107.990	1249	2	2
108.089	1250	2	3
108.089	1251	4	2
108.187	1252	4	3
108.187	1253	1	1
108.187	1254	3	1
108.384	1255	2	2
108.482	1256	2	3
108.482	1257	1	2
108.580	1258	1	3
108.580	1259	4	1
108.580	1260	3	2
108.679	1261	3	3
108.679	1262	1	2
108.777	1263	1	3
108.777	1264	4	1
108.875	1265	2	1
108.974	1266	3	2
109.072	1267	3	3
109.072	1268	4	2
109.170	1269	4	3
109.170	1270	1	1
109.170	1271	2	2
109.269	1272	2	3
109.269	1273	4	2
109.367	1274	4	3
109.367	1275	3	1
109.564	1276	2	2
109.760	1277	2	3
109.760	1278	1	2
109.957	1279	1	3
109.859	1280	3	2
109.957	1281	3	3
109.957	1282	4	2
110.055	1283	4	3
110.055	1284	2	2
110.350	1285	2	3
110.154	1286	1	1
110.252	1287	4	1
110.350	1288	3	2
110.547	1289	3	3
110.449	1290	2	1
110.547	1291	1	2
110.744	1292	1	3
110.645	1293	2	1
110.744	1294	3	2
110.940	1295	3	3
110.842	1296	2	1
110.940	1297	4	1
110.940	1298	1	1
111.137	1299	1	1
111.137	1300	2	1
111.334	1301	4	1
111.334	1302	1	1
111.432	1303	3	1
111.432	1304	2	1
111.629	1305	3	1
111.727	1306	1	1
111.727	1307	4	1
112.022	1308	3	1
112.022	1309	4	1
112.120	1310	2	1
112.120	1311	1	1
112.317	1312	2	1
112.317	1313	1	2
113.104	1314	1	3
112.514	1315	3	1
112.710	1316	4	1
112.907	1317	3	1
112.907	1318	2	1
113.005	1319	4	1
113.104	1320	3	1
113.300	1321	1	1
113.399	1322	2	1
113.497	1323	3	1
113.595	1324	4	1
113.694	1325	1	1
113.694	1326	2	1
113.890	1327	3	1
113.989	1328	3	1
114.087	1329	2	1
114.087	1330	4	1
114.283	1331	4	1
114.283	1332	3	1
114.480	1333	4	1
114.480	1334	1	1
114.578	1335	2	1
114.578	1336	3	1
114.775	1337	3	1
114.873	1338	4	1
114.873	1339	1	1
115.070	1340	4	1
115.070	1341	3	1
115.168	1342	2	1
115.168	1343	1	1
115.463	1344	3	1
115.463	1345	4	2
116.250	1346	4	3
115.660	1347	2	1
115.857	1348	1	1
116.053	1349	2	1
116.053	1350	3	1
116.152	1351	1	1
116.250	1352	2	1
116.348	1353	1	1
116.447	1354	4	1
116.545	1355	3	1
116.643	1356	1	1
116.742	1357	2	1
116.840	1358	1	1
116.840	1359	4	1
117.037	1360	3	1
117.233	1361	2	1
117.233	1362	4	1
117.233	1363	1	1
117.430	1364	2	1
117.430	1365	1	1
117.627	1366	4	1
117.627	1367	1	1
117.725	1368	2	1
117.725	1369	3	1
117.922	1370	3	1
118.020	1371	4	1
118.020	1372	1	1
118.315	1373	4	1
118.315	1374	3	1
118.413	1375	2	1
118.413	1376	1	1
118.610	1377	2	1
118.610	1378	1	2
119.397	1379	1	3
118.807	1380	3	1
119.003	1381	4	1
119.200	1382	2	1
119.200	1383	3	1
119.298	1384	4	1
119.397	1385	3	1
119.593	1386	1	1
119.692	1387	2	1
119.790	1388	4	1
119.888	1389	3	1
119.987	1390	2	1
119.987	1391	1	1
120.183	1392	1	1
120.183	1393	4	1
120.282	1394	2	1
120.380	1395	3	1
120.380	1396	4	1
120.577	1397	1	1
120.773	1398	2	1
120.970	1399	3	1
120.970	1400	1	1
121.166	1401	2	1
121.166	1402	4	1
121.363	1403	1	1
121.560	1404	2	1
121.560	1405	3	1
121.756	1406	4	1
121.953	1407	1	1
122.051	1408	2	1
122.150	1409	4	1
122.248	1410	3	1
122.346	1411	1	1
122.445	1412	2	1
122.543	1413	4	1
122.641	1414	3	1
122.740	1415	1	1
122.838	1416	2	1
122.936	1417	3	1
122.936	1418	4	1
123.035	1419	2	1
123.133	1420	1	1
123.199	1421	2	1
123.264	1422	3	1
123.330	1423	1	1
123.330	1424	4	1
123.395	1425	2	1
123.461	1426	3	1
123.526	1427	4	1
123.526	1428	1	1
123.526	1429	2	2
124.116	1430	2	3
123.723	1431	4	1
123.821	1432	1	1
123.920	1433	4	1
123.920	1434	3	1
124.116	1435	4	2
124.706	1436	4	3
124.215	1437	3	1
124.313	1438	1	1
124.313	1439	2	1
124.510	1440	3	1
124.608	1441	1	1
124.706	1442	3	1
124.706	1443	2	2
125.100	1444	2	3
124.903	1445	4	1
125.100	1446	4	2
125.296	1447	4	3
125.100	1448	1	2
125.493	1449	1	3
125.296	1450	3	1
125.493	1451	3	1
125.493	1452	4	1
125.591	1453	2	1
125.690	1454	1	1
125.788	1455	3	1
125.886	1456	2	1
125.886	1457	4	1
125.985	1458	3	1
126.083	1459	1	1
126.181	1460	2	1
126.280	1461	3	1
126.280	1462	4	1
126.378	1463	2	1
126.476	1464	3	1
126.575	1465	4	1
126.673	1466	2	2
127.263	1467	2	3
126.870	1468	3	1
126.968	1469	1	1
127.066	1470	4	1
127.066	1471	3	1
127.263	1472	1	2
127.853	1473	1	3
127.361	1474	3	1
127.460	1475	4	1
127.460	1476	2	1
127.558	1477	3	1
127.656	1478	2	1
127.853	1479	3	2
128.148	1480	3	3
127.951	1481	4	1
128.049	1482	2	1
128.246	1483	3	2
128.639	1484	3	3
128.443	1485	2	1
128.541	1486	2	1
128.639	1487	4	1
128.639	1488	1	1
128.836	1489	2	1
128.934	1490	3	1
129.033	1491	4	1
129.033	1492	2	1
129.131	1493	1	1
129.229	1494	2	1
129.328	1495	3	1
129.426	1496	4	1
129.524	1497	2	1
129.623	1498	1	1
129.721	1499	3	1
129.819	1500	4	1
129.819	1501	1	1
129.819	1502	2	1
130.114	1503	3	1
130.114	1504	2	1
130.213	1505	4	1
130.213	1506	1	1
130.409	1507	1	1
130.409	1508	4	1
130.508	1509	3	1
130.606	1510	1	1
130.606	1511	2	1
130.704	1512	3	1
130.704	1513	4	1
130.999	1514	4	1
130.999	1515	3	1
130.999	1516	2	2
131.393	1517	2	3
131.196	1518	1	1
131.393	1519	3	1
131.393	1520	4	1
131.688	1521	3	1
131.688	1522	2	1
131.786	1523	4	1
131.786	1524	1	1
131.983	1525	1	1
131.983	1526	4	1
132.081	1527	2	1
132.179	1528	4	1
132.179	1529	3	1
132.278	1530	1	1
132.278	1531	2	1
132.573	1532	2	1
132.573	1533	1	1
132.573	1534	4	2
132.966	1535	4	3
132.769	1536	3	1
132.966	1537	1	1
132.966	1538	2	1
133.261	1539	3	1
133.261	1540	2	1
133.359	1541	4	1
133.359	1542	1	1
133.556	1543	1	1
133.556	1544	4	1
133.654	1545	3	1
133.753	1546	1	1
133.753	1547	2	1
133.851	1548	3	1
133.851	1549	4	1
134.146	1550	4	1
134.146	1551	3	1
134.146	1552	2	2
134.539	1553	2	3
134.342	1554	1	1
134.539	1555	1	1
134.637	1556	2	1
134.736	1557	4	1
134.834	1558	3	1
134.932	1559	1	1
135.031	1560	2	1
135.129	1561	4	1
135.227	1562	3	1
135.326	1563	1	1
135.391	1564	2	1
135.457	1565	3	1
135.522	1566	4	1
135.588	1567	1	1
135.654	1568	2	1
135.719	1569	3	1
135.785	1570	4	1
135.850	1571	1	1
135.916	1572	2	1
135.981	1573	3	1
136.047	1574	4	1
136.112	1575	1	1
136.112	1576	2	2
136.702	1577	2	3
136.309	1578	4	1
136.407	1579	1	1
136.506	1580	4	1
136.506	1581	3	1
136.702	1582	4	2
137.292	1583	4	3
136.801	1584	3	1
136.899	1585	1	1
136.899	1586	2	1
137.096	1587	3	1
137.194	1588	1	1
137.292	1589	3	1
137.292	1590	2	2
137.686	1591	2	3
137.489	1592	4	1
137.686	1593	4	2
137.882	1594	4	3
137.686	1595	1	2
138.079	1596	1	3
137.882	1597	3	1
138.079	1598	3	1
138.079	1599	4	1
138.177	1600	2	1
138.276	1601	1	1
138.374	1602	3	1
138.472	1603	2	1
138.472	1604	4	1
138.571	1605	3	1
138.669	1606	1	1
138.767	1607	2	1
138.866	1608	3	1
138.866	1609	4	1
138.964	1610	2	1
139.062	1611	3	1
139.161	1612	4	1
139.259	1613	2	2
139.849	1614	2	3
139.456	1615	3	1
139.554	1616	1	1
139.652	1617	4	1
139.652	1618	3	1
139.849	1619	1	2
140.439	1620	1	3
139.947	1621	3	1
140.046	1622	4	1
140.046	1623	2	1
140.144	1624	3	1
140.242	1625	2	1
140.439	1626	3	2
140.734	1627	3	3
140.537	1628	4	1
140.636	1629	2	1
140.832	1630	3	2
141.225	1631	3	3
141.029	1632	2	1
141.127	1633	2	1
141.225	1634	4	1
141.225	1635	1	1
141.422	1636	2	1
141.520	1637	3	1
141.619	1638	4	1
141.619	1639	2	1
141.717	1640	1	1
141.815	1641	2	1
141.914	1642	3	1
142.012	1643	4	1
142.110	1644	2	1
142.209	1645	1	1
142.307	1646	3	1
142.405	1647	4	1
142.405	1648	1	1
142.405	1649	2	1
142.700	1650	3	1
142.700	1651	2	1
142.799	1652	4	1
142.799	1653	1	1
142.995	1654	1	1
142.995	1655	4	1
143.094	1656	3	1
143.192	1657	1	1
143.192	1658	2	1
143.290	1659	3	1
143.290	1660	4	1
143.585	1661	4	1
143.585	1662	3	1
143.585	1663	2	2
143.979	1664	2	3
143.782	1665	1	1
143.979	1666	3	1
143.979	1667	4	1
144.274	1668	3	1
144.274	1669	2	1
144.372	1670	4	1
144.372	1671	1	1
144.569	1672	1	1
144.569	1673	4	1
144.667	1674	2	1
144.765	1675	4	1
144.765	1676	3	1
144.864	1677	1	1
144.864	1678	2	1
145.159	1679	2	1
145.159	1680	1	1
145.159	1681	4	2
145.552	1682	4	3
145.355	1683	3	1
145.552	1684	1	1
145.552	1685	2	1
145.847	1686	3	1
145.847	1687	2	1
145.945	1688	4	1
145.945	1689	1	1
146.142	1690	1	1
146.142	1691	4	1
146.240	1692	3	1
146.339	1693	1	1
146.339	1694	2	1
146.437	1695	3	1
146.437	1696	4	1
146.732	1697	4	1
146.732	1698	3	1
146.732	1699	2	2
147.125	1700	2	3
146.929	1701	1	1
147.125	1702	4	1
147.224	1703	3	1
147.322	1704	1	1
147.420	1705	2	1
147.518	1706	4	1
147.617	1707	3	1
147.715	1708	1	1
147.813	1709	2	1
147.912	1710	1	1
148.010	1711	4	1
148.108	1712	3	1
148.207	1713	4	1
148.305	1714	1	1
148.371	1715	2	1
148.436	1716	3	1
148.502	1717	4	1
148.502	1718	1	1
148.567	1719	2	1
148.633	1720	3	1
148.698	1721	4	2
148.895	1722	4	3
148.895	1723	2	1
148.993	1724	3	1
149.092	1725	2	2
149.190	1726	2	3
149.288	1727	4	1
149.387	1728	3	1
149.485	1729	1	1
149.583	1730	3	1
149.682	1731	2	1
149.780	1732	4	1
149.878	1733	2	1
149.977	1734	3	1
150.075	1735	1	2
150.173	1736	1	3