Song Name	Inside (Hard) by Slynk
Title	Inside (Hard)
Artist	Slynk
Description	Track 8 from Slynk's 2015 album 'Front Yard Futon'. From the album: Sometimes you find inspiration for music in the most unlikely places. Slynk found Front Yard Futon at a yard sale. Map by Volcanate.
Difficulty	20
Primary Color	Chill
Secondary Color	Beat
Cover Image ID	8643781311
Audio Asset ID	rbxassetid://9063812299
Audio File	9063812299.ogg
Last Note Time	107.756
Total Notes	1013
Fever Fill	277
Fever Time	16.163400
Long Notes	184
BPM	220
Song Length	108.756000000

Timing Points
0.847	272.727273


Song Data
0.028	1	3	1
0.028	2	4	1
0.199	3	1	1
0.199	4	2	1
0.301	5	4	1
0.301	6	1	1
0.301	7	3	1
0.847	8	1	2
3.028	9	1	3
1.017	10	3	1
1.562	11	4	1
1.665	12	3	1
1.835	13	2	1
2.381	14	3	1
2.653	15	4	1
3.028	16	2	2
5.210	17	2	3
3.199	18	3	1
3.301	19	4	1
3.472	20	3	1
4.017	21	4	1
4.290	22	3	1
4.562	23	4	1
4.835	24	3	1
4.937	25	4	1
5.108	26	1	1
5.210	27	3	2
7.392	28	3	3
5.653	29	1	1
6.472	30	1	1
6.574	31	2	1
6.744	32	4	1
7.290	33	1	1
7.392	34	2	2
9.574	35	2	3
8.108	36	3	1
8.210	37	4	1
8.381	38	3	1
8.926	39	3	1
9.199	40	4	1
9.574	41	3	2
11.756	42	3	3
9.847	43	4	1
10.017	44	2	1
10.562	45	1	1
10.835	46	2	1
11.381	47	1	1
11.483	48	2	1
11.653	49	4	1
11.756	50	2	2
13.937	51	2	3
12.199	52	3	1
12.472	53	4	1
13.017	54	3	1
13.119	55	4	1
13.290	56	3	1
13.835	57	4	1
13.937	58	3	2
16.119	59	3	3
14.108	60	1	1
14.653	61	2	1
14.756	62	1	1
14.926	63	2	1
15.472	64	4	1
15.744	65	2	1
16.119	66	4	2
18.301	67	4	3
16.290	68	1	1
16.392	69	2	1
16.562	70	3	1
17.108	71	1	1
17.381	72	3	1
17.926	73	2	1
18.028	74	1	1
18.199	75	2	1
18.301	76	3	1
18.301	77	1	1
18.574	78	4	2
19.119	79	4	3
18.744	80	1	1
18.847	81	3	1
18.847	82	2	1
19.119	83	1	1
19.290	84	3	1
19.290	85	2	1
19.392	86	4	2
19.937	87	4	3
19.562	88	2	1
19.665	89	3	1
19.665	90	1	1
19.835	91	2	1
19.937	92	3	1
19.937	93	1	1
20.210	94	2	1
20.381	95	3	1
20.483	96	2	1
20.483	97	4	2
20.756	98	4	3
20.653	99	1	1
20.756	100	3	1
21.028	101	2	1
21.028	102	1	1
21.028	103	3	1
21.199	104	4	1
21.301	105	1	2
22.119	106	1	3
21.472	107	3	1
21.472	108	2	1
21.574	109	4	1
21.744	110	3	1
21.847	111	2	1
21.847	112	4	1
22.017	113	3	1
22.119	114	2	1
22.119	115	4	1
22.392	116	1	1
22.562	117	2	1
22.614	118	3	1
22.665	119	1	1
22.665	120	4	1
22.937	121	4	1
23.210	122	2	1
23.210	123	1	1
23.210	124	3	1
23.483	125	1	1
23.585	126	2	1
23.653	127	1	1
23.653	128	4	1
23.687	129	3	1
23.756	130	4	2
24.301	131	4	3
23.926	132	2	1
24.028	133	3	1
24.028	134	1	1
24.301	135	2	1
24.301	136	3	1
24.301	137	1	1
24.472	138	3	1
24.574	139	2	1
24.744	140	1	1
24.847	141	4	2
25.119	142	4	3
24.847	143	2	1
25.119	144	3	1
25.290	145	2	1
25.392	146	1	1
25.392	147	3	1
25.392	148	4	1
25.665	149	2	2
26.210	150	2	3
25.835	151	1	1
25.835	152	4	1
25.937	153	3	1
26.108	154	4	1
26.210	155	3	1
26.210	156	1	1
26.381	157	4	1
26.483	158	2	1
26.483	159	3	1
26.483	160	1	1
26.653	161	1	1
26.756	162	2	1
26.926	163	3	1
26.977	164	2	1
27.028	165	4	1
27.028	166	1	1
27.301	167	4	2
27.847	168	4	3
27.574	169	3	1
27.574	170	2	1
27.574	171	1	1
27.847	172	1	1
28.017	173	2	1
28.017	174	3	1
28.119	175	4	2
28.665	176	4	3
28.290	177	2	1
28.392	178	1	1
28.392	179	3	1
28.562	180	2	1
28.665	181	3	1
28.665	182	1	1
28.937	183	2	1
29.210	184	3	1
29.210	185	4	2
29.483	186	4	3
29.381	187	1	1
29.483	188	2	1
29.653	189	4	1
29.756	190	3	1
29.756	191	1	1
29.756	192	2	1
30.028	193	1	2
30.847	194	1	3
30.199	195	3	1
30.199	196	2	1
30.301	197	4	1
30.472	198	3	1
30.574	199	4	1
30.574	200	2	1
30.847	201	2	1
30.847	202	3	1
30.847	203	4	1
31.119	204	1	1
31.290	205	3	1
31.341	206	2	1
31.392	207	1	1
31.392	208	4	1
31.665	209	4	1
31.937	210	2	1
31.937	211	1	1
31.937	212	3	1
32.210	213	1	1
32.312	214	2	1
32.381	215	1	1
32.381	216	4	1
32.415	217	3	1
32.483	218	4	2
33.028	219	4	3
32.653	220	2	1
32.756	221	1	1
32.756	222	3	1
32.926	223	2	1
33.028	224	3	1
33.028	225	1	1
33.199	226	4	1
33.301	227	2	1
33.472	228	1	1
33.574	229	4	1
33.574	230	2	1
33.574	231	3	1
33.744	232	2	1
33.847	233	1	1
34.017	234	4	1
34.119	235	3	1
34.290	236	2	1
34.341	237	3	1
34.392	238	1	1
34.392	239	4	1
34.562	240	2	1
34.665	241	3	1
34.835	242	2	1
34.937	243	1	1
35.108	244	2	1
35.210	245	3	1
35.210	246	4	1
35.210	247	1	1
35.756	248	1	2
36.199	249	1	3
35.824	250	2	2
36.199	251	2	3
35.892	252	3	2
36.199	253	3	3
36.301	254	3	1
36.301	255	1	1
36.301	256	2	1
36.574	257	1	1
36.744	258	2	1
36.744	259	3	1
36.847	260	4	1
37.119	261	2	1
37.119	262	1	1
37.290	263	4	1
37.392	264	1	1
37.392	265	3	1
37.392	266	2	1
37.665	267	1	2
37.937	268	1	3
37.699	269	2	2
37.937	270	2	3
37.733	271	3	2
37.937	272	3	3
37.937	273	4	1
38.210	274	1	2
38.381	275	1	3
38.381	276	4	1
38.483	277	1	1
38.483	278	3	1
38.483	279	2	1
38.756	280	2	2
38.926	281	2	3
38.926	282	3	1
38.926	283	4	1
39.028	284	1	1
39.028	285	2	1
39.301	286	4	1
39.301	287	1	2
39.472	288	1	3
39.472	289	3	1
39.574	290	1	1
39.574	291	2	1
39.574	292	4	1
39.847	293	1	2
40.119	294	1	3
39.881	295	4	2
40.119	296	4	3
39.915	297	3	2
40.119	298	3	3
40.119	299	2	1
40.392	300	2	2
40.562	301	2	3
40.426	302	3	2
40.562	303	3	3
40.460	304	4	2
40.562	305	4	3
40.665	306	4	1
40.665	307	3	1
40.665	308	2	1
40.937	309	3	1
40.937	310	1	1
41.108	311	2	1
41.108	312	4	1
41.210	313	1	1
41.381	314	3	1
41.483	315	1	2
41.653	316	1	3
41.483	317	2	1
41.653	318	3	1
41.756	319	4	1
41.756	320	2	1
41.756	321	1	1
42.028	322	1	2
42.301	323	1	3
42.062	324	3	2
42.301	325	3	3
42.097	326	2	2
42.301	327	2	3
42.301	328	4	1
42.574	329	3	1
42.847	330	1	2
43.119	331	1	3
42.847	332	2	1
42.847	333	4	1
43.119	334	2	2
43.392	335	2	3
43.290	336	3	1
43.290	337	4	1
43.392	338	1	2
43.562	339	1	3
43.562	340	4	1
43.665	341	1	1
43.665	342	2	2
43.835	343	2	3
43.835	344	3	1
43.937	345	1	1
43.937	346	4	1
43.937	347	2	1
44.108	348	3	1
44.210	349	2	1
44.381	350	3	1
44.432	351	2	1
44.483	352	1	2
44.687	353	1	3
44.483	354	4	1
44.756	355	3	2
44.926	356	3	3
44.756	357	4	2
44.926	358	4	3
45.028	359	3	1
45.028	360	4	1
45.028	361	2	1
45.301	362	1	1
45.437	363	4	1
45.437	364	3	1
45.574	365	1	1
45.574	366	2	1
45.847	367	1	1
46.017	368	3	1
46.119	369	4	1
46.119	370	1	1
46.119	371	2	1
46.392	372	1	2
46.665	373	1	3
46.426	374	2	2
46.665	375	2	3
46.460	376	3	2
46.665	377	3	3
46.665	378	4	1
46.937	379	1	2
47.108	380	1	3
47.108	381	4	1
47.210	382	1	1
47.210	383	2	1
47.210	384	3	1
47.483	385	2	2
47.653	386	2	3
47.653	387	4	1
47.653	388	3	1
47.756	389	1	1
47.756	390	2	1
48.028	391	4	1
48.028	392	1	2
48.199	393	1	3
48.199	394	3	1
48.301	395	2	1
48.301	396	1	1
48.301	397	4	1
48.574	398	1	2
48.847	399	1	3
48.608	400	4	2
48.847	401	4	3
48.642	402	3	2
48.847	403	3	3
48.847	404	2	1
49.119	405	2	2
49.290	406	2	3
49.153	407	3	2
49.290	408	3	3
49.187	409	4	2
49.290	410	4	3
49.392	411	2	1
49.392	412	4	1
49.392	413	3	1
49.665	414	1	1
49.665	415	3	1
49.835	416	2	1
49.835	417	4	1
49.937	418	1	1
50.108	419	3	1
50.210	420	2	1
50.210	421	1	2
50.381	422	1	3
50.381	423	3	1
50.483	424	2	1
50.483	425	1	1
50.483	426	4	1
50.756	427	1	2
51.028	428	1	3
50.790	429	3	2
51.028	430	3	3
50.824	431	2	2
51.028	432	2	3
51.028	433	4	1
51.301	434	3	1
51.574	435	4	1
51.574	436	2	1
51.574	437	1	2
51.847	438	1	3
51.847	439	2	2
52.119	440	2	3
52.017	441	3	1
52.017	442	4	1
52.119	443	1	2
52.290	444	1	3
52.290	445	4	1
52.392	446	1	1
52.392	447	2	2
52.562	448	2	3
52.562	449	3	1
52.665	450	4	1
52.665	451	2	1
52.665	452	1	1
52.835	453	3	1
52.937	454	2	1
53.108	455	3	1
53.159	456	2	1
53.210	457	1	2
53.653	458	1	3
53.210	459	4	1
53.278	460	2	2
53.653	461	2	3
53.347	462	3	2
53.653	463	3	3
53.756	464	2	1
53.756	465	3	1
53.756	466	1	1
54.028	467	4	2
54.301	468	4	3
54.199	469	2	1
54.199	470	1	1
54.301	471	3	2
54.744	472	3	3
54.574	473	4	1
54.574	474	1	1
54.744	475	2	1
54.847	476	1	1
54.847	477	4	1
54.847	478	3	1
55.119	479	1	2
55.392	480	1	3
55.153	481	2	2
55.392	482	2	3
55.187	483	3	2
55.392	484	3	3
55.392	485	4	1
55.665	486	1	2
55.835	487	1	3
55.835	488	4	1
55.937	489	2	1
55.937	490	3	1
55.937	491	1	1
56.210	492	3	2
56.483	493	3	3
56.381	494	4	1
56.381	495	1	1
56.483	496	2	2
56.926	497	2	3
56.756	498	1	2
56.926	499	1	3
56.756	500	3	1
56.926	501	4	1
57.028	502	2	1
57.028	503	1	1
57.028	504	3	1
57.301	505	1	2
57.574	506	1	3
57.335	507	3	2
57.574	508	3	3
57.369	509	2	2
57.574	510	2	3
57.574	511	4	1
57.847	512	2	2
58.017	513	2	3
57.881	514	3	2
58.017	515	3	3
57.915	516	4	2
58.017	517	4	3
58.119	518	4	1
58.119	519	3	1
58.119	520	2	1
58.392	521	4	2
58.665	522	4	3
58.562	523	2	1
58.562	524	1	1
58.665	525	3	2
59.108	526	3	3
58.937	527	4	1
58.937	528	1	1
59.108	529	2	1
59.210	530	4	1
59.210	531	1	1
59.210	532	3	1
59.483	533	1	2
59.756	534	1	3
59.517	535	3	2
59.756	536	3	3
59.551	537	2	2
59.756	538	2	3
59.756	539	4	1
60.028	540	3	2
60.301	541	3	3
60.301	542	2	2
60.574	543	2	3
60.301	544	4	1
60.301	545	1	1
60.574	546	1	2
60.847	547	1	3
60.744	548	2	1
60.744	549	4	1
60.847	550	3	2
61.119	551	3	3
61.017	552	1	1
61.119	553	4	1
61.119	554	2	2
61.290	555	2	3
61.290	556	3	1
61.392	557	1	1
61.392	558	4	1
61.392	559	2	1
61.562	560	3	1
61.665	561	2	1
61.835	562	3	1
61.886	563	2	1
61.937	564	1	2
62.142	565	1	3
61.937	566	4	1
62.210	567	4	2
62.381	568	4	3
62.210	569	3	2
62.381	570	3	3
62.483	571	2	1
62.483	572	4	1
62.483	573	3	1
62.756	574	4	2
63.028	575	4	3
62.892	576	1	1
62.892	577	2	1
63.028	578	3	2
63.472	579	3	3
63.301	580	1	1
63.472	581	2	1
63.574	582	3	1
63.574	583	1	1
63.574	584	4	1
63.847	585	1	2
64.119	586	1	3
63.881	587	2	2
64.119	588	2	3
63.915	589	3	2
64.119	590	3	3
64.119	591	4	1
64.392	592	1	2
64.562	593	1	3
64.562	594	4	1
64.665	595	3	1
64.665	596	2	1
64.665	597	1	1
64.937	598	3	2
65.210	599	3	3
65.108	600	1	1
65.108	601	4	1
65.210	602	2	2
65.653	603	2	3
65.483	604	1	2
65.653	605	1	3
65.483	606	3	1
65.653	607	4	1
65.756	608	1	1
65.756	609	3	1
65.756	610	2	1
66.028	611	1	2
66.301	612	1	3
66.062	613	3	2
66.301	614	3	3
66.097	615	2	2
66.301	616	2	3
66.301	617	4	1
66.574	618	2	2
66.744	619	2	3
66.608	620	3	2
66.744	621	3	3
66.642	622	4	2
66.744	623	4	3
66.847	624	2	1
66.847	625	3	1
66.847	626	4	1
67.119	627	4	2
67.392	628	4	3
67.290	629	1	1
67.290	630	2	1
67.392	631	3	2
67.835	632	3	3
67.665	633	4	1
67.665	634	1	1
67.835	635	2	1
67.937	636	4	1
67.937	637	3	1
67.937	638	1	1
68.210	639	1	2
68.483	640	1	3
68.244	641	3	2
68.483	642	3	3
68.278	643	2	2
68.483	644	2	3
68.483	645	4	1
68.756	646	3	2
69.028	647	3	3
69.028	648	2	2
69.301	649	2	3
69.028	650	1	1
69.028	651	4	1
69.301	652	1	2
69.574	653	1	3
69.472	654	4	1
69.472	655	2	1
69.574	656	3	2
69.847	657	3	3
69.744	658	1	1
69.847	659	2	2
70.017	660	2	3
69.847	661	4	1
70.017	662	3	1
70.119	663	1	1
70.119	664	2	1
70.119	665	4	1
70.665	666	1	1
70.665	667	2	1
70.937	668	2	1
71.210	669	3	1
71.210	670	4	1
71.483	671	4	2
71.756	672	4	3
71.653	673	1	1
71.756	674	3	2
72.199	675	3	3
71.756	676	2	1
72.028	677	1	1
72.199	678	2	1
72.301	679	1	1
72.301	680	4	1
72.574	681	2	2
72.847	682	2	3
72.744	683	3	1
72.847	684	1	1
72.847	685	4	1
73.119	686	2	1
73.392	687	3	1
73.392	688	4	1
73.665	689	3	2
73.937	690	3	3
73.835	691	1	1
73.937	692	4	1
73.937	693	2	2
74.381	694	2	3
74.210	695	1	2
74.381	696	1	3
74.381	697	4	1
74.483	698	2	1
74.483	699	1	1
74.756	700	3	2
75.028	701	3	3
74.926	702	4	1
75.028	703	1	1
75.028	704	2	1
75.301	705	2	1
75.574	706	3	1
75.574	707	4	1
75.847	708	4	2
76.119	709	4	3
76.017	710	1	1
76.119	711	2	1
76.119	712	3	2
76.562	713	3	3
76.392	714	1	1
76.562	715	2	1
76.665	716	4	1
76.665	717	1	1
76.937	718	2	2
77.210	719	2	3
77.108	720	3	1
77.210	721	4	1
77.210	722	1	1
77.483	723	1	2
77.756	724	1	3
77.653	725	3	1
77.756	726	2	2
78.028	727	2	3
77.756	728	4	1
78.028	729	1	2
78.301	730	1	3
78.199	731	2	1
78.301	732	3	2
78.574	733	3	3
78.301	734	4	1
78.472	735	1	1
78.574	736	2	2
78.744	737	2	3
78.744	738	4	1
78.847	739	1	1
78.847	740	3	1
79.119	741	2	1
79.290	742	3	1
79.392	743	1	1
79.392	744	2	1
79.665	745	2	1
79.937	746	3	1
79.937	747	4	1
80.210	748	4	2
80.483	749	4	3
80.381	750	1	1
80.483	751	2	1
80.483	752	3	2
80.926	753	3	3
80.756	754	1	1
80.926	755	2	1
81.028	756	1	1
81.028	757	4	1
81.301	758	2	2
81.574	759	2	3
81.472	760	3	1
81.574	761	1	1
81.574	762	4	1
81.847	763	2	1
82.119	764	3	1
82.119	765	4	1
82.392	766	3	2
82.665	767	3	3
82.562	768	1	1
82.665	769	4	1
82.665	770	2	2
83.108	771	2	3
82.937	772	1	2
83.108	773	1	3
83.108	774	4	1
83.210	775	2	1
83.210	776	1	1
83.483	777	3	2
83.756	778	3	3
83.653	779	4	1
83.756	780	2	1
83.756	781	1	1
84.028	782	2	1
84.301	783	3	1
84.301	784	4	1
84.574	785	4	2
84.847	786	4	3
84.744	787	1	1
84.847	788	3	2
85.290	789	3	3
84.847	790	2	1
85.119	791	1	1
85.290	792	2	1
85.392	793	4	1
85.392	794	1	1
85.665	795	2	2
85.937	796	2	3
85.835	797	3	1
85.937	798	1	1
85.937	799	4	1
86.210	800	1	2
86.483	801	1	3
86.483	802	4	1
86.483	803	2	2
86.756	804	2	3
86.756	805	1	2
87.028	806	1	3
86.926	807	2	1
87.028	808	4	1
87.028	809	3	2
87.301	810	3	3
87.199	811	1	1
87.301	812	2	2
87.472	813	2	3
87.472	814	4	1
87.574	815	3	1
87.574	816	1	1
87.847	817	2	1
88.017	818	3	1
88.119	819	2	1
88.119	820	1	1
88.392	821	2	1
88.665	822	4	1
88.665	823	3	1
88.937	824	4	2
89.210	825	4	3
89.108	826	1	1
89.210	827	2	1
89.210	828	3	2
89.653	829	3	3
89.483	830	1	1
89.653	831	2	1
89.756	832	1	1
89.756	833	4	1
90.028	834	1	2
90.301	835	1	3
90.028	836	2	2
90.301	837	2	3
90.199	838	3	1
90.301	839	4	1
90.574	840	2	1
90.744	841	1	1
90.847	842	3	1
90.847	843	4	1
91.119	844	3	2
91.392	845	3	3
91.290	846	1	1
91.392	847	4	1
91.392	848	2	2
91.835	849	2	3
91.665	850	1	2
91.835	851	1	3
91.835	852	4	1
91.937	853	1	1
91.937	854	2	1
92.210	855	3	2
92.483	856	3	3
92.210	857	2	2
92.483	858	2	3
92.381	859	4	1
92.483	860	1	1
92.756	861	2	1
93.028	862	4	1
93.028	863	3	1
93.301	864	4	2
93.574	865	4	3
93.472	866	1	1
93.574	867	3	2
94.017	868	3	3
93.574	869	2	1
93.847	870	1	1
94.017	871	2	1
94.119	872	1	1
94.119	873	4	1
94.392	874	2	2
94.665	875	2	3
94.392	876	1	2
94.665	877	1	3
94.562	878	3	1
94.665	879	4	1
94.937	880	1	2
95.210	881	1	3
94.937	882	4	2
95.210	883	4	3
95.108	884	3	1
95.210	885	2	2
95.483	886	2	3
95.483	887	1	2
95.756	888	1	3
95.653	889	2	1
95.756	890	4	1
95.756	891	3	2
96.028	892	3	3
95.926	893	1	1
96.028	894	2	2
96.199	895	2	3
96.199	896	4	1
96.301	897	1	1
96.301	898	3	1
96.574	899	2	1
96.744	900	3	1
96.847	901	2	1
96.847	902	1	1
97.119	903	2	1
97.392	904	4	1
97.392	905	3	1
97.665	906	4	2
97.937	907	4	3
97.835	908	1	1
97.937	909	3	2
98.381	910	3	3
97.937	911	2	1
98.210	912	1	1
98.381	913	2	1
98.483	914	4	1
98.483	915	1	1
98.756	916	2	2
99.028	917	2	3
98.756	918	4	2
99.028	919	4	3
98.926	920	3	1
99.028	921	1	1
99.301	922	2	1
99.574	923	3	1
99.574	924	4	1
99.847	925	3	2
100.119	926	3	3
100.017	927	1	1
100.119	928	2	2
100.562	929	2	3
100.119	930	4	1
100.392	931	1	2
100.562	932	1	3
100.562	933	4	1
100.665	934	1	1
100.665	935	2	1
100.937	936	1	2
101.210	937	1	3
100.937	938	3	2
101.210	939	3	3
101.108	940	4	1
101.210	941	2	1
101.483	942	1	1
101.483	943	3	1
101.756	944	3	1
101.756	945	4	1
102.028	946	4	2
102.301	947	4	3
102.028	948	2	1
102.199	949	1	1
102.301	950	2	1
102.301	951	3	2
102.744	952	3	3
102.472	953	4	1
102.574	954	1	1
102.574	955	2	1
102.744	956	4	1
102.847	957	1	1
102.847	958	2	1
103.017	959	4	1
103.119	960	1	2
103.392	961	1	3
103.119	962	2	2
103.392	963	2	3
103.290	964	3	1
103.392	965	4	1
103.562	966	1	1
103.562	967	2	1
103.665	968	3	1
103.665	969	4	1
103.835	970	4	1
103.835	971	3	1
103.937	972	2	1
103.937	973	1	1
104.108	974	3	1
104.108	975	1	1
104.210	976	2	1
104.210	977	4	1
104.381	978	4	1
104.381	979	2	1
104.483	980	3	1
104.483	981	1	1
104.653	982	3	1
104.653	983	2	1
104.756	984	1	1
104.756	985	4	1
104.926	986	1	1
104.926	987	4	1
105.028	988	2	1
105.028	989	3	1
105.199	990	2	1
105.199	991	1	1
105.301	992	4	1
105.301	993	3	1
105.472	994	3	1
105.472	995	4	1
105.574	996	2	1
105.574	997	1	1
105.744	998	1	1
105.847	999	2	1
106.017	1000	4	1
106.119	1001	1	1
106.290	1002	2	1
106.392	1003	1	1
106.562	1004	3	1
106.665	1005	2	1
106.835	1006	4	1
106.937	1007	1	1
107.108	1008	3	1
107.210	1009	4	1
107.381	1010	2	1
107.483	1011	1	1
107.653	1012	3	1
107.756	1013	2	1