Song Name	Insight (Nyctophobe Remix) (Hard) by Haywyre (Remixed by Nyctophobe)
Difficulty	26
Primary Color	Chill
Secondary Color	Chill
Audio Asset ID	rbxassetid://9064896878
Audio File	9064896878.ogg
Last Note Time	132.102
Total Notes	1521
Fever Fill	484
Fever Time	19.815300
Long Notes	68
BPM	160
Song Length	133.102000000

Timing Points
0.102	375.000000


Song Data
0.102	1	3	1
0.102	2	4	1
0.195	3	1	1
0.195	4	2	1
0.289	5	3	1
0.289	6	4	1
0.383	7	1	1
0.383	8	2	1
0.477	9	3	1
0.477	10	4	1
0.570	11	1	1
0.570	12	2	1
0.664	13	3	1
0.664	14	4	1
0.758	15	1	1
0.758	16	2	1
0.852	17	3	1
0.852	18	4	1
0.945	19	1	1
0.945	20	2	1
1.039	21	3	1
1.039	22	4	1
1.133	23	1	1
1.133	24	2	1
1.227	25	3	1
1.227	26	4	1
1.320	27	1	1
1.320	28	2	1
1.414	29	3	1
1.414	30	4	1
1.461	31	2	1
1.508	32	1	1
1.602	33	2	1
1.602	34	4	1
2.727	35	1	1
2.727	36	3	1
2.820	37	2	1
2.820	38	4	1
2.914	39	1	1
2.914	40	3	1
3.008	41	2	1
3.008	42	4	1
3.102	43	1	1
3.102	44	3	1
3.383	45	3	2
3.383	46	4	2
4.227	47	1	1
4.227	48	2	1
4.227	49	3	3
4.227	50	4	3
4.320	51	3	1
4.320	52	4	1
4.414	53	1	1
4.414	54	2	1
4.508	55	3	1
4.508	56	4	1
4.602	57	1	1
4.602	58	2	2
4.977	59	3	1
4.977	60	4	1
4.977	61	2	3
5.070	62	3	1
5.070	63	4	1
5.164	64	1	1
5.164	65	2	1
5.539	66	1	1
5.539	67	2	1
5.633	68	1	1
5.633	69	2	1
5.727	70	3	2
5.727	71	4	1
6.102	72	1	1
6.102	73	2	1
6.102	74	3	3
6.195	75	1	1
6.195	76	2	1
6.289	77	3	1
6.289	78	4	1
6.664	79	2	1
6.664	80	4	1
6.758	81	2	1
6.758	82	4	1
6.852	83	1	2
6.852	84	3	1
7.227	85	3	1
7.227	86	4	1
7.227	87	1	3
7.320	88	3	1
7.320	89	4	1
7.414	90	1	1
7.414	91	2	2
7.789	92	1	1
7.789	93	4	1
7.789	94	2	3
7.883	95	1	1
7.883	96	4	1
7.977	97	2	1
7.977	98	3	1
8.070	99	4	1
8.164	100	1	1
8.258	101	3	1
8.258	102	4	1
8.352	103	2	1
8.445	104	1	1
8.539	105	2	1
8.539	106	4	1
8.633	107	3	1
8.727	108	1	1
8.820	109	3	1
8.820	110	4	1
8.914	111	2	1
9.008	112	1	1
9.102	113	3	1
9.102	114	4	1
9.195	115	2	1
9.289	116	3	1
9.383	117	1	1
9.383	118	2	1
9.383	119	4	1
10.602	120	3	1
10.977	121	3	1
11.352	122	3	1
11.727	123	3	1
12.102	124	1	2
12.102	125	2	1
12.383	126	3	1
12.383	127	1	3
12.477	128	4	1
12.664	129	1	1
12.664	130	2	1
12.852	131	3	1
12.852	132	4	1
13.039	133	1	1
13.227	134	2	1
13.414	135	3	1
13.602	136	4	1
13.789	137	2	1
13.883	138	1	1
13.977	139	3	2
14.164	140	1	1
14.164	141	4	1
14.352	142	1	1
14.352	143	2	1
14.352	144	3	3
14.539	145	4	1
14.727	146	3	2
14.820	147	1	1
15.008	148	1	1
15.102	149	2	2
15.102	150	4	1
15.102	151	3	3
15.383	152	4	1
15.383	153	2	3
15.477	154	3	1
15.664	155	1	1
15.664	156	2	1
15.852	157	3	1
15.852	158	4	1
16.039	159	1	1
16.227	160	2	1
16.414	161	3	1
16.602	162	2	1
16.602	163	4	1
16.789	164	3	1
16.836	165	2	1
16.883	166	4	1
16.977	167	1	1
17.070	168	3	1
17.164	169	1	1
17.164	170	4	1
17.352	171	2	1
17.352	172	4	1
17.539	173	1	1
17.633	174	2	1
17.727	175	3	1
17.914	176	1	1
18.102	177	3	2
18.102	178	4	1
18.383	179	2	1
18.383	180	3	3
18.477	181	1	1
18.664	182	1	1
18.664	183	2	1
18.852	184	3	1
18.852	185	4	2
19.039	186	2	1
19.133	187	1	1
19.133	188	4	3
19.227	189	2	1
19.320	190	3	1
19.414	191	1	1
19.602	192	4	1
19.695	193	3	2
19.789	194	1	1
19.883	195	4	1
19.977	196	2	1
19.977	197	3	3
20.164	198	1	1
20.164	199	2	1
20.258	200	3	1
20.352	201	2	2
20.352	202	4	1
20.539	203	3	1
20.727	204	3	1
20.820	205	4	1
21.008	206	4	1
21.102	207	1	1
21.102	208	3	1
21.102	209	2	3
21.289	210	1	1
21.383	211	3	1
21.477	212	2	1
21.664	213	3	1
21.664	214	4	1
21.852	215	1	1
21.852	216	2	1
21.992	217	1	1
22.039	218	2	1
22.086	219	3	1
22.133	220	4	1
22.180	221	1	1
22.227	222	2	1
22.414	223	4	1
22.602	224	3	2
22.883	225	2	1
22.977	226	1	1
23.164	227	2	1
23.164	228	4	1
23.164	229	3	3
23.258	230	3	1
23.352	231	1	2
23.352	232	2	1
23.602	233	3	1
23.727	234	2	1
23.852	235	4	1
23.914	236	3	1
24.102	237	2	2
24.102	238	3	1
24.102	239	4	1
24.102	240	1	3
24.383	241	3	1
24.383	242	2	3
24.477	243	1	1
24.664	244	2	1
24.664	245	3	1
24.852	246	3	1
24.852	247	4	1
25.039	248	1	2
25.039	249	3	1
25.227	250	4	1
25.320	251	2	1
25.320	252	1	3
25.602	253	1	1
25.602	254	3	2
25.883	255	4	1
25.883	256	3	3
25.977	257	2	1
26.164	258	1	1
26.164	259	2	1
26.352	260	3	1
26.352	261	4	1
26.539	262	2	2
26.727	263	3	1
26.820	264	4	1
26.820	265	2	3
27.102	266	1	2
27.102	267	2	1
27.383	268	4	1
27.383	269	1	3
27.477	270	2	1
27.664	271	3	1
27.664	272	4	1
27.852	273	1	1
27.852	274	2	1
27.945	275	3	1
28.039	276	2	2
28.227	277	4	1
28.320	278	3	1
28.320	279	2	3
28.414	280	1	1
28.602	281	1	2
28.883	282	4	1
28.883	283	1	3
28.977	284	2	1
29.164	285	3	1
29.164	286	4	1
29.352	287	1	1
29.352	288	3	1
29.539	289	2	1
29.727	290	1	1
29.820	291	4	1
29.914	292	2	1
30.102	293	3	2
30.102	294	4	1
30.383	295	2	1
30.383	296	3	3
30.477	297	1	1
30.664	298	2	1
30.664	299	3	1
30.852	300	3	1
30.852	301	4	1
30.945	302	2	1
31.039	303	1	2
31.227	304	2	1
31.320	305	3	1
31.320	306	1	3
31.414	307	4	1
31.602	308	1	1
31.602	309	2	2
31.883	310	4	1
31.883	311	2	3
31.977	312	3	1
32.164	313	1	1
32.164	314	2	1
32.352	315	3	1
32.352	316	4	1
32.539	317	2	2
32.727	318	4	1
32.820	319	3	1
32.820	320	2	3
33.102	321	1	2
33.102	322	2	1
33.383	323	3	1
33.383	324	1	3
33.477	325	2	1
33.664	326	3	1
33.664	327	4	1
33.852	328	1	1
33.852	329	2	1
33.945	330	3	1
34.039	331	2	2
34.039	332	4	1
34.133	333	3	1
34.227	334	1	1
34.320	335	3	1
34.320	336	2	3
34.508	337	1	1
34.602	338	2	1
34.602	339	3	1
34.602	340	4	2
35.352	341	2	2
35.352	342	3	2
36.102	343	1	1
36.102	344	2	3
36.102	345	3	3
36.102	346	4	3
36.289	347	3	1
36.383	348	2	1
36.477	349	3	1
36.664	350	1	1
36.758	351	2	1
36.852	352	1	1
37.039	353	3	1
37.039	354	4	1
37.227	355	4	1
37.320	356	2	1
37.414	357	4	1
37.508	358	3	1
37.602	359	1	1
37.602	360	2	1
37.695	361	4	1
37.789	362	3	1
37.883	363	2	1
37.977	364	3	1
38.070	365	1	1
38.164	366	2	1
38.258	367	3	1
38.352	368	4	1
38.539	369	3	1
38.539	370	4	1
38.586	371	2	1
38.633	372	1	1
38.680	373	2	1
38.727	374	3	1
38.820	375	2	1
38.914	376	1	1
39.008	377	3	1
39.102	378	1	1
39.102	379	4	1
39.195	380	2	1
39.289	381	3	1
39.383	382	1	1
39.477	383	3	1
39.477	384	4	1
39.570	385	2	1
39.664	386	3	1
39.758	387	4	1
39.852	388	1	1
40.039	389	3	1
40.227	390	2	1
40.320	391	3	1
40.414	392	2	1
40.508	393	3	1
40.602	394	1	1
40.602	395	2	1
40.695	396	4	1
40.789	397	3	1
40.883	398	2	1
40.977	399	3	1
41.070	400	4	1
41.164	401	2	1
41.258	402	1	1
41.352	403	3	1
41.539	404	4	1
41.727	405	3	1
41.773	406	4	1
41.820	407	3	1
41.867	408	2	1
41.914	409	1	1
42.008	410	3	1
42.102	411	1	1
42.102	412	4	1
42.195	413	2	1
42.289	414	3	1
42.383	415	4	1
42.477	416	1	1
42.477	417	3	1
42.570	418	2	1
42.664	419	1	1
42.758	420	2	1
42.852	421	3	1
43.039	422	1	1
43.039	423	2	1
43.227	424	4	1
43.320	425	3	1
43.414	426	2	1
43.508	427	3	1
43.602	428	1	1
43.602	429	4	1
43.695	430	2	1
43.789	431	3	1
43.883	432	2	1
43.977	433	3	1
44.070	434	4	1
44.164	435	2	1
44.258	436	1	1
44.352	437	3	1
44.352	438	4	1
44.539	439	2	1
44.539	440	3	1
44.586	441	4	1
44.633	442	3	1
44.680	443	2	1
44.727	444	1	1
44.820	445	2	1
44.914	446	3	1
45.008	447	2	1
45.102	448	1	1
45.102	449	4	1
45.195	450	2	1
45.289	451	1	1
45.289	452	3	1
45.383	453	4	1
45.477	454	3	1
45.570	455	2	1
45.664	456	1	1
45.664	457	4	1
45.758	458	3	1
45.852	459	2	1
46.039	460	1	1
46.227	461	3	1
46.227	462	4	1
46.320	463	2	1
46.414	464	3	1
46.508	465	2	1
46.602	466	1	1
46.695	467	2	1
46.789	468	3	1
46.883	469	4	1
46.977	470	3	1
47.070	471	2	1
47.164	472	1	1
47.258	473	3	1
47.258	474	4	1
47.352	475	1	1
47.352	476	2	1
47.445	477	3	1
47.445	478	4	1
47.539	479	1	1
47.539	480	2	1
47.633	481	3	1
47.633	482	4	1
47.727	483	2	1
47.773	484	3	1
47.820	485	2	1
47.867	486	3	1
47.914	487	2	1
47.961	488	3	1
48.008	489	2	1
48.055	490	3	1
48.102	491	1	1
48.102	492	2	1
48.195	493	3	1
48.195	494	4	1
48.289	495	1	1
48.289	496	2	1
48.383	497	3	1
48.383	498	4	1
48.477	499	2	1
48.570	500	1	1
48.664	501	2	1
48.758	502	3	1
48.852	503	2	1
48.852	504	4	1
48.945	505	3	1
49.039	506	1	1
49.039	507	2	1
49.133	508	3	1
49.227	509	1	1
49.320	510	2	1
49.414	511	3	1
49.508	512	2	1
49.602	513	3	1
49.602	514	4	1
49.695	515	1	1
49.695	516	2	1
49.789	517	3	1
49.789	518	4	1
49.883	519	1	1
49.883	520	2	1
49.977	521	4	1
50.070	522	2	1
50.164	523	3	1
50.258	524	2	1
50.352	525	3	1
50.445	526	2	1
50.539	527	1	1
50.539	528	3	1
50.633	529	4	1
50.727	530	3	1
50.820	531	2	1
50.914	532	3	1
51.008	533	2	1
51.102	534	3	1
51.102	535	4	1
51.195	536	1	1
51.195	537	2	1
51.289	538	3	1
51.289	539	4	1
51.383	540	1	1
51.383	541	2	1
51.477	542	4	1
51.570	543	2	1
51.664	544	3	1
51.758	545	2	1
51.852	546	1	1
51.852	547	3	1
51.945	548	4	1
52.039	549	2	1
52.039	550	3	1
52.133	551	1	1
52.227	552	4	1
52.320	553	2	1
52.414	554	3	1
52.508	555	2	1
52.602	556	3	1
52.602	557	4	1
52.695	558	1	1
52.695	559	2	1
52.789	560	3	1
52.789	561	4	1
52.883	562	1	1
52.883	563	2	1
52.977	564	4	1
53.070	565	3	1
53.164	566	2	1
53.258	567	1	1
53.352	568	2	1
53.352	569	4	1
53.445	570	3	1
53.539	571	1	1
53.539	572	2	1
53.633	573	3	1
53.727	574	1	1
53.820	575	2	1
53.914	576	4	1
54.008	577	2	1
54.102	578	1	1
54.102	579	4	1
54.195	580	2	1
54.195	581	3	1
54.289	582	1	1
54.289	583	4	1
54.383	584	2	1
54.383	585	3	1
54.477	586	4	1
54.570	587	1	1
54.570	588	3	1
54.664	589	2	1
54.664	590	4	1
54.758	591	1	1
54.758	592	3	1
54.852	593	2	1
54.852	594	4	1
54.945	595	3	1
55.039	596	1	1
55.039	597	2	1
55.133	598	4	1
55.227	599	3	1
55.320	600	2	1
55.414	601	3	1
55.508	602	2	1
55.602	603	3	1
55.602	604	4	1
55.695	605	1	1
55.695	606	2	1
55.789	607	3	1
55.789	608	4	1
55.883	609	1	1
55.883	610	2	1
55.977	611	4	1
56.070	612	3	1
56.164	613	2	1
56.164	614	4	1
56.258	615	1	1
56.258	616	3	1
56.352	617	2	1
56.352	618	4	1
56.445	619	1	1
56.539	620	3	1
56.539	621	4	1
56.633	622	2	1
56.727	623	3	1
56.820	624	2	1
56.914	625	3	1
57.008	626	2	1
57.102	627	3	1
57.102	628	4	1
57.195	629	1	1
57.195	630	2	1
57.289	631	3	1
57.289	632	4	1
57.383	633	1	1
57.383	634	2	1
57.477	635	4	1
57.570	636	2	1
57.570	637	3	1
57.664	638	1	1
57.664	639	4	1
57.758	640	2	1
57.758	641	3	1
57.852	642	1	1
57.852	643	4	1
57.945	644	3	1
58.039	645	2	1
58.039	646	4	1
58.133	647	1	1
58.227	648	3	1
58.320	649	1	1
58.320	650	4	1
58.414	651	2	1
58.414	652	3	1
58.508	653	1	1
58.508	654	4	1
58.602	655	2	1
58.602	656	3	1
58.695	657	1	1
58.789	658	3	1
58.883	659	4	1
58.977	660	1	1
59.070	661	2	1
59.164	662	3	1
59.258	663	4	1
59.352	664	1	2
59.352	665	2	2
59.727	666	3	1
59.727	667	4	1
59.727	668	1	3
59.727	669	2	3
60.102	670	1	1
60.102	671	3	1
60.195	672	2	1
60.289	673	3	1
60.383	674	4	1
60.477	675	3	1
60.570	676	2	1
60.664	677	1	1
60.758	678	2	1
60.852	679	1	1
60.852	680	4	1
60.945	681	3	1
61.039	682	2	1
61.133	683	1	1
61.227	684	3	1
61.227	685	4	1
61.320	686	1	1
61.320	687	2	1
61.414	688	3	1
61.414	689	4	1
61.508	690	1	1
61.508	691	2	1
61.602	692	3	1
61.602	693	4	1
61.695	694	2	1
61.789	695	3	1
61.883	696	4	1
61.977	697	3	1
62.070	698	2	1
62.164	699	1	1
62.258	700	2	1
62.352	701	1	1
62.352	702	4	1
62.445	703	3	1
62.539	704	2	1
62.633	705	1	1
62.727	706	2	1
62.727	707	4	1
62.820	708	1	1
62.820	709	3	1
62.914	710	2	1
62.914	711	4	1
63.008	712	1	1
63.008	713	3	1
63.102	714	2	1
63.102	715	4	1
63.195	716	1	1
63.289	717	2	1
63.383	718	3	1
63.477	719	4	1
63.570	720	3	1
63.664	721	2	1
63.758	722	1	1
63.852	723	3	1
63.852	724	4	1
63.945	725	1	1
63.945	726	2	1
64.039	727	3	1
64.039	728	4	1
64.133	729	1	1
64.133	730	2	1
64.227	731	3	1
64.227	732	4	1
64.320	733	1	1
64.320	734	2	1
64.414	735	3	1
64.414	736	4	1
64.508	737	1	1
64.508	738	2	1
64.602	739	3	1
64.602	740	4	1
64.695	741	2	1
64.789	742	3	1
64.883	743	4	1
64.977	744	3	1
65.070	745	2	1
65.164	746	1	1
65.164	747	3	1
65.258	748	2	1
65.352	749	1	1
65.352	750	4	1
65.445	751	3	1
65.539	752	2	1
65.633	753	1	1
65.727	754	2	1
65.727	755	4	1
65.820	756	1	1
65.820	757	3	1
65.914	758	2	1
65.914	759	4	1
66.008	760	1	1
66.008	761	3	1
66.102	762	2	1
66.102	763	4	1
66.195	764	1	1
66.289	765	3	1
66.383	766	4	1
66.477	767	3	1
66.570	768	2	1
66.664	769	1	1
66.758	770	2	1
66.852	771	1	1
66.852	772	4	1
66.945	773	3	1
67.039	774	2	1
67.133	775	1	1
67.227	776	3	1
67.227	777	4	1
67.320	778	1	1
67.320	779	2	1
67.414	780	3	1
67.414	781	4	1
67.508	782	1	1
67.508	783	2	1
67.602	784	3	1
67.602	785	4	1
67.695	786	2	1
67.789	787	3	1
67.883	788	4	1
67.977	789	3	1
68.070	790	2	1
68.164	791	1	1
68.258	792	2	1
68.352	793	1	1
68.352	794	4	1
68.445	795	3	1
68.539	796	2	1
68.633	797	1	1
68.727	798	2	1
68.727	799	4	1
68.820	800	3	1
68.914	801	4	1
69.008	802	3	1
69.102	803	1	2
69.102	804	2	2
69.664	805	3	2
69.664	806	4	2
69.664	807	1	3
69.664	808	2	3
70.227	809	1	2
70.227	810	2	2
70.227	811	3	3
70.227	812	4	3
70.789	813	3	2
70.789	814	1	3
70.789	815	2	3
70.977	816	2	2
70.977	817	3	3
71.164	818	3	2
71.164	819	2	3
71.352	820	2	2
71.352	821	4	1
71.352	822	3	3
71.445	823	3	1
71.539	824	1	2
71.539	825	4	1
71.539	826	2	3
71.633	827	2	1
71.727	828	3	2
71.727	829	4	2
71.727	830	1	3
72.102	831	1	1
72.102	832	2	1
72.102	833	3	3
72.102	834	4	3
72.195	835	3	1
72.289	836	2	1
72.383	837	4	1
72.477	838	3	1
72.570	839	2	1
72.664	840	1	1
72.758	841	2	1
72.852	842	1	1
72.852	843	4	1
72.945	844	3	1
73.039	845	2	1
73.133	846	1	1
73.227	847	2	1
73.227	848	4	1
73.320	849	1	1
73.320	850	3	1
73.414	851	2	1
73.414	852	4	1
73.508	853	1	1
73.508	854	3	1
73.602	855	2	1
73.602	856	4	1
73.695	857	1	1
73.789	858	3	1
73.883	859	4	1
73.977	860	3	1
74.070	861	2	1
74.164	862	1	1
74.258	863	2	1
74.352	864	1	1
74.352	865	4	1
74.445	866	3	1
74.539	867	2	1
74.633	868	1	1
74.727	869	3	1
74.727	870	4	1
74.820	871	1	1
74.820	872	2	1
74.914	873	3	1
74.914	874	4	1
75.008	875	1	1
75.008	876	2	1
75.102	877	3	1
75.102	878	4	1
75.195	879	2	1
75.289	880	3	1
75.383	881	4	1
75.477	882	2	1
75.570	883	1	1
75.664	884	3	1
75.758	885	4	1
75.852	886	1	1
75.852	887	2	1
75.945	888	3	1
75.945	889	4	1
76.039	890	1	1
76.039	891	2	1
76.133	892	3	1
76.133	893	4	1
76.227	894	1	1
76.227	895	2	1
76.320	896	3	1
76.320	897	4	1
76.414	898	1	1
76.414	899	2	1
76.508	900	3	1
76.508	901	4	1
76.602	902	1	1
76.602	903	2	1
76.695	904	4	1
76.789	905	3	1
76.883	906	4	1
76.977	907	2	1
77.070	908	1	1
77.164	909	3	1
77.164	910	4	1
77.258	911	2	1
77.352	912	1	1
77.352	913	3	1
77.445	914	4	1
77.539	915	3	1
77.633	916	2	1
77.727	917	1	1
77.727	918	4	1
77.820	919	2	1
77.820	920	3	1
77.914	921	1	1
77.914	922	4	1
78.008	923	2	1
78.008	924	3	1
78.102	925	1	1
78.102	926	4	1
78.195	927	2	1
78.289	928	3	1
78.383	929	4	1
78.477	930	3	1
78.570	931	2	1
78.664	932	1	1
78.758	933	2	1
78.852	934	1	1
78.852	935	4	1
78.945	936	3	1
79.039	937	2	1
79.133	938	1	1
79.227	939	2	1
79.227	940	4	1
79.320	941	1	1
79.320	942	3	1
79.414	943	2	1
79.414	944	4	1
79.508	945	1	1
79.508	946	3	1
79.602	947	2	1
79.602	948	4	1
79.695	949	1	1
79.789	950	3	1
79.883	951	4	1
79.977	952	3	1
80.070	953	2	1
80.164	954	1	1
80.258	955	2	1
80.352	956	1	1
80.352	957	4	1
80.445	958	3	1
80.539	959	2	1
80.633	960	3	1
80.727	961	1	1
80.727	962	2	1
80.820	963	3	1
80.820	964	4	1
80.914	965	1	1
80.914	966	2	1
81.008	967	3	1
81.008	968	4	1
81.102	969	1	2
81.102	970	2	2
81.664	971	3	2
81.664	972	4	2
81.664	973	1	3
81.664	974	2	3
81.852	975	2	1
82.039	976	2	1
82.227	977	1	2
82.227	978	2	2
82.227	979	3	3
82.227	980	4	3
82.602	981	3	1
82.789	982	3	2
82.789	983	4	2
82.789	984	1	3
82.789	985	2	3
82.977	986	2	1
83.164	987	2	1
83.352	988	1	2
83.352	989	2	2
83.352	990	3	3
83.352	991	4	3
83.539	992	3	1
83.727	993	3	1
83.914	994	3	2
83.914	995	4	2
83.914	996	1	3
83.914	997	2	3
84.102	998	2	1
84.289	999	2	1
84.477	1000	1	2
84.477	1001	2	2
84.477	1002	3	3
84.477	1003	4	3
84.664	1004	3	1
84.852	1005	3	1
85.039	1006	3	2
85.039	1007	4	2
85.039	1008	1	3
85.039	1009	2	3
85.227	1010	2	1
85.320	1011	1	1
85.414	1012	2	1
85.602	1013	1	2
85.602	1014	2	2
85.602	1015	3	3
85.602	1016	4	3
85.977	1017	3	1
85.977	1018	1	3
85.977	1019	2	3
86.070	1020	4	1
86.164	1021	3	1
86.258	1022	4	1
86.352	1023	3	1
86.445	1024	4	1
86.539	1025	3	1
86.633	1026	4	1
86.727	1027	1	1
86.727	1028	2	1
86.914	1029	3	1
86.914	1030	4	1
87.102	1031	2	1
87.195	1032	1	1
87.289	1033	2	1
87.383	1034	1	1
87.477	1035	2	1
87.570	1036	1	1
87.664	1037	2	1
87.758	1038	1	1
87.852	1039	2	1
87.945	1040	1	1
88.039	1041	2	1
88.133	1042	1	1
88.227	1043	3	1
88.227	1044	4	1
88.414	1045	1	1
88.414	1046	2	1
88.602	1047	3	1
88.695	1048	2	1
88.789	1049	3	1
88.883	1050	2	1
88.977	1051	3	1
89.070	1052	2	1
89.164	1053	3	1
89.258	1054	2	1
89.352	1055	3	1
89.445	1056	2	1
89.539	1057	3	1
89.633	1058	2	1
89.727	1059	1	1
89.727	1060	3	1
89.914	1061	2	1
89.914	1062	4	1
90.102	1063	3	1
90.195	1064	1	1
90.289	1065	3	1
90.289	1066	4	1
90.383	1067	1	1
90.477	1068	2	1
90.477	1069	3	1
90.570	1070	1	1
90.664	1071	3	1
90.664	1072	4	1
90.758	1073	1	1
90.852	1074	2	1
90.852	1075	3	1
90.945	1076	1	1
91.039	1077	3	1
91.133	1078	2	1
91.227	1079	3	1
91.227	1080	4	1
91.414	1081	1	1
91.414	1082	2	1
91.602	1083	2	1
91.602	1084	4	1
91.789	1085	1	1
91.977	1086	3	1
91.977	1087	4	1
92.164	1088	2	1
92.352	1089	3	1
92.352	1090	4	1
92.539	1091	1	1
92.633	1092	3	1
92.633	1093	4	1
92.727	1094	2	1
92.914	1095	1	1
92.914	1096	3	1
93.102	1097	1	1
93.102	1098	4	1
93.289	1099	2	1
93.477	1100	3	1
93.477	1101	4	1
93.664	1102	1	1
93.852	1103	3	1
93.852	1104	4	1
94.039	1105	2	1
94.133	1106	1	1
94.133	1107	4	1
94.227	1108	3	1
94.414	1109	1	1
94.414	1110	2	1
94.602	1111	2	1
94.602	1112	3	1
94.789	1113	1	1
94.977	1114	3	1
94.977	1115	4	1
95.164	1116	1	1
95.258	1117	3	1
95.352	1118	2	1
95.352	1119	4	1
95.539	1120	1	1
95.539	1121	2	1
95.633	1122	3	1
95.633	1123	4	1
95.727	1124	1	1
95.727	1125	2	1
95.914	1126	2	1
95.914	1127	3	1
96.102	1128	1	1
96.102	1129	4	1
96.289	1130	2	1
96.289	1131	3	1
96.477	1132	1	1
96.477	1133	4	1
96.664	1134	2	1
96.664	1135	3	1
96.852	1136	1	1
96.852	1137	4	1
97.039	1138	1	1
97.039	1139	2	1
97.133	1140	3	1
97.133	1141	4	1
97.227	1142	1	1
97.227	1143	2	1
97.414	1144	3	1
97.414	1145	4	1
97.602	1146	1	1
97.602	1147	2	1
97.789	1148	2	1
97.977	1149	3	1
97.977	1150	4	1
98.164	1151	1	1
98.164	1152	2	1
98.258	1153	4	1
98.352	1154	1	1
98.352	1155	3	1
98.539	1156	2	1
98.633	1157	3	1
98.633	1158	4	1
98.727	1159	1	1
98.820	1160	2	1
98.914	1161	3	1
98.914	1162	4	1
99.102	1163	1	1
99.102	1164	2	1
99.289	1165	3	1
99.477	1166	2	1
99.477	1167	4	1
99.664	1168	2	1
99.852	1169	3	1
99.852	1170	4	1
100.039	1171	1	1
100.133	1172	2	1
100.133	1173	4	1
100.227	1174	3	1
100.414	1175	2	1
100.414	1176	3	1
100.602	1177	1	1
100.602	1178	2	1
100.789	1179	2	1
100.977	1180	3	1
100.977	1181	4	1
101.164	1182	1	1
101.258	1183	3	1
101.352	1184	2	1
101.352	1185	4	1
101.539	1186	1	1
101.633	1187	3	1
101.633	1188	4	1
101.727	1189	2	1
101.914	1190	1	1
101.914	1191	3	1
102.102	1192	3	1
102.102	1193	4	1
102.289	1194	2	1
102.477	1195	1	1
102.477	1196	4	1
102.664	1197	3	1
102.852	1198	1	1
102.852	1199	4	1
103.039	1200	2	1
103.133	1201	3	1
103.133	1202	4	1
103.227	1203	2	1
103.414	1204	1	1
103.414	1205	3	1
103.602	1206	2	1
103.602	1207	4	1
103.789	1208	1	1
103.883	1209	2	1
103.977	1210	3	1
103.977	1211	4	1
104.164	1212	1	1
104.258	1213	2	1
104.352	1214	3	1
104.352	1215	4	1
104.539	1216	2	1
104.633	1217	3	1
104.633	1218	4	1
104.727	1219	1	1
104.914	1220	2	1
104.914	1221	3	1
105.102	1222	1	1
105.102	1223	2	1
105.289	1224	3	1
105.383	1225	2	1
105.477	1226	3	1
105.477	1227	4	1
105.664	1228	1	1
105.852	1229	2	1
105.852	1230	4	1
106.039	1231	2	1
106.039	1232	3	1
106.133	1233	1	1
106.133	1234	4	1
106.227	1235	2	1
106.227	1236	3	1
106.414	1237	1	1
106.414	1238	3	1
106.602	1239	2	1
106.602	1240	4	1
106.789	1241	1	1
106.977	1242	3	1
106.977	1243	4	1
107.164	1244	1	1
107.164	1245	2	1
107.258	1246	4	1
107.352	1247	2	1
107.352	1248	3	1
107.539	1249	2	1
107.539	1250	3	1
107.633	1251	1	1
107.633	1252	4	1
107.727	1253	3	1
107.914	1254	2	1
107.914	1255	4	1
108.102	1256	1	1
108.102	1257	2	1
108.195	1258	4	1
108.289	1259	3	1
108.383	1260	2	1
108.477	1261	3	1
108.477	1262	4	1
108.664	1263	2	1
108.758	1264	3	1
108.852	1265	2	1
108.852	1266	4	1
108.945	1267	1	1
109.039	1268	3	1
109.133	1269	2	1
109.133	1270	4	1
109.227	1271	1	1
109.414	1272	2	1
109.414	1273	3	1
109.602	1274	1	1
109.602	1275	2	1
109.789	1276	3	1
109.883	1277	1	1
109.977	1278	2	1
109.977	1279	4	1
110.164	1280	4	1
110.258	1281	3	1
110.352	1282	1	1
110.352	1283	2	1
110.539	1284	2	1
110.633	1285	3	1
110.633	1286	4	1
110.727	1287	2	1
110.914	1288	1	1
110.914	1289	4	1
111.008	1290	3	1
111.102	1291	1	1
111.102	1292	2	1
111.289	1293	2	1
111.477	1294	3	1
111.477	1295	4	1
111.664	1296	4	1
111.758	1297	3	1
111.852	1298	1	1
111.852	1299	4	1
112.039	1300	2	1
112.133	1301	3	1
112.133	1302	4	1
112.227	1303	2	1
112.414	1304	1	1
112.414	1305	4	1
112.508	1306	3	1
112.602	1307	2	1
112.602	1308	4	1
112.789	1309	1	1
112.883	1310	2	1
112.977	1311	3	1
112.977	1312	4	1
113.164	1313	1	1
113.258	1314	2	1
113.352	1315	1	1
113.352	1316	3	1
113.539	1317	4	1
113.633	1318	1	1
113.633	1319	2	1
113.727	1320	3	1
113.914	1321	3	1
113.914	1322	4	1
114.102	1323	2	1
114.102	1324	3	1
114.289	1325	1	1
114.477	1326	3	1
114.477	1327	4	1
114.664	1328	2	1
114.852	1329	1	1
114.852	1330	4	1
115.039	1331	3	1
115.133	1332	2	1
115.133	1333	4	1
115.227	1334	1	1
115.320	1335	3	1
115.414	1336	4	1
115.602	1337	1	1
115.602	1338	4	1
115.695	1339	2	1
115.789	1340	3	1
115.883	1341	4	1
115.977	1342	1	1
115.977	1343	3	1
116.070	1344	2	1
116.164	1345	1	1
116.258	1346	2	1
116.352	1347	3	1
116.352	1348	4	1
116.445	1349	1	1
116.539	1350	3	1
116.633	1351	2	1
116.633	1352	4	1
116.727	1353	1	1
116.820	1354	2	1
116.914	1355	1	1
116.914	1356	3	1
117.008	1357	4	1
117.102	1358	1	1
117.102	1359	3	1
117.195	1360	2	1
117.289	1361	3	1
117.383	1362	4	1
117.477	1363	1	1
117.477	1364	3	1
117.570	1365	2	1
117.664	1366	1	1
117.758	1367	2	1
117.852	1368	3	1
117.852	1369	4	1
117.945	1370	1	1
118.039	1371	3	1
118.133	1372	2	1
118.133	1373	4	1
118.227	1374	1	1
118.320	1375	2	1
118.414	1376	1	1
118.414	1377	3	1
118.508	1378	4	1
118.602	1379	1	1
118.602	1380	3	1
118.695	1381	2	1
118.789	1382	3	1
118.883	1383	4	1
118.977	1384	1	1
118.977	1385	3	1
119.070	1386	2	1
119.164	1387	1	1
119.258	1388	2	1
119.352	1389	3	1
119.352	1390	4	1
119.445	1391	1	1
119.539	1392	3	1
119.633	1393	2	1
119.633	1394	4	1
119.727	1395	1	1
119.820	1396	2	1
119.914	1397	1	1
119.914	1398	3	1
120.008	1399	4	1
120.102	1400	1	1
120.102	1401	3	1
120.195	1402	2	1
120.289	1403	3	1
120.383	1404	4	1
120.477	1405	1	1
120.477	1406	3	1
120.570	1407	2	1
120.664	1408	1	1
120.758	1409	2	1
120.852	1410	3	1
120.852	1411	4	1
120.945	1412	1	1
121.039	1413	3	1
121.133	1414	2	1
121.133	1415	4	1
121.227	1416	1	1
121.320	1417	2	1
121.414	1418	1	1
121.414	1419	3	1
121.508	1420	4	1
121.602	1421	1	1
121.602	1422	3	1
121.695	1423	2	1
121.789	1424	3	1
121.883	1425	4	1
121.977	1426	1	1
121.977	1427	3	1
122.070	1428	2	1
122.164	1429	1	1
122.258	1430	2	1
122.352	1431	3	1
122.352	1432	4	1
122.445	1433	1	1
122.539	1434	3	1
122.633	1435	2	1
122.633	1436	4	1
122.727	1437	1	1
122.820	1438	2	1
122.914	1439	1	1
122.914	1440	3	1
123.008	1441	4	1
123.102	1442	1	1
123.102	1443	3	1
123.195	1444	2	1
123.289	1445	3	1
123.383	1446	4	1
123.477	1447	1	1
123.477	1448	3	1
123.570	1449	2	1
123.664	1450	1	1
123.758	1451	2	1
123.852	1452	3	1
123.852	1453	4	1
123.945	1454	1	1
124.039	1455	3	1
124.133	1456	2	1
124.133	1457	4	1
124.227	1458	1	1
124.320	1459	2	1
124.414	1460	1	1
124.414	1461	3	1
124.508	1462	4	1
124.602	1463	1	1
124.602	1464	3	1
124.695	1465	2	1
124.789	1466	3	1
124.883	1467	4	1
124.977	1468	1	1
124.977	1469	3	1
125.070	1470	2	1
125.164	1471	1	1
125.352	1472	1	1
125.352	1473	2	1
125.445	1474	4	1
125.539	1475	3	1
125.633	1476	2	1
125.633	1477	4	1
125.727	1478	1	1
125.820	1479	2	1
125.914	1480	1	1
125.914	1481	3	1
126.008	1482	4	1
126.102	1483	1	1
126.102	1484	3	1
126.195	1485	2	1
126.289	1486	3	1
126.383	1487	4	1
126.477	1488	1	1
126.477	1489	3	1
126.570	1490	2	1
126.664	1491	1	1
126.758	1492	2	1
126.852	1493	3	1
126.852	1494	4	1
126.945	1495	1	1
127.039	1496	3	1
127.133	1497	2	1
127.133	1498	4	1
127.227	1499	1	1
127.320	1500	2	1
127.414	1501	1	1
127.414	1502	4	1
127.508	1503	3	1
127.602	1504	1	1
127.664	1505	2	1
127.727	1506	3	1
127.789	1507	4	2
129.102	1508	1	1
129.102	1509	4	3
129.164	1510	2	1
129.227	1511	3	1
129.289	1512	2	2
130.602	1513	1	1
130.602	1514	2	3
130.664	1515	3	1
130.727	1516	4	1
130.789	1517	3	2
131.352	1518	2	1
132.102	1519	1	1
132.102	1520	2	1
132.102	1521	3	3