Song Name	Internet Pajamas Party (Hard) by you
Difficulty	21
Primary Color	Vibe
Secondary Color	Chill
Last Note Time	156.093
Total Notes	1282
Fever Fill	365
Fever Time	23.413950
Long Notes	187
BPM	128
Song Length	156.479024943

Timing Points
0.000	468.7500


Song Data
0.000	1	4	2
0.234	2	4	3
0.351	3	4	1
0.703	4	4	1
0.820	5	4	1
1.171	6	4	2
1.406	7	4	3
1.523	8	4	2
1.757	9	4	3
2.109	10	3	2
2.343	11	3	3
2.460	12	3	1
2.578	13	3	1
2.695	14	2	2
2.929	15	2	3
3.046	16	2	1
3.281	17	2	1
3.398	18	3	1
3.515	19	2	2
3.750	20	1	2
3.750	21	2	3
3.984	22	1	3
4.101	23	1	1
4.218	24	4	1
4.335	25	1	1
4.570	26	2	1
4.921	27	3	2
5.156	28	3	3
5.273	29	3	1
5.507	30	4	2
5.742	31	4	3
5.859	32	3	1
6.093	33	3	1
6.210	34	3	1
6.445	35	2	2
6.679	36	2	3
6.796	37	2	1
7.031	38	1	1
7.148	39	1	2
7.382	40	1	3
7.500	41	4	2
7.734	42	4	3
7.851	43	4	1
8.203	44	4	1
8.320	45	4	1
8.671	46	4	2
8.906	47	4	3
9.023	48	4	2
9.257	49	4	3
9.609	50	3	2
9.843	51	3	3
9.960	52	3	1
10.078	53	3	1
10.195	54	2	2
10.429	55	2	3
10.546	56	2	1
10.781	57	2	1
10.898	58	3	1
11.015	59	2	2
11.250	60	1	2
11.250	61	2	3
11.484	62	1	3
11.601	63	1	1
11.718	64	4	1
11.835	65	1	1
12.070	66	2	1
12.421	67	3	2
12.656	68	3	3
12.773	69	3	1
13.007	70	2	2
13.242	71	2	3
13.359	72	2	1
13.593	73	2	1
13.710	74	2	1
13.945	75	4	2
14.179	76	4	3
14.296	77	4	1
14.531	78	1	1
14.648	79	1	2
14.882	80	1	3
15.000	81	1	1
15.000	82	3	1
15.000	83	4	2
15.234	84	4	3
15.351	85	4	1
15.468	86	1	1
15.703	87	4	1
15.820	88	4	1
15.937	89	1	1
16.171	90	4	2
16.406	91	1	1
16.406	92	4	3
16.523	93	4	2
16.757	94	4	3
16.875	95	1	1
16.875	96	4	1
17.109	97	3	2
17.343	98	2	1
17.343	99	3	3
17.460	100	3	1
17.578	101	3	1
17.695	102	2	2
17.812	103	4	1
17.929	104	2	3
18.046	105	2	1
18.281	106	2	1
18.398	107	3	1
18.515	108	2	2
18.750	109	1	2
18.750	110	4	1
18.750	111	2	3
18.984	112	1	3
19.101	113	1	1
19.218	114	4	1
19.335	115	1	1
19.570	116	2	1
19.687	117	1	1
19.921	118	3	2
20.156	119	1	1
20.156	120	3	3
20.273	121	3	1
20.507	122	4	2
20.625	123	1	1
20.742	124	4	3
20.859	125	3	1
21.093	126	1	1
21.093	127	3	1
21.210	128	3	1
21.445	129	2	2
21.562	130	4	1
21.679	131	2	3
21.796	132	2	1
22.031	133	1	1
22.031	134	4	1
22.148	135	1	2
22.382	136	1	3
22.500	137	1	1
22.500	138	3	1
22.500	139	4	2
22.734	140	2	1
22.734	141	4	3
22.851	142	4	1
22.968	143	2	2
23.203	144	3	1
23.203	145	2	3
23.320	146	1	1
23.437	147	4	1
23.554	148	3	1
23.671	149	1	1
23.789	150	2	1
23.906	151	4	1
24.023	152	2	1
24.257	153	1	2
24.375	154	3	1
24.609	155	2	1
24.609	156	1	3
24.843	157	4	2
24.960	158	1	1
25.078	159	3	1
25.078	160	4	3
25.195	161	2	1
25.312	162	3	1
25.429	163	1	1
25.546	164	2	1
25.664	165	1	1
25.781	166	3	1
25.898	167	3	1
26.015	168	1	1
26.132	169	4	2
26.250	170	1	1
26.250	171	3	1
26.484	172	2	1
26.484	173	4	3
26.601	174	1	1
26.718	175	2	1
26.835	176	3	1
27.070	177	3	2
27.187	178	1	1
27.421	179	2	1
27.421	180	3	3
27.656	181	1	1
27.773	182	3	1
28.007	183	4	2
28.125	184	1	1
28.125	185	2	1
28.359	186	3	1
28.359	187	4	3
28.593	188	2	1
28.710	189	3	1
28.945	190	4	2
29.062	191	1	1
29.296	192	2	1
29.296	193	4	3
29.531	194	2	1
29.648	195	4	2
30.000	196	1	1
30.000	197	3	1
30.000	198	4	3
30.234	199	1	1
30.234	200	2	1
30.468	201	1	1
30.468	202	2	1
30.703	203	1	1
30.703	204	3	1
30.937	205	2	1
30.937	206	4	1
31.171	207	3	1
31.171	208	4	1
31.406	209	1	1
31.406	210	2	1
31.640	211	3	1
31.640	212	4	1
31.875	213	1	1
31.875	214	4	1
32.109	215	2	1
32.109	216	3	1
32.343	217	1	1
32.343	218	2	1
32.578	219	3	1
32.578	220	4	1
32.812	221	1	1
32.812	222	2	1
33.046	223	2	1
33.046	224	3	1
33.281	225	3	1
33.281	226	4	1
33.515	227	1	1
33.515	228	2	1
33.750	229	3	1
33.750	230	4	1
33.867	231	1	1
33.984	232	3	1
34.101	233	1	1
34.218	234	3	1
34.218	235	4	1
34.335	236	1	1
34.453	237	3	1
34.570	238	1	1
34.687	239	3	1
34.687	240	4	1
34.804	241	1	1
34.921	242	3	1
35.039	243	1	1
35.156	244	3	1
35.156	245	4	1
35.273	246	1	1
35.390	247	3	1
35.507	248	2	1
35.625	249	1	1
35.625	250	3	1
35.625	251	4	1
35.859	252	3	1
35.937	253	3	1
36.015	254	2	1
36.093	255	1	2
36.328	256	4	1
36.328	257	1	3
36.445	258	1	2
36.562	259	2	2
36.562	260	3	2
36.562	261	4	2
36.562	262	1	3
36.679	263	2	3
36.679	264	3	3
36.679	265	4	3
36.796	266	1	1
36.796	267	4	1
36.914	268	4	1
37.031	269	1	1
37.031	270	2	1
37.265	271	4	1
37.500	272	1	1
37.500	273	2	1
37.968	274	1	1
37.968	275	2	1
37.968	276	3	1
37.968	277	4	1
38.203	278	1	1
38.320	279	3	1
38.437	280	1	1
38.437	281	4	1
38.554	282	3	1
38.671	283	4	1
38.789	284	2	1
38.906	285	3	1
38.906	286	4	1
39.023	287	2	1
39.257	288	1	2
39.375	289	2	1
39.375	290	4	1
39.609	291	3	1
39.609	292	1	3
39.843	293	1	1
39.843	294	4	1
39.960	295	2	1
40.078	296	3	1
40.195	297	2	1
40.312	298	3	1
40.312	299	4	1
40.429	300	1	1
40.546	301	2	1
40.664	302	1	1
40.781	303	3	1
40.781	304	4	1
40.898	305	2	1
41.015	306	1	2
41.132	307	4	2
41.250	308	2	1
41.250	309	3	1
41.250	310	1	3
41.484	311	1	1
41.601	312	2	1
41.601	313	4	3
41.718	314	1	1
41.718	315	4	1
41.835	316	2	1
42.070	317	3	1
42.187	318	1	1
42.187	319	2	1
42.304	320	3	1
42.421	321	2	1
42.539	322	1	1
42.656	323	3	1
42.656	324	4	1
42.773	325	2	1
43.007	326	1	1
43.007	327	4	2
43.125	328	3	1
43.359	329	1	1
43.359	330	2	1
43.359	331	4	3
43.476	332	3	1
43.593	333	1	1
43.593	334	4	1
43.710	335	3	1
43.945	336	1	2
43.945	337	4	1
44.062	338	2	1
44.179	339	4	1
44.179	340	1	3
44.296	341	1	1
44.296	342	3	1
44.414	343	2	1
44.531	344	1	1
44.531	345	3	1
44.648	346	4	2
44.882	347	3	1
45.000	348	1	1
45.000	349	2	1
45.000	350	4	3
45.234	351	3	1
45.351	352	1	1
45.468	353	3	1
45.468	354	4	1
45.703	355	1	1
45.820	356	3	1
45.937	357	1	1
45.937	358	4	1
46.054	359	3	1
46.171	360	4	1
46.289	361	2	1
46.406	362	3	1
46.406	363	4	1
46.523	364	2	1
46.757	365	1	2
46.875	366	2	1
46.875	367	4	1
47.109	368	3	1
47.109	369	1	3
47.343	370	1	1
47.343	371	4	1
47.460	372	2	1
47.578	373	3	1
47.695	374	2	1
47.812	375	3	1
47.812	376	4	1
47.929	377	1	1
48.046	378	2	1
48.164	379	1	1
48.281	380	3	1
48.281	381	4	1
48.398	382	2	1
48.515	383	1	2
48.632	384	4	2
48.750	385	2	1
48.750	386	3	1
48.750	387	1	3
48.984	388	1	1
49.101	389	2	1
49.101	390	4	3
49.218	391	1	1
49.218	392	4	1
49.335	393	2	1
49.570	394	1	1
49.570	395	4	2
49.687	396	3	1
49.921	397	2	1
49.921	398	4	3
50.156	399	1	1
50.156	400	3	1
50.273	401	2	1
50.507	402	1	1
50.507	403	4	2
50.625	404	3	1
50.859	405	2	1
50.859	406	4	3
51.093	407	1	1
51.093	408	2	1
51.210	409	3	1
51.445	410	3	2
51.445	411	4	1
51.562	412	1	1
51.796	413	1	1
51.796	414	3	3
52.031	415	1	1
52.031	416	4	2
52.265	417	3	1
52.265	418	4	3
52.382	419	2	1
52.500	420	1	2
52.500	421	4	2
52.734	422	3	1
52.734	423	1	3
52.734	424	4	3
52.812	425	3	1
52.890	426	2	1
52.968	427	1	1
52.968	428	3	1
52.968	429	4	1
53.203	430	1	1
53.320	431	3	1
53.437	432	1	1
53.437	433	4	1
53.554	434	3	1
53.671	435	4	1
53.789	436	2	1
53.906	437	3	1
53.906	438	4	1
54.023	439	2	1
54.257	440	1	2
54.375	441	2	1
54.375	442	4	1
54.609	443	3	1
54.609	444	1	3
54.843	445	1	1
54.843	446	4	1
54.960	447	2	1
55.078	448	3	1
55.195	449	2	1
55.312	450	3	1
55.312	451	4	1
55.429	452	1	1
55.546	453	2	1
55.664	454	1	1
55.781	455	3	1
55.781	456	4	1
55.898	457	2	1
56.015	458	1	2
56.132	459	4	2
56.250	460	2	1
56.250	461	3	1
56.250	462	1	3
56.484	463	1	1
56.601	464	2	1
56.601	465	4	3
56.718	466	1	1
56.718	467	4	1
56.835	468	2	1
57.070	469	3	1
57.187	470	1	1
57.187	471	2	1
57.304	472	3	1
57.421	473	2	1
57.539	474	1	1
57.656	475	3	1
57.656	476	4	1
57.773	477	2	1
58.007	478	1	1
58.007	479	4	2
58.125	480	3	1
58.359	481	1	1
58.359	482	2	1
58.359	483	4	3
58.476	484	3	1
58.593	485	1	1
58.593	486	4	1
58.710	487	3	1
58.945	488	1	2
58.945	489	4	1
59.062	490	2	1
59.179	491	4	1
59.179	492	1	3
59.296	493	1	1
59.296	494	3	1
59.414	495	2	1
59.531	496	1	1
59.531	497	3	1
59.648	498	4	2
59.882	499	3	1
60.000	500	1	1
60.000	501	2	1
60.000	502	4	3
60.234	503	3	1
60.351	504	1	1
60.468	505	3	1
60.468	506	4	1
60.703	507	1	1
60.820	508	3	1
60.937	509	1	1
60.937	510	4	1
61.054	511	3	1
61.171	512	4	1
61.289	513	2	1
61.406	514	3	1
61.406	515	4	1
61.523	516	2	1
61.640	517	3	1
61.757	518	1	2
61.875	519	2	1
61.875	520	4	1
62.109	521	3	1
62.109	522	1	3
62.343	523	1	1
62.343	524	4	1
62.460	525	2	1
62.578	526	3	1
62.695	527	2	1
62.812	528	3	1
62.812	529	4	1
62.929	530	1	1
63.046	531	2	1
63.164	532	1	1
63.281	533	3	1
63.281	534	4	1
63.398	535	2	1
63.515	536	1	2
63.632	537	4	2
63.750	538	2	1
63.750	539	3	1
63.750	540	1	3
63.867	541	1	1
63.984	542	3	1
64.101	543	2	1
64.101	544	4	3
64.218	545	1	1
64.218	546	4	1
64.335	547	3	1
64.453	548	2	1
64.570	549	1	1
64.687	550	3	1
64.687	551	4	1
64.804	552	2	1
64.921	553	4	1
65.039	554	3	1
65.156	555	1	1
65.156	556	2	1
65.273	557	4	1
65.390	558	1	1
65.507	559	3	1
65.507	560	4	2
65.859	561	2	1
65.859	562	4	3
66.093	563	1	1
66.093	564	3	1
66.210	565	2	1
66.445	566	1	2
66.445	567	3	1
66.796	568	2	1
66.796	569	4	2
66.796	570	1	3
67.148	571	1	2
67.148	572	3	1
67.148	573	4	3
67.500	574	2	1
67.500	575	4	2
67.500	576	1	3
67.851	577	1	2
67.851	578	3	1
67.851	579	4	3
68.203	580	2	1
68.203	581	4	2
68.203	582	1	3
68.554	583	1	2
68.554	584	3	1
68.554	585	4	3
68.906	586	2	1
68.906	587	4	2
68.906	588	1	3
69.257	589	1	2
69.257	590	3	1
69.257	591	4	3
69.609	592	2	1
69.609	593	4	2
69.609	594	1	3
69.960	595	1	2
69.960	596	3	1
69.960	597	4	3
70.312	598	4	1
70.312	599	1	3
70.371	600	3	1
70.429	601	2	1
70.488	602	1	1
70.546	603	4	1
70.664	604	2	1
70.781	605	4	1
70.898	606	1	1
71.015	607	3	1
71.015	608	4	1
71.132	609	2	1
71.250	610	1	1
71.308	611	3	1
71.484	612	2	1
71.718	613	3	1
71.953	614	4	1
72.187	615	3	2
72.656	616	2	2
72.656	617	3	3
73.125	618	1	1
73.125	619	2	3
73.183	620	3	1
73.359	621	1	1
73.593	622	3	1
73.828	623	4	2
73.886	624	1	1
74.531	625	4	3
75.000	626	2	1
75.058	627	4	1
75.234	628	1	1
75.468	629	2	1
75.703	630	1	2
75.761	631	3	1
76.171	632	4	2
76.171	633	1	3
76.640	634	3	2
76.640	635	4	3
76.699	636	1	1
77.109	637	2	2
77.109	638	3	3
77.167	639	4	1
77.578	640	1	2
77.578	641	2	3
77.636	642	3	1
78.281	643	1	3
78.750	644	1	1
78.808	645	4	1
78.984	646	2	1
79.218	647	3	1
79.335	648	1	1
79.453	649	4	1
79.570	650	1	1
79.687	651	3	2
79.687	652	4	1
80.156	653	2	2
80.156	654	3	3
80.625	655	1	1
80.625	656	2	3
80.683	657	3	1
80.859	658	1	1
81.093	659	3	1
81.328	660	4	2
81.386	661	1	1
81.562	662	1	1
81.562	663	3	1
82.031	664	1	2
82.031	665	4	3
82.265	666	4	1
82.500	667	3	2
82.500	668	1	3
82.558	669	2	1
82.968	670	2	1
83.085	671	1	1
83.203	672	4	2
83.203	673	3	3
83.320	674	3	1
83.437	675	1	1
83.437	676	2	1
83.671	677	2	1
83.671	678	4	3
84.140	679	1	1
84.140	680	4	2
84.375	681	2	1
84.609	682	3	1
84.843	683	1	1
85.078	684	1	1
85.312	685	1	1
85.312	686	3	1
85.312	687	4	3
85.546	688	1	1
85.781	689	3	2
86.015	690	2	2
86.015	691	3	3
86.250	692	1	1
86.250	693	3	1
86.250	694	4	2
86.250	695	2	3
86.484	696	4	3
86.601	697	4	1
86.953	698	4	1
87.070	699	4	1
87.421	700	4	2
87.656	701	4	3
87.773	702	4	2
88.007	703	4	3
88.359	704	3	2
88.593	705	3	3
88.710	706	3	1
88.828	707	3	1
88.945	708	2	2
89.179	709	2	3
89.296	710	2	1
89.531	711	2	1
89.648	712	3	1
89.765	713	2	2
90.000	714	1	2
90.000	715	2	3
90.234	716	1	3
90.351	717	1	1
90.468	718	4	1
90.585	719	1	1
90.820	720	2	1
91.171	721	3	2
91.406	722	3	3
91.523	723	3	1
91.757	724	4	2
91.992	725	4	3
92.109	726	3	1
92.343	727	3	1
92.460	728	3	1
92.695	729	2	2
92.929	730	2	3
93.046	731	2	1
93.281	732	1	1
93.398	733	1	2
93.632	734	1	3
93.750	735	4	2
93.984	736	4	3
94.101	737	4	1
94.453	738	4	1
94.570	739	4	1
94.921	740	4	2
95.156	741	4	3
95.273	742	4	2
95.507	743	4	3
95.859	744	3	2
96.093	745	3	3
96.210	746	3	1
96.328	747	3	1
96.445	748	2	2
96.679	749	2	3
96.796	750	2	1
97.031	751	2	1
97.148	752	3	1
97.265	753	2	2
97.500	754	1	2
97.500	755	2	3
97.734	756	1	3
97.851	757	1	1
97.968	758	4	1
98.085	759	1	1
98.320	760	2	1
98.671	761	2	2
98.906	762	2	3
99.023	763	2	1
99.257	764	3	2
99.492	765	3	3
99.609	766	3	1
99.843	767	3	1
99.960	768	3	1
100.195	769	4	2
100.429	770	4	3
100.546	771	4	1
100.781	772	1	1
100.898	773	1	2
101.132	774	1	3
101.250	775	1	1
101.250	776	3	1
101.250	777	4	2
101.484	778	4	3
101.601	779	4	1
101.718	780	1	1
101.953	781	4	1
102.070	782	4	1
102.187	783	1	1
102.304	784	2	1
102.421	785	4	2
102.539	786	3	1
102.656	787	1	1
102.656	788	4	3
102.773	789	4	2
103.007	790	2	1
103.007	791	4	3
103.125	792	1	1
103.125	793	4	1
103.359	794	3	2
103.593	795	2	1
103.593	796	3	3
103.710	797	3	1
103.828	798	3	1
103.945	799	2	2
104.062	800	4	1
104.179	801	3	1
104.179	802	2	3
104.296	803	2	1
104.414	804	1	1
104.531	805	2	1
104.648	806	3	1
104.765	807	2	2
104.882	808	3	1
105.000	809	1	2
105.000	810	4	1
105.000	811	2	3
105.234	812	1	3
105.351	813	1	1
105.468	814	4	1
105.585	815	1	1
105.820	816	2	1
105.937	817	1	1
106.054	818	4	1
106.171	819	3	2
106.289	820	2	1
106.406	821	1	1
106.406	822	3	3
106.523	823	3	1
106.757	824	4	2
106.875	825	1	1
106.992	826	4	3
107.109	827	3	1
107.226	828	2	1
107.343	829	1	1
107.343	830	3	1
107.460	831	3	1
107.695	832	2	2
107.812	833	4	1
107.929	834	3	1
107.929	835	2	3
108.046	836	2	1
108.164	837	3	1
108.281	838	1	1
108.281	839	4	1
108.398	840	1	2
108.632	841	1	3
108.750	842	1	1
108.750	843	3	1
108.750	844	4	2
108.984	845	2	1
108.984	846	4	3
109.101	847	4	1
109.218	848	2	2
109.453	849	3	1
109.453	850	2	3
109.570	851	1	1
109.687	852	4	1
109.804	853	3	1
109.921	854	1	1
110.039	855	2	1
110.156	856	4	1
110.273	857	2	1
110.507	858	1	2
110.625	859	3	1
110.859	860	2	1
110.859	861	1	3
111.093	862	4	2
111.210	863	1	1
111.328	864	3	1
111.328	865	4	3
111.445	866	2	1
111.562	867	3	1
111.679	868	1	1
111.796	869	2	1
111.914	870	1	1
112.031	871	3	1
112.148	872	3	1
112.265	873	1	1
112.382	874	4	2
112.500	875	1	1
112.500	876	3	1
112.734	877	2	1
112.734	878	4	3
112.851	879	1	1
112.968	880	2	1
113.085	881	3	1
113.320	882	3	2
113.437	883	1	1
113.671	884	2	1
113.671	885	3	3
113.906	886	1	1
114.023	887	3	1
114.257	888	4	2
114.375	889	1	1
114.375	890	2	1
114.609	891	3	1
114.609	892	4	3
114.843	893	2	1
114.960	894	3	1
115.195	895	4	2
115.312	896	1	1
115.546	897	2	1
115.546	898	4	3
115.781	899	2	1
115.898	900	4	2
116.250	901	1	1
116.250	902	3	1
116.250	903	4	3
116.484	904	1	1
116.484	905	2	1
116.718	906	1	1
116.718	907	2	1
116.953	908	1	1
116.953	909	3	1
117.187	910	2	1
117.187	911	4	1
117.421	912	3	1
117.421	913	4	1
117.656	914	1	1
117.656	915	2	1
117.890	916	3	1
117.890	917	4	1
118.125	918	1	1
118.125	919	4	1
118.359	920	2	1
118.359	921	3	1
118.593	922	1	1
118.593	923	2	1
118.828	924	3	1
118.828	925	4	1
119.062	926	1	1
119.062	927	2	1
119.296	928	2	1
119.296	929	3	1
119.531	930	3	1
119.531	931	4	1
119.765	932	1	1
119.765	933	2	1
120.000	934	3	1
120.000	935	4	1
120.117	936	1	1
120.234	937	3	1
120.351	938	1	1
120.468	939	3	1
120.468	940	4	1
120.585	941	1	1
120.703	942	3	1
120.820	943	1	1
120.937	944	3	1
120.937	945	4	1
121.054	946	1	1
121.171	947	3	1
121.289	948	1	1
121.406	949	3	1
121.406	950	4	1
121.523	951	1	1
121.640	952	3	1
121.757	953	2	1
121.875	954	1	1
121.875	955	3	1
121.875	956	4	1
122.109	957	3	1
122.187	958	3	1
122.265	959	2	1
122.343	960	1	2
122.578	961	4	1
122.578	962	1	3
122.695	963	1	2
122.812	964	2	2
122.812	965	3	2
122.812	966	4	2
122.812	967	1	3
122.929	968	2	3
122.929	969	3	3
122.929	970	4	3
123.046	971	1	1
123.046	972	4	1
123.164	973	4	1
123.281	974	1	1
123.281	975	2	1
123.515	976	4	1
123.750	977	1	1
123.750	978	2	1
124.218	979	1	1
124.218	980	2	1
124.218	981	3	1
124.218	982	4	1
124.453	983	1	1
124.570	984	3	1
124.687	985	1	1
124.687	986	4	1
124.804	987	3	1
124.921	988	4	1
125.039	989	2	1
125.156	990	3	1
125.156	991	4	1
125.273	992	2	1
125.507	993	1	2
125.625	994	2	1
125.625	995	4	1
125.859	996	3	1
125.859	997	1	3
126.093	998	1	1
126.093	999	4	1
126.210	1000	2	1
126.328	1001	3	1
126.445	1002	2	1
126.562	1003	3	1
126.562	1004	4	1
126.679	1005	1	1
126.796	1006	2	1
126.914	1007	1	1
127.031	1008	3	1
127.031	1009	4	1
127.148	1010	2	1
127.265	1011	1	2
127.382	1012	4	2
127.500	1013	2	1
127.500	1014	3	1
127.500	1015	1	3
127.734	1016	1	1
127.851	1017	2	1
127.851	1018	4	3
127.968	1019	1	1
127.968	1020	4	1
128.085	1021	2	1
128.320	1022	3	1
128.437	1023	1	1
128.437	1024	2	1
128.554	1025	3	1
128.671	1026	2	1
128.789	1027	1	1
128.906	1028	3	1
128.906	1029	4	1
129.023	1030	2	1
129.257	1031	1	1
129.257	1032	4	2
129.375	1033	3	1
129.609	1034	1	1
129.609	1035	2	1
129.609	1036	4	3
129.726	1037	3	1
129.843	1038	1	1
129.843	1039	4	1
129.960	1040	3	1
130.195	1041	1	2
130.195	1042	4	1
130.312	1043	2	1
130.429	1044	4	1
130.429	1045	1	3
130.546	1046	1	1
130.546	1047	3	1
130.664	1048	2	1
130.781	1049	1	1
130.781	1050	3	1
130.898	1051	4	2
131.132	1052	3	1
131.250	1053	1	1
131.250	1054	2	1
131.250	1055	4	3
131.484	1056	3	1
131.601	1057	1	1
131.718	1058	3	1
131.718	1059	4	1
131.953	1060	1	1
132.070	1061	3	1
132.187	1062	1	1
132.187	1063	4	1
132.304	1064	3	1
132.421	1065	4	1
132.539	1066	2	1
132.656	1067	3	1
132.656	1068	4	1
132.773	1069	2	1
132.890	1070	3	1
133.007	1071	1	2
133.125	1072	2	1
133.125	1073	4	1
133.359	1074	3	1
133.359	1075	1	3
133.593	1076	1	1
133.593	1077	4	1
133.710	1078	2	1
133.828	1079	3	1
133.945	1080	2	1
134.062	1081	3	1
134.062	1082	4	1
134.179	1083	1	1
134.296	1084	2	1
134.414	1085	1	1
134.531	1086	3	1
134.531	1087	4	1
134.648	1088	2	1
134.765	1089	1	2
134.882	1090	4	1
135.000	1091	2	1
135.000	1092	3	1
135.000	1093	1	3
135.117	1094	1	1
135.234	1095	3	1
135.351	1096	2	1
135.468	1097	3	1
135.468	1098	4	1
135.585	1099	1	1
135.703	1100	4	1
135.820	1101	3	1
135.937	1102	1	1
135.937	1103	2	1
136.054	1104	4	1
136.171	1105	1	1
136.289	1106	3	1
136.406	1107	2	1
136.406	1108	4	1
136.523	1109	3	1
136.640	1110	1	1
136.757	1111	2	2
136.757	1112	4	2
137.109	1113	3	2
137.109	1114	2	3
137.109	1115	4	3
137.343	1116	1	1
137.343	1117	3	3
137.460	1118	3	1
137.695	1119	1	1
137.695	1120	3	1
137.695	1121	4	2
138.046	1122	2	1
138.046	1123	4	3
138.281	1124	1	1
138.515	1125	4	1
138.750	1126	1	1
138.750	1127	3	1
138.750	1128	4	1
138.984	1129	2	1
139.101	1130	3	1
139.218	1131	1	1
139.218	1132	2	1
139.453	1133	4	2
139.687	1134	1	1
139.687	1135	3	1
139.687	1136	4	3
139.804	1137	4	2
140.039	1138	3	1
140.039	1139	4	3
140.156	1140	1	1
140.156	1141	2	1
140.390	1142	1	2
140.625	1143	3	1
140.625	1144	4	1
140.625	1145	1	3
140.742	1146	1	1
140.859	1147	4	1
140.976	1148	1	2
141.093	1149	3	1
141.093	1150	4	1
141.093	1151	1	3
141.328	1152	2	1
141.562	1153	1	1
141.562	1154	3	1
141.679	1155	3	1
141.796	1156	2	2
142.031	1157	1	2
142.031	1158	3	1
142.031	1159	2	3
142.265	1160	4	1
142.265	1161	1	3
142.382	1162	2	1
142.500	1163	1	1
142.500	1164	3	1
142.617	1165	2	1
142.851	1166	3	1
142.968	1167	1	1
142.968	1168	2	1
143.203	1169	3	2
143.437	1170	1	1
143.437	1171	2	1
143.437	1172	3	3
143.554	1173	3	1
143.789	1174	4	2
143.906	1175	1	1
143.906	1176	3	1
144.140	1177	3	2
144.140	1178	4	3
144.375	1179	1	1
144.375	1180	2	1
144.375	1181	3	3
144.492	1182	3	1
144.726	1183	2	2
144.843	1184	3	1
144.843	1185	4	1
145.078	1186	1	1
145.078	1187	2	3
145.312	1188	1	1
145.312	1189	4	2
145.546	1190	3	1
145.546	1191	4	3
145.781	1192	1	1
145.781	1193	3	1
145.781	1194	4	1
146.015	1195	2	1
146.132	1196	4	1
146.250	1197	1	1
146.250	1198	3	1
146.484	1199	2	1
146.601	1200	3	1
146.718	1201	1	1
146.718	1202	2	1
146.953	1203	4	2
147.187	1204	1	1
147.187	1205	3	1
147.187	1206	4	3
147.304	1207	4	2
147.421	1208	2	1
147.539	1209	3	1
147.539	1210	4	3
147.656	1211	1	1
147.656	1212	2	1
147.890	1213	1	2
148.125	1214	3	1
148.125	1215	4	1
148.125	1216	1	3
148.242	1217	1	1
148.359	1218	4	1
148.476	1219	1	2
148.593	1220	3	1
148.593	1221	4	1
148.593	1222	1	3
148.828	1223	2	1
149.062	1224	1	1
149.062	1225	3	1
149.179	1226	3	1
149.296	1227	2	2
149.531	1228	1	1
149.531	1229	3	1
149.531	1230	4	1
149.531	1231	2	3
149.648	1232	2	1
149.765	1233	3	1
149.882	1234	2	1
150.000	1235	1	1
150.000	1236	4	1
150.117	1237	3	1
150.234	1238	2	1
150.351	1239	3	1
150.468	1240	1	1
150.468	1241	2	1
150.585	1242	3	1
150.703	1243	1	1
150.820	1244	3	1
150.937	1245	2	1
150.937	1246	4	1
151.054	1247	3	1
151.171	1248	2	1
151.289	1249	1	1
151.289	1250	3	1
151.289	1251	4	2
151.640	1252	1	1
151.640	1253	3	1
151.640	1254	4	3
151.875	1255	1	1
151.992	1256	3	1
152.226	1257	1	2
152.226	1258	2	1
152.226	1259	4	1
152.578	1260	3	2
152.578	1261	1	3
152.929	1262	1	2
152.929	1263	3	3
153.281	1264	3	2
153.281	1265	1	3
153.632	1266	1	2
153.632	1267	3	3
153.984	1268	3	2
153.984	1269	1	3
154.335	1270	1	2
154.335	1271	3	3
154.687	1272	3	2
154.687	1273	1	3
155.039	1274	1	2
155.039	1275	3	3
155.390	1276	3	2
155.390	1277	1	3
155.742	1278	1	2
155.742	1279	3	3
156.093	1280	3	1
156.093	1281	4	1
156.093	1282	1	3