Song Name	JELLY (Hard) by Tokyo Machine & Snail's House [CHOMPO]
Title	JELLY (Hard)
Artist	Tokyo Machine & Snail's House [CHOMPO]
Description	'JELLY' WITH SNAIL'S HOUSE IS OUT NOW ON CHOMPO!!! NOW SAY THAT SENTENCE TO A VICTORIAN CHILD IN THE 1800s.
Difficulty	34
Primary Color	Flow
Secondary Color	Beat
Cover Image ID	105564052159783
Audio Asset ID	rbxassetid://80667537899691
Audio File	N/A
Last Note Time	168.201
Total Notes	2700
Fever Fill	786
Fever Time	25.230150
Long Notes	342
BPM	150
Song Length	169.201000000

Timing Points
1.580	400.000000
142.401	400.000000


Song Data
1.580	1	1	1
1.680	2	2	1
1.780	3	1	1
1.880	4	4	1
1.980	5	3	1
2.080	6	4	1
2.180	7	1	1
2.280	8	2	1
2.380	9	1	1
2.480	10	4	1
2.580	11	3	1
2.680	12	4	1
2.780	13	1	1
2.880	14	2	1
2.980	15	4	1
3.080	16	3	1
3.180	17	1	1
3.280	18	2	1
3.380	19	1	1
3.480	20	4	1
3.580	21	3	1
3.680	22	4	1
3.780	23	1	1
3.880	24	2	1
3.980	25	1	1
4.080	26	4	1
4.180	27	3	1
4.280	28	4	1
4.380	29	1	1
4.480	30	2	1
4.580	31	4	1
4.680	32	3	1
4.780	33	1	1
4.880	34	2	1
4.980	35	1	1
5.080	36	4	1
5.180	37	3	1
5.280	38	4	1
5.380	39	1	1
5.480	40	2	1
5.580	41	1	1
5.680	42	4	1
5.780	43	3	1
5.880	44	4	1
5.980	45	1	1
6.080	46	2	1
6.180	47	4	1
6.280	48	3	1
6.380	49	1	2
6.480	50	1	3
6.480	51	2	2
6.580	52	2	3
6.580	53	1	2
6.680	54	1	3
6.680	55	4	2
6.780	56	4	3
6.780	57	3	2
6.880	58	3	3
6.880	59	4	2
6.980	60	4	3
6.980	61	1	2
7.080	62	1	3
7.080	63	2	2
7.280	64	2	3
7.180	65	1	2
7.380	66	1	3
7.280	67	4	2
7.380	68	4	3
7.380	69	3	2
7.780	70	3	3
7.480	71	4	2
7.780	72	4	3
7.580	73	2	2
7.780	74	2	3
7.580	75	1	2
7.780	76	1	3
7.980	77	4	1
7.980	78	3	1
7.980	79	1	1
8.080	80	2	1
8.180	81	3	1
8.280	82	1	1
8.380	83	2	1
8.380	84	4	1
8.480	85	1	1
8.580	86	3	1
8.680	87	2	1
8.780	88	3	1
8.880	89	1	1
8.980	90	4	1
9.080	91	1	1
9.180	92	2	1
9.180	93	3	1
9.280	94	4	1
9.380	95	2	1
9.480	96	1	1
9.580	97	3	1
9.680	98	2	1
9.780	99	3	1
9.880	100	1	1
9.980	101	4	1
9.980	102	2	1
10.080	103	1	1
10.180	104	3	1
10.280	105	2	1
10.380	106	3	1
10.480	107	1	1
10.580	108	4	1
10.680	109	1	1
10.780	110	3	1
10.780	111	2	1
10.880	112	4	1
10.980	113	2	1
11.080	114	1	1
11.180	115	3	1
11.280	116	2	1
11.380	117	3	1
11.480	118	1	1
11.580	119	2	1
11.580	120	4	1
11.680	121	1	1
11.780	122	3	1
11.880	123	2	1
11.980	124	3	1
12.080	125	1	1
12.180	126	4	1
12.280	127	1	1
12.380	128	2	1
12.380	129	4	1
12.480	130	3	1
12.580	131	1	1
12.680	132	2	1
12.780	133	4	1
12.880	134	3	1
12.980	135	4	1
13.080	136	2	1
13.180	137	4	1
13.180	138	3	1
13.280	139	1	1
13.380	140	3	1
13.480	141	2	1
13.580	142	4	2
13.780	143	4	3
13.580	144	3	2
13.780	145	3	3
13.680	146	1	1
13.780	147	2	2
13.980	148	2	3
13.880	149	1	2
13.980	150	1	3
13.880	151	4	2
14.080	152	4	3
13.980	153	3	1
14.080	154	1	2
14.380	155	1	3
14.180	156	3	2
14.280	157	3	3
14.180	158	4	2
14.380	159	4	3
14.380	160	3	1
14.480	161	2	1
14.580	162	3	1
14.680	163	1	1
14.780	164	4	1
14.780	165	2	1
14.880	166	1	1
14.980	167	3	1
15.080	168	2	1
15.180	169	3	1
15.280	170	1	1
15.380	171	4	1
15.480	172	1	1
15.580	173	3	1
15.580	174	2	1
15.680	175	4	1
15.780	176	2	1
15.880	177	1	1
15.980	178	3	1
16.080	179	2	1
16.180	180	3	1
16.280	181	1	1
16.380	182	2	1
16.380	183	4	1
16.480	184	1	1
16.580	185	3	1
16.680	186	2	1
16.780	187	3	1
16.880	188	1	1
16.980	189	4	1
17.080	190	1	1
17.180	191	2	1
17.180	192	3	1
17.280	193	4	1
17.380	194	2	1
17.480	195	1	1
17.580	196	3	1
17.680	197	2	1
17.780	198	3	1
17.880	199	1	1
17.980	200	4	1
17.980	201	2	1
18.080	202	1	1
18.180	203	3	1
18.280	204	2	1
18.380	205	3	1
18.480	206	1	1
18.580	207	4	1
18.680	208	1	1
18.780	209	4	1
18.780	210	2	1
18.880	211	3	1
18.980	212	1	1
19.080	213	2	1
19.180	214	1	1
19.180	215	4	1
19.280	216	3	1
19.380	217	4	1
19.480	218	1	1
19.480	219	2	1
19.580	220	3	1
19.680	221	1	1
19.780	222	4	1
19.780	223	3	1
19.880	224	2	1
19.980	225	3	1
19.980	226	1	1
20.080	227	4	1
20.180	228	2	1
20.180	229	1	1
20.280	230	3	1
20.280	231	4	1
20.380	232	2	1
20.480	233	2	1
20.580	234	4	1
20.580	235	1	1
20.780	236	2	1
20.780	237	4	1
20.780	238	3	1
20.780	239	1	1
20.880	240	3	1
20.980	241	2	1
21.080	242	3	1
21.180	243	4	1
21.180	244	1	1
21.280	245	1	1
21.380	246	3	1
21.480	247	1	1
21.580	248	4	1
21.580	249	2	1
21.680	250	4	1
21.780	251	2	1
21.880	252	1	1
21.880	253	3	1
21.980	254	3	1
22.080	255	1	1
22.180	256	4	1
22.180	257	2	1
22.280	258	2	1
22.380	259	4	1
22.380	260	3	1
22.380	261	1	1
22.480	262	4	1
22.580	263	1	1
22.680	264	4	1
22.780	265	3	1
22.780	266	2	1
22.880	267	2	1
22.980	268	3	1
23.080	269	2	1
23.180	270	4	1
23.180	271	1	1
23.280	272	1	1
23.380	273	3	1
23.480	274	4	1
23.480	275	2	1
23.580	276	2	1
23.680	277	4	1
23.780	278	1	1
23.780	279	3	1
23.880	280	3	1
23.980	281	4	1
23.980	282	2	1
23.980	283	1	1
24.080	284	1	1
24.180	285	4	1
24.280	286	1	1
24.380	287	3	1
24.380	288	2	1
24.480	289	3	1
24.580	290	2	1
24.680	291	3	1
24.780	292	4	1
24.780	293	1	1
24.880	294	4	1
24.980	295	2	1
25.080	296	3	1
25.080	297	1	1
25.180	298	3	1
25.280	299	1	1
25.380	300	2	1
25.380	301	4	1
25.480	302	2	1
25.580	303	4	1
25.580	304	3	1
25.580	305	1	1
25.680	306	4	1
25.780	307	1	1
25.880	308	4	1
25.980	309	3	1
25.980	310	2	1
26.080	311	2	1
26.180	312	3	1
26.280	313	2	1
26.380	314	4	1
26.380	315	1	1
26.480	316	1	1
26.580	317	3	1
26.680	318	4	1
26.680	319	2	1
26.780	320	2	1
26.880	321	4	1
26.980	322	1	1
26.980	323	3	1
27.080	324	3	1
27.180	325	4	1
27.180	326	2	1
27.180	327	1	1
27.280	328	1	1
27.380	329	4	1
27.480	330	2	1
27.480	331	1	1
27.580	332	2	1
27.680	333	4	1
27.780	334	3	1
27.780	335	1	1
27.880	336	1	1
27.980	337	4	1
27.980	338	3	1
27.980	339	2	1
28.080	340	4	1
28.180	341	1	1
28.280	342	4	1
28.280	343	3	1
28.380	344	3	1
28.480	345	1	1
28.580	346	4	1
28.580	347	2	1
28.680	348	4	1
28.780	349	3	1
28.780	350	2	1
28.780	351	1	1
28.880	352	1	1
28.980	353	3	1
29.080	354	2	1
29.080	355	4	1
29.080	356	1	1
29.180	357	4	1
29.280	358	2	1
29.380	359	4	1
29.380	360	3	1
29.380	361	1	1
29.480	362	1	1
29.580	363	4	1
29.580	364	3	1
29.580	365	2	1
29.680	366	3	1
29.780	367	1	1
29.880	368	4	1
29.880	369	3	1
29.880	370	2	1
29.980	371	2	1
30.080	372	4	1
30.180	373	3	1
30.180	374	2	1
30.180	375	1	1
30.280	376	3	1
30.380	377	4	1
30.380	378	2	1
30.380	379	1	1
30.480	380	1	1
30.580	381	2	1
30.580	382	3	1
30.680	383	4	1
30.680	384	2	1
30.680	385	1	1
30.780	386	4	1
30.880	387	2	1
30.880	388	3	1
30.980	389	4	1
30.980	390	3	1
30.980	391	1	1
31.080	392	1	1
31.180	393	4	1
31.180	394	3	1
31.280	395	3	1
31.280	396	4	1
31.380	397	2	1
31.380	398	1	1
31.480	399	1	1
31.480	400	2	1
31.580	401	3	1
31.630	402	4	1
31.680	403	2	1
31.730	404	1	1
31.780	405	3	1
31.830	406	4	1
31.880	407	2	1
31.930	408	3	1
31.980	409	2	1
31.980	410	4	1
31.980	411	1	1
32.380	412	4	1
32.380	413	3	1
32.780	414	4	1
33.580	415	2	1
33.580	416	1	1
33.624	417	3	1
33.668	418	4	1
33.713	419	1	1
33.757	420	4	1
33.808	421	2	1
33.865	422	3	1
33.922	423	2	1
33.980	424	1	1
33.980	425	4	1
34.060	426	3	1
34.140	427	1	1
34.180	428	3	1
34.280	429	2	1
34.380	430	4	1
34.380	431	3	1
34.430	432	1	1
34.480	433	2	1
34.580	434	4	1
34.580	435	1	1
34.680	436	4	1
34.680	437	3	1
34.730	438	2	1
34.780	439	3	1
34.880	440	4	1
34.880	441	1	1
34.980	442	2	1
34.980	443	1	1
35.030	444	3	1
35.080	445	4	1
35.180	446	1	1
35.180	447	2	1
35.230	448	4	1
35.280	449	3	1
35.380	450	4	1
35.380	451	1	1
35.480	452	2	1
35.480	453	1	1
35.530	454	3	1
35.580	455	2	1
35.680	456	4	1
35.680	457	1	1
35.780	458	2	1
35.780	459	1	1
35.830	460	3	1
35.880	461	4	1
35.980	462	4	1
35.980	463	3	1
36.030	464	1	1
36.080	465	2	1
36.180	466	4	1
36.180	467	1	1
36.280	468	4	1
36.280	469	3	1
36.330	470	2	1
36.380	471	3	1
36.480	472	4	1
36.480	473	1	1
36.580	474	2	1
36.580	475	1	1
36.630	476	3	1
36.680	477	4	1
36.780	478	4	1
36.780	479	3	1
36.824	480	2	1
36.868	481	1	1
36.913	482	4	1
36.957	483	1	1
37.008	484	3	1
37.065	485	2	1
37.122	486	3	1
37.180	487	4	1
37.213	488	1	1
37.246	489	2	1
37.280	490	3	1
37.330	491	4	1
37.380	492	1	1
37.480	493	3	1
37.580	494	1	1
37.613	495	4	1
37.646	496	3	1
37.680	497	2	1
37.780	498	4	1
37.780	499	1	1
37.880	500	1	1
37.913	501	3	1
37.946	502	4	1
37.980	503	2	1
38.080	504	4	1
38.080	505	1	1
38.180	506	1	1
38.213	507	4	1
38.246	508	3	1
38.280	509	2	1
38.380	510	4	1
38.413	511	1	1
38.446	512	2	1
38.480	513	3	1
38.580	514	4	1
38.580	515	1	1
38.680	516	4	1
38.730	517	2	1
38.780	518	1	1
38.813	519	4	1
38.846	520	3	1
38.880	521	2	1
38.980	522	1	1
39.030	523	4	1
39.080	524	3	1
39.180	525	3	1
39.180	526	2	1
39.280	527	1	1
39.280	528	2	1
39.380	529	4	1
39.480	530	2	1
39.480	531	1	1
39.580	532	3	1
39.580	533	2	1
39.646	534	4	1
39.713	535	3	1
39.780	536	1	1
39.780	537	4	1
39.980	538	3	1
39.980	539	4	1
40.024	540	2	1
40.068	541	1	1
40.113	542	4	1
40.157	543	1	1
40.208	544	3	1
40.265	545	2	1
40.322	546	3	1
40.380	547	4	1
40.380	548	1	1
40.460	549	2	1
40.540	550	4	1
40.580	551	2	1
40.680	552	3	1
40.780	553	1	1
40.780	554	2	1
40.830	555	4	1
40.880	556	3	1
40.980	557	1	1
40.980	558	4	1
41.080	559	1	1
41.080	560	2	1
41.130	561	3	1
41.180	562	2	1
41.280	563	1	1
41.280	564	4	1
41.380	565	3	1
41.380	566	4	1
41.430	567	2	1
41.480	568	1	1
41.580	569	4	1
41.580	570	3	1
41.630	571	1	1
41.680	572	2	1
41.780	573	1	1
41.780	574	4	1
41.880	575	3	1
41.880	576	4	1
41.930	577	2	1
41.980	578	3	1
42.080	579	1	1
42.080	580	4	1
42.180	581	3	1
42.180	582	4	1
42.230	583	2	1
42.280	584	1	1
42.380	585	1	1
42.380	586	2	1
42.430	587	4	1
42.480	588	3	1
42.580	589	1	1
42.580	590	4	1
42.680	591	1	1
42.680	592	2	1
42.730	593	3	1
42.780	594	2	1
42.880	595	1	1
42.880	596	4	1
42.980	597	3	1
42.980	598	4	1
43.030	599	2	1
43.080	600	1	1
43.180	601	1	1
43.180	602	2	1
43.224	603	3	1
43.268	604	4	1
43.313	605	1	1
43.357	606	4	1
43.408	607	2	1
43.465	608	3	1
43.522	609	2	1
43.580	610	1	1
43.613	611	4	1
43.646	612	3	1
43.680	613	2	1
43.730	614	1	1
43.780	615	4	1
43.880	616	2	1
43.980	617	4	1
44.013	618	1	1
44.046	619	2	1
44.080	620	3	1
44.180	621	1	1
44.180	622	4	1
44.280	623	1	1
44.313	624	4	1
44.346	625	3	1
44.380	626	2	1
44.480	627	1	1
44.480	628	4	1
44.580	629	4	1
44.613	630	1	1
44.646	631	2	1
44.680	632	3	1
44.780	633	2	1
44.780	634	4	1
44.780	635	1	1
44.880	636	2	1
44.980	637	3	1
45.080	638	1	1
45.180	639	2	1
45.180	640	4	1
45.180	641	3	1
45.280	642	4	1
45.380	643	2	1
45.380	644	1	1
45.480	645	1	1
45.580	646	2	1
45.580	647	4	1
45.580	648	3	1
45.680	649	3	1
45.780	650	2	1
45.880	651	1	1
45.880	652	4	1
45.980	653	4	1
45.980	654	1	1
45.980	655	2	1
45.980	656	3	1
46.380	657	1	1
46.380	658	2	1
46.424	659	3	1
46.468	660	4	1
46.513	661	1	1
46.557	662	4	1
46.608	663	2	1
46.665	664	3	1
46.722	665	2	1
46.780	666	4	1
46.780	667	1	1
46.860	668	3	1
46.940	669	4	1
46.980	670	3	1
47.046	671	4	1
47.180	672	3	1
47.180	673	1	1
47.230	674	4	1
47.280	675	2	1
47.380	676	4	1
47.380	677	3	1
47.480	678	3	1
47.480	679	1	1
47.530	680	2	1
47.580	681	1	1
47.680	682	4	1
47.680	683	3	1
47.780	684	4	1
47.780	685	2	1
47.830	686	3	1
47.880	687	1	1
47.980	688	4	1
47.980	689	2	1
48.030	690	1	1
48.080	691	3	1
48.180	692	2	1
48.180	693	1	1
48.280	694	4	1
48.280	695	2	1
48.330	696	3	1
48.380	697	4	1
48.480	698	2	1
48.480	699	1	1
48.580	700	3	1
48.580	701	1	1
48.630	702	2	1
48.680	703	4	1
48.780	704	1	1
48.780	705	2	1
48.830	706	4	1
48.880	707	3	1
48.980	708	1	1
48.980	709	4	1
49.080	710	1	1
49.080	711	2	1
49.130	712	3	1
49.180	713	2	1
49.280	714	1	1
49.280	715	4	1
49.380	716	2	1
49.380	717	3	1
49.430	718	4	1
49.480	719	1	1
49.580	720	4	1
49.580	721	3	1
49.624	722	2	1
49.668	723	1	1
49.713	724	4	1
49.757	725	1	1
49.808	726	3	1
49.865	727	2	1
49.922	728	3	1
49.980	729	1	1
50.013	730	4	1
50.046	731	3	1
50.080	732	2	1
50.130	733	1	1
50.180	734	4	1
50.280	735	3	1
50.380	736	2	1
50.413	737	1	1
50.446	738	3	1
50.480	739	4	1
50.580	740	1	1
50.580	741	2	1
50.680	742	3	1
50.713	743	4	1
50.746	744	2	1
50.780	745	1	1
50.880	746	4	1
50.880	747	3	1
50.980	748	2	1
51.013	749	1	1
51.046	750	3	1
51.080	751	4	1
51.180	752	1	1
51.213	753	4	1
51.246	754	2	1
51.280	755	3	1
51.380	756	4	1
51.380	757	1	1
51.480	758	1	1
51.530	759	3	1
51.580	760	4	1
51.613	761	1	1
51.646	762	3	1
51.680	763	2	1
51.780	764	4	1
51.830	765	3	1
51.880	766	1	1
51.980	767	3	1
51.980	768	2	1
52.080	769	3	1
52.080	770	4	1
52.180	771	1	1
52.280	772	4	1
52.280	773	3	1
52.380	774	3	1
52.380	775	2	1
52.446	776	1	1
52.513	777	2	1
52.580	778	1	1
52.580	779	4	1
52.780	780	2	1
52.780	781	1	1
52.824	782	3	1
52.868	783	4	1
52.913	784	1	1
52.957	785	4	1
53.008	786	2	1
53.065	787	3	1
53.122	788	2	1
53.180	789	1	1
53.180	790	4	1
53.230	791	3	1
53.280	792	2	1
53.330	793	3	1
53.380	794	4	1
53.480	795	1	1
53.580	796	1	1
53.580	797	3	1
53.630	798	4	1
53.680	799	2	1
53.780	800	3	1
53.780	801	4	1
53.880	802	1	1
53.880	803	3	1
53.930	804	2	1
53.980	805	1	1
54.080	806	3	1
54.080	807	4	1
54.180	808	2	1
54.180	809	4	1
54.230	810	3	1
54.280	811	1	1
54.380	812	3	1
54.380	813	4	1
54.430	814	1	1
54.480	815	2	1
54.580	816	4	1
54.580	817	1	1
54.680	818	2	1
54.680	819	3	1
54.730	820	4	1
54.780	821	2	1
54.880	822	1	1
54.880	823	4	1
54.980	824	1	1
54.980	825	2	1
55.030	826	4	1
55.080	827	3	1
55.180	828	2	1
55.180	829	4	1
55.230	830	1	1
55.280	831	3	1
55.380	832	2	1
55.380	833	1	1
55.480	834	2	1
55.480	835	4	1
55.530	836	3	1
55.580	837	4	1
55.680	838	2	1
55.680	839	1	1
55.780	840	3	1
55.780	841	1	1
55.830	842	4	1
55.880	843	2	1
55.980	844	3	1
55.980	845	4	1
56.024	846	2	1
56.068	847	1	1
56.113	848	4	1
56.157	849	1	1
56.208	850	3	1
56.265	851	2	1
56.322	852	3	1
56.380	853	4	1
56.380	854	1	1
56.480	855	1	1
56.580	856	4	1
56.680	857	4	1
56.780	858	3	1
56.780	859	2	1
56.830	860	1	1
56.880	861	4	1
56.980	862	2	1
56.980	863	1	1
57.080	864	3	1
57.080	865	2	1
57.130	866	4	1
57.180	867	1	1
57.280	868	4	1
57.280	869	3	1
57.380	870	3	1
57.380	871	2	1
57.430	872	1	1
57.480	873	4	1
57.580	874	2	1
57.580	875	1	1
57.630	876	3	1
57.680	877	4	1
57.730	878	2	1
57.780	879	3	1
57.830	880	1	1
57.880	881	4	1
57.880	882	2	1
57.980	883	1	1
57.980	884	3	1
58.046	885	4	1
58.113	886	2	1
58.113	887	1	1
58.180	888	4	1
58.246	889	1	1
58.246	890	3	1
58.313	891	2	1
58.313	892	4	1
58.380	893	3	1
58.380	894	1	1
59.180	895	2	2
59.280	896	2	3
59.380	897	1	2
59.480	898	1	3
59.580	899	2	2
59.780	900	2	3
59.680	901	1	2
59.780	902	1	3
59.880	903	3	2
59.980	904	3	3
59.980	905	1	1
60.080	906	4	2
60.180	907	4	3
60.180	908	1	1
60.280	909	2	2
60.580	910	2	3
60.480	911	3	1
60.580	912	1	1
60.780	913	4	2
60.880	914	4	3
60.980	915	3	2
61.080	916	3	3
61.180	917	2	2
61.380	918	2	3
61.280	919	3	2
61.380	920	3	3
61.480	921	4	2
61.980	922	4	3
61.580	923	1	2
61.980	924	1	3
61.780	925	2	1
61.880	926	3	1
62.080	927	3	1
62.180	928	2	1
62.380	929	4	2
62.480	930	4	3
62.580	931	2	2
62.680	932	2	3
62.780	933	3	2
62.980	934	3	3
62.880	935	1	2
62.980	936	1	3
63.080	937	1	2
63.180	938	1	3
63.180	939	4	1
63.280	940	2	2
63.380	941	2	3
63.380	942	4	1
63.480	943	3	2
63.780	944	3	3
63.680	945	2	1
63.780	946	1	1
63.980	947	1	2
64.080	948	1	3
64.180	949	3	2
64.280	950	3	3
64.380	951	2	2
64.580	952	2	3
64.480	953	4	2
64.580	954	4	3
64.680	955	4	2
65.180	956	4	3
64.780	957	2	1
64.980	958	2	1
65.080	959	3	1
65.180	960	1	1
65.280	961	1	1
65.380	962	4	2
65.580	963	4	3
65.380	964	3	2
65.580	965	3	3
65.580	966	2	2
65.680	967	2	3
65.580	968	1	1
65.780	969	3	2
65.880	970	3	3
65.980	971	4	2
66.180	972	4	3
65.980	973	1	1
66.080	974	3	2
66.180	975	3	3
66.280	976	2	2
66.380	977	2	3
66.380	978	4	1
66.380	979	1	1
66.480	980	3	2
66.580	981	3	3
66.580	982	4	1
66.680	983	1	2
66.980	984	1	3
66.780	985	4	1
66.780	986	3	1
66.880	987	2	2
66.980	988	2	3
66.980	989	3	1
67.180	990	4	2
67.280	991	4	3
67.180	992	1	1
67.380	993	3	2
67.480	994	3	3
67.580	995	1	2
67.780	996	1	3
67.580	997	4	1
67.680	998	2	2
67.780	999	2	3
67.880	1000	3	2
68.180	1001	3	3
67.980	1002	2	2
68.380	1003	2	3
67.980	1004	1	1
68.180	1005	4	1
68.280	1006	3	2
68.380	1007	3	3
68.380	1008	4	1
68.380	1009	1	1
68.480	1010	2	1
68.580	1011	1	1
68.780	1012	4	1
68.780	1013	3	2
68.880	1014	3	3
68.980	1015	2	2
69.080	1016	2	3
69.180	1017	1	2
69.380	1018	1	3
69.180	1019	4	1
69.280	1020	2	2
69.380	1021	2	3
69.480	1022	3	2
69.580	1023	3	3
69.580	1024	1	1
69.580	1025	4	1
69.680	1026	2	2
69.780	1027	2	3
69.780	1028	1	1
69.880	1029	4	2
70.180	1030	4	3
69.980	1031	1	1
69.980	1032	2	1
70.080	1033	3	2
70.180	1034	3	3
70.180	1035	2	1
70.380	1036	1	2
70.480	1037	1	3
70.380	1038	4	1
70.580	1039	2	2
70.680	1040	2	3
70.780	1041	4	2
70.980	1042	4	3
70.780	1043	1	1
70.880	1044	3	2
70.980	1045	3	3
71.080	1046	1	2
71.380	1047	1	3
71.180	1048	4	2
71.580	1049	4	3
71.180	1050	3	1
71.380	1051	3	1
71.480	1052	1	2
71.580	1053	1	3
71.580	1054	3	1
71.580	1055	2	1
71.680	1056	1	1
71.780	1057	4	1
71.880	1058	3	1
71.980	1059	2	1
71.980	1060	4	1
71.980	1061	1	1
72.180	1062	2	1
72.380	1063	3	1
72.380	1064	4	1
72.380	1065	1	1
72.480	1066	2	1
72.680	1067	3	1
72.780	1068	2	1
72.780	1069	4	1
72.780	1070	1	1
72.880	1071	3	1
73.080	1072	4	2
73.280	1073	4	3
73.180	1074	2	2
73.380	1075	2	3
73.180	1076	1	2
73.380	1077	1	3
73.280	1078	3	1
73.380	1079	4	1
73.480	1080	2	1
73.580	1081	3	1
73.580	1082	4	1
73.580	1083	1	1
73.780	1084	3	1
73.980	1085	2	1
73.980	1086	4	1
73.980	1087	1	1
74.080	1088	3	1
74.280	1089	1	2
74.580	1090	1	3
74.380	1091	4	2
74.580	1092	4	3
74.380	1093	3	2
74.480	1094	3	3
74.580	1095	3	2
74.780	1096	3	3
74.680	1097	1	1
74.680	1098	4	2
74.780	1099	4	3
74.780	1100	2	1
74.880	1101	1	1
74.980	1102	4	1
74.980	1103	3	1
75.080	1104	2	1
75.180	1105	4	2
75.280	1106	4	3
75.180	1107	1	1
75.380	1108	3	2
75.480	1109	3	3
75.580	1110	1	1
75.580	1111	2	2
75.780	1112	2	3
75.680	1113	3	2
75.780	1114	3	3
75.780	1115	4	1
75.880	1116	1	2
76.180	1117	1	3
75.980	1118	4	1
75.980	1119	3	1
76.080	1120	2	1
76.180	1121	4	2
76.380	1122	4	3
76.280	1123	3	1
76.380	1124	1	1
76.380	1125	2	2
76.580	1126	2	3
76.480	1127	4	2
76.580	1128	4	3
76.580	1129	3	2
76.780	1130	3	3
76.680	1131	2	1
76.780	1132	4	1
76.780	1133	1	1
76.830	1134	2	1
76.880	1135	3	1
76.930	1136	4	1
76.980	1137	1	1
77.030	1138	2	1
77.080	1139	3	1
77.130	1140	1	1
77.180	1141	4	1
77.230	1142	3	1
77.280	1143	2	1
77.330	1144	1	1
77.380	1145	4	1
77.430	1146	3	1
77.480	1147	2	1
77.530	1148	4	1
77.580	1149	1	2
77.780	1150	1	3
77.980	1151	2	1
78.030	1152	1	1
78.080	1153	3	1
78.130	1154	2	1
78.180	1155	4	1
78.230	1156	3	1
78.280	1157	1	1
78.330	1158	2	1
78.380	1159	3	2
78.680	1160	3	3
78.380	1161	4	2
78.580	1162	4	3
78.580	1163	2	2
78.680	1164	2	3
78.780	1165	2	2
78.980	1166	2	3
78.780	1167	1	1
78.880	1168	3	2
78.980	1169	3	3
79.080	1170	4	2
79.180	1171	4	3
79.130	1172	1	2
79.380	1173	1	3
79.180	1174	3	1
79.280	1175	4	2
79.380	1176	4	3
79.480	1177	2	2
79.580	1178	2	3
79.580	1179	4	1
79.580	1180	1	1
79.680	1181	2	2
79.780	1182	2	3
79.730	1183	3	2
79.880	1184	3	3
79.880	1185	4	1
79.980	1186	2	2
80.080	1187	2	3
79.980	1188	1	2
80.180	1189	1	3
80.180	1190	2	2
80.280	1191	2	3
80.380	1192	4	1
80.380	1193	3	2
80.580	1194	3	3
80.480	1195	2	2
80.580	1196	2	3
80.680	1197	1	2
80.780	1198	1	3
80.730	1199	4	2
80.980	1200	4	3
80.780	1201	3	1
80.880	1202	1	2
80.980	1203	1	3
80.880	1204	2	2
80.980	1205	2	3
81.080	1206	3	2
81.180	1207	3	3
81.130	1208	4	2
81.430	1209	4	3
81.180	1210	1	1
81.380	1211	3	2
81.480	1212	3	3
81.430	1213	2	2
81.780	1214	2	3
81.480	1215	1	1
81.580	1216	4	1
81.580	1217	3	2
81.780	1218	3	3
81.780	1219	1	1
81.980	1220	4	1
81.980	1221	1	1
82.080	1222	3	1
82.280	1223	2	1
82.380	1224	4	1
82.380	1225	3	1
82.480	1226	1	1
82.680	1227	1	1
82.780	1228	4	1
82.780	1229	2	1
82.980	1230	3	1
83.080	1231	2	1
83.180	1232	4	1
83.180	1233	1	1
83.380	1234	3	1
83.580	1235	4	1
83.580	1236	1	1
83.680	1237	2	1
83.880	1238	3	1
83.980	1239	1	1
83.980	1240	2	1
84.080	1241	4	1
84.280	1242	4	1
84.380	1243	1	1
84.380	1244	3	1
84.580	1245	2	1
84.680	1246	3	1
84.780	1247	2	2
84.980	1248	2	3
84.780	1249	1	2
84.980	1250	1	3
84.980	1251	3	1
85.080	1252	4	1
85.180	1253	2	2
85.380	1254	2	3
85.180	1255	3	2
85.580	1256	3	3
85.280	1257	1	1
85.380	1258	4	1
85.480	1259	2	2
85.680	1260	2	3
85.580	1261	1	2
85.680	1262	1	3
85.580	1263	4	1
85.680	1264	3	1
85.780	1265	1	1
85.880	1266	2	1
85.980	1267	4	2
86.080	1268	4	3
85.980	1269	3	1
86.080	1270	1	2
86.180	1271	1	3
86.180	1272	3	2
86.280	1273	3	3
86.280	1274	2	2
86.380	1275	2	3
86.380	1276	4	2
86.580	1277	4	3
86.380	1278	3	2
86.580	1279	3	3
86.580	1280	1	2
86.780	1281	1	3
86.680	1282	2	2
86.780	1283	2	3
86.780	1284	4	1
86.780	1285	3	1
86.880	1286	4	2
86.980	1287	4	3
86.930	1288	2	1
86.980	1289	1	1
87.080	1290	3	2
87.180	1291	3	3
87.180	1292	2	1
87.180	1293	1	1
87.280	1294	4	2
87.580	1295	4	3
87.380	1296	3	1
87.480	1297	1	1
87.580	1298	3	1
87.580	1299	2	1
87.680	1300	4	1
87.780	1301	1	1
87.830	1302	2	1
87.880	1303	4	1
87.930	1304	3	1
87.980	1305	2	2
88.080	1306	2	3
87.980	1307	1	2
88.180	1308	1	3
88.080	1309	4	1
88.180	1310	2	2
88.380	1311	2	3
88.280	1312	1	2
88.580	1313	1	3
88.380	1314	4	1
88.380	1315	3	1
88.480	1316	2	2
88.580	1317	2	3
88.580	1318	4	1
88.680	1319	3	2
88.980	1320	3	3
88.780	1321	2	1
88.780	1322	1	1
88.880	1323	4	2
89.180	1324	4	3
88.980	1325	1	1
89.080	1326	3	2
89.180	1327	3	3
89.080	1328	2	1
89.180	1329	1	1
89.280	1330	3	2
89.380	1331	3	3
89.380	1332	4	1
89.380	1333	1	1
89.480	1334	3	2
89.580	1335	3	3
89.580	1336	2	1
89.580	1337	1	1
89.680	1338	3	1
89.680	1339	4	1
89.780	1340	1	1
89.780	1341	2	1
89.880	1342	4	1
89.880	1343	3	1
89.980	1344	2	1
89.980	1345	1	1
90.080	1346	1	1
90.080	1347	2	1
90.180	1348	4	1
90.180	1349	3	1
90.280	1350	3	1
90.280	1351	4	1
90.380	1352	4	1
90.380	1353	2	1
90.380	1354	1	1
90.480	1355	1	1
90.530	1356	2	1
90.580	1357	3	1
90.630	1358	4	1
90.680	1359	2	1
90.730	1360	1	1
90.780	1361	4	1
90.780	1362	3	1
90.830	1363	2	1
90.880	1364	3	1
90.980	1365	1	1
91.030	1366	4	1
91.080	1367	1	1
91.180	1368	4	1
91.180	1369	3	1
91.224	1370	2	1
91.268	1371	1	1
91.313	1372	3	1
91.357	1373	2	1
91.402	1374	4	1
91.446	1375	3	1
91.491	1376	1	1
91.535	1377	2	1
91.580	1378	3	2
91.780	1379	3	3
91.580	1380	4	1
91.680	1381	4	2
91.780	1382	4	3
91.780	1383	1	1
91.880	1384	3	2
91.980	1385	3	3
91.880	1386	2	2
92.180	1387	2	3
92.080	1388	3	1
92.180	1389	4	1
92.180	1390	1	1
92.280	1391	1	2
92.580	1392	1	3
92.380	1393	2	2
92.580	1394	2	3
92.380	1395	4	2
92.480	1396	4	3
92.380	1397	3	2
92.480	1398	3	3
92.580	1399	4	1
92.630	1400	3	1
92.680	1401	2	1
92.730	1402	1	1
92.780	1403	4	2
92.880	1404	4	3
92.880	1405	1	1
92.930	1406	2	1
92.980	1407	3	1
93.030	1408	4	1
93.080	1409	2	2
93.380	1410	2	3
93.180	1411	4	2
93.380	1412	4	3
93.180	1413	1	2
93.380	1414	1	3
93.380	1415	3	1
93.430	1416	2	1
93.480	1417	4	1
93.530	1418	3	1
93.580	1419	1	2
93.780	1420	1	3
93.680	1421	4	2
93.780	1422	4	3
93.780	1423	2	1
93.780	1424	3	1
93.880	1425	3	2
94.180	1426	3	3
93.980	1427	2	2
94.080	1428	2	3
93.980	1429	4	1
93.980	1430	1	2
94.080	1431	1	3
94.080	1432	4	2
94.180	1433	4	3
94.180	1434	1	2
94.280	1435	1	3
94.280	1436	3	1
94.380	1437	2	1
94.380	1438	1	1
94.424	1439	3	1
94.468	1440	4	1
94.513	1441	2	1
94.557	1442	3	1
94.602	1443	1	1
94.646	1444	2	1
94.691	1445	4	1
94.735	1446	3	1
94.780	1447	1	1
94.780	1448	2	2
94.980	1449	2	3
94.880	1450	1	2
94.980	1451	1	3
94.980	1452	4	1
95.080	1453	3	2
95.380	1454	3	3
95.080	1455	2	2
95.180	1456	2	3
95.280	1457	2	1
95.380	1458	4	1
95.380	1459	1	1
95.480	1460	4	2
95.780	1461	4	3
95.580	1462	3	2
95.780	1463	3	3
95.580	1464	2	2
95.680	1465	2	3
95.580	1466	1	2
95.680	1467	1	3
95.780	1468	1	1
95.830	1469	2	1
95.880	1470	3	1
95.930	1471	4	1
95.980	1472	1	1
96.046	1473	2	1
96.113	1474	1	1
96.180	1475	3	1
96.246	1476	2	1
96.313	1477	1	1
96.380	1478	4	1
96.446	1479	3	1
96.513	1480	4	1
96.580	1481	2	1
96.646	1482	3	1
96.713	1483	4	1
96.780	1484	1	1
96.830	1485	2	1
96.880	1486	3	1
96.930	1487	1	1
96.980	1488	4	1
97.030	1489	2	1
97.080	1490	3	1
97.130	1491	4	1
97.180	1492	1	1
97.230	1493	3	1
97.280	1494	2	1
97.330	1495	1	1
97.380	1496	3	1
97.380	1497	4	1
97.480	1498	4	1
97.480	1499	3	1
97.580	1500	2	1
97.680	1501	4	1
97.680	1502	3	1
97.780	1503	4	1
97.780	1504	1	1
97.880	1505	4	1
97.880	1506	3	1
97.980	1507	2	2
98.180	1508	2	3
97.980	1509	3	1
97.980	1510	1	1
98.080	1511	1	2
98.180	1512	1	3
98.180	1513	4	1
98.280	1514	3	2
98.580	1515	3	3
98.380	1516	2	1
98.380	1517	1	1
98.480	1518	4	2
98.580	1519	4	3
98.580	1520	1	1
98.680	1521	2	2
98.980	1522	2	3
98.780	1523	3	2
98.880	1524	3	3
98.780	1525	4	2
98.880	1526	4	3
98.780	1527	1	2
98.980	1528	1	3
98.980	1529	4	1
99.030	1530	3	1
99.080	1531	1	1
99.130	1532	2	1
99.180	1533	4	1
99.180	1534	3	1
99.280	1535	4	1
99.380	1536	1	2
99.455	1537	1	3
99.430	1538	2	2
99.505	1539	2	3
99.480	1540	3	2
99.805	1541	3	3
99.580	1542	1	2
99.680	1543	1	3
99.580	1544	4	2
99.755	1545	4	3
99.780	1546	2	2
99.855	1547	2	3
99.830	1548	1	2
99.905	1549	1	3
99.880	1550	4	2
99.955	1551	4	3
99.930	1552	3	2
100.005	1553	3	3
99.980	1554	2	1
99.980	1555	1	2
100.180	1556	1	3
100.080	1557	2	2
100.180	1558	2	3
100.180	1559	4	1
100.280	1560	3	2
100.580	1561	3	3
100.380	1562	2	2
100.480	1563	2	3
100.380	1564	4	1
100.380	1565	1	2
100.480	1566	1	3
100.480	1567	4	2
100.580	1568	4	3
100.580	1569	1	2
100.780	1570	1	3
100.680	1571	2	1
100.780	1572	4	1
100.780	1573	3	1
100.880	1574	3	1
100.980	1575	1	1
101.080	1576	1	1
101.180	1577	4	1
101.180	1578	2	1
101.180	1579	3	2
101.380	1580	3	3
101.280	1581	4	2
101.380	1582	4	3
101.380	1583	1	1
101.480	1584	2	2
101.780	1585	2	3
101.580	1586	4	1
101.580	1587	3	1
101.680	1588	1	1
101.780	1589	4	1
101.880	1590	3	2
102.180	1591	3	3
101.980	1592	4	2
102.180	1593	4	3
101.980	1594	1	2
102.080	1595	1	3
101.980	1596	2	2
102.080	1597	2	3
102.180	1598	1	1
102.230	1599	2	1
102.280	1600	4	1
102.330	1601	3	1
102.380	1602	2	2
102.580	1603	2	3
102.380	1604	1	1
102.580	1605	3	1
102.680	1606	4	1
102.780	1607	1	1
102.780	1608	2	1
102.880	1609	4	1
102.980	1610	3	1
103.080	1611	1	2
103.180	1612	1	3
103.130	1613	2	2
103.480	1614	2	3
103.180	1615	3	1
103.280	1616	1	2
103.480	1617	1	3
103.380	1618	4	1
103.480	1619	4	1
103.580	1620	3	1
103.580	1621	2	1
103.580	1622	1	1
103.680	1623	3	1
103.780	1624	1	1
103.880	1625	4	1
103.980	1626	3	1
103.980	1627	1	1
103.980	1628	2	1
103.980	1629	4	1
104.080	1630	2	1
104.180	1631	3	1
104.280	1632	2	1
104.380	1633	1	2
104.480	1634	1	3
104.380	1635	4	1
104.480	1636	4	2
104.580	1637	4	3
104.580	1638	2	2
104.780	1639	2	3
104.680	1640	4	2
104.780	1641	4	3
104.780	1642	1	1
104.780	1643	3	1
104.880	1644	1	1
104.980	1645	3	1
105.080	1646	4	1
105.080	1647	2	1
105.180	1648	2	1
105.280	1649	4	1
105.380	1650	1	1
105.380	1651	3	1
105.480	1652	3	1
105.580	1653	1	1
105.580	1654	2	1
105.580	1655	4	1
105.680	1656	1	1
105.780	1657	4	1
105.880	1658	1	1
105.980	1659	2	2
106.080	1660	2	3
105.980	1661	3	1
106.080	1662	3	2
106.180	1663	3	3
106.180	1664	2	2
106.380	1665	2	3
106.280	1666	3	2
106.380	1667	3	3
106.380	1668	1	1
106.380	1669	4	1
106.480	1670	4	1
106.580	1671	2	1
106.680	1672	1	1
106.680	1673	3	1
106.780	1674	3	1
106.880	1675	1	1
106.980	1676	4	1
106.980	1677	2	1
107.080	1678	2	1
107.180	1679	1	1
107.180	1680	3	1
107.180	1681	4	1
107.280	1682	4	1
107.380	1683	1	1
107.480	1684	4	1
107.580	1685	3	2
107.680	1686	3	3
107.580	1687	2	1
107.680	1688	2	2
107.780	1689	2	3
107.780	1690	3	2
107.980	1691	3	3
107.880	1692	2	2
107.980	1693	2	3
107.980	1694	1	1
107.980	1695	4	1
108.080	1696	1	1
108.180	1697	3	1
108.280	1698	2	1
108.280	1699	4	1
108.380	1700	2	1
108.480	1701	4	1
108.580	1702	3	1
108.580	1703	1	1
108.680	1704	3	1
108.780	1705	1	1
108.780	1706	2	1
108.780	1707	4	1
108.880	1708	1	1
108.980	1709	4	1
109.080	1710	1	1
109.180	1711	2	2
109.280	1712	2	3
109.180	1713	3	1
109.280	1714	3	2
109.380	1715	3	3
109.380	1716	2	2
109.580	1717	2	3
109.480	1718	3	2
109.580	1719	3	3
109.580	1720	1	1
109.580	1721	4	1
109.680	1722	4	1
109.780	1723	2	1
109.880	1724	1	1
109.880	1725	3	1
109.980	1726	3	1
110.080	1727	1	1
110.180	1728	4	1
110.180	1729	2	1
110.280	1730	2	1
110.380	1731	1	1
110.380	1732	3	1
110.380	1733	4	1
110.480	1734	4	1
110.580	1735	1	1
110.680	1736	3	1
110.680	1737	4	1
110.780	1738	3	2
110.980	1739	3	3
110.880	1740	1	2
110.980	1741	1	3
110.980	1742	2	1
110.980	1743	4	1
111.080	1744	4	1
111.180	1745	1	1
111.180	1746	2	1
111.180	1747	3	1
111.280	1748	1	1
111.380	1749	4	1
111.480	1750	1	1
111.480	1751	2	1
111.580	1752	2	2
111.780	1753	2	3
111.680	1754	4	2
111.780	1755	4	3
111.780	1756	1	1
111.780	1757	3	1
111.880	1758	1	1
111.980	1759	2	1
111.980	1760	3	1
111.980	1761	4	1
112.080	1762	4	1
112.180	1763	2	1
112.280	1764	3	1
112.280	1765	1	1
112.280	1766	4	1
112.380	1767	1	2
112.480	1768	1	3
112.480	1769	3	2
112.580	1770	3	3
112.580	1771	1	1
112.580	1772	2	1
112.580	1773	4	1
112.680	1774	4	1
112.780	1775	1	1
112.780	1776	2	1
112.780	1777	3	1
112.880	1778	2	1
112.980	1779	4	1
113.080	1780	1	1
113.080	1781	2	1
113.080	1782	3	1
113.180	1783	3	2
113.280	1784	3	3
113.280	1785	1	2
113.380	1786	1	3
113.380	1787	2	1
113.380	1788	3	1
113.380	1789	4	1
113.480	1790	2	1
113.580	1791	1	1
113.580	1792	3	1
113.580	1793	4	1
113.680	1794	4	1
113.780	1795	3	1
113.780	1796	2	1
113.880	1797	1	1
113.880	1798	3	1
113.880	1799	4	1
113.980	1800	1	1
114.080	1801	3	1
114.080	1802	2	1
114.180	1803	1	1
114.180	1804	2	1
114.180	1805	4	1
114.280	1806	4	1
114.380	1807	1	1
114.380	1808	2	1
114.480	1809	2	1
114.480	1810	1	1
114.580	1811	3	1
114.580	1812	4	1
114.680	1813	4	1
114.680	1814	3	1
114.780	1815	2	1
114.830	1816	1	1
114.880	1817	3	1
114.930	1818	4	1
114.980	1819	2	1
115.030	1820	1	1
115.080	1821	3	1
115.130	1822	2	1
115.180	1823	3	1
115.180	1824	1	1
115.180	1825	4	1
115.580	1826	1	1
115.580	1827	2	1
115.980	1828	1	1
116.380	1829	4	1
116.380	1830	3	1
116.446	1831	2	1
116.513	1832	3	1
116.580	1833	1	1
116.630	1834	4	1
116.680	1835	2	1
116.730	1836	3	1
116.780	1837	4	1
116.780	1838	1	1
116.868	1839	2	1
116.913	1840	1	1
116.957	1841	3	1
117.002	1842	4	1
117.046	1843	2	1
117.091	1844	1	1
117.135	1845	3	1
117.180	1846	4	1
117.224	1847	1	1
117.268	1848	2	1
117.313	1849	4	1
117.357	1850	3	1
117.402	1851	1	1
117.446	1852	2	1
117.491	1853	4	1
117.535	1854	3	1
117.580	1855	2	1
117.580	1856	1	1
117.780	1857	4	1
117.780	1858	1	1
117.880	1859	3	1
117.880	1860	1	1
117.913	1861	4	1
117.946	1862	2	1
118.080	1863	3	1
118.080	1864	1	1
118.180	1865	2	1
118.180	1866	1	1
118.213	1867	3	1
118.246	1868	4	1
118.380	1869	4	1
118.380	1870	3	1
118.380	1871	1	1
118.446	1872	2	1
118.513	1873	3	1
118.580	1874	4	1
118.580	1875	1	1
118.680	1876	4	1
118.680	1877	2	1
118.713	1878	1	1
118.746	1879	3	1
118.880	1880	4	1
118.880	1881	2	1
118.980	1882	4	1
118.980	1883	3	1
119.013	1884	2	1
119.046	1885	1	1
119.180	1886	4	1
119.180	1887	3	1
119.180	1888	2	1
119.180	1889	1	1
119.380	1890	4	1
119.380	1891	1	1
119.480	1892	3	1
119.480	1893	1	1
119.513	1894	4	1
119.546	1895	2	1
119.680	1896	3	1
119.680	1897	1	1
119.780	1898	2	1
119.780	1899	1	1
119.813	1900	3	1
119.846	1901	4	1
119.980	1902	4	1
119.980	1903	3	1
120.080	1904	3	1
120.130	1905	1	1
120.180	1906	4	1
120.380	1907	3	1
120.413	1908	1	1
120.446	1909	4	1
120.480	1910	2	1
120.530	1911	3	1
120.580	1912	1	1
120.780	1913	4	1
120.780	1914	3	1
120.780	1915	1	1
120.780	1916	2	1
120.980	1917	4	1
120.980	1918	1	1
121.080	1919	4	1
121.080	1920	2	1
121.113	1921	1	1
121.146	1922	3	1
121.280	1923	4	1
121.280	1924	2	1
121.380	1925	4	1
121.380	1926	3	1
121.413	1927	2	1
121.446	1928	1	1
121.580	1929	4	1
121.580	1930	2	1
121.580	1931	1	1
121.646	1932	3	1
121.713	1933	2	1
121.780	1934	4	1
121.780	1935	3	1
121.880	1936	4	1
121.880	1937	1	1
121.913	1938	2	1
121.946	1939	3	1
122.080	1940	2	1
122.080	1941	1	1
122.180	1942	4	1
122.180	1943	1	1
122.213	1944	3	1
122.246	1945	2	1
122.380	1946	3	1
122.380	1947	4	1
122.380	1948	1	1
122.380	1949	2	1
122.480	1950	4	1
122.580	1951	1	1
122.680	1952	3	1
122.680	1953	2	1
122.780	1954	3	2
122.980	1955	3	3
122.780	1956	4	2
122.980	1957	4	3
122.780	1958	2	2
122.980	1959	2	3
122.780	1960	1	2
122.980	1961	1	3
123.180	1962	2	1
123.180	1963	1	1
123.268	1964	2	1
123.313	1965	1	1
123.357	1966	3	1
123.402	1967	4	1
123.446	1968	2	1
123.491	1969	1	1
123.580	1970	4	1
123.580	1971	3	1
123.680	1972	2	1
123.694	1973	3	1
123.751	1974	4	1
123.820	1975	1	1
123.880	1976	3	1
123.980	1977	4	1
123.980	1978	3	1
123.980	1979	2	1
123.980	1980	1	1
124.180	1981	4	1
124.180	1982	1	1
124.280	1983	4	1
124.280	1984	2	1
124.313	1985	1	1
124.346	1986	3	1
124.480	1987	4	1
124.480	1988	2	1
124.580	1989	4	1
124.580	1990	3	1
124.613	1991	2	1
124.646	1992	1	1
124.780	1993	4	1
124.780	1994	2	1
124.780	1995	1	1
124.846	1996	3	1
124.913	1997	2	1
124.980	1998	4	1
124.980	1999	1	1
125.080	2000	3	1
125.080	2001	1	1
125.113	2002	4	1
125.146	2003	2	1
125.280	2004	3	1
125.280	2005	1	1
125.380	2006	2	1
125.380	2007	1	1
125.413	2008	3	1
125.446	2009	4	1
125.580	2010	3	1
125.580	2011	4	1
125.580	2012	1	1
125.580	2013	2	1
125.780	2014	4	1
125.780	2015	1	1
125.880	2016	4	1
125.880	2017	2	1
125.913	2018	1	1
125.946	2019	3	1
126.080	2020	4	1
126.080	2021	2	1
126.180	2022	4	1
126.180	2023	3	1
126.213	2024	2	1
126.246	2025	1	1
126.380	2026	2	1
126.380	2027	1	1
126.480	2028	2	1
126.530	2029	4	1
126.580	2030	1	1
126.780	2031	2	1
126.813	2032	4	1
126.846	2033	1	1
126.880	2034	3	1
126.930	2035	2	1
126.980	2036	4	1
127.180	2037	4	1
127.180	2038	3	1
127.180	2039	1	1
127.180	2040	2	1
127.280	2041	3	1
127.380	2042	1	1
127.430	2043	4	1
127.480	2044	1	1
127.513	2045	2	1
127.546	2046	3	1
127.580	2047	4	1
127.630	2048	1	1
127.680	2049	2	1
127.730	2050	4	1
127.780	2051	2	1
127.813	2052	1	1
127.846	2053	4	1
127.880	2054	3	1
127.930	2055	2	1
127.980	2056	4	1
127.980	2057	1	1
128.080	2058	4	1
128.180	2059	2	1
128.280	2060	3	1
128.380	2061	4	1
128.380	2062	1	1
128.480	2063	1	1
128.580	2064	3	1
128.680	2065	2	1
128.780	2066	4	1
128.780	2067	3	1
128.880	2068	1	1
128.980	2069	4	1
129.080	2070	2	1
129.180	2071	4	1
129.180	2072	3	1
129.180	2073	1	1
129.580	2074	4	1
129.580	2075	3	1
129.668	2076	3	1
129.713	2077	4	1
129.757	2078	2	1
129.802	2079	1	1
129.846	2080	3	1
129.891	2081	4	1
129.935	2082	2	1
129.980	2083	1	1
130.046	2084	3	1
130.113	2085	1	1
130.180	2086	2	1
130.280	2087	1	1
130.380	2088	3	1
130.380	2089	4	1
130.430	2090	2	1
130.480	2091	1	1
130.530	2092	4	1
130.580	2093	3	1
130.630	2094	2	1
130.680	2095	3	1
130.713	2096	4	1
130.746	2097	1	1
130.780	2098	2	1
130.830	2099	3	1
130.880	2100	4	1
130.930	2101	1	1
130.980	2102	4	1
131.013	2103	3	1
131.046	2104	2	1
131.080	2105	1	1
131.180	2106	2	1
131.180	2107	1	1
131.230	2108	3	1
131.280	2109	4	1
131.330	2110	1	1
131.380	2111	2	1
131.430	2112	3	1
131.480	2113	2	1
131.513	2114	1	1
131.546	2115	4	1
131.580	2116	3	1
131.630	2117	2	1
131.680	2118	1	1
131.730	2119	4	1
131.780	2120	1	1
131.813	2121	2	1
131.846	2122	3	1
131.880	2123	4	1
131.980	2124	4	1
131.980	2125	3	1
132.030	2126	1	1
132.080	2127	2	1
132.130	2128	3	1
132.180	2129	1	1
132.280	2130	1	1
132.313	2131	4	1
132.346	2132	3	1
132.380	2133	2	1
132.430	2134	4	1
132.480	2135	3	1
132.580	2136	3	1
132.613	2137	4	1
132.646	2138	1	1
132.680	2139	2	1
132.780	2140	4	1
132.780	2141	1	1
132.868	2142	3	1
132.913	2143	4	1
132.957	2144	2	1
133.002	2145	1	1
133.046	2146	3	1
133.091	2147	4	1
133.135	2148	2	1
133.180	2149	4	2
133.313	2150	4	3
133.180	2151	1	2
133.380	2152	1	3
133.580	2153	1	1
133.580	2154	2	1
133.630	2155	3	1
133.680	2156	4	1
133.730	2157	1	1
133.780	2158	2	1
133.830	2159	3	1
133.880	2160	2	1
133.913	2161	1	1
133.946	2162	4	1
133.980	2163	3	1
134.030	2164	2	1
134.080	2165	1	1
134.130	2166	4	1
134.180	2167	1	1
134.213	2168	2	1
134.246	2169	3	1
134.280	2170	4	1
134.380	2171	4	1
134.380	2172	3	1
134.430	2173	2	1
134.480	2174	1	1
134.530	2175	4	1
134.580	2176	3	1
134.630	2177	2	1
134.680	2178	3	1
134.713	2179	4	1
134.746	2180	1	1
134.780	2181	2	1
134.830	2182	3	1
134.880	2183	4	1
134.930	2184	1	1
134.980	2185	4	1
135.013	2186	3	1
135.046	2187	2	1
135.080	2188	1	1
135.180	2189	4	1
135.180	2190	2	1
135.180	2191	3	1
135.280	2192	4	1
135.330	2193	1	1
135.380	2194	3	1
135.480	2195	2	1
135.480	2196	1	1
135.580	2197	4	2
135.780	2198	4	3
135.580	2199	3	2
135.780	2200	3	3
135.580	2201	2	2
135.780	2202	2	3
135.580	2203	1	2
135.780	2204	1	3
135.980	2205	3	1
135.980	2206	4	1
136.068	2207	3	1
136.113	2208	4	1
136.157	2209	2	1
136.202	2210	1	1
136.246	2211	3	1
136.291	2212	4	1
136.380	2213	1	1
136.380	2214	2	1
136.480	2215	3	1
136.494	2216	2	1
136.551	2217	1	1
136.620	2218	4	1
136.680	2219	3	1
136.780	2220	1	1
136.780	2221	2	1
136.830	2222	3	1
136.880	2223	4	1
136.930	2224	1	1
136.980	2225	2	1
137.030	2226	3	1
137.080	2227	2	1
137.113	2228	1	1
137.146	2229	4	1
137.180	2230	3	1
137.230	2231	2	1
137.280	2232	1	1
137.330	2233	4	1
137.380	2234	1	1
137.413	2235	2	1
137.446	2236	3	1
137.480	2237	4	1
137.580	2238	4	1
137.580	2239	3	1
137.630	2240	1	1
137.680	2241	2	1
137.730	2242	3	1
137.780	2243	4	1
137.830	2244	1	1
137.880	2245	4	1
137.913	2246	3	1
137.946	2247	2	1
137.980	2248	1	1
138.030	2249	4	1
138.080	2250	3	1
138.130	2251	2	1
138.180	2252	3	1
138.213	2253	4	1
138.246	2254	1	1
138.280	2255	2	1
138.380	2256	2	1
138.380	2257	1	1
138.430	2258	3	1
138.480	2259	4	1
138.530	2260	2	1
138.580	2261	3	1
138.630	2262	1	1
138.680	2263	3	1
138.713	2264	2	1
138.746	2265	1	1
138.780	2266	4	1
138.830	2267	3	1
138.880	2268	2	1
138.930	2269	4	1
138.980	2270	2	1
139.013	2271	3	1
139.046	2272	4	1
139.080	2273	1	1
139.180	2274	2	2
139.580	2275	2	3
139.180	2276	3	2
139.380	2277	3	3
139.580	2278	4	2
139.780	2279	4	3
139.580	2280	1	2
139.713	2281	1	3
139.980	2282	3	1
139.980	2283	4	1
140.030	2284	1	1
140.080	2285	2	1
140.130	2286	4	1
140.180	2287	3	1
140.280	2288	3	1
140.313	2289	2	1
140.346	2290	1	1
140.380	2291	4	1
140.430	2292	3	1
140.480	2293	2	1
140.580	2294	2	1
140.613	2295	3	1
140.646	2296	4	1
140.680	2297	1	1
140.780	2298	1	1
140.780	2299	3	1
140.880	2300	3	1
140.980	2301	2	1
141.080	2302	1	1
141.080	2303	2	1
141.180	2304	4	1
141.180	2305	3	1
141.246	2306	1	1
141.313	2307	4	1
141.313	2308	3	1
141.380	2309	1	1
141.446	2310	4	1
141.446	2311	2	1
141.513	2312	3	1
141.513	2313	1	1
141.580	2314	4	1
141.580	2315	2	1
141.980	2316	4	1
142.030	2317	3	1
142.080	2318	2	1
142.130	2319	4	1
142.180	2320	1	1
142.230	2321	2	1
142.280	2322	3	1
142.330	2323	1	1
142.401	2324	2	2
142.501	2325	2	3
142.401	2326	4	2
142.701	2327	4	3
142.501	2328	3	1
142.601	2329	2	2
142.801	2330	2	3
142.801	2331	3	2
143.001	2332	3	3
142.801	2333	4	1
142.801	2334	1	1
142.901	2335	2	2
143.001	2336	2	3
143.101	2337	3	2
143.201	2338	3	3
143.201	2339	4	1
143.201	2340	1	1
143.301	2341	3	2
143.401	2342	3	3
143.401	2343	2	1
143.501	2344	1	2
144.001	2345	1	3
143.601	2346	4	1
143.601	2347	2	2
143.801	2348	2	3
143.601	2349	3	1
143.801	2350	4	1
143.901	2351	2	1
144.001	2352	3	1
144.001	2353	4	1
144.101	2354	2	1
144.201	2355	1	1
144.301	2356	3	1
144.401	2357	2	1
144.401	2358	4	1
144.401	2359	1	1
144.501	2360	3	1
144.701	2361	4	2
145.001	2362	4	3
144.801	2363	2	1
144.801	2364	1	1
144.901	2365	3	1
145.001	2366	1	1
145.101	2367	2	1
145.201	2368	4	1
145.201	2369	3	1
145.201	2370	1	1
145.301	2371	2	1
145.401	2372	4	1
145.501	2373	2	1
145.601	2374	3	2
145.701	2375	3	3
145.601	2376	1	2
145.901	2377	1	3
145.701	2378	4	1
145.801	2379	3	2
146.001	2380	3	3
146.001	2381	4	1
146.001	2382	1	1
146.001	2383	2	2
146.201	2384	2	3
146.101	2385	3	2
146.201	2386	3	3
146.301	2387	2	2
146.401	2388	2	3
146.401	2389	4	1
146.401	2390	1	1
146.501	2391	3	2
146.601	2392	3	3
146.701	2393	4	2
147.001	2394	4	3
146.801	2395	3	2
147.101	2396	3	3
146.801	2397	2	1
146.801	2398	1	1
147.001	2399	2	2
147.201	2400	2	3
147.101	2401	1	2
147.201	2402	1	3
147.201	2403	4	1
147.201	2404	3	1
147.301	2405	1	1
147.401	2406	2	1
147.501	2407	3	1
147.601	2408	4	1
147.601	2409	2	1
147.601	2410	1	1
147.701	2411	4	1
147.801	2412	2	1
147.901	2413	2	2
148.201	2414	2	3
148.001	2415	4	1
148.001	2416	3	1
148.101	2417	1	2
148.201	2418	1	3
148.201	2419	4	1
148.301	2420	3	2
148.601	2421	3	3
148.401	2422	2	1
148.401	2423	1	1
148.501	2424	4	2
148.601	2425	4	3
148.601	2426	1	1
148.701	2427	4	1
148.801	2428	1	2
149.101	2429	1	3
148.801	2430	3	2
148.901	2431	3	3
148.901	2432	2	1
149.001	2433	3	2
149.201	2434	3	3
149.201	2435	4	1
149.201	2436	1	1
149.201	2437	2	2
149.401	2438	2	3
149.301	2439	3	2
149.401	2440	3	3
149.501	2441	2	2
149.601	2442	2	3
149.601	2443	4	1
149.601	2444	1	1
149.701	2445	2	2
149.801	2446	2	3
149.801	2447	3	1
149.901	2448	4	2
150.401	2449	4	3
150.001	2450	2	1
150.001	2451	3	2
150.201	2452	3	3
150.001	2453	1	1
150.201	2454	1	1
150.301	2455	3	1
150.401	2456	1	1
150.401	2457	2	1
150.501	2458	3	1
150.601	2459	4	1
150.701	2460	2	1
150.801	2461	4	1
150.801	2462	1	1
150.801	2463	3	1
151.001	2464	1	1
151.101	2465	2	1
151.201	2466	4	1
151.201	2467	3	1
151.301	2468	2	1
151.401	2469	4	1
151.501	2470	3	1
151.601	2471	4	1
151.601	2472	2	1
151.601	2473	1	1
151.701	2474	3	1
151.801	2475	1	1
151.901	2476	3	1
152.001	2477	4	2
152.301	2478	4	3
152.001	2479	2	2
152.101	2480	2	3
152.101	2481	1	1
152.201	2482	2	2
152.401	2483	2	3
152.401	2484	3	2
152.601	2485	3	3
152.401	2486	4	1
152.401	2487	1	1
152.501	2488	2	2
152.601	2489	2	3
152.701	2490	3	2
152.801	2491	3	3
152.801	2492	4	1
152.801	2493	1	1
152.901	2494	2	2
153.001	2495	2	3
153.101	2496	1	2
153.401	2497	1	3
153.201	2498	4	1
153.201	2499	3	1
153.201	2500	2	2
153.501	2501	2	3
153.401	2502	3	2
153.601	2503	3	3
153.501	2504	4	2
153.601	2505	4	3
153.601	2506	2	1
153.601	2507	1	1
153.701	2508	4	1
153.801	2509	3	1
153.901	2510	2	1
154.001	2511	4	1
154.001	2512	3	1
154.001	2513	1	1
154.101	2514	2	1
154.301	2515	1	2
154.501	2516	1	3
154.401	2517	3	1
154.401	2518	4	1
154.501	2519	2	2
154.701	2520	2	3
154.601	2521	1	1
154.701	2522	4	2
155.101	2523	4	3
154.801	2524	2	1
154.801	2525	1	1
154.901	2526	3	2
155.101	2527	3	3
155.101	2528	2	1
155.201	2529	1	1
155.201	2530	4	1
155.201	2531	3	1
155.301	2532	2	1
155.401	2533	1	1
155.501	2534	4	1
155.601	2535	3	2
155.801	2536	3	3
155.601	2537	2	1
155.701	2538	4	2
155.801	2539	4	3
155.801	2540	1	1
155.901	2541	2	2
156.201	2542	2	3
156.001	2543	4	1
156.001	2544	3	1
156.101	2545	1	2
156.201	2546	1	3
156.201	2547	4	1
156.301	2548	3	2
156.701	2549	3	3
156.401	2550	2	1
156.401	2551	1	1
156.501	2552	4	2
156.701	2553	4	3
156.601	2554	1	1
156.701	2555	2	1
156.801	2556	4	1
156.801	2557	1	1
156.901	2558	3	1
157.001	2559	4	1
157.101	2560	1	1
157.201	2561	3	1
157.201	2562	2	2
157.401	2563	2	3
157.301	2564	1	2
157.401	2565	1	3
157.401	2566	4	1
157.501	2567	3	2
157.801	2568	3	3
157.601	2569	2	1
157.601	2570	1	1
157.701	2571	4	2
157.801	2572	4	3
157.801	2573	1	1
157.901	2574	2	2
158.301	2575	2	3
158.001	2576	4	1
158.001	2577	3	1
158.101	2578	1	2
158.301	2579	1	3
158.201	2580	4	1
158.301	2581	3	1
158.401	2582	1	1
158.401	2583	4	1
158.501	2584	2	1
158.601	2585	1	1
158.701	2586	4	1
158.801	2587	2	1
158.801	2588	3	2
159.001	2589	3	3
158.901	2590	4	2
159.001	2591	4	3
159.001	2592	1	1
159.101	2593	2	2
159.401	2594	2	3
159.201	2595	3	1
159.201	2596	4	1
159.301	2597	1	2
159.401	2598	1	3
159.401	2599	4	1
159.501	2600	3	2
159.901	2601	3	3
159.601	2602	1	1
159.601	2603	2	1
159.701	2604	4	2
159.901	2605	4	3
159.801	2606	1	1
159.901	2607	2	1
160.001	2608	1	1
160.001	2609	4	1
160.201	2610	4	1
160.301	2611	3	1
160.401	2612	4	1
160.401	2613	2	2
160.601	2614	2	3
160.501	2615	1	2
160.601	2616	1	3
160.701	2617	3	2
161.001	2618	3	3
160.801	2619	1	1
160.801	2620	2	1
160.901	2621	4	2
161.001	2622	4	3
161.101	2623	2	2
161.501	2624	2	3
161.201	2625	3	1
161.201	2626	4	1
161.301	2627	1	2
161.501	2628	1	3
161.501	2629	3	1
161.601	2630	4	1
161.601	2631	1	1
161.801	2632	2	1
162.001	2633	3	2
162.201	2634	3	3
162.101	2635	4	2
162.201	2636	4	3
162.301	2637	2	2
162.401	2638	2	3
162.501	2639	1	2
162.601	2640	1	3
162.701	2641	3	2
162.801	2642	3	3
162.801	2643	2	1
162.901	2644	4	2
163.101	2645	4	3
163.001	2646	1	1
163.201	2647	1	1
163.201	2648	4	1
163.401	2649	3	1
163.601	2650	2	2
163.801	2651	2	3
163.701	2652	1	2
163.801	2653	1	3
163.901	2654	3	2
164.001	2655	3	3
164.101	2656	4	2
164.201	2657	4	3
164.301	2658	2	2
164.401	2659	2	3
164.401	2660	3	1
164.501	2661	1	2
164.701	2662	1	3
164.601	2663	4	1
164.801	2664	1	1
164.801	2665	4	1
165.001	2666	2	1
165.201	2667	3	2
165.301	2668	3	3
165.301	2669	4	2
165.401	2670	4	3
165.501	2671	2	2
165.601	2672	2	3
165.701	2673	1	2
165.801	2674	1	3
165.901	2675	3	2
166.001	2676	3	3
166.001	2677	2	1
166.101	2678	4	2
166.201	2679	4	3
166.201	2680	1	1
166.401	2681	4	1
166.401	2682	1	1
166.601	2683	3	1
166.801	2684	2	1
166.901	2685	1	1
167.101	2686	3	1
167.301	2687	4	1
167.501	2688	1	1
167.601	2689	2	1
167.651	2690	1	1
167.701	2691	3	1
167.751	2692	2	1
167.801	2693	4	1
167.851	2694	3	1
167.901	2695	1	1
167.951	2696	2	1
168.001	2697	3	2
168.201	2698	3	3
168.001	2699	4	2
168.201	2700	4	3