Song Name	Jelly (Hard) by Hyper Potions & MYLK
Difficulty	25
Primary Color	Chill
Secondary Color	Vibe
Audio Asset ID	rbxassetid://9064698112
Audio File	9064698112.ogg
Last Note Time	168.557
Total Notes	1913
Fever Fill	531
Fever Time	25.283550
Long Notes	320
BPM	200
Song Length	169.557000000

Timing Points
0.032	300.000000


Song Data
0.032	1	4	2
0.332	2	4	3
0.482	3	4	1
0.932	4	3	2
1.232	5	3	3
1.382	6	3	1
2.432	7	1	2
2.732	8	1	3
2.882	9	1	1
3.332	10	2	2
3.632	11	2	3
3.782	12	2	1
4.232	13	3	2
4.532	14	3	3
4.532	15	2	2
4.832	16	2	3
4.832	17	4	1
4.832	18	3	1
4.832	19	1	2
5.132	20	1	3
5.132	21	2	1
5.282	22	3	1
5.432	23	4	1
5.432	24	1	1
5.582	25	3	1
5.732	26	2	1
5.882	27	1	1
6.032	28	4	1
6.032	29	3	1
6.182	30	1	1
6.257	31	2	1
6.332	32	3	1
6.482	33	3	1
6.632	34	2	1
6.632	35	1	1
6.932	36	4	2
7.232	37	4	3
7.082	38	2	2
7.232	39	2	3
7.232	40	3	1
7.232	41	1	1
7.382	42	2	1
7.532	43	3	2
7.832	44	3	3
7.682	45	2	1
7.832	46	1	1
7.832	47	4	2
8.132	48	4	3
7.982	49	3	1
8.132	50	1	1
8.282	51	2	1
8.432	52	1	1
8.432	53	4	1
8.582	54	4	1
8.657	55	3	1
8.732	56	2	2
8.882	57	2	3
9.032	58	3	1
9.032	59	2	1
9.332	60	4	2
9.632	61	4	3
9.482	62	1	1
9.557	63	3	1
9.632	64	1	1
9.632	65	2	2
9.932	66	2	3
9.932	67	4	1
10.082	68	3	1
10.082	69	1	2
10.382	70	1	3
10.232	71	4	1
10.232	72	3	1
10.382	73	2	1
10.532	74	4	1
10.532	75	1	1
10.682	76	2	1
10.832	77	3	1
10.832	78	1	1
10.982	79	1	1
11.057	80	2	1
11.132	81	3	2
11.282	82	3	3
11.432	83	3	1
11.432	84	2	1
11.732	85	4	2
12.032	86	4	3
11.882	87	3	1
12.032	88	1	1
12.032	89	2	2
12.332	90	2	3
12.182	91	3	1
12.332	92	4	1
12.482	93	3	1
12.482	94	1	2
12.782	95	1	3
12.632	96	4	1
12.632	97	3	1
12.782	98	2	1
12.932	99	4	1
12.932	100	1	1
13.082	101	3	1
13.232	102	2	1
13.232	103	4	1
13.382	104	4	1
13.457	105	3	1
13.532	106	2	2
13.682	107	2	3
13.832	108	2	1
13.832	109	3	1
13.982	110	1	1
14.132	111	4	1
14.132	112	3	1
14.282	113	2	1
14.282	114	1	1
14.432	115	4	1
14.432	116	3	1
14.432	117	1	1
14.732	118	2	1
14.882	119	4	1
15.032	120	3	2
15.332	121	3	3
15.032	122	1	1
15.182	123	4	1
15.332	124	2	2
15.482	125	2	3
15.482	126	1	1
15.632	127	4	1
15.632	128	3	2
15.932	129	3	3
15.782	130	1	1
15.857	131	2	1
15.932	132	1	1
15.932	133	4	2
16.232	134	4	3
16.082	135	3	1
16.232	136	2	1
16.232	137	1	1
16.382	138	3	1
16.532	139	4	1
16.532	140	2	2
16.682	141	2	3
16.682	142	3	1
16.832	143	4	1
16.832	144	1	2
17.132	145	1	3
17.132	146	3	1
17.282	147	3	2
17.582	148	3	3
17.282	149	2	1
17.432	150	2	1
17.432	151	1	1
17.732	152	2	1
17.732	153	1	1
17.732	154	4	2
18.032	155	4	3
17.882	156	3	1
18.032	157	3	1
18.032	158	1	1
18.182	159	2	1
18.257	160	3	1
18.332	161	4	1
18.482	162	2	1
18.632	163	3	1
18.632	164	2	1
18.782	165	3	1
18.932	166	4	1
18.932	167	1	2
19.232	168	1	3
19.082	169	2	1
19.157	170	3	1
19.232	171	4	1
19.232	172	2	1
19.532	173	3	1
19.532	174	1	1
19.682	175	2	1
19.832	176	3	2
20.132	177	3	3
19.832	178	4	2
20.132	179	4	3
19.982	180	2	1
20.132	181	2	1
20.132	182	1	1
20.282	183	3	1
20.432	184	1	1
20.432	185	4	2
20.582	186	4	3
20.582	187	2	1
20.657	188	3	1
20.732	189	2	1
20.732	190	1	1
20.882	191	3	2
21.182	192	3	3
21.032	193	2	1
21.032	194	1	1
21.182	195	4	1
21.332	196	3	1
21.332	197	1	2
21.632	198	1	3
21.632	199	4	1
21.632	200	2	1
21.782	201	3	1
21.782	202	2	1
21.932	203	4	1
21.932	204	1	1
22.082	205	3	1
22.232	206	2	1
22.232	207	1	1
22.382	208	4	1
22.382	209	3	1
22.532	210	2	1
22.532	211	1	1
22.682	212	3	1
22.832	213	4	1
22.832	214	1	1
22.907	215	3	1
22.982	216	4	1
22.982	217	2	1
23.057	218	3	1
23.132	219	2	1
23.132	220	1	1
23.207	221	4	1
23.282	222	3	1
23.357	223	2	1
23.432	224	1	2
24.032	225	1	3
23.432	226	4	2
24.032	227	4	3
24.032	228	3	1
24.032	229	2	1
24.182	230	2	1
24.332	231	3	1
24.482	232	2	2
24.632	233	2	3
24.482	234	1	2
24.632	235	1	3
24.632	236	4	1
24.632	237	3	1
24.782	238	2	1
24.932	239	1	2
25.082	240	1	3
24.932	241	4	2
25.232	242	4	3
25.232	243	3	2
25.532	244	3	3
25.382	245	2	1
25.382	246	1	1
25.532	247	4	2
25.682	248	4	3
25.532	249	2	2
25.832	250	2	3
25.682	251	3	1
25.832	252	4	1
25.832	253	1	2
26.132	254	1	3
26.132	255	3	1
26.132	256	4	1
26.282	257	2	1
26.432	258	3	2
26.582	259	3	3
26.432	260	1	2
26.582	261	1	3
26.582	262	2	1
26.732	263	3	1
26.882	264	4	2
27.032	265	4	3
26.882	266	2	2
27.032	267	2	3
27.032	268	1	1
27.032	269	3	1
27.182	270	3	1
27.182	271	2	1
27.332	272	1	1
27.332	273	4	2
27.632	274	4	3
27.482	275	2	1
27.632	276	1	1
27.632	277	3	2
27.932	278	3	3
27.932	279	4	1
27.932	280	2	2
28.232	281	2	3
28.232	282	4	2
28.532	283	4	3
28.232	284	3	1
28.232	285	1	2
28.532	286	1	3
28.532	287	2	1
28.532	288	3	1
28.682	289	2	1
28.832	290	3	2
28.982	291	3	3
28.832	292	4	2
28.982	293	4	3
28.982	294	2	1
29.132	295	4	1
29.282	296	2	2
29.432	297	2	3
29.282	298	1	2
29.432	299	1	3
29.432	300	4	1
29.432	301	3	1
29.582	302	2	1
29.582	303	3	1
29.732	304	2	1
29.732	305	1	1
29.732	306	4	2
30.032	307	4	3
30.032	308	3	2
30.332	309	3	3
30.182	310	1	1
30.182	311	2	1
30.332	312	4	2
30.632	313	4	3
30.332	314	2	2
30.632	315	2	3
30.632	316	3	1
30.632	317	1	2
30.932	318	1	3
30.782	319	2	1
30.932	320	4	1
30.932	321	3	1
31.082	322	2	1
31.232	323	3	2
31.382	324	3	3
31.232	325	4	2
31.382	326	4	3
31.232	327	1	2
31.832	328	1	3
31.382	329	2	1
31.532	330	3	1
31.682	331	4	2
31.832	332	4	3
31.682	333	3	2
31.832	334	3	3
31.832	335	2	1
32.132	336	2	2
32.282	337	2	3
32.132	338	1	2
32.282	339	1	3
32.132	340	4	2
32.732	341	4	3
32.282	342	3	1
32.432	343	2	1
32.582	344	1	1
32.732	345	3	1
32.732	346	2	1
33.032	347	3	1
33.032	348	1	1
33.182	349	2	1
33.332	350	4	1
33.482	351	3	1
33.632	352	2	1
33.632	353	1	1
33.782	354	3	1
33.932	355	4	1
33.932	356	2	1
34.082	357	3	1
34.232	358	2	1
34.232	359	4	1
34.232	360	1	1
34.532	361	4	1
34.532	362	1	1
34.682	363	3	1
34.832	364	1	1
34.832	365	4	2
35.132	366	4	3
34.982	367	1	1
35.057	368	2	1
35.132	369	3	1
35.282	370	2	1
35.432	371	1	2
35.882	372	1	3
35.432	373	4	1
35.432	374	3	1
35.582	375	2	1
35.732	376	4	1
35.732	377	3	1
35.882	378	3	1
36.032	379	4	1
36.032	380	2	1
36.032	381	1	1
36.332	382	3	1
36.332	383	2	1
36.482	384	2	1
36.632	385	1	1
36.632	386	3	1
36.782	387	2	1
36.932	388	1	1
36.932	389	3	1
36.932	390	4	1
37.082	391	3	1
37.232	392	4	1
37.232	393	2	1
37.382	394	1	1
37.457	395	2	1
37.532	396	4	1
37.532	397	3	1
37.682	398	2	1
37.832	399	4	1
37.832	400	1	1
37.982	401	3	1
38.132	402	2	2
38.432	403	2	3
38.132	404	1	1
38.282	405	4	1
38.357	406	3	1
38.432	407	1	2
38.732	408	1	3
38.432	409	4	2
38.732	410	4	3
38.732	411	3	1
38.732	412	2	1
38.882	413	3	1
39.032	414	2	1
39.032	415	1	2
39.332	416	1	3
39.332	417	3	1
39.332	418	4	2
39.632	419	4	3
39.482	420	1	1
39.632	421	3	1
39.632	422	2	2
39.932	423	2	3
39.782	424	4	1
39.857	425	1	1
39.932	426	4	1
39.932	427	3	2
40.232	428	3	3
40.082	429	2	1
40.232	430	2	1
40.232	431	1	1
40.532	432	4	1
40.532	433	1	1
40.682	434	3	1
40.832	435	2	1
40.832	436	1	1
40.982	437	1	1
40.982	438	2	1
41.132	439	2	1
41.132	440	1	1
41.282	441	2	1
41.282	442	1	1
41.432	443	4	1
41.432	444	3	1
41.582	445	4	1
41.582	446	2	1
41.657	447	3	1
41.732	448	2	1
41.732	449	1	1
41.882	450	4	1
41.882	451	3	1
42.032	452	2	1
42.032	453	1	1
42.107	454	3	1
42.182	455	4	1
42.182	456	2	1
42.257	457	1	1
42.332	458	3	1
42.332	459	4	1
42.407	460	2	1
42.482	461	3	1
42.482	462	1	1
42.557	463	2	1
42.632	464	3	1
42.632	465	4	1
42.782	466	2	1
42.932	467	2	1
43.232	468	4	1
43.232	469	1	1
43.382	470	4	1
43.382	471	1	1
43.532	472	3	1
43.532	473	1	1
43.682	474	3	1
43.682	475	1	1
43.832	476	4	2
44.132	477	4	3
43.832	478	1	2
44.132	479	1	3
44.132	480	3	1
44.132	481	2	1
44.282	482	3	1
44.432	483	1	1
44.432	484	4	1
44.582	485	1	1
44.582	486	4	1
44.732	487	2	1
44.732	488	4	1
44.882	489	2	1
44.882	490	4	1
45.032	491	1	2
45.332	492	1	3
45.032	493	4	2
45.332	494	4	3
45.182	495	3	1
45.332	496	2	1
45.332	497	3	1
45.482	498	2	1
45.632	499	4	2
45.782	500	4	3
45.632	501	3	2
45.782	502	3	3
45.782	503	2	1
45.932	504	1	1
46.082	505	4	1
46.082	506	3	1
46.232	507	1	1
46.232	508	2	1
46.382	509	3	1
46.382	510	2	1
46.532	511	1	2
47.132	512	1	3
46.532	513	4	2
46.682	514	4	3
46.532	515	3	2
46.682	516	3	3
46.682	517	2	1
46.832	518	4	2
46.982	519	4	3
46.832	520	3	2
46.982	521	3	3
46.982	522	2	1
47.132	523	3	2
47.432	524	3	3
47.132	525	4	1
47.432	526	4	1
47.432	527	2	1
47.432	528	1	1
47.582	529	3	1
47.732	530	2	1
47.882	531	1	1
48.032	532	4	1
48.032	533	3	2
48.182	534	3	3
48.182	535	2	1
48.332	536	1	1
48.482	537	3	1
48.482	538	2	2
48.632	539	2	3
48.632	540	4	1
48.632	541	3	1
48.632	542	1	1
48.782	543	4	1
48.782	544	2	1
48.782	545	1	1
48.932	546	3	2
49.232	547	3	3
48.932	548	2	1
48.932	549	1	1
49.232	550	1	1
49.232	551	4	1
49.382	552	1	1
49.382	553	4	1
49.532	554	1	1
49.532	555	3	1
49.682	556	1	1
49.682	557	3	1
49.832	558	1	2
50.132	559	1	3
49.832	560	4	2
50.132	561	4	3
49.982	562	2	1
50.132	563	3	1
50.132	564	2	1
50.282	565	3	1
50.432	566	1	2
50.582	567	1	3
50.432	568	2	2
50.582	569	2	3
50.582	570	3	1
50.732	571	4	1
50.882	572	1	1
50.882	573	2	1
51.032	574	4	1
51.032	575	3	1
51.182	576	2	1
51.182	577	3	1
51.332	578	4	2
51.932	579	4	3
51.332	580	1	2
51.482	581	1	3
51.332	582	2	2
51.482	583	2	3
51.482	584	3	1
51.632	585	1	2
51.782	586	1	3
51.632	587	2	2
51.782	588	2	3
51.782	589	3	1
51.932	590	2	1
51.932	591	1	1
52.232	592	1	1
52.232	593	3	1
52.232	594	4	1
52.382	595	2	1
52.532	596	4	1
52.607	597	3	1
52.682	598	4	1
52.682	599	2	1
52.757	600	1	1
52.832	601	3	2
53.282	602	3	3
52.832	603	2	1
52.982	604	2	1
53.132	605	2	1
53.282	606	4	1
53.432	607	2	1
53.432	608	3	1
53.432	609	1	1
53.732	610	2	2
53.882	611	2	3
53.732	612	4	2
53.882	613	4	3
53.882	614	3	1
54.032	615	2	1
54.182	616	3	2
54.332	617	3	3
54.182	618	1	2
54.332	619	1	3
54.257	620	2	1
54.332	621	4	2
54.632	622	4	3
54.482	623	2	1
54.632	624	3	1
54.632	625	1	1
54.782	626	2	1
54.932	627	4	1
54.932	628	1	1
55.082	629	3	1
55.082	630	2	1
55.232	631	2	1
55.232	632	4	2
55.532	633	4	3
55.382	634	1	1
55.532	635	2	1
55.682	636	3	1
55.832	637	2	1
55.832	638	1	1
55.982	639	2	1
56.132	640	1	2
56.432	641	1	3
56.132	642	4	2
56.432	643	4	3
56.282	644	3	1
56.432	645	3	1
56.432	646	2	1
56.582	647	1	1
56.657	648	2	1
56.732	649	4	1
56.732	650	3	1
56.882	651	2	1
56.882	652	1	1
57.032	653	4	1
57.032	654	3	1
57.032	655	1	1
57.182	656	2	1
57.332	657	3	1
57.332	658	2	1
57.407	659	1	1
57.482	660	4	1
57.557	661	3	1
57.632	662	1	2
58.082	663	1	3
57.632	664	2	1
57.782	665	3	1
57.932	666	3	1
58.082	667	3	1
58.232	668	1	2
58.532	669	1	3
58.232	670	2	1
58.232	671	4	1
58.532	672	2	1
58.532	673	4	2
58.832	674	4	3
58.682	675	2	1
58.832	676	2	1
58.832	677	3	2
59.132	678	3	3
58.982	679	2	1
59.057	680	1	1
59.132	681	4	1
59.282	682	2	1
59.432	683	4	1
59.432	684	3	1
59.432	685	1	1
59.582	686	2	1
59.732	687	4	1
59.732	688	1	1
59.882	689	3	1
60.032	690	2	1
60.032	691	1	1
60.182	692	2	1
60.182	693	1	1
60.332	694	2	1
60.332	695	1	1
60.482	696	1	1
60.482	697	2	1
60.632	698	4	1
60.632	699	3	1
60.782	700	1	1
60.932	701	4	1
60.932	702	3	1
61.082	703	4	1
61.082	704	3	1
61.232	705	4	2
61.382	706	4	3
61.232	707	3	2
61.382	708	3	3
61.382	709	1	1
61.457	710	2	1
61.532	711	3	1
61.607	712	4	1
61.682	713	1	1
61.757	714	4	1
61.832	715	2	2
62.132	716	2	3
61.832	717	1	1
62.132	718	3	1
62.432	719	4	1
62.432	720	1	2
62.732	721	1	3
62.582	722	3	1
62.732	723	2	1
62.882	724	3	1
62.882	725	4	2
63.032	726	4	3
63.032	727	1	1
63.182	728	2	1
63.332	729	1	1
63.332	730	3	2
63.632	731	3	3
63.482	732	4	1
63.632	733	2	1
63.782	734	2	2
63.932	735	2	3
63.782	736	4	1
63.857	737	3	1
63.932	738	1	1
64.082	739	3	1
64.232	740	2	1
64.232	741	1	1
64.382	742	3	1
64.532	743	3	1
64.532	744	2	1
64.682	745	4	1
64.832	746	2	1
64.832	747	1	2
65.132	748	1	3
64.982	749	3	1
65.132	750	4	2
65.432	751	4	3
65.132	752	2	1
65.282	753	2	1
65.282	754	3	2
65.432	755	3	3
65.432	756	1	1
65.582	757	2	1
65.732	758	1	1
65.732	759	3	2
66.032	760	3	3
65.882	761	4	1
66.032	762	2	1
66.182	763	2	2
66.332	764	2	3
66.182	765	4	1
66.257	766	3	1
66.332	767	1	1
66.482	768	4	1
66.482	769	1	2
66.782	770	1	3
66.632	771	2	1
66.632	772	3	1
66.782	773	4	1
66.932	774	2	1
66.932	775	1	1
67.082	776	1	1
67.157	777	2	1
67.232	778	4	1
67.232	779	3	1
67.382	780	2	1
67.532	781	3	1
67.682	782	1	2
67.982	783	1	3
67.682	784	4	2
67.982	785	4	3
67.982	786	3	1
67.982	787	2	1
68.132	788	4	1
68.132	789	1	1
68.282	790	2	1
68.432	791	3	1
68.582	792	1	1
68.582	793	4	1
68.657	794	3	1
68.732	795	2	1
68.882	796	2	1
69.032	797	4	1
69.032	798	3	1
69.182	799	2	1
69.332	800	4	1
69.332	801	1	1
69.482	802	3	1
69.632	803	2	1
69.632	804	1	1
69.782	805	3	1
69.932	806	2	1
70.082	807	4	2
70.382	808	4	3
70.082	809	1	2
70.382	810	1	3
70.382	811	3	1
70.382	812	2	1
70.532	813	4	1
70.532	814	1	1
70.682	815	3	1
70.832	816	2	1
70.982	817	4	1
70.982	818	1	1
71.057	819	2	1
71.132	820	3	1
71.282	821	3	1
71.432	822	1	1
71.432	823	4	2
71.582	824	4	3
71.582	825	3	2
71.732	826	3	3
71.732	827	4	1
71.732	828	2	2
71.882	829	2	3
71.882	830	3	1
71.882	831	1	2
72.032	832	1	3
71.957	833	4	1
72.032	834	2	1
72.032	835	3	1
72.182	836	2	1
72.332	837	3	1
72.482	838	4	1
72.632	839	3	1
72.632	840	1	1
72.782	841	2	1
72.932	842	1	1
72.932	843	3	1
72.969	844	4	2
73.232	845	4	3
73.082	846	2	1
73.232	847	3	1
73.232	848	1	2
73.532	849	1	3
73.382	850	4	1
73.457	851	3	1
73.532	852	2	1
73.682	853	2	1
73.832	854	1	1
73.832	855	4	2
73.982	856	4	3
73.982	857	3	2
74.132	858	3	3
74.132	859	2	2
74.282	860	2	3
74.282	861	1	2
74.432	862	1	3
74.432	863	3	1
74.432	864	4	2
74.732	865	4	3
74.582	866	2	2
74.732	867	2	3
74.732	868	3	1
74.882	869	3	2
75.182	870	3	3
74.882	871	1	2
75.332	872	1	3
75.032	873	4	1
75.182	874	2	1
75.332	875	3	2
75.632	876	3	3
75.369	877	4	2
75.632	878	4	3
75.632	879	2	1
75.632	880	1	1
75.782	881	4	1
75.782	882	3	1
75.857	883	2	1
75.932	884	3	1
75.932	885	1	1
76.082	886	4	1
76.082	887	2	1
76.232	888	1	1
76.232	889	4	2
76.382	890	4	3
76.382	891	3	2
76.532	892	3	3
76.532	893	4	1
76.532	894	2	2
76.682	895	2	3
76.682	896	3	1
76.682	897	1	2
76.832	898	1	3
76.757	899	4	1
76.832	900	3	1
76.832	901	2	1
76.982	902	1	1
77.132	903	4	1
77.132	904	2	1
77.132	905	3	1
77.282	906	3	1
77.432	907	2	1
77.432	908	4	1
77.432	909	1	1
77.732	910	3	1
77.732	911	1	1
77.769	912	4	2
78.032	913	4	3
78.032	914	3	1
78.032	915	2	1
78.032	916	1	1
78.182	917	4	1
78.182	918	3	1
78.257	919	1	1
78.257	920	2	1
78.332	921	4	1
78.332	922	3	1
78.482	923	2	1
78.632	924	4	2
78.782	925	4	3
78.632	926	1	1
78.782	927	2	1
78.782	928	3	2
78.932	929	3	3
78.932	930	4	1
78.932	931	2	2
79.082	932	2	3
79.082	933	3	1
79.082	934	1	2
79.232	935	1	3
79.232	936	4	1
79.232	937	2	1
79.382	938	3	1
79.382	939	2	1
79.532	940	1	1
79.532	941	4	1
79.682	942	2	1
79.832	943	4	1
79.832	944	3	1
79.982	945	2	1
79.982	946	1	1
80.132	947	3	1
80.132	948	2	1
80.282	949	4	1
80.432	950	3	1
80.432	951	1	1
80.507	952	2	1
80.582	953	4	1
80.582	954	3	1
80.657	955	2	1
80.732	956	4	1
80.732	957	1	1
80.807	958	3	1
80.882	959	4	1
80.882	960	2	1
80.957	961	3	1
81.032	962	4	1
81.032	963	2	1
81.332	964	4	1
81.332	965	1	1
81.407	966	2	1
81.482	967	3	1
81.557	968	4	1
81.632	969	2	1
81.632	970	1	2
82.232	971	1	3
82.232	972	3	1
82.532	973	2	1
82.682	974	4	2
82.982	975	4	3
82.832	976	2	2
83.132	977	2	3
82.982	978	3	1
83.132	979	4	2
83.432	980	4	3
83.132	981	1	2
83.432	982	1	3
83.432	983	2	1
83.582	984	4	2
83.732	985	4	3
83.732	986	2	1
83.732	987	1	1
83.882	988	3	1
84.032	989	4	2
84.632	990	4	3
84.032	991	2	2
84.332	992	2	3
84.332	993	1	2
84.632	994	1	3
84.632	995	3	2
84.782	996	3	3
84.782	997	2	1
84.932	998	4	2
85.232	999	4	3
85.082	1000	1	2
85.382	1001	1	3
85.232	1002	3	2
85.532	1003	3	3
85.382	1004	2	1
85.532	1005	4	1
85.532	1006	1	1
85.832	1007	3	1
85.982	1008	4	1
85.982	1009	2	1
86.132	1010	1	1
86.432	1011	2	2
87.032	1012	2	3
86.432	1013	4	2
86.732	1014	4	3
86.732	1015	3	1
87.032	1016	1	2
87.332	1017	1	3
87.032	1018	3	2
87.332	1019	3	3
87.332	1020	2	1
87.482	1021	4	1
87.632	1022	1	2
88.082	1023	1	3
87.932	1024	4	1
87.932	1025	3	1
88.082	1026	2	1
88.232	1027	4	1
88.232	1028	1	1
88.382	1029	3	1
88.382	1030	2	1
88.532	1031	4	1
88.532	1032	1	1
88.832	1033	3	1
88.832	1034	1	1
89.132	1035	2	2
89.432	1036	2	3
89.432	1037	4	1
89.432	1038	3	1
89.732	1039	3	2
90.032	1040	3	3
90.032	1041	2	1
90.032	1042	1	1
90.332	1043	3	1
90.332	1044	2	1
90.632	1045	4	1
90.632	1046	1	1
90.932	1047	3	1
90.932	1048	2	1
91.232	1049	4	2
91.532	1050	4	3
91.232	1051	1	2
91.832	1052	1	3
91.532	1053	2	2
91.832	1054	2	3
91.832	1055	3	1
92.132	1056	2	1
92.282	1057	4	2
92.582	1058	4	3
92.432	1059	2	2
92.732	1060	2	3
92.582	1061	3	1
92.732	1062	4	2
93.032	1063	4	3
92.732	1064	1	2
93.032	1065	1	3
93.032	1066	2	1
93.182	1067	4	2
93.332	1068	4	3
93.332	1069	2	1
93.332	1070	1	1
93.482	1071	3	1
93.632	1072	4	2
94.232	1073	4	3
93.632	1074	2	2
93.932	1075	2	3
93.932	1076	1	2
94.232	1077	1	3
94.232	1078	3	2
94.382	1079	3	3
94.382	1080	2	1
94.532	1081	4	2
94.832	1082	4	3
94.682	1083	1	2
94.982	1084	1	3
94.832	1085	3	2
95.132	1086	3	3
94.982	1087	2	1
95.132	1088	4	1
95.132	1089	1	1
95.432	1090	3	1
95.582	1091	4	1
95.582	1092	2	1
95.732	1093	1	1
96.032	1094	2	2
96.632	1095	2	3
96.032	1096	4	2
96.332	1097	4	3
96.332	1098	3	1
96.632	1099	1	2
96.932	1100	1	3
96.632	1101	3	2
96.932	1102	3	3
96.932	1103	2	1
97.082	1104	4	1
97.232	1105	1	2
97.682	1106	1	3
97.532	1107	4	1
97.532	1108	3	1
97.682	1109	2	1
97.832	1110	4	1
97.832	1111	1	1
97.982	1112	3	1
97.982	1113	2	1
98.132	1114	4	1
98.132	1115	1	1
98.432	1116	2	1
98.432	1117	3	1
99.032	1118	4	1
99.032	1119	3	1
99.332	1120	3	2
99.632	1121	3	3
99.632	1122	2	1
99.632	1123	1	1
99.932	1124	4	1
99.932	1125	1	1
100.232	1126	3	1
100.232	1127	2	1
100.532	1128	4	1
100.532	1129	3	1
100.832	1130	4	1
100.832	1131	1	1
101.032	1132	2	2
101.332	1133	2	3
101.332	1134	4	1
101.332	1135	3	1
101.432	1136	2	1
101.432	1137	1	1
101.732	1138	3	1
101.732	1139	2	1
102.032	1140	4	1
102.032	1141	1	1
102.332	1142	3	1
102.332	1143	1	1
102.632	1144	4	2
102.832	1145	4	3
102.632	1146	2	1
102.832	1147	1	2
103.232	1148	1	3
102.932	1149	3	1
103.232	1150	3	2
103.432	1151	3	3
103.232	1152	2	1
103.432	1153	2	2
103.732	1154	2	3
103.732	1155	3	1
103.732	1156	4	1
103.832	1157	2	1
103.832	1158	1	1
104.132	1159	4	1
104.132	1160	1	1
104.432	1161	4	1
104.432	1162	3	1
104.732	1163	2	1
104.732	1164	1	1
105.032	1165	4	1
105.032	1166	1	1
105.182	1167	3	1
105.182	1168	2	1
105.332	1169	1	1
105.632	1170	3	1
105.632	1171	4	2
105.832	1172	4	3
105.832	1173	1	2
106.132	1174	1	3
106.132	1175	3	1
106.132	1176	2	1
106.232	1177	4	1
106.232	1178	1	1
106.532	1179	3	1
106.532	1180	1	1
106.832	1181	4	1
106.832	1182	2	1
107.132	1183	4	1
107.132	1184	3	1
107.282	1185	2	1
107.282	1186	1	1
107.432	1187	2	1
107.432	1188	3	1
107.582	1189	4	1
107.582	1190	1	1
107.694	1191	2	1
107.732	1192	3	1
108.032	1193	1	1
108.032	1194	4	2
108.632	1195	4	3
108.232	1196	1	1
108.332	1197	3	1
108.482	1198	2	1
108.632	1199	1	1
108.632	1200	3	2
109.232	1201	3	3
108.932	1202	2	1
108.932	1203	1	1
109.082	1204	2	1
109.232	1205	4	1
109.232	1206	1	2
109.532	1207	1	3
109.532	1208	3	1
109.532	1209	2	2
109.832	1210	2	3
109.682	1211	3	1
109.832	1212	4	2
110.132	1213	4	3
109.832	1214	1	1
109.982	1215	1	2
110.432	1216	1	3
110.132	1217	3	1
110.432	1218	4	1
110.432	1219	2	1
110.582	1220	4	1
110.582	1221	3	1
110.732	1222	1	1
110.932	1223	3	1
110.932	1224	2	1
111.032	1225	4	1
111.032	1226	1	1
111.332	1227	3	1
111.332	1228	2	1
111.482	1229	2	1
111.632	1230	1	1
111.632	1231	4	2
111.932	1232	4	3
111.932	1233	2	1
111.932	1234	1	1
111.932	1235	3	2
112.232	1236	3	3
112.232	1237	4	1
112.232	1238	1	1
112.532	1239	3	1
112.532	1240	2	1
112.682	1241	2	1
112.832	1242	1	2
113.132	1243	1	3
112.832	1244	4	2
113.432	1245	4	3
113.132	1246	2	1
113.332	1247	3	1
113.432	1248	2	1
113.432	1249	1	1
113.732	1250	3	1
113.732	1251	2	1
114.032	1252	4	1
114.032	1253	2	1
114.332	1254	4	1
114.332	1255	3	1
114.632	1256	2	1
114.632	1257	1	1
114.932	1258	1	2
115.232	1259	1	3
115.232	1260	4	1
115.232	1261	3	1
115.532	1262	4	1
115.532	1263	2	1
115.682	1264	4	1
115.682	1265	2	1
115.832	1266	3	1
115.832	1267	1	1
116.132	1268	2	1
116.132	1269	1	1
116.282	1270	3	1
116.282	1271	2	1
116.432	1272	4	1
116.432	1273	3	1
116.732	1274	4	1
116.732	1275	1	1
116.882	1276	2	1
116.882	1277	3	1
117.032	1278	1	1
117.032	1279	2	1
117.332	1280	3	1
117.369	1281	4	1
117.482	1282	2	1
117.482	1283	1	1
117.632	1284	4	1
117.632	1285	3	1
117.782	1286	2	1
117.782	1287	1	1
117.932	1288	4	1
117.932	1289	3	1
118.082	1290	1	1
118.082	1291	2	1
118.232	1292	4	1
118.232	1293	3	1
118.382	1294	1	1
118.382	1295	2	1
118.532	1296	4	1
118.532	1297	3	1
118.682	1298	1	1
118.682	1299	2	1
118.757	1300	3	1
118.832	1301	4	2
119.432	1302	4	3
119.432	1303	1	2
120.032	1304	1	3
119.732	1305	2	2
120.032	1306	2	3
120.032	1307	4	2
120.182	1308	4	3
120.032	1309	3	2
120.182	1310	3	3
120.182	1311	2	1
120.332	1312	1	1
120.482	1313	4	2
120.632	1314	4	3
120.482	1315	3	2
120.632	1316	3	3
120.782	1317	2	1
120.932	1318	1	1
120.932	1319	4	2
121.232	1320	4	3
121.082	1321	2	1
121.232	1322	3	2
121.532	1323	3	3
121.382	1324	2	1
121.532	1325	1	1
121.607	1326	2	1
121.682	1327	3	1
121.757	1328	4	1
121.832	1329	3	1
121.832	1330	2	1
121.832	1331	1	2
122.132	1332	1	3
122.132	1333	3	1
122.132	1334	4	1
122.282	1335	2	1
122.432	1336	3	2
122.582	1337	3	3
122.432	1338	1	2
122.582	1339	1	3
122.582	1340	2	1
122.732	1341	3	1
122.882	1342	4	2
123.032	1343	4	3
122.882	1344	2	2
123.032	1345	2	3
123.032	1346	1	1
123.032	1347	3	1
123.182	1348	3	1
123.182	1349	2	1
123.332	1350	1	1
123.332	1351	4	2
123.632	1352	4	3
123.482	1353	2	1
123.632	1354	1	1
123.632	1355	3	2
123.932	1356	3	3
123.932	1357	4	1
123.932	1358	2	2
124.232	1359	2	3
124.232	1360	4	2
124.532	1361	4	3
124.232	1362	3	1
124.232	1363	1	2
124.532	1364	1	3
124.532	1365	2	1
124.532	1366	3	1
124.682	1367	2	1
124.832	1368	3	2
124.982	1369	3	3
124.832	1370	4	2
124.982	1371	4	3
124.982	1372	2	1
125.132	1373	4	1
125.282	1374	2	2
125.432	1375	2	3
125.282	1376	1	2
125.432	1377	1	3
125.432	1378	4	1
125.432	1379	3	1
125.582	1380	2	1
125.582	1381	3	1
125.732	1382	2	1
125.732	1383	1	1
125.732	1384	4	2
126.032	1385	4	3
126.032	1386	3	2
126.332	1387	3	3
126.182	1388	1	1
126.182	1389	2	1
126.332	1390	4	2
126.632	1391	4	3
126.332	1392	2	2
126.632	1393	2	3
126.632	1394	3	1
126.632	1395	1	2
126.932	1396	1	3
126.782	1397	2	1
126.932	1398	4	1
126.932	1399	3	1
127.082	1400	2	1
127.232	1401	3	2
127.382	1402	3	3
127.232	1403	4	2
127.382	1404	4	3
127.232	1405	1	2
127.832	1406	1	3
127.382	1407	2	1
127.532	1408	3	1
127.682	1409	4	2
127.832	1410	4	3
127.682	1411	3	2
127.832	1412	3	3
127.832	1413	2	1
128.132	1414	2	2
128.282	1415	2	3
128.132	1416	1	2
128.282	1417	1	3
128.132	1418	4	2
129.032	1419	4	3
128.282	1420	3	1
128.432	1421	2	1
128.582	1422	1	1
128.732	1423	3	1
128.732	1424	2	1
129.032	1425	3	1
129.032	1426	1	1
129.182	1427	2	1
129.332	1428	4	1
129.482	1429	3	1
129.632	1430	2	1
129.632	1431	1	1
129.782	1432	3	1
129.932	1433	4	1
129.932	1434	2	1
130.082	1435	3	1
130.232	1436	2	1
130.232	1437	4	1
130.232	1438	1	1
130.532	1439	4	1
130.532	1440	1	1
130.682	1441	3	1
130.832	1442	1	1
130.832	1443	4	2
131.132	1444	4	3
130.982	1445	1	1
131.057	1446	2	1
131.132	1447	3	1
131.282	1448	2	1
131.432	1449	1	2
131.882	1450	1	3
131.432	1451	4	1
131.432	1452	3	1
131.582	1453	2	1
131.732	1454	4	1
131.732	1455	3	1
131.882	1456	3	1
132.032	1457	4	1
132.032	1458	2	1
132.032	1459	1	1
132.332	1460	3	1
132.332	1461	2	1
132.482	1462	2	1
132.632	1463	1	1
132.632	1464	3	1
132.782	1465	2	1
132.932	1466	1	1
132.932	1467	3	1
132.932	1468	4	1
133.082	1469	3	1
133.232	1470	4	1
133.232	1471	2	1
133.382	1472	1	1
133.457	1473	2	1
133.532	1474	4	1
133.532	1475	3	1
133.682	1476	2	1
133.832	1477	4	1
133.832	1478	1	1
133.982	1479	3	1
134.132	1480	2	2
134.432	1481	2	3
134.132	1482	1	1
134.282	1483	4	1
134.357	1484	3	1
134.432	1485	1	2
134.732	1486	1	3
134.432	1487	4	2
134.732	1488	4	3
134.732	1489	3	1
134.732	1490	2	1
134.882	1491	3	1
135.032	1492	2	1
135.032	1493	1	2
135.332	1494	1	3
135.332	1495	3	1
135.332	1496	4	2
135.632	1497	4	3
135.482	1498	1	1
135.632	1499	3	1
135.632	1500	2	2
135.932	1501	2	3
135.782	1502	4	1
135.857	1503	1	1
135.932	1504	4	1
135.932	1505	3	2
136.232	1506	3	3
136.082	1507	2	1
136.232	1508	2	1
136.232	1509	1	1
136.532	1510	4	1
136.532	1511	1	1
136.682	1512	3	1
136.832	1513	2	1
136.832	1514	1	1
136.982	1515	1	1
136.982	1516	2	1
137.132	1517	2	1
137.132	1518	1	1
137.282	1519	2	1
137.282	1520	1	1
137.432	1521	4	1
137.432	1522	3	1
137.582	1523	4	1
137.582	1524	2	1
137.657	1525	3	1
137.732	1526	2	1
137.732	1527	1	1
137.882	1528	4	1
137.882	1529	3	1
138.032	1530	2	1
138.032	1531	1	1
138.107	1532	3	1
138.182	1533	4	1
138.182	1534	2	1
138.257	1535	1	1
138.332	1536	3	1
138.332	1537	4	1
138.407	1538	2	1
138.482	1539	3	1
138.482	1540	1	1
138.557	1541	2	1
138.632	1542	3	1
138.632	1543	4	1
138.932	1544	3	1
138.932	1545	2	1
139.232	1546	4	1
139.232	1547	1	1
139.382	1548	4	1
139.382	1549	1	1
139.532	1550	3	1
139.532	1551	1	1
139.682	1552	3	1
139.682	1553	1	1
139.832	1554	4	2
140.132	1555	4	3
139.832	1556	1	2
140.132	1557	1	3
140.132	1558	3	1
140.132	1559	2	1
140.282	1560	3	1
140.432	1561	1	1
140.432	1562	4	1
140.582	1563	1	1
140.582	1564	4	1
140.732	1565	2	1
140.732	1566	4	1
140.882	1567	2	1
140.882	1568	4	1
141.032	1569	1	2
141.332	1570	1	3
141.032	1571	4	2
141.332	1572	4	3
141.182	1573	3	1
141.332	1574	2	1
141.332	1575	3	1
141.482	1576	2	1
141.632	1577	4	2
141.782	1578	4	3
141.632	1579	3	2
141.782	1580	3	3
141.782	1581	2	1
141.932	1582	1	1
142.082	1583	4	1
142.082	1584	3	1
142.232	1585	1	1
142.232	1586	2	1
142.382	1587	3	1
142.382	1588	2	1
142.532	1589	1	2
143.132	1590	1	3
142.532	1591	4	2
142.682	1592	4	3
142.532	1593	3	2
142.682	1594	3	3
142.682	1595	2	1
142.832	1596	4	2
142.982	1597	4	3
142.832	1598	3	2
142.982	1599	3	3
142.982	1600	2	1
143.132	1601	3	2
143.432	1602	3	3
143.132	1603	4	1
143.432	1604	4	1
143.432	1605	2	1
143.432	1606	1	1
143.582	1607	3	1
143.732	1608	2	1
143.882	1609	1	1
144.032	1610	4	1
144.032	1611	3	2
144.182	1612	3	3
144.182	1613	2	1
144.332	1614	1	1
144.482	1615	3	1
144.482	1616	2	2
144.632	1617	2	3
144.632	1618	4	1
144.632	1619	3	1
144.632	1620	1	1
144.782	1621	4	1
144.782	1622	2	1
144.782	1623	1	1
144.932	1624	3	2
145.232	1625	3	3
144.932	1626	2	1
144.932	1627	1	1
145.232	1628	1	1
145.232	1629	4	1
145.382	1630	1	1
145.382	1631	4	1
145.532	1632	1	1
145.532	1633	3	1
145.682	1634	1	1
145.682	1635	3	1
145.832	1636	1	2
146.132	1637	1	3
145.832	1638	4	2
146.132	1639	4	3
145.982	1640	2	1
146.132	1641	3	1
146.132	1642	2	1
146.282	1643	3	1
146.432	1644	1	2
146.582	1645	1	3
146.432	1646	2	2
146.582	1647	2	3
146.582	1648	3	1
146.732	1649	4	1
146.882	1650	1	1
146.882	1651	2	1
147.032	1652	4	1
147.032	1653	3	1
147.182	1654	2	1
147.182	1655	3	1
147.332	1656	4	2
147.932	1657	4	3
147.332	1658	1	2
147.482	1659	1	3
147.332	1660	2	2
147.482	1661	2	3
147.482	1662	3	1
147.632	1663	1	2
147.782	1664	1	3
147.632	1665	2	2
147.782	1666	2	3
147.782	1667	3	1
147.932	1668	2	1
147.932	1669	1	1
148.232	1670	1	1
148.232	1671	3	1
148.232	1672	4	1
148.382	1673	2	1
148.532	1674	4	1
148.607	1675	3	1
148.682	1676	4	1
148.682	1677	2	1
148.757	1678	1	1
148.832	1679	3	2
149.282	1680	3	3
148.832	1681	2	1
148.982	1682	2	1
149.132	1683	2	1
149.282	1684	4	1
149.432	1685	2	1
149.432	1686	3	1
149.432	1687	1	1
149.732	1688	2	2
149.882	1689	2	3
149.732	1690	4	2
149.882	1691	4	3
149.882	1692	3	1
150.032	1693	2	1
150.182	1694	3	2
150.332	1695	3	3
150.182	1696	1	2
150.332	1697	1	3
150.257	1698	2	1
150.332	1699	4	2
150.632	1700	4	3
150.482	1701	2	1
150.632	1702	3	1
150.632	1703	1	1
150.782	1704	2	1
150.932	1705	4	1
150.932	1706	1	1
151.082	1707	3	1
151.082	1708	2	1
151.232	1709	2	1
151.232	1710	4	2
151.532	1711	4	3
151.382	1712	1	1
151.532	1713	2	1
151.682	1714	3	1
151.832	1715	2	1
151.832	1716	1	1
151.982	1717	2	1
152.132	1718	1	2
152.432	1719	1	3
152.132	1720	4	2
152.432	1721	4	3
152.282	1722	3	1
152.432	1723	3	1
152.432	1724	2	1
152.582	1725	1	1
152.657	1726	2	1
152.732	1727	4	1
152.732	1728	3	1
152.882	1729	2	1
152.882	1730	1	1
153.032	1731	4	1
153.032	1732	3	1
153.032	1733	1	1
153.182	1734	2	1
153.332	1735	3	1
153.332	1736	2	1
153.407	1737	1	1
153.482	1738	4	1
153.557	1739	3	1
153.632	1740	1	2
154.082	1741	1	3
153.632	1742	2	1
153.782	1743	3	1
153.932	1744	3	1
154.082	1745	3	1
154.232	1746	1	2
154.532	1747	1	3
154.232	1748	2	1
154.232	1749	4	1
154.532	1750	2	1
154.532	1751	4	2
154.832	1752	4	3
154.682	1753	2	1
154.832	1754	2	1
154.832	1755	3	2
155.132	1756	3	3
154.982	1757	2	1
155.057	1758	1	1
155.132	1759	4	1
155.282	1760	2	1
155.432	1761	4	1
155.432	1762	3	1
155.432	1763	1	1
155.582	1764	2	1
155.732	1765	4	1
155.732	1766	1	1
155.882	1767	3	1
156.032	1768	2	1
156.032	1769	1	1
156.182	1770	2	1
156.182	1771	1	1
156.332	1772	2	1
156.332	1773	1	1
156.482	1774	1	1
156.482	1775	2	1
156.632	1776	4	1
156.632	1777	3	1
156.782	1778	1	1
156.932	1779	4	1
156.932	1780	3	1
157.082	1781	4	1
157.082	1782	3	1
157.232	1783	4	2
157.382	1784	4	3
157.232	1785	3	2
157.382	1786	3	3
157.382	1787	1	1
157.457	1788	2	1
157.532	1789	3	1
157.607	1790	4	1
157.682	1791	1	1
157.757	1792	4	1
157.832	1793	3	1
157.832	1794	2	1
157.832	1795	1	1
157.982	1796	4	1
158.132	1797	2	1
158.282	1798	1	1
158.432	1799	2	1
158.432	1800	3	2
158.582	1801	3	3
158.582	1802	4	1
158.732	1803	2	1
158.882	1804	3	1
158.882	1805	1	2
159.032	1806	1	3
159.032	1807	4	2
159.332	1808	4	3
159.182	1809	3	1
159.332	1810	2	1
159.332	1811	1	1
159.482	1812	3	1
159.632	1813	4	1
159.632	1814	1	1
159.782	1815	2	1
159.857	1816	3	1
159.932	1817	4	1
160.082	1818	2	1
160.232	1819	3	1
160.232	1820	2	1
160.382	1821	3	1
160.532	1822	1	1
160.532	1823	2	1
160.682	1824	3	1
160.832	1825	2	1
160.832	1826	4	2
160.982	1827	4	3
160.982	1828	1	2
161.282	1829	1	3
161.132	1830	3	1
161.282	1831	4	1
161.432	1832	3	1
161.432	1833	2	1
161.582	1834	3	1
161.732	1835	4	1
161.732	1836	1	2
162.032	1837	1	3
161.882	1838	2	1
162.032	1839	4	1
162.032	1840	3	1
162.182	1841	1	1
162.257	1842	2	1
162.332	1843	3	1
162.482	1844	2	1
162.632	1845	1	1
162.632	1846	4	2
162.782	1847	4	3
162.782	1848	3	2
163.232	1849	3	3
162.932	1850	2	1
162.932	1851	1	1
163.082	1852	1	1
163.157	1853	2	1
163.232	1854	4	1
163.382	1855	2	1
163.532	1856	1	1
163.682	1857	1	1
163.682	1858	3	2
163.832	1859	3	3
163.832	1860	4	1
163.832	1861	2	1
163.982	1862	3	1
164.132	1863	2	1
164.132	1864	1	1
164.432	1865	4	1
164.432	1866	1	1
164.582	1867	2	1
164.657	1868	3	1
164.732	1869	4	1
164.882	1870	2	1
165.032	1871	1	1
165.032	1872	4	2
165.182	1873	4	3
165.182	1874	3	1
165.332	1875	2	1
165.332	1876	1	2
165.482	1877	1	3
165.482	1878	3	1
165.632	1879	2	1
165.632	1880	1	2
165.932	1881	1	3
165.782	1882	3	1
165.932	1883	4	1
166.082	1884	3	2
166.232	1885	3	3
166.082	1886	2	1
166.532	1887	3	1
166.532	1888	4	2
166.832	1889	4	3
166.682	1890	2	1
166.832	1891	3	1
166.832	1892	1	2
167.057	1893	1	3
166.982	1894	4	1
166.982	1895	3	1
167.057	1896	2	1
167.132	1897	1	1
167.282	1898	3	1
167.432	1899	3	1
167.432	1900	2	1
167.582	1901	2	1
167.732	1902	4	1
167.732	1903	1	1
167.882	1904	3	1
167.957	1905	2	1
168.032	1906	4	2
168.182	1907	4	3
168.032	1908	3	2
168.182	1909	3	3
168.182	1910	1	2
168.557	1911	1	3
168.182	1912	2	2
168.557	1913	2	3