Song Name	Last Attack (Hard) by USAO & Massive New Krew
Difficulty	35
Primary Color	Vibe
Secondary Color	Rush
Last Note Time	182.283
Total Notes	3271
Fever Fill	974
Fever Time	27.342450
Long Notes	348
BPM	205
Song Length	186.260317460

Timing Points
1.405	292.6829


Song Data
1.405	1	1	1
1.405	2	2	1
1.697	3	3	1
1.990	4	1	1
1.990	5	2	1
1.990	6	4	1
2.283	7	3	1
2.429	8	2	1
3.014	9	3	1
3.161	10	1	1
3.161	11	2	1
3.161	12	4	1
3.307	13	3	1
3.453	14	1	1
3.600	15	2	1
3.746	16	3	1
4.039	17	4	1
4.331	18	1	1
4.331	19	2	1
4.331	20	3	1
4.624	21	1	1
4.771	22	4	1
5.063	23	2	1
5.356	24	4	1
5.502	25	1	1
5.502	26	2	1
5.502	27	3	1
5.795	28	1	1
5.941	29	2	1
6.088	30	3	1
6.380	31	2	1
6.673	32	1	1
6.673	33	3	1
6.673	34	4	1
6.966	35	2	1
7.112	36	3	1
7.697	37	1	1
7.844	38	2	1
7.844	39	3	1
7.844	40	4	1
7.990	41	1	1
8.136	42	4	1
8.283	43	2	1
8.283	44	3	1
8.429	45	1	1
8.429	46	4	1
8.722	47	3	1
8.868	48	2	1
9.014	49	1	1
9.014	50	3	1
9.014	51	4	1
9.161	52	2	1
9.453	53	4	1
9.746	54	1	1
9.819	55	2	1
9.892	56	3	1
9.966	57	4	1
10.039	58	1	1
10.112	59	2	1
10.185	60	4	1
10.258	61	3	1
10.331	62	2	1
10.405	63	1	1
10.478	64	4	1
10.551	65	3	1
10.624	66	1	1
10.697	67	2	1
10.771	68	3	2
10.771	69	4	1
11.063	70	3	3
11.210	71	2	2
11.210	72	4	1
11.356	73	1	2
11.356	74	3	1
11.356	75	2	3
11.649	76	4	2
11.649	77	1	3
11.795	78	2	2
11.795	79	4	3
12.234	80	2	3
12.380	81	4	2
12.527	82	1	1
12.527	83	2	2
12.527	84	3	1
12.527	85	4	3
12.673	86	4	2
12.673	87	2	3
12.819	88	1	2
12.819	89	2	1
12.819	90	4	3
12.966	91	3	2
12.966	92	1	3
13.112	93	1	2
13.112	94	2	1
13.112	95	3	3
13.405	96	3	2
13.405	97	1	3
13.551	98	3	3
13.697	99	1	1
13.697	100	2	1
13.697	101	4	2
13.844	102	4	3
13.990	103	1	2
14.136	104	4	2
14.136	105	1	3
14.429	106	3	2
14.429	107	4	3
14.575	108	3	3
14.722	109	1	2
14.868	110	2	2
14.868	111	3	1
14.868	112	4	1
14.868	113	1	3
15.014	114	1	2
15.014	115	2	3
15.161	116	4	2
15.161	117	1	3
15.307	118	2	2
15.307	119	4	3
15.746	120	3	2
15.746	121	2	3
15.892	122	3	3
16.039	123	1	2
16.039	124	2	1
16.039	125	4	1
16.331	126	3	2
16.331	127	1	3
16.478	128	2	2
16.478	129	3	3
16.771	130	4	2
16.771	131	2	3
16.917	132	4	3
17.063	133	3	2
17.210	134	1	1
17.210	135	2	2
17.210	136	4	1
17.210	137	3	3
17.356	138	3	2
17.356	139	2	3
17.502	140	2	2
17.502	141	4	1
17.502	142	3	3
17.649	143	1	2
17.649	144	3	1
17.649	145	2	3
17.795	146	2	1
17.795	147	4	2
17.795	148	1	3
18.088	149	3	2
18.088	150	4	3
18.234	151	1	1
18.234	152	3	3
18.307	153	2	1
18.380	154	3	1
18.453	155	4	1
18.527	156	1	1
18.600	157	2	1
18.673	158	4	1
18.746	159	3	1
18.819	160	2	1
18.892	161	1	1
18.966	162	3	1
18.966	163	4	1
19.258	164	3	1
19.258	165	4	1
19.405	166	1	1
19.405	167	2	1
19.551	168	1	1
19.551	169	4	1
19.844	170	1	1
19.844	171	2	1
19.990	172	3	1
19.990	173	4	1
20.136	174	1	1
20.136	175	2	1
20.136	176	4	1
20.429	177	1	1
20.429	178	3	1
20.429	179	4	1
20.722	180	1	1
20.722	181	2	1
20.722	182	4	1
20.868	183	3	1
21.014	184	1	1
21.014	185	2	1
21.014	186	3	1
21.161	187	3	1
21.307	188	1	1
21.307	189	2	1
21.307	190	4	1
21.600	191	1	1
21.600	192	3	1
21.600	193	4	1
21.892	194	1	1
21.892	195	2	1
21.892	196	4	1
22.039	197	3	1
22.112	198	2	1
22.185	199	1	1
22.185	200	4	1
22.258	201	3	1
22.331	202	2	1
22.478	203	2	1
22.478	204	3	1
22.478	205	4	1
22.771	206	2	1
22.771	207	3	1
22.771	208	4	1
23.063	209	1	1
23.063	210	2	1
23.063	211	3	1
23.356	212	2	1
23.356	213	3	1
23.356	214	4	1
23.649	215	1	1
23.649	216	3	1
23.649	217	4	1
23.795	218	2	1
23.941	219	2	1
23.941	220	3	1
23.941	221	4	1
24.088	222	2	1
24.234	223	1	1
24.234	224	3	1
24.234	225	4	1
24.527	226	2	1
24.527	227	3	1
24.527	228	4	1
24.819	229	1	1
24.819	230	2	1
24.819	231	4	1
24.966	232	1	1
24.966	233	2	1
25.112	234	2	1
25.112	235	3	1
25.112	236	4	1
25.258	237	3	1
25.258	238	4	1
25.405	239	1	1
25.405	240	2	1
25.405	241	4	1
25.551	242	1	1
25.551	243	2	1
25.697	244	1	1
25.697	245	3	1
25.697	246	4	1
25.844	247	3	1
25.844	248	4	1
25.990	249	1	1
25.990	250	2	1
25.990	251	4	1
26.136	252	1	1
26.136	253	2	1
26.283	254	1	1
26.283	255	3	1
26.283	256	4	1
26.429	257	3	1
26.429	258	4	1
26.575	259	1	1
26.575	260	2	1
26.575	261	4	1
26.722	262	1	1
26.722	263	2	1
26.868	264	1	1
26.868	265	3	1
26.868	266	4	1
27.014	267	3	1
27.014	268	4	1
27.161	269	1	1
27.161	270	2	1
27.234	271	3	1
27.234	272	4	1
27.307	273	1	1
27.307	274	2	1
27.380	275	3	1
27.380	276	4	1
27.453	277	1	1
27.453	278	2	1
27.527	279	3	1
27.527	280	4	1
27.600	281	1	1
27.600	282	2	1
27.673	283	3	1
27.673	284	4	1
27.746	285	1	1
27.746	286	2	1
27.819	287	3	1
27.819	288	4	1
27.892	289	1	1
27.892	290	2	1
27.966	291	3	1
27.966	292	4	1
28.039	293	1	1
28.039	294	2	1
28.112	295	3	1
28.112	296	4	1
28.185	297	1	1
28.185	298	2	1
28.258	299	3	1
28.258	300	4	1
28.331	301	1	1
28.331	302	2	1
28.624	303	1	1
28.624	304	2	1
28.917	305	1	1
28.917	306	2	1
29.063	307	3	1
29.063	308	4	1
29.210	309	1	1
29.210	310	4	1
29.356	311	1	1
29.356	312	2	1
29.502	313	2	1
29.502	314	3	1
29.502	315	4	1
29.649	316	4	2
29.795	317	1	1
29.795	318	2	1
29.795	319	3	1
29.795	320	4	3
29.941	321	3	2
30.088	322	1	1
30.088	323	2	1
30.088	324	4	1
30.088	325	3	3
30.234	326	2	2
30.380	327	1	1
30.380	328	3	1
30.380	329	4	1
30.380	330	2	3
30.527	331	1	2
30.673	332	2	1
30.673	333	3	1
30.673	334	4	1
30.673	335	1	3
30.819	336	1	1
30.819	337	2	1
30.892	338	3	1
30.892	339	4	1
30.966	340	1	1
30.966	341	2	1
31.112	342	3	1
31.258	343	1	2
31.258	344	2	1
31.258	345	3	1
31.258	346	4	2
31.405	347	1	3
31.405	348	4	3
31.551	349	1	2
31.551	350	2	1
31.551	351	3	1
31.551	352	4	2
31.697	353	1	3
31.697	354	4	3
31.844	355	1	1
31.844	356	2	1
31.844	357	3	1
31.844	358	4	1
31.990	359	2	1
31.990	360	3	1
32.136	361	1	1
32.136	362	2	1
32.136	363	3	1
32.136	364	4	1
32.429	365	1	1
32.429	366	2	1
32.429	367	3	1
32.575	368	4	1
32.624	369	3	1
32.673	370	1	1
32.722	371	2	1
32.771	372	3	1
32.819	373	4	1
32.868	374	2	1
32.917	375	1	1
33.014	376	2	1
33.014	377	3	1
33.014	378	4	1
33.161	379	1	1
33.210	380	2	1
33.258	381	4	1
33.307	382	3	1
33.356	383	2	1
33.405	384	1	1
33.453	385	3	1
33.502	386	4	1
33.600	387	1	1
33.600	388	2	1
33.673	389	3	1
33.673	390	4	1
33.746	391	1	1
33.746	392	2	1
33.892	393	2	1
33.892	394	3	1
33.892	395	4	1
34.039	396	3	1
34.185	397	1	1
34.185	398	2	1
34.185	399	4	1
34.331	400	1	1
34.331	401	3	1
34.478	402	1	1
34.478	403	2	1
34.624	404	2	1
34.624	405	4	1
34.771	406	3	1
34.771	407	4	1
34.917	408	1	1
34.917	409	2	1
35.063	410	3	1
35.063	411	4	1
35.210	412	1	1
35.210	413	2	1
35.356	414	3	1
35.356	415	4	1
35.429	416	1	1
35.429	417	2	1
35.502	418	3	1
35.502	419	4	1
35.575	420	1	1
35.575	421	2	1
35.649	422	3	1
35.649	423	4	1
35.722	424	1	1
35.722	425	2	1
35.795	426	3	1
35.795	427	4	1
35.868	428	1	1
35.868	429	2	1
35.941	430	3	1
35.941	431	4	1
36.014	432	1	1
36.088	433	2	1
36.161	434	3	1
36.234	435	1	1
36.234	436	4	1
36.527	437	1	1
36.527	438	2	1
36.527	439	3	1
36.527	440	4	1
36.673	441	2	1
36.673	442	4	1
36.819	443	1	1
36.819	444	2	1
36.819	445	3	1
36.819	446	4	1
36.966	447	1	1
36.966	448	3	1
37.112	449	1	1
37.112	450	2	1
37.112	451	3	1
37.112	452	4	1
37.258	453	2	1
37.258	454	4	1
37.405	455	1	1
37.405	456	2	1
37.405	457	3	1
37.405	458	4	1
37.551	459	1	1
37.551	460	3	1
37.697	461	1	1
37.697	462	2	1
37.697	463	3	1
37.697	464	4	1
37.844	465	3	1
37.844	466	4	1
37.917	467	1	1
37.917	468	2	1
37.990	469	3	1
37.990	470	4	1
38.136	471	1	1
38.136	472	2	1
38.283	473	1	1
38.283	474	2	1
38.283	475	3	1
38.283	476	4	1
38.429	477	3	1
38.429	478	4	1
38.502	479	1	1
38.502	480	2	1
38.575	481	3	1
38.575	482	4	1
38.722	483	1	1
38.722	484	2	1
38.722	485	3	1
38.722	486	4	1
38.868	487	1	1
38.868	488	2	1
38.868	489	3	1
38.868	490	4	1
39.014	491	1	1
39.014	492	2	1
39.161	493	3	1
39.161	494	4	1
39.210	495	2	1
39.258	496	1	1
39.307	497	3	1
39.356	498	4	1
39.453	499	1	1
39.453	500	2	1
39.453	501	3	1
39.600	502	1	1
39.600	503	2	1
39.746	504	3	1
39.746	505	4	1
39.795	506	1	1
39.844	507	2	1
39.892	508	3	1
39.941	509	4	1
40.039	510	1	1
40.039	511	2	1
40.088	512	4	1
40.136	513	3	1
40.185	514	2	1
40.234	515	1	1
40.331	516	3	1
40.331	517	4	1
40.380	518	1	1
40.429	519	2	1
40.478	520	3	1
40.527	521	4	1
40.624	522	1	1
40.624	523	2	1
40.673	524	4	1
40.722	525	3	1
40.771	526	2	1
40.819	527	1	1
40.917	528	2	1
40.917	529	3	1
40.917	530	4	1
41.063	531	3	1
41.063	532	4	1
41.210	533	1	1
41.210	534	2	1
41.210	535	3	1
41.210	536	4	2
41.356	537	2	1
41.356	538	4	3
41.502	539	1	2
41.502	540	2	1
41.502	541	3	1
41.502	542	4	1
41.649	543	3	1
41.649	544	1	3
41.795	545	1	1
41.795	546	2	1
41.795	547	3	1
41.795	548	4	2
41.941	549	2	1
41.941	550	4	3
42.088	551	1	2
42.088	552	2	1
42.088	553	3	1
42.088	554	4	1
42.234	555	3	1
42.234	556	1	3
42.380	557	1	1
42.380	558	2	1
42.380	559	3	1
42.380	560	4	2
42.527	561	2	1
42.527	562	4	3
42.673	563	1	2
42.673	564	2	1
42.673	565	3	1
42.673	566	4	1
42.819	567	3	1
42.819	568	1	3
42.966	569	1	1
42.966	570	2	1
42.966	571	3	1
42.966	572	4	2
43.112	573	1	1
43.112	574	2	1
43.112	575	4	3
43.185	576	3	1
43.185	577	4	1
43.258	578	1	1
43.258	579	2	1
43.405	580	3	1
43.405	581	4	1
43.551	582	1	1
43.551	583	2	1
43.551	584	3	2
43.551	585	4	1
43.697	586	1	1
43.697	587	3	3
43.844	588	1	1
43.844	589	2	2
43.844	590	3	1
43.844	591	4	1
43.990	592	4	1
43.990	593	2	3
44.136	594	1	1
44.136	595	2	1
44.136	596	3	2
44.136	597	4	1
44.283	598	1	1
44.283	599	3	3
44.429	600	1	1
44.429	601	2	2
44.429	602	3	1
44.429	603	4	1
44.575	604	3	1
44.575	605	4	1
44.575	606	2	3
44.722	607	1	1
44.722	608	2	1
44.722	609	3	1
44.722	610	4	1
44.868	611	2	1
45.014	612	1	1
45.014	613	3	1
45.014	614	4	1
45.161	615	2	1
45.307	616	3	1
45.307	617	4	1
45.380	618	1	1
45.380	619	2	1
45.453	620	3	1
45.453	621	4	1
45.527	622	2	1
45.600	623	1	1
45.600	624	3	1
45.600	625	4	1
45.892	626	1	1
45.892	627	2	1
45.892	628	3	1
45.892	629	4	1
46.039	630	2	1
46.039	631	4	1
46.185	632	1	1
46.185	633	2	1
46.185	634	3	1
46.185	635	4	1
46.331	636	1	1
46.331	637	3	1
46.478	638	1	1
46.478	639	2	1
46.478	640	3	1
46.478	641	4	1
46.624	642	2	1
46.624	643	4	1
46.771	644	1	1
46.771	645	2	1
46.771	646	3	1
46.771	647	4	1
46.917	648	1	1
46.917	649	3	1
47.063	650	1	1
47.063	651	2	1
47.063	652	3	1
47.063	653	4	1
47.210	654	1	1
47.210	655	2	1
47.210	656	3	1
47.210	657	4	1
47.356	658	1	1
47.356	659	2	1
47.356	660	3	1
47.356	661	4	1
47.649	662	1	1
47.649	663	2	1
47.649	664	3	1
47.649	665	4	1
47.795	666	1	1
47.795	667	2	1
47.795	668	3	1
47.795	669	4	1
47.941	670	1	1
47.941	671	2	1
47.941	672	3	1
47.941	673	4	1
48.088	674	1	1
48.088	675	2	1
48.161	676	3	1
48.161	677	4	1
48.234	678	1	1
48.234	679	2	1
48.380	680	3	1
48.380	681	4	1
48.453	682	1	1
48.453	683	2	1
48.527	684	3	1
48.527	685	4	1
48.600	686	1	1
48.649	687	2	1
48.697	688	3	1
48.746	689	4	1
48.819	690	1	1
48.819	691	2	1
48.892	692	4	1
48.941	693	3	1
48.990	694	2	1
49.039	695	1	1
49.112	696	3	1
49.112	697	4	1
49.185	698	2	1
49.234	699	1	1
49.283	700	4	1
49.331	701	3	1
49.405	702	1	1
49.405	703	2	1
49.405	704	4	1
49.551	705	3	1
49.697	706	1	1
49.697	707	2	1
49.697	708	4	1
49.844	709	3	1
49.990	710	1	1
50.014	711	2	1
50.039	712	3	1
50.063	713	4	1
50.283	714	1	1
50.283	715	3	1
50.283	716	4	1
50.575	717	1	1
50.575	718	2	1
50.575	719	3	2
50.575	720	4	1
50.722	721	1	1
50.722	722	3	3
50.868	723	1	1
50.868	724	2	2
50.868	725	3	1
50.868	726	4	1
51.014	727	4	1
51.014	728	2	3
51.161	729	1	1
51.161	730	2	1
51.161	731	3	2
51.161	732	4	1
51.307	733	1	1
51.307	734	3	3
51.453	735	1	1
51.453	736	2	2
51.453	737	3	1
51.453	738	4	1
51.600	739	4	1
51.600	740	2	3
51.746	741	1	1
51.746	742	2	1
51.746	743	3	2
51.746	744	4	1
51.892	745	1	1
51.892	746	3	3
52.039	747	1	1
52.039	748	2	2
52.039	749	3	1
52.039	750	4	1
52.185	751	4	1
52.185	752	2	3
52.331	753	1	1
52.331	754	2	1
52.331	755	3	2
52.331	756	4	1
52.478	757	1	1
52.478	758	2	1
52.478	759	3	3
52.551	760	3	1
52.551	761	4	1
52.624	762	1	1
52.624	763	2	1
52.771	764	3	1
52.771	765	4	1
52.917	766	1	1
52.917	767	2	1
52.917	768	3	1
52.917	769	4	2
53.063	770	2	1
53.063	771	4	3
53.210	772	1	2
53.210	773	2	1
53.210	774	3	1
53.210	775	4	1
53.356	776	3	1
53.356	777	1	3
53.502	778	1	1
53.502	779	2	1
53.502	780	3	1
53.502	781	4	2
53.649	782	2	1
53.649	783	4	3
53.795	784	1	2
53.795	785	2	1
53.795	786	3	1
53.795	787	4	1
53.941	788	3	1
53.941	789	4	1
53.941	790	1	3
54.088	791	1	1
54.088	792	2	1
54.088	793	3	1
54.088	794	4	2
54.234	795	2	1
54.234	796	4	3
54.380	797	1	2
54.380	798	2	1
54.380	799	3	1
54.380	800	4	1
54.527	801	3	1
54.527	802	1	3
54.673	803	1	1
54.673	804	2	1
54.673	805	3	1
54.673	806	4	1
54.819	807	1	1
54.819	808	2	1
54.966	809	1	1
54.966	810	2	1
54.966	811	3	1
54.966	812	4	1
55.112	813	3	1
55.112	814	4	1
55.258	815	1	1
55.258	816	2	1
55.258	817	3	1
55.258	818	4	1
55.405	819	1	1
55.405	820	3	1
55.551	821	1	1
55.551	822	2	1
55.551	823	3	1
55.551	824	4	1
55.697	825	2	1
55.697	826	4	1
55.844	827	1	1
55.844	828	2	1
55.844	829	3	1
55.844	830	4	1
55.990	831	1	1
55.990	832	3	1
56.136	833	1	1
56.136	834	2	1
56.136	835	3	1
56.136	836	4	1
56.283	837	2	1
56.283	838	4	1
56.429	839	1	1
56.429	840	2	1
56.429	841	3	1
56.429	842	4	1
56.575	843	1	1
56.575	844	2	1
56.575	845	3	1
56.575	846	4	1
56.722	847	1	1
56.722	848	2	1
56.722	849	3	1
56.722	850	4	1
57.014	851	1	1
57.014	852	2	1
57.014	853	3	1
57.014	854	4	1
57.161	855	1	1
57.161	856	2	1
57.161	857	3	1
57.161	858	4	1
57.307	859	1	1
57.307	860	2	1
57.307	861	3	1
57.307	862	4	1
57.453	863	1	1
57.453	864	2	1
57.527	865	3	1
57.527	866	4	1
57.600	867	1	1
57.600	868	2	1
57.746	869	3	1
57.746	870	4	1
57.819	871	1	1
57.819	872	2	1
57.892	873	3	1
57.892	874	4	1
57.966	875	1	1
58.014	876	2	1
58.063	877	3	1
58.112	878	4	1
58.185	879	1	1
58.185	880	2	1
58.258	881	4	1
58.307	882	3	1
58.356	883	2	1
58.405	884	1	1
58.478	885	3	1
58.478	886	4	1
58.551	887	2	1
58.600	888	1	1
58.649	889	4	1
58.697	890	3	1
58.771	891	1	2
58.771	892	2	2
58.917	893	3	2
58.917	894	4	2
58.917	895	1	3
58.917	896	2	3
59.063	897	1	1
59.063	898	2	1
59.063	899	3	3
59.063	900	4	3
59.210	901	3	1
59.356	902	4	1
59.429	903	3	1
59.502	904	2	1
59.575	905	4	1
59.649	906	1	1
59.722	907	2	1
59.795	908	3	1
59.868	909	1	1
59.941	910	2	2
59.941	911	3	1
59.941	912	4	1
60.088	913	1	1
60.088	914	2	3
60.234	915	1	1
60.234	916	2	1
60.234	917	3	1
60.234	918	4	1
60.527	919	2	1
60.527	920	3	1
60.527	921	4	1
60.673	922	1	1
60.722	923	2	1
60.771	924	4	1
60.819	925	3	1
60.868	926	2	1
60.917	927	1	1
60.966	928	3	1
61.014	929	4	1
61.112	930	1	1
61.112	931	2	1
61.112	932	3	1
61.258	933	4	1
61.307	934	3	1
61.356	935	1	1
61.405	936	2	1
61.453	937	3	1
61.502	938	4	1
61.551	939	2	1
61.600	940	1	1
61.697	941	2	1
61.697	942	3	1
61.697	943	4	1
61.844	944	1	1
61.892	945	2	1
61.941	946	4	1
61.990	947	3	1
62.039	948	2	1
62.088	949	1	1
62.136	950	3	1
62.185	951	4	1
62.283	952	1	1
62.283	953	2	1
62.356	954	3	1
62.356	955	4	1
62.429	956	1	1
62.429	957	2	1
62.502	958	3	1
62.502	959	4	1
62.575	960	1	1
62.575	961	2	1
62.649	962	3	1
62.649	963	4	1
62.722	964	1	1
62.722	965	2	1
62.795	966	3	1
62.795	967	4	1
62.868	968	1	1
62.868	969	2	1
62.941	970	3	1
62.941	971	4	1
63.014	972	1	1
63.014	973	2	1
63.088	974	3	1
63.088	975	4	1
63.161	976	1	1
63.161	977	2	1
63.234	978	3	1
63.234	979	4	1
63.307	980	1	1
63.307	981	2	1
63.380	982	3	1
63.380	983	4	1
63.453	984	1	2
63.453	985	2	2
63.600	986	1	3
63.600	987	2	3
63.746	988	2	2
63.746	989	3	2
63.892	990	2	3
63.892	991	3	3
64.039	992	3	2
64.039	993	4	2
64.185	994	1	2
64.185	995	2	2
64.185	996	3	3
64.185	997	4	3
64.331	998	3	1
64.331	999	4	2
64.478	1000	1	3
64.478	1001	2	3
64.478	1002	4	3
64.624	1003	1	1
64.624	1004	2	1
64.624	1005	3	1
64.624	1006	4	1
64.771	1007	1	1
64.771	1008	3	1
64.917	1009	1	1
64.917	1010	2	1
64.917	1011	3	1
64.917	1012	4	1
65.063	1013	2	1
65.063	1014	4	1
65.210	1015	1	1
65.210	1016	2	1
65.210	1017	3	1
65.210	1018	4	1
65.356	1019	1	1
65.356	1020	2	1
65.356	1021	3	1
65.502	1022	1	1
65.502	1023	2	1
65.502	1024	3	1
65.502	1025	4	1
65.649	1026	2	1
65.649	1027	3	1
65.649	1028	4	1
65.795	1029	1	1
65.795	1030	2	1
65.795	1031	3	1
65.795	1032	4	1
65.941	1033	1	1
65.941	1034	3	1
66.088	1035	1	1
66.088	1036	2	1
66.088	1037	3	1
66.088	1038	4	1
66.234	1039	2	1
66.234	1040	4	1
66.380	1041	1	1
66.380	1042	2	1
66.380	1043	3	1
66.380	1044	4	1
66.527	1045	1	1
66.527	1046	2	1
66.600	1047	3	1
66.600	1048	4	1
66.673	1049	1	1
66.673	1050	2	1
66.819	1051	3	1
66.819	1052	4	1
66.966	1053	1	1
66.966	1054	2	1
66.966	1055	3	1
66.966	1056	4	1
67.112	1057	1	1
67.112	1058	3	1
67.258	1059	1	1
67.258	1060	2	1
67.258	1061	3	1
67.258	1062	4	1
67.405	1063	2	1
67.405	1064	4	1
67.551	1065	1	1
67.551	1066	2	1
67.551	1067	3	1
67.551	1068	4	1
67.697	1069	1	1
67.697	1070	3	1
67.844	1071	1	1
67.844	1072	2	1
67.844	1073	3	1
67.844	1074	4	1
67.990	1075	1	1
67.990	1076	2	1
67.990	1077	3	1
67.990	1078	4	1
68.136	1079	1	1
68.136	1080	2	1
68.136	1081	3	1
68.136	1082	4	1
68.283	1083	2	1
68.283	1084	4	1
68.429	1085	1	2
68.429	1086	2	1
68.429	1087	3	2
68.575	1088	1	3
68.575	1089	3	3
68.722	1090	1	1
68.722	1091	2	1
68.722	1092	3	1
68.722	1093	4	1
68.868	1094	1	2
68.868	1095	3	2
69.014	1096	2	2
69.014	1097	4	2
69.014	1098	1	3
69.014	1099	3	3
69.161	1100	2	3
69.161	1101	4	3
69.307	1102	1	1
69.307	1103	2	1
69.307	1104	3	1
69.307	1105	4	1
69.453	1106	2	1
69.453	1107	4	1
69.527	1108	1	1
69.527	1109	3	1
69.600	1110	2	1
69.600	1111	4	1
69.746	1112	1	1
69.746	1113	3	1
69.892	1114	1	1
69.892	1115	2	1
69.892	1116	3	1
69.892	1117	4	1
70.039	1118	1	1
70.039	1119	2	1
70.039	1120	3	1
70.185	1121	1	1
70.185	1122	2	1
70.185	1123	3	1
70.185	1124	4	1
70.331	1125	2	1
70.331	1126	3	1
70.331	1127	4	1
70.478	1128	1	1
70.478	1129	2	1
70.478	1130	3	1
70.478	1131	4	1
70.624	1132	1	1
70.624	1133	2	1
70.771	1134	1	1
70.771	1135	2	1
70.771	1136	3	1
70.771	1137	4	1
70.917	1138	3	1
70.917	1139	4	1
71.063	1140	1	1
71.063	1141	2	1
71.063	1142	3	1
71.063	1143	4	1
71.210	1144	1	1
71.210	1145	2	1
71.210	1146	3	1
71.210	1147	4	1
71.356	1148	1	1
71.356	1149	2	1
71.356	1150	3	1
71.356	1151	4	1
71.502	1152	1	1
71.502	1153	3	1
71.575	1154	2	1
71.575	1155	4	1
71.649	1156	1	1
71.649	1157	3	1
71.795	1158	2	1
71.795	1159	4	1
71.941	1160	1	1
71.941	1161	2	1
71.941	1162	3	1
71.941	1163	4	1
72.088	1164	1	1
72.088	1165	2	1
72.234	1166	1	1
72.234	1167	2	1
72.234	1168	3	1
72.234	1169	4	1
72.380	1170	3	1
72.380	1171	4	1
72.527	1172	1	1
72.527	1173	2	1
72.527	1174	3	1
72.527	1175	4	1
72.673	1176	1	1
72.673	1177	2	1
72.819	1178	1	1
72.819	1179	2	1
72.819	1180	3	1
72.819	1181	4	1
72.966	1182	3	1
72.966	1183	4	1
73.112	1184	1	1
73.112	1185	2	1
73.112	1186	3	1
73.112	1187	4	1
73.405	1188	1	1
73.405	1189	2	1
73.405	1190	4	1
73.551	1191	1	1
73.551	1192	2	1
73.551	1193	4	1
73.697	1194	1	1
73.697	1195	2	1
73.697	1196	4	1
73.990	1197	1	1
73.990	1198	2	1
73.990	1199	3	1
73.990	1200	4	1
74.136	1201	2	1
74.136	1202	4	1
74.283	1203	1	1
74.283	1204	2	1
74.283	1205	3	1
74.283	1206	4	1
74.429	1207	1	1
74.429	1208	3	1
74.575	1209	1	1
74.575	1210	2	1
74.575	1211	3	1
74.575	1212	4	1
74.722	1213	2	1
74.722	1214	4	1
74.868	1215	1	1
74.868	1216	2	1
74.868	1217	3	1
74.868	1218	4	1
75.014	1219	1	1
75.014	1220	3	1
75.161	1221	1	1
75.161	1222	2	1
75.161	1223	3	1
75.161	1224	4	1
75.307	1225	1	1
75.307	1226	2	1
75.307	1227	3	1
75.307	1228	4	1
75.453	1229	1	1
75.453	1230	2	1
75.453	1231	3	1
75.453	1232	4	1
75.746	1233	1	1
75.746	1234	2	1
75.746	1235	3	1
75.746	1236	4	1
75.892	1237	1	1
75.892	1238	2	1
75.892	1239	3	1
75.892	1240	4	1
76.039	1241	1	1
76.039	1242	2	1
76.039	1243	3	1
76.039	1244	4	1
76.185	1245	1	1
76.185	1246	2	1
76.258	1247	3	1
76.258	1248	4	1
76.331	1249	1	1
76.331	1250	2	1
76.478	1251	3	1
76.478	1252	4	1
76.624	1253	1	1
76.624	1254	2	1
76.624	1255	3	1
76.624	1256	4	1
76.771	1257	1	1
76.771	1258	3	1
76.917	1259	1	1
76.917	1260	2	1
76.917	1261	3	1
76.917	1262	4	1
77.063	1263	2	1
77.063	1264	4	1
77.210	1265	1	1
77.210	1266	2	1
77.210	1267	3	1
77.210	1268	4	1
77.356	1269	1	1
77.356	1270	3	1
77.502	1271	1	1
77.502	1272	2	1
77.575	1273	3	1
77.575	1274	4	1
77.649	1275	1	1
77.649	1276	2	1
77.722	1277	3	1
77.722	1278	4	1
77.795	1279	1	1
77.795	1280	2	1
77.868	1281	3	1
77.868	1282	4	1
77.941	1283	1	1
77.941	1284	2	1
78.014	1285	3	1
78.014	1286	4	1
78.088	1287	1	1
78.088	1288	2	1
78.161	1289	3	1
78.161	1290	4	1
78.234	1291	1	1
78.234	1292	2	1
78.307	1293	3	1
78.307	1294	4	1
78.380	1295	1	1
78.380	1296	2	1
78.673	1297	2	1
78.673	1298	3	2
78.673	1299	4	1
78.966	1300	3	3
79.112	1301	2	2
79.112	1302	4	1
79.258	1303	1	2
79.258	1304	3	1
79.258	1305	2	3
79.551	1306	4	2
79.551	1307	1	3
79.697	1308	2	2
79.697	1309	4	3
80.136	1310	2	3
80.283	1311	4	2
80.429	1312	1	1
80.429	1313	2	2
80.429	1314	3	1
80.429	1315	4	3
80.575	1316	4	2
80.575	1317	2	3
80.722	1318	1	2
80.722	1319	2	1
80.722	1320	4	3
80.868	1321	3	2
80.868	1322	1	3
81.014	1323	1	2
81.014	1324	2	1
81.014	1325	3	3
81.307	1326	3	2
81.307	1327	1	3
81.453	1328	3	3
81.600	1329	1	1
81.600	1330	2	1
81.600	1331	4	2
81.746	1332	4	3
81.892	1333	1	2
82.039	1334	4	2
82.039	1335	1	3
82.331	1336	3	2
82.331	1337	4	3
82.478	1338	3	3
82.624	1339	1	2
82.771	1340	2	2
82.771	1341	3	1
82.771	1342	4	1
82.771	1343	1	3
82.917	1344	1	2
82.917	1345	2	3
83.063	1346	4	2
83.063	1347	1	3
83.210	1348	2	2
83.210	1349	4	3
83.649	1350	3	2
83.649	1351	2	3
83.795	1352	3	3
83.941	1353	1	2
83.941	1354	2	1
83.941	1355	4	1
84.234	1356	3	2
84.234	1357	1	3
84.380	1358	2	2
84.380	1359	3	3
84.819	1360	2	3
84.966	1361	4	2
85.112	1362	1	1
85.112	1363	2	2
85.112	1364	3	1
85.112	1365	4	3
85.258	1366	4	2
85.258	1367	2	3
85.405	1368	1	1
85.405	1369	3	2
85.405	1370	4	3
85.551	1371	2	1
85.551	1372	4	2
85.551	1373	3	3
85.697	1374	1	2
85.697	1375	3	1
85.697	1376	4	3
85.990	1377	3	2
85.990	1378	1	3
86.136	1379	2	2
86.136	1380	3	3
86.283	1381	3	1
86.283	1382	4	1
86.283	1383	2	3
86.429	1384	1	2
86.575	1385	1	3
86.722	1386	2	2
87.014	1387	3	2
87.014	1388	2	3
87.161	1389	4	1
87.161	1390	3	3
87.307	1391	1	2
87.453	1392	2	2
87.453	1393	4	1
87.453	1394	1	3
87.600	1395	2	3
87.746	1396	1	1
87.746	1397	4	2
87.892	1398	2	2
87.892	1399	4	3
88.039	1400	1	1
88.039	1401	3	1
88.039	1402	4	1
88.039	1403	2	3
88.331	1404	1	1
88.331	1405	3	1
88.331	1406	4	1
88.478	1407	2	2
88.624	1408	1	1
88.624	1409	3	2
88.624	1410	4	1
88.624	1411	2	3
88.771	1412	3	3
88.917	1413	1	2
88.917	1414	3	1
88.917	1415	4	1
89.063	1416	2	2
89.063	1417	1	3
89.210	1418	1	1
89.210	1419	3	1
89.210	1420	4	1
89.210	1421	2	3
89.502	1422	1	1
89.502	1423	3	1
89.502	1424	4	1
89.649	1425	2	2
89.795	1426	1	1
89.795	1427	3	1
89.795	1428	4	2
89.795	1429	2	3
89.941	1430	2	2
89.941	1431	4	3
90.088	1432	1	1
90.088	1433	3	1
90.088	1434	4	2
90.088	1435	2	3
90.234	1436	2	1
90.234	1437	3	2
90.234	1438	4	3
90.380	1439	1	2
90.380	1440	2	1
90.380	1441	4	1
90.380	1442	3	3
90.527	1443	1	3
90.673	1444	1	1
90.673	1445	2	2
90.673	1446	4	1
90.819	1447	2	3
90.966	1448	1	1
90.966	1449	2	1
90.966	1450	4	2
91.112	1451	4	3
91.258	1452	1	1
91.258	1453	2	2
91.258	1454	4	1
91.405	1455	3	2
91.405	1456	2	3
91.551	1457	1	1
91.551	1458	2	1
91.551	1459	4	1
91.551	1460	3	3
91.697	1461	3	2
91.844	1462	1	1
91.844	1463	2	1
91.844	1464	4	1
91.844	1465	3	3
91.990	1466	2	2
91.990	1467	3	1
92.136	1468	1	1
92.136	1469	3	2
92.136	1470	4	1
92.136	1471	2	3
92.283	1472	1	1
92.283	1473	2	1
92.283	1474	3	3
92.429	1475	2	1
92.429	1476	3	1
92.429	1477	4	2
92.575	1478	1	2
92.575	1479	4	3
92.722	1480	2	1
92.722	1481	3	1
92.722	1482	4	1
92.722	1483	1	3
93.014	1484	2	2
93.014	1485	3	1
93.014	1486	4	1
93.161	1487	2	3
93.307	1488	2	1
93.307	1489	3	1
93.307	1490	4	2
93.453	1491	4	3
93.600	1492	2	2
93.600	1493	3	1
93.600	1494	4	1
93.746	1495	1	2
93.746	1496	2	3
93.892	1497	2	1
93.892	1498	3	1
93.892	1499	4	1
93.892	1500	1	3
94.039	1501	1	2
94.185	1502	2	1
94.185	1503	3	1
94.185	1504	4	1
94.185	1505	1	3
94.331	1506	1	2
94.478	1507	2	2
94.478	1508	3	1
94.478	1509	4	1
94.478	1510	1	3
94.624	1511	3	2
94.624	1512	2	3
94.771	1513	1	1
94.771	1514	2	1
94.771	1515	4	2
94.771	1516	3	3
94.917	1517	2	1
94.917	1518	3	2
94.917	1519	4	3
95.063	1520	1	1
95.063	1521	4	1
95.063	1522	3	3
95.136	1523	2	1
95.210	1524	3	1
95.283	1525	4	1
95.356	1526	1	1
95.429	1527	2	1
95.502	1528	4	1
95.575	1529	3	1
95.649	1530	2	1
95.722	1531	1	1
95.795	1532	4	1
95.868	1533	3	1
95.941	1534	1	1
96.014	1535	2	1
96.088	1536	3	1
96.161	1537	4	1
96.234	1538	1	1
96.234	1539	2	1
96.527	1540	3	1
96.527	1541	4	1
96.673	1542	2	1
96.819	1543	1	1
96.819	1544	4	1
97.112	1545	2	1
97.112	1546	3	1
97.405	1547	1	1
97.405	1548	3	1
97.405	1549	4	1
97.697	1550	1	1
97.697	1551	3	1
97.697	1552	4	1
97.990	1553	1	1
97.990	1554	3	1
97.990	1555	4	1
98.136	1556	2	1
98.283	1557	2	1
98.283	1558	3	1
98.283	1559	4	1
98.429	1560	2	1
98.575	1561	1	1
98.575	1562	3	1
98.575	1563	4	1
98.868	1564	1	1
98.868	1565	3	1
98.868	1566	4	1
99.161	1567	1	1
99.161	1568	3	1
99.161	1569	4	1
99.307	1570	2	1
99.380	1571	3	1
99.453	1572	1	1
99.453	1573	4	1
99.527	1574	2	1
99.600	1575	3	1
99.746	1576	1	1
99.746	1577	2	1
99.746	1578	4	1
100.039	1579	1	1
100.039	1580	2	1
100.039	1581	4	1
100.331	1582	1	1
100.331	1583	2	1
100.331	1584	4	1
100.624	1585	1	1
100.624	1586	2	1
100.624	1587	4	1
100.917	1588	1	1
100.917	1589	2	1
100.917	1590	4	1
101.063	1591	3	1
101.210	1592	1	1
101.210	1593	2	1
101.210	1594	3	1
101.356	1595	3	1
101.502	1596	1	1
101.502	1597	2	1
101.502	1598	4	1
101.795	1599	1	1
101.795	1600	2	1
101.795	1601	4	1
102.088	1602	1	1
102.088	1603	3	1
102.088	1604	4	1
102.234	1605	3	1
102.234	1606	4	1
102.380	1607	1	1
102.380	1608	2	1
102.380	1609	3	1
102.527	1610	1	1
102.527	1611	2	1
102.673	1612	1	1
102.673	1613	3	1
102.673	1614	4	1
102.819	1615	3	1
102.819	1616	4	1
102.966	1617	1	1
102.966	1618	2	1
102.966	1619	4	1
103.112	1620	1	1
103.112	1621	2	1
103.258	1622	1	1
103.258	1623	3	1
103.258	1624	4	1
103.405	1625	3	1
103.405	1626	4	1
103.551	1627	1	1
103.551	1628	2	1
103.551	1629	4	1
103.697	1630	1	1
103.697	1631	2	1
103.844	1632	1	1
103.844	1633	3	1
103.844	1634	4	1
103.990	1635	3	1
103.990	1636	4	1
104.136	1637	1	1
104.136	1638	2	1
104.136	1639	4	1
104.283	1640	1	1
104.283	1641	2	1
104.429	1642	3	1
104.429	1643	4	1
104.502	1644	1	1
104.502	1645	2	1
104.575	1646	3	1
104.575	1647	4	1
104.649	1648	1	1
104.649	1649	2	1
104.722	1650	3	1
104.722	1651	4	1
104.795	1652	1	1
104.795	1653	2	1
104.868	1654	3	1
104.868	1655	4	1
104.941	1656	1	1
104.941	1657	2	1
105.014	1658	3	1
105.014	1659	4	1
105.088	1660	1	1
105.088	1661	2	1
105.161	1662	3	1
105.161	1663	4	1
105.234	1664	1	1
105.234	1665	2	1
105.307	1666	3	1
105.307	1667	4	1
105.380	1668	1	1
105.380	1669	2	1
105.453	1670	3	1
105.453	1671	4	1
105.527	1672	1	1
105.527	1673	2	1
105.600	1674	3	2
105.600	1675	4	2
105.746	1676	3	3
105.746	1677	4	3
105.892	1678	2	2
105.892	1679	3	2
106.039	1680	2	3
106.039	1681	3	3
106.185	1682	1	2
106.185	1683	2	2
106.331	1684	3	2
106.331	1685	4	2
106.331	1686	1	3
106.331	1687	2	3
106.478	1688	1	2
106.478	1689	2	1
106.624	1690	1	3
106.624	1691	3	3
106.624	1692	4	3
106.771	1693	1	1
106.771	1694	2	1
106.771	1695	3	1
106.771	1696	4	1
106.917	1697	2	1
106.917	1698	3	1
107.063	1699	1	1
107.063	1700	2	1
107.063	1701	3	1
107.063	1702	4	1
107.356	1703	1	1
107.356	1704	2	1
107.356	1705	3	1
107.502	1706	4	1
107.551	1707	3	1
107.600	1708	1	1
107.649	1709	2	1
107.697	1710	3	1
107.746	1711	4	1
107.795	1712	2	1
107.844	1713	1	1
107.941	1714	2	1
107.941	1715	3	1
107.941	1716	4	1
108.088	1717	1	1
108.136	1718	2	1
108.185	1719	4	1
108.234	1720	3	1
108.283	1721	2	1
108.331	1722	1	1
108.380	1723	3	1
108.429	1724	4	1
108.527	1725	1	1
108.527	1726	2	1
108.600	1727	3	1
108.600	1728	4	1
108.673	1729	1	1
108.673	1730	2	1
108.819	1731	2	1
108.819	1732	3	1
108.819	1733	4	1
108.966	1734	3	1
109.112	1735	1	1
109.112	1736	2	1
109.112	1737	4	1
109.258	1738	1	1
109.258	1739	3	1
109.405	1740	1	1
109.405	1741	2	1
109.551	1742	2	1
109.551	1743	4	1
109.697	1744	3	1
109.697	1745	4	1
109.844	1746	1	1
109.844	1747	2	1
109.990	1748	3	1
109.990	1749	4	1
110.136	1750	1	1
110.136	1751	2	1
110.283	1752	3	1
110.283	1753	4	1
110.356	1754	1	1
110.356	1755	2	1
110.429	1756	3	1
110.429	1757	4	1
110.502	1758	1	1
110.502	1759	2	1
110.575	1760	3	1
110.575	1761	4	1
110.649	1762	1	1
110.649	1763	2	1
110.722	1764	3	1
110.722	1765	4	1
110.795	1766	1	1
110.795	1767	2	1
110.868	1768	3	1
110.868	1769	4	1
110.941	1770	1	1
111.014	1771	2	1
111.088	1772	3	1
111.161	1773	1	1
111.161	1774	4	1
111.453	1775	1	1
111.453	1776	2	1
111.453	1777	3	1
111.453	1778	4	2
111.600	1779	2	1
111.600	1780	4	3
111.746	1781	1	2
111.746	1782	2	1
111.746	1783	3	1
111.746	1784	4	1
111.892	1785	3	1
111.892	1786	1	3
112.039	1787	1	1
112.039	1788	2	1
112.039	1789	3	1
112.039	1790	4	2
112.185	1791	2	1
112.185	1792	4	3
112.331	1793	1	2
112.331	1794	2	1
112.331	1795	3	1
112.331	1796	4	1
112.478	1797	3	1
112.478	1798	1	3
112.624	1799	1	1
112.624	1800	2	1
112.624	1801	3	1
112.624	1802	4	2
112.771	1803	2	1
112.771	1804	4	3
112.917	1805	1	2
112.917	1806	2	1
112.917	1807	3	1
112.917	1808	4	1
113.063	1809	3	1
113.063	1810	1	3
113.210	1811	1	1
113.210	1812	2	1
113.210	1813	3	1
113.210	1814	4	2
113.356	1815	1	1
113.356	1816	2	1
113.356	1817	4	3
113.429	1818	3	1
113.429	1819	4	1
113.502	1820	1	1
113.502	1821	2	1
113.649	1822	3	1
113.649	1823	4	1
113.795	1824	1	1
113.795	1825	2	1
113.795	1826	4	1
113.941	1827	1	1
113.941	1828	2	1
113.941	1829	3	1
114.088	1830	1	1
114.088	1831	3	1
114.088	1832	4	1
114.234	1833	2	1
114.234	1834	3	1
114.234	1835	4	1
114.380	1836	1	1
114.380	1837	2	1
114.453	1838	3	1
114.453	1839	4	1
114.527	1840	1	1
114.527	1841	2	1
114.600	1842	3	1
114.600	1843	4	1
114.673	1844	1	1
114.673	1845	2	1
114.746	1846	3	1
114.746	1847	4	1
114.819	1848	1	1
114.819	1849	2	1
114.892	1850	3	1
114.892	1851	4	1
114.966	1852	1	1
114.966	1853	2	1
115.112	1854	1	1
115.258	1855	3	1
115.258	1856	4	1
115.405	1857	4	1
115.551	1858	1	1
115.551	1859	2	1
115.551	1860	3	1
115.844	1861	1	2
115.844	1862	2	2
115.917	1863	1	3
115.917	1864	2	3
115.990	1865	3	2
115.990	1866	4	2
116.063	1867	3	3
116.063	1868	4	3
116.136	1869	1	2
116.136	1870	2	2
116.136	1871	3	1
116.136	1872	4	1
116.210	1873	1	3
116.210	1874	2	3
116.283	1875	2	1
116.429	1876	1	2
116.429	1877	2	2
116.429	1878	3	1
116.429	1879	4	1
116.502	1880	1	3
116.502	1881	2	3
116.575	1882	3	1
116.722	1883	1	1
116.722	1884	2	1
116.722	1885	3	1
116.722	1886	4	1
116.868	1887	2	1
117.014	1888	1	1
117.014	1889	2	1
117.014	1890	3	2
117.014	1891	4	2
117.088	1892	3	3
117.088	1893	4	3
117.161	1894	1	2
117.161	1895	2	2
117.234	1896	1	3
117.234	1897	2	3
117.307	1898	1	1
117.307	1899	2	1
117.307	1900	3	2
117.307	1901	4	2
117.380	1902	3	3
117.380	1903	4	3
117.453	1904	4	1
117.600	1905	1	1
117.600	1906	2	1
117.600	1907	3	2
117.600	1908	4	2
117.673	1909	3	3
117.673	1910	4	3
117.746	1911	1	1
117.892	1912	1	1
117.892	1913	2	1
117.892	1914	3	1
117.892	1915	4	1
118.039	1916	3	2
118.039	1917	4	2
118.112	1918	3	3
118.112	1919	4	3
118.185	1920	1	1
118.185	1921	2	2
118.185	1922	3	2
118.185	1923	4	1
118.258	1924	2	3
118.258	1925	3	3
118.331	1926	1	2
118.331	1927	2	2
118.405	1928	1	3
118.405	1929	2	3
118.478	1930	1	1
118.478	1931	2	1
118.478	1932	3	1
118.478	1933	4	1
118.624	1934	4	1
118.771	1935	1	1
118.771	1936	2	1
118.771	1937	3	1
118.771	1938	4	1
118.917	1939	2	1
119.063	1940	1	1
119.063	1941	2	1
119.063	1942	3	1
119.063	1943	4	1
119.210	1944	3	1
119.356	1945	1	1
119.356	1946	2	1
119.356	1947	3	2
119.356	1948	4	2
119.429	1949	3	3
119.429	1950	4	3
119.502	1951	1	2
119.502	1952	2	2
119.575	1953	1	3
119.575	1954	2	3
119.649	1955	1	1
119.649	1956	2	1
119.649	1957	3	1
119.649	1958	4	1
119.795	1959	3	2
119.795	1960	4	2
119.868	1961	3	3
119.868	1962	4	3
119.941	1963	1	1
119.941	1964	2	1
119.941	1965	3	1
119.941	1966	4	1
120.088	1967	2	1
120.234	1968	1	1
120.234	1969	2	1
120.234	1970	3	1
120.234	1971	4	1
120.380	1972	4	1
120.417	1973	3	1
120.453	1974	1	1
120.490	1975	2	1
120.527	1976	3	2
120.527	1977	4	2
120.600	1978	3	3
120.600	1979	4	3
120.673	1980	1	2
120.673	1981	2	2
120.746	1982	1	3
120.746	1983	2	3
120.819	1984	1	1
120.819	1985	2	1
120.819	1986	3	1
120.819	1987	4	1
120.966	1988	4	1
121.112	1989	1	1
121.112	1990	2	1
121.112	1991	3	1
121.112	1992	4	1
121.258	1993	2	1
121.405	1994	1	1
121.405	1995	2	1
121.405	1996	3	2
121.405	1997	4	2
121.478	1998	3	3
121.478	1999	4	3
121.551	2000	3	1
121.697	2001	1	2
121.697	2002	2	2
121.697	2003	3	1
121.697	2004	4	1
121.771	2005	1	3
121.771	2006	2	3
121.844	2007	1	2
121.844	2008	2	2
121.917	2009	1	3
121.917	2010	2	3
121.990	2011	1	1
121.990	2012	2	1
121.990	2013	3	1
121.990	2014	4	1
122.136	2015	4	1
122.283	2016	1	1
122.283	2017	2	1
122.283	2018	3	1
122.283	2019	4	1
122.429	2020	2	1
122.575	2021	1	1
122.575	2022	2	1
122.575	2023	3	2
122.575	2024	4	2
122.649	2025	3	3
122.649	2026	4	3
122.722	2027	3	2
122.722	2028	4	2
122.795	2029	3	3
122.795	2030	4	3
122.868	2031	1	2
122.868	2032	2	2
122.868	2033	3	1
122.868	2034	4	1
122.941	2035	1	3
122.941	2036	2	3
123.014	2037	1	2
123.014	2038	2	2
123.088	2039	1	3
123.088	2040	2	3
123.161	2041	1	1
123.161	2042	2	1
123.161	2043	3	1
123.161	2044	4	1
123.307	2045	3	1
123.453	2046	1	1
123.453	2047	2	1
123.453	2048	3	1
123.453	2049	4	1
123.600	2050	2	1
123.746	2051	1	1
123.746	2052	2	1
123.746	2053	3	1
123.746	2054	4	1
123.892	2055	3	2
123.892	2056	4	2
123.966	2057	3	3
123.966	2058	4	3
124.039	2059	1	1
124.039	2060	2	1
124.039	2061	3	1
124.039	2062	4	1
124.185	2063	1	2
124.185	2064	2	2
124.258	2065	1	3
124.258	2066	2	3
124.331	2067	1	1
124.331	2068	2	1
124.331	2069	3	1
124.331	2070	4	1
124.478	2071	3	2
124.478	2072	4	2
124.551	2073	3	3
124.551	2074	4	3
124.624	2075	1	1
124.624	2076	2	1
124.624	2077	3	1
124.624	2078	4	1
124.771	2079	2	1
124.917	2080	1	1
124.917	2081	2	1
124.917	2082	3	1
124.917	2083	4	1
125.063	2084	2	1
125.210	2085	1	2
125.210	2086	2	2
125.210	2087	3	1
125.210	2088	4	1
125.283	2089	1	3
125.283	2090	2	3
125.356	2091	3	2
125.356	2092	4	2
125.429	2093	3	3
125.429	2094	4	3
125.502	2095	1	2
125.502	2096	2	2
125.502	2097	3	1
125.502	2098	4	1
125.575	2099	1	3
125.575	2100	2	3
125.649	2101	2	1
125.795	2102	1	2
125.795	2103	2	2
125.795	2104	3	1
125.795	2105	4	1
125.868	2106	1	3
125.868	2107	2	3
125.941	2108	3	1
126.088	2109	1	1
126.088	2110	2	1
126.088	2111	3	1
126.088	2112	4	1
126.234	2113	2	1
126.380	2114	1	1
126.380	2115	2	1
126.380	2116	3	2
126.380	2117	4	2
126.453	2118	3	3
126.453	2119	4	3
126.527	2120	1	2
126.527	2121	2	2
126.600	2122	1	3
126.600	2123	2	3
126.673	2124	1	1
126.673	2125	2	1
126.673	2126	3	2
126.673	2127	4	2
126.746	2128	3	3
126.746	2129	4	3
126.819	2130	4	1
126.966	2131	1	1
126.966	2132	2	1
126.966	2133	3	2
126.966	2134	4	2
127.039	2135	3	3
127.039	2136	4	3
127.112	2137	1	1
127.258	2138	1	1
127.258	2139	2	1
127.258	2140	3	1
127.258	2141	4	1
127.405	2142	3	2
127.405	2143	4	2
127.478	2144	3	3
127.478	2145	4	3
127.551	2146	1	1
127.551	2147	2	2
127.551	2148	3	2
127.551	2149	4	1
127.624	2150	2	3
127.624	2151	3	3
127.697	2152	1	2
127.697	2153	2	2
127.771	2154	1	3
127.771	2155	2	3
127.844	2156	1	1
127.844	2157	2	1
127.844	2158	3	1
127.844	2159	4	1
127.990	2160	4	1
128.136	2161	1	1
128.136	2162	2	1
128.136	2163	3	1
128.136	2164	4	1
128.283	2165	2	1
128.429	2166	1	1
128.429	2167	2	1
128.429	2168	3	1
128.429	2169	4	1
128.575	2170	3	1
128.722	2171	1	2
128.722	2172	2	2
128.722	2173	3	1
128.722	2174	4	1
128.795	2175	1	3
128.795	2176	2	3
128.868	2177	3	2
128.868	2178	4	2
128.941	2179	3	3
128.941	2180	4	3
129.014	2181	1	1
129.014	2182	2	1
129.014	2183	3	1
129.014	2184	4	1
129.161	2185	1	2
129.161	2186	2	2
129.234	2187	1	3
129.234	2188	2	3
129.307	2189	1	1
129.307	2190	2	1
129.307	2191	3	1
129.307	2192	4	1
129.453	2193	3	1
129.600	2194	1	1
129.600	2195	2	1
129.600	2196	3	1
129.600	2197	4	1
129.746	2198	4	1
129.783	2199	3	1
129.819	2200	1	1
129.856	2201	2	1
129.892	2202	3	2
129.892	2203	4	2
129.966	2204	3	3
129.966	2205	4	3
130.039	2206	1	2
130.039	2207	2	2
130.112	2208	1	3
130.112	2209	2	3
130.185	2210	1	1
130.185	2211	2	1
130.185	2212	3	1
130.185	2213	4	1
130.331	2214	4	1
130.478	2215	1	1
130.478	2216	2	1
130.478	2217	3	1
130.478	2218	4	1
130.624	2219	2	1
130.771	2220	1	1
130.771	2221	2	1
130.771	2222	3	1
130.771	2223	4	1
130.917	2224	3	1
131.063	2225	1	2
131.063	2226	2	2
131.063	2227	3	1
131.063	2228	4	1
131.136	2229	1	3
131.136	2230	2	3
131.210	2231	1	2
131.210	2232	2	2
131.283	2233	1	3
131.283	2234	2	3
131.356	2235	1	1
131.356	2236	2	1
131.356	2237	3	1
131.356	2238	4	1
131.502	2239	3	2
131.502	2240	4	2
131.575	2241	3	3
131.575	2242	4	3
131.649	2243	1	1
131.649	2244	2	1
131.649	2245	3	1
131.649	2246	4	1
131.795	2247	2	1
131.941	2248	1	1
131.941	2249	2	1
131.941	2250	3	2
131.941	2251	4	2
132.014	2252	3	3
132.014	2253	4	3
132.088	2254	3	2
132.088	2255	4	2
132.161	2256	3	3
132.161	2257	4	3
132.234	2258	1	2
132.234	2259	2	2
132.234	2260	3	1
132.234	2261	4	1
132.307	2262	1	3
132.307	2263	2	3
132.380	2264	1	2
132.380	2265	2	2
132.453	2266	1	3
132.453	2267	2	3
132.527	2268	1	1
132.527	2269	2	1
132.527	2270	3	1
132.527	2271	4	1
132.673	2272	3	1
132.819	2273	1	1
132.819	2274	2	1
132.819	2275	3	1
132.819	2276	4	1
132.966	2277	2	1
133.112	2278	1	1
133.112	2279	2	1
133.112	2280	3	1
133.112	2281	4	1
133.258	2282	3	2
133.258	2283	4	2
133.331	2284	3	3
133.331	2285	4	3
133.405	2286	1	1
133.405	2287	2	1
133.405	2288	3	1
133.405	2289	4	1
133.551	2290	1	2
133.551	2291	2	2
133.624	2292	1	3
133.624	2293	2	3
133.697	2294	1	1
133.697	2295	2	1
133.697	2296	3	1
133.697	2297	4	1
133.844	2298	3	2
133.844	2299	4	2
133.917	2300	3	3
133.917	2301	4	3
133.990	2302	1	1
133.990	2303	2	1
133.990	2304	3	1
133.990	2305	4	1
134.136	2306	2	1
134.283	2307	1	1
134.283	2308	2	1
134.283	2309	3	1
134.283	2310	4	1
134.429	2311	4	1
134.575	2312	1	2
134.575	2313	2	2
134.575	2314	3	1
134.575	2315	4	1
134.649	2316	1	3
134.649	2317	2	3
134.722	2318	3	2
134.722	2319	4	2
134.795	2320	3	3
134.795	2321	4	3
134.868	2322	1	1
134.868	2323	2	1
134.868	2324	3	1
134.868	2325	4	1
135.014	2326	2	2
135.161	2327	1	1
135.161	2328	3	1
135.161	2329	4	1
135.161	2330	2	3
135.307	2331	3	2
135.453	2332	1	1
135.453	2333	2	1
135.453	2334	4	1
135.453	2335	3	3
135.600	2336	2	2
135.746	2337	1	1
135.746	2338	3	2
135.746	2339	4	2
135.746	2340	2	3
135.819	2341	3	3
135.819	2342	4	3
135.892	2343	3	2
135.892	2344	4	2
135.966	2345	3	3
135.966	2346	4	3
136.039	2347	1	1
136.039	2348	2	1
136.039	2349	3	1
136.039	2350	4	1
136.185	2351	2	2
136.331	2352	1	1
136.331	2353	3	1
136.331	2354	4	1
136.331	2355	2	3
136.478	2356	3	2
136.624	2357	1	1
136.624	2358	2	1
136.624	2359	4	1
136.624	2360	3	3
136.771	2361	1	2
136.771	2362	2	2
136.844	2363	1	3
136.844	2364	2	3
136.917	2365	1	2
136.917	2366	2	2
136.917	2367	3	1
136.917	2368	4	1
136.990	2369	1	3
136.990	2370	2	3
137.063	2371	3	2
137.063	2372	4	2
137.136	2373	3	3
137.136	2374	4	3
137.210	2375	1	1
137.210	2376	2	1
137.210	2377	3	1
137.210	2378	4	1
137.356	2379	1	2
137.502	2380	2	1
137.502	2381	3	1
137.502	2382	4	1
137.502	2383	1	3
137.649	2384	4	2
137.795	2385	1	1
137.795	2386	2	1
137.795	2387	3	1
137.795	2388	4	3
137.941	2389	1	1
137.941	2390	2	1
138.014	2391	3	1
138.088	2392	1	1
138.088	2393	2	1
138.088	2394	4	1
138.234	2395	3	1
138.234	2396	4	1
138.380	2397	1	1
138.380	2398	2	1
138.380	2399	3	1
138.380	2400	4	1
138.527	2401	1	2
138.673	2402	2	1
138.673	2403	3	1
138.673	2404	4	1
138.673	2405	1	3
138.819	2406	4	1
138.856	2407	3	1
138.892	2408	2	1
138.929	2409	1	1
138.966	2410	3	1
138.966	2411	4	1
139.112	2412	2	2
139.258	2413	1	1
139.258	2414	3	1
139.258	2415	4	1
139.258	2416	2	3
139.405	2417	3	2
139.551	2418	1	1
139.551	2419	2	1
139.551	2420	4	1
139.551	2421	3	3
139.697	2422	2	1
139.697	2423	3	1
139.844	2424	1	1
139.844	2425	2	1
139.844	2426	3	1
139.844	2427	4	1
139.990	2428	1	2
140.136	2429	2	1
140.136	2430	3	1
140.136	2431	4	1
140.136	2432	1	3
140.283	2433	4	2
140.429	2434	1	1
140.429	2435	2	1
140.429	2436	3	1
140.429	2437	4	3
140.575	2438	1	2
140.722	2439	2	1
140.722	2440	3	1
140.722	2441	4	1
140.722	2442	1	3
140.868	2443	3	1
140.868	2444	4	1
140.941	2445	2	1
141.014	2446	1	1
141.014	2447	3	1
141.014	2448	4	1
141.161	2449	2	2
141.307	2450	1	1
141.307	2451	3	1
141.307	2452	4	1
141.307	2453	2	3
141.453	2454	3	2
141.600	2455	1	1
141.600	2456	2	1
141.600	2457	4	1
141.600	2458	3	3
141.746	2459	1	1
141.746	2460	2	1
141.892	2461	1	1
141.892	2462	2	1
141.892	2463	3	1
141.892	2464	4	1
142.039	2465	3	2
142.185	2466	1	1
142.185	2467	2	1
142.185	2468	4	1
142.185	2469	3	3
142.331	2470	2	2
142.478	2471	1	1
142.478	2472	3	1
142.478	2473	4	1
142.478	2474	2	3
142.624	2475	3	1
142.624	2476	4	1
142.771	2477	1	1
142.771	2478	2	1
142.771	2479	3	1
142.771	2480	4	1
142.917	2481	1	2
143.063	2482	2	1
143.063	2483	3	1
143.063	2484	4	1
143.063	2485	1	3
143.210	2486	3	2
143.356	2487	1	1
143.356	2488	2	1
143.356	2489	4	1
143.356	2490	3	3
143.502	2491	3	1
143.502	2492	4	1
143.575	2493	2	1
143.649	2494	1	1
143.649	2495	3	1
143.649	2496	4	1
143.795	2497	1	1
143.795	2498	2	1
143.941	2499	1	1
143.941	2500	2	1
143.941	2501	3	2
143.941	2502	4	2
144.014	2503	3	3
144.014	2504	4	3
144.088	2505	3	2
144.088	2506	4	2
144.161	2507	3	3
144.161	2508	4	3
144.234	2509	1	1
144.234	2510	2	1
144.234	2511	3	1
144.234	2512	4	1
144.380	2513	2	2
144.527	2514	1	1
144.527	2515	3	1
144.527	2516	4	1
144.527	2517	2	3
144.673	2518	3	2
144.819	2519	1	1
144.819	2520	2	1
144.819	2521	4	1
144.819	2522	3	3
144.966	2523	2	2
145.112	2524	1	1
145.112	2525	3	2
145.112	2526	4	2
145.112	2527	2	3
145.185	2528	3	3
145.185	2529	4	3
145.258	2530	3	2
145.258	2531	4	2
145.331	2532	3	3
145.331	2533	4	3
145.405	2534	1	1
145.405	2535	2	1
145.405	2536	3	1
145.405	2537	4	1
145.551	2538	1	2
145.697	2539	2	1
145.697	2540	3	1
145.697	2541	4	1
145.697	2542	1	3
145.844	2543	4	2
145.990	2544	1	1
145.990	2545	2	1
145.990	2546	3	1
145.990	2547	4	3
146.136	2548	1	2
146.136	2549	2	2
146.210	2550	1	3
146.210	2551	2	3
146.283	2552	1	2
146.283	2553	2	2
146.283	2554	3	1
146.283	2555	4	1
146.356	2556	1	3
146.356	2557	2	3
146.429	2558	3	2
146.429	2559	4	2
146.502	2560	3	3
146.502	2561	4	3
146.575	2562	1	1
146.575	2563	2	1
146.575	2564	3	1
146.575	2565	4	1
146.722	2566	2	2
146.868	2567	1	1
146.868	2568	3	1
146.868	2569	4	1
146.868	2570	2	3
147.014	2571	3	2
147.161	2572	1	1
147.161	2573	2	1
147.161	2574	4	1
147.161	2575	3	3
147.307	2576	1	1
147.307	2577	2	1
147.380	2578	3	1
147.453	2579	1	1
147.453	2580	2	1
147.453	2581	4	1
147.600	2582	3	1
147.600	2583	4	1
147.746	2584	1	1
147.746	2585	2	1
147.746	2586	3	1
147.746	2587	4	1
147.892	2588	2	2
148.039	2589	1	1
148.039	2590	3	1
148.039	2591	4	1
148.039	2592	2	3
148.185	2593	4	1
148.222	2594	3	1
148.258	2595	2	1
148.295	2596	1	1
148.331	2597	3	1
148.331	2598	4	1
148.478	2599	1	2
148.478	2600	2	2
148.551	2601	1	3
148.551	2602	2	3
148.624	2603	1	2
148.624	2604	2	2
148.624	2605	3	1
148.624	2606	4	1
148.697	2607	1	3
148.697	2608	2	3
148.771	2609	3	2
148.771	2610	4	2
148.844	2611	3	3
148.844	2612	4	3
148.917	2613	1	1
148.917	2614	2	1
148.917	2615	3	1
148.917	2616	4	1
149.063	2617	1	1
149.063	2618	2	1
149.210	2619	1	1
149.210	2620	2	1
149.210	2621	3	1
149.210	2622	4	1
149.356	2623	4	2
149.502	2624	1	1
149.502	2625	2	1
149.502	2626	3	1
149.502	2627	4	3
149.649	2628	2	2
149.795	2629	1	1
149.795	2630	3	1
149.795	2631	4	1
149.795	2632	2	3
149.941	2633	3	2
150.088	2634	1	1
150.088	2635	2	1
150.088	2636	4	1
150.088	2637	3	3
150.234	2638	1	1
150.234	2639	2	1
150.307	2640	3	1
150.380	2641	1	1
150.380	2642	2	1
150.380	2643	4	1
150.527	2644	3	2
150.673	2645	1	1
150.673	2646	2	1
150.673	2647	4	1
150.673	2648	3	3
150.819	2649	2	2
150.966	2650	1	1
150.966	2651	3	1
150.966	2652	4	1
150.966	2653	2	3
151.112	2654	3	1
151.112	2655	4	1
151.258	2656	1	1
151.258	2657	2	1
151.258	2658	3	1
151.258	2659	4	1
151.405	2660	2	2
151.551	2661	1	1
151.551	2662	3	1
151.551	2663	4	1
151.551	2664	2	3
151.697	2665	3	2
151.844	2666	1	1
151.844	2667	2	1
151.844	2668	4	1
151.844	2669	3	3
151.990	2670	1	1
151.990	2671	2	1
152.136	2672	1	1
152.136	2673	2	1
152.136	2674	3	1
152.136	2675	4	1
152.283	2676	4	2
152.429	2677	1	1
152.429	2678	2	1
152.429	2679	3	1
152.429	2680	4	3
152.575	2681	1	2
152.722	2682	2	1
152.722	2683	3	1
152.722	2684	4	1
152.722	2685	1	3
152.868	2686	3	1
152.868	2687	4	1
153.014	2688	1	1
153.014	2689	2	1
153.014	2690	4	1
153.161	2691	1	1
153.161	2692	2	1
153.307	2693	1	1
153.307	2694	3	1
153.307	2695	4	1
153.453	2696	3	1
153.453	2697	4	1
153.600	2698	1	1
153.600	2699	2	1
153.600	2700	3	1
153.600	2701	4	1
153.746	2702	1	1
153.746	2703	3	1
153.892	2704	1	1
153.892	2705	2	1
153.892	2706	3	1
153.892	2707	4	1
154.039	2708	2	1
154.039	2709	4	1
154.185	2710	1	1
154.185	2711	2	1
154.185	2712	3	1
154.185	2713	4	1
154.331	2714	1	1
154.331	2715	3	1
154.478	2716	1	1
154.478	2717	2	1
154.478	2718	3	1
154.478	2719	4	1
154.624	2720	3	1
154.624	2721	4	1
154.697	2722	1	1
154.697	2723	2	1
154.771	2724	3	1
154.771	2725	4	1
154.917	2726	1	1
154.917	2727	2	1
154.990	2728	3	1
154.990	2729	4	1
155.063	2730	1	1
155.063	2731	2	1
155.210	2732	1	1
155.210	2733	2	1
155.210	2734	3	1
155.210	2735	4	1
155.356	2736	1	2
155.356	2737	2	1
155.356	2738	3	1
155.356	2739	4	2
155.502	2740	1	3
155.502	2741	4	3
155.649	2742	1	2
155.649	2743	2	1
155.649	2744	3	1
155.649	2745	4	2
155.795	2746	1	3
155.795	2747	4	3
155.941	2748	1	1
155.941	2749	2	1
155.941	2750	3	1
155.941	2751	4	1
156.088	2752	1	1
156.088	2753	2	1
156.234	2754	3	1
156.234	2755	4	1
156.283	2756	2	1
156.331	2757	1	1
156.380	2758	3	1
156.429	2759	4	1
156.527	2760	1	1
156.527	2761	2	1
156.527	2762	3	1
156.673	2763	1	1
156.673	2764	2	1
156.819	2765	3	1
156.819	2766	4	1
156.868	2767	1	1
156.917	2768	2	1
156.966	2769	3	1
157.014	2770	4	1
157.112	2771	1	1
157.112	2772	2	1
157.161	2773	4	1
157.210	2774	3	1
157.258	2775	2	1
157.307	2776	1	1
157.405	2777	3	1
157.405	2778	4	1
157.453	2779	1	1
157.502	2780	2	1
157.551	2781	3	1
157.600	2782	4	1
157.697	2783	1	1
157.697	2784	2	1
157.746	2785	4	1
157.795	2786	3	1
157.844	2787	2	1
157.892	2788	1	1
157.990	2789	2	1
157.990	2790	3	1
157.990	2791	4	1
158.283	2792	1	1
158.283	2793	2	1
158.283	2794	3	1
158.283	2795	4	1
158.429	2796	2	1
158.429	2797	3	1
158.575	2798	1	1
158.575	2799	2	1
158.575	2800	3	1
158.575	2801	4	1
158.868	2802	2	1
158.868	2803	3	1
158.868	2804	4	1
159.014	2805	1	1
159.063	2806	2	1
159.112	2807	4	1
159.161	2808	3	1
159.210	2809	2	1
159.258	2810	1	1
159.307	2811	3	1
159.356	2812	4	1
159.453	2813	1	1
159.453	2814	2	1
159.453	2815	3	1
159.600	2816	4	1
159.649	2817	3	1
159.697	2818	1	1
159.746	2819	2	1
159.795	2820	3	1
159.844	2821	4	1
159.892	2822	2	1
159.941	2823	1	1
160.039	2824	3	1
160.039	2825	4	1
160.112	2826	1	1
160.112	2827	2	1
160.185	2828	3	1
160.185	2829	4	1
160.331	2830	1	1
160.331	2831	2	1
160.331	2832	3	1
160.478	2833	2	1
160.624	2834	1	1
160.624	2835	3	1
160.624	2836	4	1
160.771	2837	2	1
160.771	2838	4	1
160.917	2839	3	1
160.917	2840	4	1
161.063	2841	1	1
161.063	2842	3	1
161.210	2843	1	1
161.210	2844	2	1
161.356	2845	3	1
161.356	2846	4	1
161.502	2847	1	1
161.502	2848	2	1
161.649	2849	3	1
161.649	2850	4	1
161.795	2851	1	1
161.795	2852	2	1
161.868	2853	3	1
161.868	2854	4	1
161.941	2855	1	1
161.941	2856	2	1
162.014	2857	3	1
162.014	2858	4	1
162.088	2859	1	1
162.088	2860	2	1
162.161	2861	3	1
162.161	2862	4	1
162.234	2863	1	1
162.234	2864	2	1
162.307	2865	3	1
162.307	2866	4	1
162.380	2867	1	1
162.380	2868	2	1
162.453	2869	4	1
162.527	2870	3	1
162.600	2871	2	1
162.673	2872	1	1
162.673	2873	4	1
162.966	2874	1	1
162.966	2875	2	1
162.966	2876	3	1
162.966	2877	4	1
163.112	2878	1	1
163.112	2879	2	1
163.112	2880	4	1
163.258	2881	1	1
163.258	2882	2	1
163.258	2883	3	1
163.258	2884	4	1
163.405	2885	1	1
163.405	2886	3	1
163.551	2887	1	1
163.551	2888	2	1
163.551	2889	3	1
163.551	2890	4	1
163.697	2891	2	1
163.697	2892	3	1
163.697	2893	4	1
163.844	2894	1	1
163.844	2895	2	1
163.844	2896	3	1
163.844	2897	4	1
163.990	2898	1	1
163.990	2899	3	1
164.136	2900	1	1
164.136	2901	2	1
164.136	2902	3	1
164.136	2903	4	1
164.283	2904	1	1
164.283	2905	2	1
164.283	2906	4	1
164.429	2907	1	1
164.429	2908	2	1
164.429	2909	3	1
164.429	2910	4	1
164.575	2911	1	1
164.575	2912	2	1
164.575	2913	3	1
164.722	2914	1	1
164.722	2915	2	1
164.722	2916	3	1
164.722	2917	4	1
164.868	2918	3	1
164.868	2919	4	1
164.941	2920	1	1
164.941	2921	2	1
165.014	2922	3	1
165.014	2923	4	1
165.161	2924	1	1
165.161	2925	2	1
165.307	2926	1	1
165.307	2927	2	1
165.307	2928	3	1
165.307	2929	4	1
165.453	2930	1	1
165.453	2931	3	1
165.453	2932	4	1
165.600	2933	1	1
165.600	2934	2	1
165.600	2935	3	1
165.600	2936	4	1
165.746	2937	2	1
165.746	2938	4	1
165.892	2939	1	1
165.892	2940	2	1
165.892	2941	3	1
165.892	2942	4	1
166.039	2943	1	1
166.039	2944	2	1
166.039	2945	3	1
166.185	2946	1	1
166.185	2947	2	1
166.185	2948	3	1
166.185	2949	4	1
166.331	2950	1	1
166.331	2951	2	1
166.331	2952	3	1
166.331	2953	4	1
166.478	2954	1	1
166.478	2955	2	1
166.478	2956	3	1
166.478	2957	4	1
166.624	2958	1	1
166.624	2959	3	1
166.771	2960	1	1
166.771	2961	2	1
166.771	2962	3	1
166.771	2963	4	1
166.917	2964	2	1
166.917	2965	4	1
167.063	2966	1	1
167.063	2967	2	1
167.063	2968	3	1
167.063	2969	4	1
167.210	2970	3	1
167.356	2971	1	1
167.356	2972	2	1
167.356	2973	4	1
167.502	2974	2	1
167.649	2975	1	1
167.649	2976	2	1
167.649	2977	3	1
167.649	2978	4	1
167.795	2979	3	1
167.795	2980	4	1
167.941	2981	1	1
167.941	2982	2	1
167.941	2983	3	1
167.941	2984	4	1
168.088	2985	1	1
168.088	2986	2	1
168.234	2987	1	1
168.234	2988	2	1
168.234	2989	3	1
168.234	2990	4	1
168.380	2991	3	1
168.380	2992	4	1
168.527	2993	1	1
168.527	2994	2	1
168.527	2995	3	1
168.527	2996	4	1
168.673	2997	1	1
168.673	2998	2	1
168.819	2999	1	1
168.819	3000	2	1
168.819	3001	3	1
168.819	3002	4	1
168.966	3003	1	1
168.966	3004	2	1
168.966	3005	3	1
168.966	3006	4	1
169.112	3007	1	1
169.112	3008	2	1
169.112	3009	3	1
169.112	3010	4	1
169.405	3011	1	1
169.405	3012	2	1
169.405	3013	3	1
169.405	3014	4	1
169.551	3015	1	1
169.551	3016	2	1
169.551	3017	3	1
169.551	3018	4	1
169.697	3019	1	1
169.697	3020	2	1
169.697	3021	3	1
169.697	3022	4	1
169.844	3023	2	1
169.844	3024	4	1
169.917	3025	1	1
169.917	3026	3	1
169.990	3027	2	1
169.990	3028	4	1
170.136	3029	1	1
170.136	3030	3	1
170.210	3031	2	1
170.210	3032	4	1
170.283	3033	1	1
170.283	3034	3	1
170.356	3035	4	1
170.405	3036	2	1
170.453	3037	3	1
170.502	3038	1	1
170.575	3039	2	1
170.575	3040	4	1
170.649	3041	1	1
170.697	3042	3	1
170.746	3043	2	1
170.795	3044	4	1
170.868	3045	1	1
170.868	3046	3	1
170.941	3047	2	1
170.990	3048	4	1
171.039	3049	1	1
171.088	3050	3	1
171.161	3051	1	1
171.161	3052	2	1
171.161	3053	4	1
171.307	3054	3	1
171.453	3055	1	1
171.453	3056	2	1
171.453	3057	4	1
171.600	3058	3	1
171.746	3059	4	1
171.771	3060	2	1
171.795	3061	3	1
171.819	3062	1	1
172.039	3063	1	1
172.039	3064	3	1
172.039	3065	4	1
172.331	3066	1	1
172.331	3067	2	1
172.331	3068	3	1
172.331	3069	4	1
172.478	3070	1	1
172.478	3071	2	1
172.478	3072	4	1
172.624	3073	1	1
172.624	3074	2	1
172.624	3075	3	1
172.624	3076	4	1
172.771	3077	3	1
172.771	3078	4	1
172.917	3079	1	1
172.917	3080	2	1
172.917	3081	3	1
172.917	3082	4	1
173.063	3083	1	1
173.063	3084	2	1
173.063	3085	3	1
173.210	3086	1	1
173.210	3087	2	1
173.210	3088	3	1
173.210	3089	4	1
173.356	3090	3	1
173.356	3091	4	1
173.502	3092	1	1
173.502	3093	2	1
173.502	3094	3	1
173.502	3095	4	1
173.649	3096	1	1
173.649	3097	2	1
173.649	3098	4	1
173.795	3099	1	1
173.795	3100	2	1
173.795	3101	3	1
173.795	3102	4	1
173.941	3103	2	1
173.941	3104	3	1
173.941	3105	4	1
174.088	3106	1	1
174.088	3107	2	1
174.088	3108	3	1
174.088	3109	4	1
174.234	3110	1	1
174.234	3111	3	1
174.307	3112	2	1
174.307	3113	4	1
174.380	3114	1	1
174.380	3115	3	1
174.527	3116	2	1
174.527	3117	4	1
174.673	3118	1	1
174.673	3119	2	1
174.673	3120	3	1
174.673	3121	4	1
174.819	3122	1	1
174.819	3123	3	1
174.819	3124	4	1
174.966	3125	1	1
174.966	3126	2	1
174.966	3127	3	1
174.966	3128	4	1
175.112	3129	1	1
175.112	3130	2	1
175.258	3131	1	1
175.258	3132	2	1
175.258	3133	3	1
175.258	3134	4	1
175.405	3135	2	1
175.405	3136	3	1
175.405	3137	4	1
175.551	3138	1	1
175.551	3139	2	1
175.551	3140	3	1
175.551	3141	4	1
175.697	3142	1	1
175.697	3143	2	1
175.697	3144	3	1
175.697	3145	4	1
175.844	3146	1	1
175.844	3147	2	1
175.844	3148	3	1
175.844	3149	4	1
175.990	3150	1	1
175.990	3151	3	1
175.990	3152	4	1
176.136	3153	1	1
176.136	3154	2	1
176.136	3155	3	1
176.136	3156	4	1
176.283	3157	1	1
176.283	3158	2	1
176.429	3159	1	1
176.429	3160	2	1
176.429	3161	3	1
176.429	3162	4	1
176.575	3163	3	1
176.722	3164	1	1
176.722	3165	2	1
176.722	3166	4	1
176.868	3167	2	1
177.014	3168	1	1
177.014	3169	2	1
177.014	3170	3	1
177.014	3171	4	1
177.161	3172	1	1
177.161	3173	3	1
177.307	3174	1	1
177.307	3175	2	1
177.307	3176	3	1
177.307	3177	4	1
177.453	3178	2	1
177.453	3179	4	1
177.600	3180	1	1
177.600	3181	2	1
177.600	3182	3	1
177.600	3183	4	1
177.746	3184	1	1
177.746	3185	3	1
177.892	3186	1	1
177.892	3187	2	1
177.892	3188	3	1
177.892	3189	4	1
178.039	3190	2	1
178.039	3191	4	1
178.185	3192	1	1
178.185	3193	2	1
178.185	3194	3	1
178.185	3195	4	1
178.331	3196	1	1
178.331	3197	2	1
178.331	3198	3	1
178.331	3199	4	1
178.478	3200	1	1
178.478	3201	2	1
178.478	3202	3	1
178.478	3203	4	1
178.771	3204	1	1
178.771	3205	2	1
178.771	3206	3	1
178.771	3207	4	1
178.917	3208	1	1
178.917	3209	2	1
178.917	3210	3	1
178.917	3211	4	1
179.063	3212	1	1
179.063	3213	2	1
179.063	3214	3	1
179.063	3215	4	1
179.210	3216	1	1
179.210	3217	2	1
179.283	3218	3	1
179.283	3219	4	1
179.356	3220	1	1
179.356	3221	2	1
179.502	3222	3	1
179.502	3223	4	1
179.575	3224	1	1
179.575	3225	2	1
179.649	3226	3	1
179.649	3227	4	1
179.722	3228	1	1
179.795	3229	2	1
179.868	3230	3	1
179.941	3231	1	1
179.941	3232	4	1
180.014	3233	2	1
180.088	3234	3	1
180.161	3235	4	1
180.234	3236	1	1
180.234	3237	2	1
180.307	3238	3	1
180.380	3239	4	1
180.453	3240	1	1
180.527	3241	2	1
180.527	3242	3	1
180.673	3243	3	1
180.673	3244	4	1
180.819	3245	1	1
180.819	3246	2	1
180.819	3247	4	1
180.966	3248	2	1
180.966	3249	3	1
181.112	3250	1	1
181.112	3251	3	1
181.112	3252	4	1
181.258	3253	2	1
181.405	3254	1	1
181.405	3255	3	1
181.405	3256	4	1
181.551	3257	2	1
181.697	3258	1	1
181.697	3259	2	1
181.697	3260	3	1
181.697	3261	4	1
181.844	3262	4	1
181.892	3263	3	1
181.941	3264	1	1
181.990	3265	2	1
182.039	3266	3	1
182.088	3267	4	1
182.136	3268	2	1
182.185	3269	1	1
182.234	3270	4	1
182.283	3271	3	1