Song Name	Like You! (Hard) by fusq
Difficulty	18
Primary Color	Chill
Secondary Color	Chill
Last Note Time	158.019
Total Notes	1281
Fever Fill	359
Fever Time	23.702850
Long Notes	203
BPM	123
Song Length	160.056258503

Timing Points
0.002	487.8049
0.460	487.8049
1.922	487.8049
50.702	487.8049
81.921	487.8049
128.751	487.8049
158.019	487.8049


Song Data
0.002	1	1	1
0.215	2	2	1
0.460	3	3	1
0.460	4	4	1
0.703	5	2	1
0.947	6	1	1
1.191	7	2	1
1.435	8	3	1
1.435	9	4	1
1.679	10	2	1
1.922	11	1	1
2.165	12	2	1
2.409	13	3	1
2.409	14	4	1
2.653	15	2	1
2.897	16	1	1
3.598	17	3	1
3.629	18	2	1
3.629	19	4	2
3.873	20	1	1
3.873	21	3	1
3.873	22	4	3
4.117	23	3	2
4.361	24	2	1
4.361	25	4	1
4.361	26	3	3
4.482	27	1	1
4.604	28	3	1
4.848	29	1	1
4.848	30	3	2
5.092	31	3	3
5.214	32	1	1
5.336	33	2	1
5.336	34	3	1
5.336	35	4	2
5.580	36	1	2
5.580	37	4	3
5.824	38	2	1
5.824	39	1	3
5.946	40	3	1
6.068	41	1	2
6.312	42	3	1
6.312	43	4	1
6.312	44	1	3
6.556	45	3	1
6.678	46	4	1
6.800	47	1	2
6.800	48	2	1
7.043	49	3	1
7.287	50	2	2
7.287	51	3	1
7.287	52	4	1
7.287	53	1	3
7.531	54	1	1
7.775	55	3	1
7.775	56	4	1
7.775	57	2	3
8.019	58	3	2
8.263	59	1	1
8.263	60	2	1
8.263	61	3	3
8.385	62	4	1
8.507	63	3	1
8.751	64	3	2
8.751	65	4	1
8.995	66	1	1
8.995	67	3	3
9.117	68	2	1
9.239	69	1	1
9.239	70	3	2
9.239	71	4	1
9.482	72	2	2
9.482	73	3	3
9.726	74	3	1
9.726	75	2	3
9.970	76	2	2
10.214	77	3	1
10.214	78	4	1
10.214	79	2	3
10.458	80	3	1
10.580	81	4	1
10.702	82	1	2
10.702	83	2	1
10.946	84	3	1
11.190	85	2	2
11.190	86	3	1
11.190	87	4	1
11.190	88	1	3
11.434	89	1	1
11.678	90	1	1
11.678	91	3	1
11.678	92	2	3
11.921	93	3	2
12.165	94	2	1
12.165	95	4	1
12.165	96	3	3
12.287	97	1	1
12.409	98	3	1
12.653	99	1	1
12.653	100	3	2
12.897	101	3	3
13.019	102	1	1
13.141	103	2	1
13.141	104	3	1
13.141	105	4	2
13.385	106	1	2
13.385	107	4	3
13.629	108	2	1
13.629	109	1	3
13.751	110	3	1
13.873	111	1	2
14.117	112	3	1
14.117	113	4	1
14.117	114	1	3
14.361	115	3	1
14.482	116	4	1
14.604	117	1	2
14.604	118	2	1
14.848	119	3	1
15.092	120	2	2
15.092	121	3	1
15.092	122	4	1
15.092	123	1	3
15.336	124	1	1
15.580	125	3	1
15.580	126	4	1
15.580	127	2	3
15.824	128	3	2
16.068	129	1	1
16.068	130	2	1
16.068	131	3	3
16.190	132	4	1
16.312	133	3	1
16.556	134	3	2
16.556	135	4	1
16.800	136	1	1
16.800	137	3	3
16.921	138	2	1
17.043	139	1	1
17.043	140	3	2
17.043	141	4	1
17.287	142	2	2
17.287	143	3	3
17.531	144	3	1
17.531	145	2	3
17.775	146	2	2
18.019	147	2	3
18.263	148	3	1
18.385	149	4	1
18.507	150	1	2
18.995	151	2	2
18.995	152	3	1
18.995	153	4	1
18.995	154	1	3
19.239	155	1	1
19.482	156	1	1
19.482	157	4	1
19.482	158	2	3
19.726	159	3	1
19.970	160	2	1
19.970	161	4	1
20.092	162	3	1
20.214	163	1	1
20.458	164	3	1
20.458	165	4	1
20.702	166	2	1
20.824	167	4	1
20.946	168	1	1
20.946	169	3	1
21.190	170	4	1
21.434	171	1	1
21.434	172	3	1
21.556	173	4	1
21.678	174	2	1
21.921	175	1	1
21.921	176	3	1
22.165	177	4	1
22.287	178	1	1
22.409	179	3	1
22.409	180	4	1
22.653	181	2	2
22.897	182	1	1
22.897	183	3	1
22.897	184	2	3
23.141	185	4	1
23.385	186	1	1
23.385	187	3	1
23.629	188	2	1
23.873	189	1	1
23.873	190	3	1
23.873	191	4	2
24.117	192	2	1
24.117	193	4	3
24.239	194	3	1
24.361	195	1	1
24.361	196	4	1
24.604	197	3	1
24.726	198	2	1
24.848	199	1	1
24.848	200	4	1
25.092	201	2	2
25.214	202	4	1
25.336	203	1	2
25.336	204	3	1
25.336	205	2	3
25.580	206	2	1
25.824	207	3	1
25.824	208	4	1
25.824	209	1	3
26.068	210	1	1
26.312	211	2	1
26.556	212	4	1
26.800	213	1	1
26.800	214	3	1
27.043	215	2	1
27.287	216	1	1
27.287	217	4	1
27.531	218	3	1
27.775	219	2	1
27.775	220	4	1
27.897	221	3	1
28.019	222	1	1
28.263	223	3	1
28.263	224	4	1
28.507	225	2	1
28.629	226	4	1
28.751	227	1	1
28.751	228	3	1
28.995	229	4	1
29.239	230	2	1
29.239	231	3	1
29.482	232	1	2
29.726	233	3	1
29.726	234	4	1
29.970	235	2	2
29.970	236	1	3
30.092	237	3	1
30.214	238	4	1
30.458	239	3	1
30.458	240	2	3
30.702	241	1	1
30.702	242	4	1
30.946	243	3	1
31.190	244	1	1
31.190	245	4	1
31.434	246	2	1
31.678	247	1	1
31.678	248	3	1
31.678	249	4	2
31.921	250	2	1
31.921	251	4	3
32.043	252	3	1
32.165	253	1	1
32.165	254	4	1
32.409	255	3	1
32.531	256	2	1
32.653	257	1	1
32.653	258	4	1
32.897	259	2	2
33.019	260	4	1
33.141	261	1	2
33.141	262	3	1
33.141	263	2	3
33.385	264	2	1
33.629	265	3	1
33.629	266	4	1
33.629	267	1	3
33.873	268	1	1
33.995	269	3	1
34.117	270	2	1
34.361	271	4	1
34.604	272	1	1
34.604	273	3	1
34.848	274	2	1
35.092	275	1	1
35.092	276	3	1
35.336	277	4	1
35.580	278	1	1
35.580	279	2	1
35.702	280	4	1
35.824	281	3	2
36.068	282	1	1
36.312	283	2	1
36.434	284	1	1
36.556	285	2	1
36.556	286	4	1
36.556	287	3	3
36.800	288	1	2
37.043	289	2	1
37.165	290	4	1
37.287	291	3	1
37.531	292	3	1
37.531	293	4	1
37.775	294	3	1
37.897	295	4	1
38.019	296	2	1
38.019	297	1	3
38.263	298	1	1
38.507	299	3	1
38.507	300	4	1
38.751	301	4	1
38.995	302	1	1
38.995	303	2	1
39.239	304	4	1
39.482	305	1	1
39.482	306	2	1
39.604	307	4	1
39.726	308	3	2
39.970	309	2	1
40.214	310	1	1
40.336	311	4	1
40.458	312	1	1
40.458	313	2	1
40.458	314	3	3
40.702	315	4	2
40.946	316	3	1
41.190	317	2	1
41.434	318	1	1
41.434	319	2	1
41.678	320	1	1
41.800	321	2	1
41.921	322	3	1
41.921	323	4	3
42.165	324	4	1
42.409	325	1	1
42.409	326	2	1
42.653	327	3	1
42.897	328	1	1
42.897	329	4	1
43.141	330	3	1
43.385	331	2	1
43.385	332	4	1
43.507	333	3	1
43.629	334	1	1
43.873	335	3	1
43.873	336	4	1
44.117	337	2	1
44.239	338	4	1
44.361	339	1	1
44.361	340	3	1
44.604	341	4	1
44.848	342	1	1
44.848	343	3	1
45.092	344	2	1
45.336	345	1	1
45.336	346	3	1
45.580	347	2	2
45.702	348	3	1
45.824	349	4	1
46.068	350	3	2
46.068	351	2	3
46.312	352	1	1
46.312	353	2	1
46.312	354	3	3
46.556	355	4	1
46.800	356	1	1
47.043	357	2	1
47.287	358	4	2
47.409	359	1	1
47.531	360	2	1
47.531	361	4	3
47.653	362	3	1
47.775	363	4	1
48.019	364	3	1
48.141	365	2	1
48.263	366	1	1
48.507	367	2	2
48.751	368	1	2
48.751	369	2	3
48.995	370	4	1
49.239	371	1	3
49.482	372	4	1
49.604	373	1	1
49.726	374	3	1
50.184	375	3	1
50.214	376	2	1
50.458	377	4	2
50.702	378	1	1
50.702	379	3	1
50.702	380	4	3
50.946	381	3	2
51.190	382	2	1
51.190	383	4	1
51.190	384	3	3
51.312	385	1	1
51.434	386	3	1
51.678	387	1	1
51.678	388	3	2
51.921	389	3	3
52.043	390	1	1
52.165	391	2	1
52.165	392	3	1
52.165	393	4	2
52.409	394	1	2
52.409	395	4	3
52.653	396	2	1
52.653	397	1	3
52.775	398	3	1
52.897	399	1	2
53.141	400	3	1
53.141	401	4	1
53.141	402	1	3
53.385	403	3	1
53.507	404	4	1
53.629	405	1	2
53.629	406	2	1
53.873	407	3	1
54.117	408	2	2
54.117	409	3	1
54.117	410	4	1
54.117	411	1	3
54.361	412	1	1
54.604	413	3	1
54.604	414	4	1
54.604	415	2	3
54.848	416	3	2
55.092	417	1	1
55.092	418	2	1
55.092	419	3	3
55.214	420	4	1
55.336	421	3	1
55.580	422	3	2
55.580	423	4	1
55.824	424	1	1
55.824	425	3	3
55.946	426	2	1
56.068	427	1	1
56.068	428	3	2
56.068	429	4	1
56.312	430	2	2
56.312	431	3	3
56.556	432	3	1
56.556	433	2	3
56.800	434	2	2
57.043	435	3	1
57.043	436	4	1
57.043	437	2	3
57.287	438	1	1
57.348	439	2	1
57.409	440	3	1
57.470	441	4	1
57.531	442	1	1
57.531	443	2	2
57.775	444	1	2
57.775	445	2	3
58.019	446	2	1
58.019	447	3	1
58.019	448	4	2
58.019	449	1	3
58.263	450	1	1
58.507	451	1	1
58.507	452	3	1
58.507	453	4	3
58.751	454	3	2
58.995	455	2	1
58.995	456	4	1
58.995	457	3	3
59.117	458	1	1
59.239	459	3	1
59.482	460	1	1
59.482	461	3	2
59.726	462	3	3
59.848	463	1	1
59.970	464	2	1
59.970	465	3	1
59.970	466	4	2
60.214	467	1	2
60.214	468	4	3
60.458	469	2	1
60.458	470	1	3
60.580	471	3	1
60.702	472	1	2
60.946	473	3	1
60.946	474	4	1
60.946	475	1	3
61.190	476	3	1
61.312	477	4	1
61.434	478	1	2
61.434	479	2	1
61.678	480	3	1
61.921	481	2	2
61.921	482	3	1
61.921	483	4	1
61.921	484	1	3
62.165	485	1	1
62.409	486	3	1
62.409	487	4	1
62.409	488	2	3
62.653	489	3	2
62.897	490	1	1
62.897	491	2	1
62.897	492	3	3
63.019	493	4	1
63.141	494	3	1
63.385	495	3	2
63.385	496	4	1
63.629	497	1	1
63.629	498	3	3
63.751	499	2	1
63.873	500	1	1
63.873	501	3	2
63.873	502	4	1
64.117	503	2	2
64.117	504	3	3
64.361	505	3	1
64.361	506	2	3
64.604	507	2	2
64.848	508	3	1
64.848	509	4	1
64.848	510	2	3
65.092	511	1	1
65.153	512	2	1
65.214	513	3	1
65.275	514	4	1
65.336	515	1	1
65.336	516	2	2
65.580	517	1	2
65.580	518	2	3
65.824	519	2	1
65.824	520	3	1
65.824	521	4	2
65.824	522	1	3
66.068	523	1	1
66.312	524	1	1
66.312	525	3	1
66.312	526	4	3
66.556	527	3	2
66.800	528	2	1
66.800	529	4	1
66.800	530	3	3
66.921	531	1	1
67.043	532	3	1
67.287	533	1	1
67.287	534	3	2
67.531	535	3	3
67.653	536	1	1
67.775	537	2	1
67.775	538	3	1
67.775	539	4	2
68.019	540	1	2
68.019	541	4	3
68.263	542	2	1
68.263	543	1	3
68.385	544	3	1
68.507	545	1	2
68.751	546	3	1
68.751	547	4	1
68.751	548	1	3
68.995	549	3	1
69.117	550	4	1
69.239	551	1	2
69.239	552	2	1
69.482	553	3	1
69.726	554	2	2
69.726	555	3	1
69.726	556	4	1
69.726	557	1	3
69.970	558	1	1
70.214	559	3	1
70.214	560	4	1
70.214	561	2	3
70.458	562	3	2
70.702	563	1	1
70.702	564	2	1
70.702	565	3	3
70.824	566	4	1
70.946	567	3	1
71.190	568	3	2
71.190	569	4	1
71.434	570	1	1
71.434	571	3	3
71.556	572	2	1
71.678	573	1	1
71.678	574	3	2
71.678	575	4	1
71.921	576	2	2
71.921	577	3	3
72.165	578	3	1
72.165	579	2	3
72.409	580	2	2
72.653	581	3	1
72.653	582	4	1
72.653	583	2	3
72.897	584	1	1
72.958	585	2	1
73.019	586	3	1
73.080	587	4	1
73.141	588	1	1
73.141	589	2	2
73.385	590	1	2
73.385	591	2	3
73.629	592	2	1
73.629	593	3	1
73.629	594	4	2
73.629	595	1	3
73.873	596	1	1
74.117	597	1	1
74.117	598	3	1
74.117	599	4	3
74.361	600	3	2
74.604	601	2	1
74.604	602	4	1
74.604	603	3	3
74.726	604	1	1
74.848	605	3	1
75.092	606	1	1
75.092	607	3	2
75.336	608	3	3
75.458	609	1	1
75.580	610	2	1
75.580	611	3	1
75.580	612	4	2
75.824	613	1	2
75.824	614	4	3
76.068	615	2	1
76.068	616	1	3
76.190	617	3	1
76.312	618	1	2
76.556	619	3	1
76.556	620	4	1
76.556	621	1	3
76.800	622	3	1
76.921	623	4	1
77.043	624	1	2
77.043	625	2	1
77.287	626	3	1
77.531	627	2	2
77.531	628	3	1
77.531	629	4	1
77.531	630	1	3
77.775	631	1	1
78.019	632	3	1
78.019	633	4	1
78.019	634	2	3
78.263	635	3	2
78.507	636	1	1
78.507	637	2	1
78.507	638	3	3
78.629	639	4	1
78.751	640	3	1
78.995	641	3	2
78.995	642	4	1
79.239	643	1	1
79.239	644	3	3
79.361	645	2	1
79.482	646	1	1
79.482	647	3	2
79.482	648	4	1
79.726	649	2	2
79.726	650	3	3
79.970	651	3	1
79.970	652	2	3
80.214	653	2	2
80.458	654	3	1
80.458	655	4	1
80.458	656	2	3
80.702	657	1	1
80.763	658	2	1
80.824	659	3	1
80.885	660	4	1
80.946	661	1	1
80.946	662	2	2
81.190	663	1	2
81.190	664	2	3
81.434	665	2	1
81.434	666	3	1
81.434	667	4	2
81.434	668	1	3
81.678	669	1	1
81.921	670	1	1
81.921	671	3	2
81.921	672	4	3
82.165	673	2	1
82.409	674	1	1
82.409	675	4	1
82.653	676	2	2
82.653	677	3	3
82.897	678	4	1
83.141	679	1	1
83.385	680	3	1
83.385	681	4	1
83.629	682	1	2
83.629	683	2	3
83.873	684	3	1
84.117	685	3	1
84.361	686	2	1
84.361	687	4	1
84.604	688	4	1
84.848	689	3	1
85.092	690	2	1
85.336	691	2	2
85.336	692	3	1
85.336	693	4	1
85.336	694	1	3
85.580	695	1	1
85.824	696	3	1
85.824	697	4	2
85.824	698	2	3
86.068	699	3	1
86.312	700	1	1
86.312	701	2	1
86.434	702	4	3
86.556	703	4	2
86.800	704	3	1
87.043	705	1	1
87.287	706	2	1
87.287	707	3	1
87.531	708	1	2
87.531	709	4	3
87.775	710	4	1
88.019	711	4	1
88.263	712	2	1
88.263	713	3	1
88.507	714	2	1
88.751	715	3	1
88.995	716	3	1
89.239	717	2	2
89.239	718	3	1
89.239	719	4	1
89.239	720	1	3
89.482	721	1	1
89.726	722	1	1
89.726	723	3	2
89.726	724	2	3
89.970	725	2	1
90.214	726	1	1
90.214	727	4	1
90.458	728	2	2
90.458	729	3	3
90.702	730	4	1
90.946	731	1	1
91.190	732	3	1
91.190	733	4	1
91.434	734	1	2
91.434	735	2	3
91.678	736	3	1
91.921	737	3	1
92.165	738	2	1
92.165	739	4	1
92.409	740	4	1
92.653	741	3	1
92.897	742	2	1
93.141	743	2	2
93.141	744	3	1
93.141	745	4	1
93.141	746	1	3
93.385	747	1	1
93.629	748	3	1
93.629	749	4	2
93.629	750	2	3
93.873	751	3	1
94.117	752	1	1
94.117	753	2	1
94.239	754	4	3
94.361	755	4	2
94.604	756	3	1
94.848	757	1	1
95.092	758	2	1
95.092	759	3	1
95.336	760	1	2
95.336	761	4	3
95.580	762	4	1
95.824	763	4	1
96.068	764	2	1
96.068	765	3	1
96.312	766	2	1
96.556	767	3	1
96.800	768	3	1
97.043	769	2	2
97.043	770	3	1
97.043	771	4	1
97.043	772	1	3
97.287	773	1	1
97.531	774	1	1
97.531	775	4	1
97.531	776	2	3
97.775	777	3	1
98.019	778	2	1
98.263	779	1	1
98.263	780	4	1
98.507	781	3	1
98.751	782	2	1
98.995	783	1	1
99.239	784	2	1
99.239	785	4	1
99.482	786	3	1
99.726	787	2	1
99.970	788	1	1
100.214	789	4	1
100.458	790	3	1
100.702	791	2	2
100.946	792	1	1
100.946	793	2	3
101.190	794	4	1
101.434	795	1	1
101.434	796	3	1
101.678	797	2	1
101.921	798	4	2
102.165	799	1	1
102.165	800	2	1
102.165	801	4	3
102.287	802	3	1
102.409	803	4	1
102.653	804	3	1
103.141	805	2	2
103.141	806	4	1
103.385	807	1	2
103.385	808	2	3
103.873	809	1	3
104.239	810	4	1
104.361	811	1	1
104.361	812	3	1
104.482	813	4	1
104.604	814	1	1
104.604	815	2	1
104.726	816	3	1
104.726	817	4	1
104.848	818	1	1
104.848	819	2	1
104.970	820	3	1
105.092	821	4	1
105.153	822	3	1
105.214	823	2	1
105.275	824	1	1
105.336	825	3	1
105.336	826	4	1
105.580	827	3	1
105.824	828	2	1
106.068	829	1	1
106.068	830	4	1
106.312	831	3	1
106.556	832	2	1
106.800	833	1	1
107.043	834	2	1
107.043	835	4	1
107.287	836	3	2
107.653	837	4	1
107.653	838	3	3
107.775	839	2	1
108.019	840	1	2
108.507	841	3	1
108.507	842	1	3
108.751	843	4	1
108.995	844	2	1
109.239	845	1	1
109.239	846	3	1
109.482	847	2	1
109.726	848	4	2
109.970	849	1	1
109.970	850	2	1
109.970	851	4	3
110.092	852	3	1
110.214	853	4	1
110.458	854	3	1
110.946	855	2	2
110.946	856	4	1
111.190	857	1	2
111.190	858	2	3
111.434	859	3	2
111.678	860	1	3
111.678	861	3	3
111.921	862	2	2
112.165	863	1	1
112.165	864	3	1
112.165	865	2	3
112.287	866	4	1
112.409	867	1	1
112.409	868	2	1
112.531	869	3	1
112.531	870	4	1
112.653	871	1	1
112.653	872	2	1
112.775	873	3	1
112.897	874	1	1
112.897	875	2	1
112.897	876	4	2
113.141	877	1	1
113.141	878	2	1
113.141	879	3	2
113.141	880	4	3
113.629	881	1	1
113.873	882	4	1
114.361	883	4	1
114.604	884	2	1
114.726	885	4	1
114.848	886	1	1
115.092	887	2	2
115.092	888	4	1
115.092	889	3	3
115.336	890	3	1
115.458	891	1	1
115.580	892	4	1
115.824	893	1	1
115.946	894	3	1
116.068	895	4	1
116.190	896	1	1
116.312	897	3	1
116.434	898	4	1
116.556	899	1	2
116.556	900	3	1
116.556	901	2	3
116.800	902	4	1
116.921	903	2	1
117.043	904	3	2
117.043	905	4	1
117.043	906	1	3
117.165	907	2	1
117.287	908	1	1
117.409	909	2	1
117.531	910	4	1
117.775	911	1	1
117.897	912	2	1
118.019	913	4	1
118.141	914	1	1
118.263	915	2	1
118.385	916	4	1
118.507	917	1	1
118.751	918	2	1
118.751	919	4	2
118.751	920	3	3
118.873	921	1	1
118.995	922	3	1
119.117	923	2	1
119.239	924	1	1
119.361	925	3	1
119.482	926	2	1
119.726	927	1	1
119.848	928	2	1
119.970	929	3	1
120.092	930	2	1
120.214	931	1	1
120.336	932	3	1
120.458	933	2	1
120.702	934	1	1
120.824	935	2	1
120.946	936	3	2
120.946	937	4	3
121.068	938	1	1
121.190	939	2	1
121.312	940	4	1
121.434	941	1	1
121.678	942	2	1
121.800	943	4	1
121.921	944	1	1
122.043	945	2	1
122.165	946	4	1
122.287	947	1	1
122.409	948	2	1
122.531	949	4	1
122.653	950	1	1
122.775	951	2	1
122.897	952	1	1
122.897	953	4	2
122.897	954	3	3
123.019	955	2	1
123.141	956	3	1
123.263	957	1	1
123.385	958	2	1
123.629	959	3	1
123.751	960	2	1
123.873	961	1	1
123.995	962	3	1
124.117	963	2	1
124.239	964	1	1
124.361	965	2	1
124.361	966	3	2
124.361	967	4	3
124.604	968	4	1
124.726	969	1	1
124.848	970	2	2
124.848	971	4	1
124.848	972	3	3
124.970	973	3	1
125.092	974	1	1
125.214	975	3	1
125.336	976	4	1
125.458	977	3	1
125.580	978	1	1
125.702	979	3	1
125.824	980	1	1
125.946	981	3	1
126.068	982	4	1
126.190	983	1	1
126.312	984	3	1
126.434	985	4	1
126.556	986	1	1
126.556	987	3	2
126.556	988	2	3
126.678	989	2	1
126.800	990	4	1
126.921	991	1	1
127.043	992	2	1
127.165	993	4	1
127.287	994	1	1
127.409	995	2	1
127.531	996	4	1
127.653	997	1	1
127.775	998	2	1
127.897	999	4	1
128.019	1000	1	1
128.141	1001	4	1
128.232	1002	1	1
128.263	1003	2	1
128.263	1004	3	3
128.507	1005	4	2
128.751	1006	1	1
128.751	1007	3	1
128.751	1008	4	3
128.995	1009	3	2
129.239	1010	2	1
129.239	1011	4	1
129.239	1012	3	3
129.361	1013	1	1
129.482	1014	3	1
129.726	1015	1	1
129.726	1016	3	2
129.970	1017	3	3
130.092	1018	1	1
130.214	1019	2	1
130.214	1020	3	1
130.214	1021	4	2
130.458	1022	1	2
130.458	1023	4	3
130.702	1024	2	1
130.702	1025	1	3
130.824	1026	3	1
130.946	1027	1	2
131.190	1028	3	1
131.190	1029	4	1
131.190	1030	1	3
131.434	1031	3	1
131.556	1032	4	1
131.678	1033	1	2
131.678	1034	2	1
131.921	1035	3	1
132.165	1036	2	2
132.165	1037	3	1
132.165	1038	4	1
132.165	1039	1	3
132.409	1040	1	1
132.653	1041	3	1
132.653	1042	4	1
132.653	1043	2	3
132.897	1044	3	2
133.141	1045	1	1
133.141	1046	2	1
133.141	1047	3	3
133.263	1048	4	1
133.385	1049	3	1
133.629	1050	3	2
133.629	1051	4	1
133.873	1052	1	1
133.873	1053	3	3
133.995	1054	2	1
134.117	1055	1	1
134.117	1056	3	2
134.117	1057	4	1
134.361	1058	2	2
134.361	1059	3	3
134.604	1060	3	1
134.604	1061	2	3
134.848	1062	2	2
135.092	1063	3	1
135.092	1064	4	1
135.092	1065	2	3
135.336	1066	1	1
135.397	1067	2	1
135.458	1068	3	1
135.519	1069	4	1
135.580	1070	1	1
135.580	1071	2	2
135.824	1072	1	2
135.824	1073	2	3
136.068	1074	2	1
136.068	1075	3	1
136.068	1076	4	2
136.068	1077	1	3
136.312	1078	1	1
136.556	1079	1	1
136.556	1080	3	1
136.556	1081	4	3
136.800	1082	3	2
137.043	1083	2	1
137.043	1084	4	1
137.043	1085	3	3
137.165	1086	1	1
137.287	1087	3	1
137.531	1088	1	1
137.531	1089	3	2
137.775	1090	3	3
137.897	1091	1	1
138.019	1092	2	1
138.019	1093	3	1
138.019	1094	4	2
138.263	1095	1	2
138.263	1096	4	3
138.507	1097	2	1
138.507	1098	1	3
138.629	1099	3	1
138.751	1100	1	2
138.995	1101	3	1
138.995	1102	4	1
138.995	1103	1	3
139.239	1104	3	1
139.361	1105	4	1
139.482	1106	1	2
139.482	1107	2	1
139.726	1108	3	1
139.970	1109	2	2
139.970	1110	3	1
139.970	1111	4	1
139.970	1112	1	3
140.214	1113	1	1
140.458	1114	3	1
140.458	1115	4	1
140.458	1116	2	3
140.702	1117	3	2
140.946	1118	1	1
140.946	1119	2	1
140.946	1120	3	3
141.068	1121	4	1
141.190	1122	3	1
141.434	1123	3	2
141.434	1124	4	1
141.678	1125	1	1
141.678	1126	3	3
141.800	1127	2	1
141.921	1128	1	1
141.921	1129	3	2
141.921	1130	4	1
142.165	1131	2	2
142.165	1132	3	3
142.409	1133	3	1
142.409	1134	2	3
142.653	1135	2	2
142.897	1136	3	1
142.897	1137	4	1
142.897	1138	2	3
143.141	1139	1	1
143.202	1140	2	1
143.263	1141	3	1
143.324	1142	4	1
143.385	1143	1	1
143.385	1144	2	2
143.629	1145	1	2
143.629	1146	2	3
143.873	1147	2	1
143.873	1148	3	1
143.873	1149	4	2
143.873	1150	1	3
144.117	1151	1	1
144.361	1152	1	1
144.361	1153	3	1
144.361	1154	4	3
144.604	1155	3	2
144.848	1156	2	1
144.848	1157	4	1
144.848	1158	3	3
144.970	1159	1	1
145.092	1160	3	1
145.336	1161	1	1
145.336	1162	3	2
145.580	1163	3	3
145.702	1164	1	1
145.824	1165	2	1
145.824	1166	3	1
145.824	1167	4	2
146.068	1168	1	2
146.068	1169	4	3
146.312	1170	2	1
146.312	1171	1	3
146.434	1172	3	1
146.556	1173	1	2
146.800	1174	3	1
146.800	1175	4	1
146.800	1176	1	3
147.043	1177	3	1
147.165	1178	4	1
147.287	1179	1	2
147.287	1180	2	1
147.531	1181	3	1
147.775	1182	2	2
147.775	1183	3	1
147.775	1184	4	1
147.775	1185	1	3
148.019	1186	1	1
148.263	1187	3	1
148.263	1188	4	1
148.263	1189	2	3
148.507	1190	3	2
148.751	1191	1	1
148.751	1192	2	1
148.751	1193	3	3
148.873	1194	4	1
148.995	1195	3	1
149.239	1196	3	2
149.239	1197	4	1
149.482	1198	1	1
149.482	1199	3	3
149.604	1200	2	1
149.726	1201	1	1
149.726	1202	3	2
149.726	1203	4	1
149.970	1204	2	2
149.970	1205	3	3
150.214	1206	3	1
150.214	1207	2	3
150.458	1208	2	2
150.702	1209	3	1
150.702	1210	4	1
150.702	1211	2	3
150.946	1212	1	1
151.007	1213	2	1
151.068	1214	3	1
151.129	1215	4	1
151.190	1216	1	1
151.190	1217	2	2
151.434	1218	1	2
151.434	1219	2	3
151.678	1220	2	1
151.678	1221	3	1
151.678	1222	4	2
151.678	1223	1	3
151.921	1224	1	1
152.165	1225	1	1
152.165	1226	3	1
152.165	1227	4	3
152.409	1228	3	2
152.653	1229	2	1
152.653	1230	4	1
152.653	1231	3	3
152.775	1232	1	1
152.897	1233	3	1
153.141	1234	1	1
153.141	1235	3	2
153.385	1236	3	3
153.507	1237	1	1
153.629	1238	2	1
153.629	1239	3	1
153.629	1240	4	2
153.873	1241	1	2
153.873	1242	4	3
154.117	1243	2	1
154.117	1244	1	3
154.239	1245	3	1
154.361	1246	1	2
154.604	1247	3	1
154.604	1248	4	1
154.604	1249	1	3
154.848	1250	3	1
154.970	1251	4	1
155.092	1252	1	2
155.092	1253	2	1
155.336	1254	3	1
155.580	1255	2	2
155.580	1256	3	1
155.580	1257	4	1
155.580	1258	1	3
155.824	1259	1	1
156.068	1260	3	1
156.068	1261	4	1
156.068	1262	2	3
156.312	1263	3	2
156.556	1264	1	1
156.556	1265	2	1
156.556	1266	3	3
156.678	1267	4	1
156.800	1268	3	1
157.043	1269	3	2
157.043	1270	4	1
157.287	1271	1	1
157.287	1272	3	3
157.409	1273	2	1
157.531	1274	1	1
157.531	1275	3	2
157.531	1276	4	1
157.775	1277	2	2
157.775	1278	3	3
158.019	1279	3	1
158.019	1280	4	1
158.019	1281	2	3