Song Name	LUV U NEED U (Hard) by Slushii [Monstercat]
Difficulty	22
Primary Color	Vibe
Secondary Color	Flow
Audio Asset ID	rbxassetid://9690710398
Audio File	9690710398.ogg
Last Note Time	143.517
Total Notes	1346
Fever Fill	364
Fever Time	21.527550
Long Notes	253
BPM	147
Song Length	144.517000000

Timing Points
0.048	408.163265
39.231	408.163265
50.660	408.163265
52.292	408.163265
63.721	408.163265
117.599	408.163265
129.027	408.163265
130.660	408.163265
143.721	408.163265


Song Data
0.048	1	3	1
0.456	2	3	1
0.864	3	3	1
1.170	4	3	1
1.476	5	3	1
1.884	6	1	1
2.088	7	1	1
2.497	8	1	1
2.803	9	1	1
3.109	10	1	1
3.313	11	4	1
3.721	12	4	1
4.129	13	4	1
4.435	14	4	1
4.741	15	4	1
5.150	16	2	1
5.354	17	2	1
5.660	18	2	1
5.966	19	2	1
6.374	20	2	1
6.578	21	3	1
6.986	22	3	1
6.986	23	1	2
7.190	24	1	3
7.394	25	3	1
7.701	26	3	1
7.803	27	1	2
8.007	28	1	3
8.007	29	3	1
8.415	30	1	1
8.619	31	1	1
8.619	32	3	2
8.823	33	3	3
9.027	34	1	1
9.333	35	1	1
9.435	36	3	2
9.639	37	3	3
9.639	38	1	1
9.843	39	4	1
10.252	40	4	1
10.252	41	1	2
10.456	42	1	3
10.660	43	4	1
10.966	44	4	1
11.068	45	1	2
11.272	46	1	3
11.272	47	4	1
11.680	48	2	1
11.884	49	4	2
12.088	50	4	3
11.884	51	2	1
12.190	52	2	1
12.497	53	4	1
12.497	54	2	1
12.701	55	4	2
12.905	56	4	3
12.905	57	2	1
13.109	58	3	1
13.109	59	4	1
13.109	60	1	1
13.313	61	2	1
13.415	62	3	1
13.517	63	4	1
13.517	64	1	1
13.721	65	2	2
13.925	66	2	3
13.925	67	4	2
14.231	68	4	3
13.925	69	1	2
14.333	70	1	3
14.231	71	2	1
14.333	72	4	1
14.333	73	3	1
14.537	74	4	1
14.741	75	2	1
14.945	76	2	2
15.354	77	2	3
15.150	78	3	1
15.150	79	4	1
15.354	80	3	1
15.558	81	4	2
15.864	82	4	3
15.558	83	1	1
15.660	84	3	2
15.864	85	3	3
15.864	86	1	1
15.966	87	4	1
15.966	88	3	2
16.170	89	3	3
16.170	90	2	2
16.374	91	2	3
16.374	92	3	1
16.578	93	1	2
16.782	94	1	3
16.782	95	3	1
16.782	96	4	1
16.986	97	3	1
17.190	98	4	2
17.394	99	4	3
17.394	100	2	1
17.497	101	3	1
17.599	102	1	2
18.007	103	1	3
17.599	104	4	1
17.803	105	2	1
18.007	106	3	2
18.211	107	3	3
18.007	108	4	2
18.211	109	4	3
18.211	110	2	2
18.415	111	2	3
18.415	112	4	1
18.415	113	3	2
18.619	114	3	3
18.619	115	1	2
19.231	116	1	3
18.721	117	2	1
19.027	118	2	1
19.231	119	4	1
19.231	120	3	1
19.435	121	2	1
19.639	122	4	1
19.843	123	1	1
19.945	124	2	1
20.048	125	4	1
20.048	126	3	1
20.252	127	2	2
20.456	128	2	3
20.456	129	1	2
20.864	130	1	3
20.456	131	4	2
20.762	132	4	3
20.762	133	2	1
20.864	134	4	1
20.864	135	3	1
21.068	136	4	1
21.272	137	2	1
21.476	138	2	2
21.884	139	2	3
21.680	140	3	1
21.680	141	4	1
21.884	142	3	1
22.088	143	1	1
22.088	144	4	2
22.394	145	4	3
22.190	146	3	2
22.394	147	3	3
22.394	148	1	1
22.497	149	3	2
22.701	150	3	3
22.497	151	4	1
22.701	152	2	2
22.905	153	2	3
22.905	154	3	1
23.109	155	1	1
23.211	156	2	1
23.313	157	3	1
23.313	158	4	1
23.517	159	3	1
23.721	160	1	2
24.027	161	1	3
23.721	162	4	2
24.129	163	4	3
24.027	164	3	1
24.129	165	2	1
24.129	166	1	1
24.333	167	3	2
24.537	168	3	3
24.537	169	1	2
24.741	170	1	3
24.741	171	3	1
24.945	172	2	1
24.945	173	1	1
25.150	174	4	2
25.354	175	4	3
25.252	176	1	1
25.354	177	2	2
25.558	178	2	3
25.558	179	4	1
25.762	180	1	1
25.762	181	2	1
25.966	182	3	1
26.170	183	1	1
26.170	184	2	2
26.374	185	2	3
26.170	186	4	2
26.374	187	4	3
26.578	188	1	2
26.782	189	1	3
26.578	190	3	2
26.782	191	3	3
26.986	192	4	2
27.394	193	4	3
26.986	194	1	2
27.190	195	1	3
27.190	196	2	1
27.292	197	3	1
27.394	198	2	1
27.394	199	1	1
27.599	200	3	2
28.619	201	3	3
27.803	202	1	1
28.007	203	2	1
28.211	204	4	1
28.211	205	1	1
28.619	206	1	1
28.925	207	1	1
29.027	208	4	1
29.027	209	3	1
29.231	210	1	1
29.435	211	2	2
29.639	212	2	3
29.435	213	4	2
29.639	214	4	3
29.843	215	3	2
30.048	216	3	3
29.843	217	1	2
30.048	218	1	3
30.252	219	1	2
30.456	220	1	3
30.252	221	4	2
30.660	222	4	3
30.456	223	2	1
30.558	224	3	1
30.660	225	2	1
30.660	226	1	1
30.864	227	3	2
31.272	228	3	3
30.966	229	4	2
31.272	230	4	3
31.068	231	1	1
31.272	232	2	2
31.476	233	2	3
31.476	234	4	1
31.476	235	3	2
31.680	236	3	3
31.680	237	1	2
31.884	238	1	3
31.782	239	4	1
31.884	240	3	2
32.088	241	3	3
32.088	242	2	2
32.292	243	2	3
32.292	244	1	1
32.292	245	3	2
32.701	246	3	3
32.497	247	4	1
32.701	248	2	2
32.905	249	2	3
32.701	250	1	2
32.905	251	1	3
32.905	252	4	1
33.109	253	2	2
33.313	254	2	3
33.109	255	3	2
33.313	256	3	3
33.313	257	1	1
33.517	258	3	2
33.721	259	3	3
33.517	260	4	2
33.721	261	4	3
33.721	262	2	2
33.925	263	2	3
33.823	264	3	1
33.925	265	4	1
33.925	266	1	1
34.129	267	3	2
34.741	268	3	3
34.333	269	2	1
34.537	270	4	1
34.741	271	2	1
34.741	272	1	1
34.945	273	3	1
35.150	274	2	1
35.354	275	1	1
35.456	276	2	1
35.558	277	3	1
35.558	278	4	1
35.762	279	2	1
35.966	280	4	1
35.966	281	1	1
36.068	282	2	1
36.170	283	3	1
36.272	284	1	1
36.374	285	3	1
36.374	286	4	1
36.476	287	2	1
36.578	288	1	1
36.578	289	3	1
36.680	290	2	1
36.782	291	4	1
36.884	292	3	1
36.986	293	1	1
37.088	294	4	1
37.190	295	2	1
37.190	296	1	1
37.292	297	3	1
37.394	298	4	1
37.394	299	2	1
37.497	300	3	1
37.599	301	1	1
37.599	302	4	1
37.803	303	2	1
38.007	304	3	1
38.211	305	4	1
38.313	306	3	1
38.415	307	1	2
38.823	308	1	3
38.619	309	2	1
38.823	310	3	2
39.027	311	3	3
38.823	312	4	2
39.027	313	4	3
39.027	314	2	1
39.231	315	1	2
39.435	316	1	3
39.231	317	3	1
39.231	318	4	1
39.435	319	3	1
39.639	320	2	1
39.639	321	4	2
39.843	322	4	3
39.843	323	2	1
40.048	324	3	1
40.048	325	4	1
40.048	326	1	1
40.252	327	3	2
40.456	328	3	3
40.354	329	4	1
40.354	330	1	1
40.456	331	2	2
40.660	332	2	3
40.660	333	1	1
40.660	334	4	1
40.864	335	2	1
40.864	336	4	2
41.068	337	4	3
41.068	338	2	1
41.272	339	3	1
41.272	340	1	2
41.476	341	1	3
41.476	342	3	1
41.578	343	3	1
41.680	344	2	1
41.680	345	4	1
41.680	346	1	1
41.884	347	1	2
42.088	348	1	3
41.986	349	4	1
41.986	350	2	1
42.088	351	3	2
42.292	352	3	3
42.292	353	4	1
42.292	354	2	1
42.497	355	3	1
42.497	356	1	1
42.701	357	3	1
42.905	358	2	1
42.905	359	4	1
43.109	360	2	1
43.313	361	3	1
43.313	362	1	1
43.313	363	4	1
43.517	364	4	2
43.721	365	4	3
43.619	366	3	1
43.619	367	1	1
43.721	368	2	2
43.925	369	2	3
43.925	370	3	1
43.925	371	1	1
44.129	372	4	1
44.129	373	1	2
44.333	374	1	3
44.333	375	4	2
44.537	376	4	3
44.537	377	2	1
44.537	378	1	1
44.741	379	3	1
44.843	380	2	2
45.150	381	2	3
44.945	382	3	1
44.945	383	4	1
44.945	384	1	1
45.150	385	3	1
45.252	386	4	1
45.252	387	1	1
45.354	388	2	1
45.558	389	1	1
45.558	390	3	1
45.762	391	4	1
45.762	392	2	2
45.966	393	2	3
45.966	394	4	1
46.170	395	3	2
46.374	396	3	3
46.170	397	1	1
46.374	398	1	1
46.578	399	2	1
46.578	400	3	1
46.578	401	4	1
46.782	402	3	2
46.986	403	3	3
46.884	404	1	1
46.884	405	4	1
46.986	406	2	2
47.190	407	2	3
47.190	408	4	1
47.190	409	1	1
47.394	410	2	1
47.394	411	4	2
47.599	412	4	3
47.599	413	2	1
47.803	414	3	1
47.803	415	1	1
48.007	416	2	1
48.109	417	4	1
48.211	418	1	2
48.823	419	1	3
48.211	420	3	1
48.211	421	2	1
48.415	422	3	1
48.517	423	2	1
48.517	424	4	1
48.619	425	3	1
48.823	426	2	1
48.823	427	4	1
49.027	428	3	1
49.027	429	1	1
49.231	430	3	1
49.435	431	4	1
49.435	432	2	1
49.639	433	2	1
49.843	434	4	1
49.843	435	3	1
49.843	436	1	1
50.048	437	4	2
50.252	438	4	3
50.150	439	3	1
50.150	440	1	1
50.252	441	2	2
50.456	442	2	3
50.456	443	1	1
50.456	444	3	1
50.660	445	2	2
50.864	446	2	3
50.660	447	4	1
50.864	448	4	1
51.068	449	2	1
51.136	450	4	1
51.204	451	1	1
51.272	452	3	1
51.349	453	2	1
51.425	454	3	1
51.476	455	1	2
52.088	456	1	3
51.680	457	4	1
51.782	458	3	1
51.884	459	4	1
52.088	460	3	1
52.292	461	2	1
52.292	462	4	2
52.497	463	4	3
52.292	464	1	1
52.497	465	2	1
52.701	466	1	2
52.905	467	1	3
52.701	468	3	1
52.905	469	3	1
53.109	470	1	1
53.109	471	2	1
53.109	472	4	1
53.313	473	2	2
53.517	474	2	3
53.415	475	1	1
53.415	476	4	1
53.517	477	3	2
53.721	478	3	3
53.721	479	1	1
53.721	480	4	1
53.925	481	3	1
53.925	482	1	2
54.129	483	1	3
54.129	484	3	1
54.333	485	4	2
54.537	486	4	3
54.333	487	2	1
54.537	488	2	1
54.741	489	1	1
54.741	490	3	1
54.741	491	4	1
54.945	492	4	2
55.150	493	4	3
54.945	494	2	1
55.048	495	1	1
55.048	496	3	1
55.150	497	2	2
55.354	498	2	3
55.354	499	3	1
55.354	500	1	1
55.558	501	4	1
55.558	502	2	1
55.762	503	2	1
55.966	504	1	1
55.966	505	3	1
56.170	506	3	1
56.374	507	4	1
56.374	508	1	1
56.374	509	2	1
56.578	510	1	2
56.782	511	1	3
56.680	512	4	1
56.680	513	2	1
56.782	514	3	2
56.986	515	3	3
56.986	516	4	1
56.986	517	2	1
57.190	518	4	2
57.394	519	4	3
57.190	520	1	1
57.394	521	1	2
57.599	522	1	3
57.599	523	4	1
57.599	524	3	1
57.803	525	2	1
57.905	526	3	2
58.211	527	3	3
58.007	528	1	1
58.007	529	4	1
58.211	530	2	1
58.313	531	1	1
58.313	532	4	1
58.415	533	3	1
58.619	534	4	1
58.619	535	2	1
58.823	536	3	2
59.027	537	3	3
58.823	538	1	1
59.027	539	1	1
59.231	540	4	1
59.231	541	2	2
59.435	542	2	3
59.435	543	4	1
59.639	544	1	1
59.639	545	2	1
59.639	546	3	1
59.843	547	2	2
60.048	548	2	3
59.945	549	1	1
59.945	550	4	1
60.048	551	3	2
60.252	552	3	3
60.252	553	4	1
60.252	554	1	1
60.456	555	3	1
60.456	556	1	2
60.660	557	1	3
60.660	558	3	1
60.864	559	2	1
60.864	560	4	1
61.068	561	3	1
61.170	562	1	1
61.272	563	4	2
61.884	564	4	3
61.272	565	2	1
61.272	566	3	1
61.476	567	2	1
61.578	568	1	1
61.578	569	3	1
61.680	570	2	1
61.884	571	3	1
61.884	572	1	1
62.088	573	2	1
62.088	574	4	1
62.292	575	2	1
62.497	576	1	1
62.497	577	3	1
62.701	578	3	1
62.905	579	2	1
62.905	580	1	1
62.905	581	4	1
63.109	582	1	2
63.313	583	1	3
63.211	584	2	1
63.211	585	4	1
63.313	586	3	2
63.517	587	3	3
63.517	588	4	1
63.517	589	2	1
63.721	590	1	1
63.721	591	3	2
63.925	592	3	3
63.925	593	1	1
64.129	594	3	1
64.197	595	1	1
64.265	596	4	1
64.333	597	2	1
64.410	598	3	1
64.486	599	2	1
64.537	600	4	2
65.150	601	4	3
64.741	602	1	1
64.843	603	2	1
64.945	604	1	1
65.150	605	2	1
65.354	606	3	1
65.762	607	3	1
66.170	608	3	1
66.476	609	3	1
66.782	610	3	1
67.190	611	1	1
67.394	612	1	1
67.803	613	1	1
68.109	614	1	1
68.415	615	1	1
68.619	616	4	1
69.027	617	4	1
69.435	618	4	1
69.741	619	4	1
70.048	620	4	1
70.456	621	2	1
70.660	622	2	1
70.966	623	2	1
71.272	624	2	1
71.680	625	2	1
71.884	626	3	1
72.292	627	3	1
72.292	628	1	2
72.497	629	1	3
72.701	630	3	1
73.007	631	3	1
73.109	632	1	2
73.313	633	1	3
73.313	634	3	1
73.721	635	1	1
73.925	636	3	2
74.129	637	3	3
73.925	638	1	1
74.333	639	1	1
74.639	640	1	1
74.741	641	3	2
74.945	642	3	3
74.945	643	1	1
75.150	644	4	1
75.558	645	1	2
75.762	646	1	3
75.558	647	4	1
75.966	648	4	1
76.272	649	4	1
76.374	650	1	2
76.578	651	1	3
76.578	652	4	1
76.986	653	2	1
77.190	654	2	1
77.190	655	4	2
77.394	656	4	3
77.497	657	2	1
77.803	658	4	1
77.803	659	2	1
78.007	660	4	2
78.211	661	4	3
78.211	662	2	1
78.415	663	4	1
78.415	664	1	1
78.619	665	1	2
78.823	666	1	3
78.823	667	4	1
78.823	668	3	1
79.027	669	2	1
79.231	670	4	2
79.435	671	4	3
79.435	672	2	2
79.639	673	2	3
79.537	674	3	1
79.639	675	1	1
79.639	676	4	1
79.843	677	2	1
80.048	678	3	1
80.252	679	4	1
80.354	680	3	1
80.456	681	1	1
80.456	682	2	1
80.558	683	4	1
80.660	684	2	1
80.762	685	1	1
80.864	686	2	1
80.966	687	4	1
81.068	688	3	1
81.170	689	2	1
81.272	690	3	1
81.272	691	4	1
81.374	692	1	1
81.476	693	3	1
81.578	694	4	1
81.680	695	2	1
81.884	696	1	2
82.088	697	1	3
82.088	698	3	1
82.088	699	4	1
82.292	700	2	1
82.497	701	4	2
82.701	702	4	3
82.701	703	2	2
82.905	704	2	3
82.803	705	3	1
82.905	706	4	1
82.905	707	1	1
83.109	708	2	1
83.313	709	3	1
83.517	710	1	2
83.721	711	1	3
83.721	712	4	1
83.721	713	3	1
83.925	714	3	1
84.027	715	1	1
84.129	716	4	2
84.333	717	4	3
84.333	718	3	2
84.537	719	3	3
84.537	720	4	1
84.537	721	1	1
84.741	722	2	1
84.945	723	4	1
84.945	724	3	1
85.150	725	1	2
85.354	726	1	3
85.354	727	3	1
85.354	728	4	1
85.558	729	2	1
85.762	730	1	1
85.762	731	4	2
85.966	732	4	3
85.966	733	2	2
86.170	734	2	3
86.068	735	1	1
86.068	736	4	1
86.170	737	3	1
86.374	738	1	1
86.374	739	4	1
86.578	740	2	1
86.782	741	3	1
86.782	742	1	1
86.884	743	2	1
86.986	744	1	1
86.986	745	3	1
87.088	746	4	1
87.190	747	2	1
87.292	748	1	1
87.394	749	4	1
87.394	750	3	1
87.497	751	2	1
87.599	752	3	1
87.701	753	1	1
87.701	754	2	1
87.803	755	4	1
87.905	756	1	1
88.007	757	3	1
88.007	758	4	1
88.109	759	2	1
88.211	760	1	1
88.211	761	4	1
88.415	762	1	2
88.619	763	1	3
88.619	764	3	1
88.619	765	4	1
88.823	766	2	1
89.027	767	4	2
89.231	768	4	3
89.027	769	1	1
89.231	770	2	2
89.435	771	2	3
89.333	772	4	1
89.333	773	1	1
89.435	774	3	1
89.639	775	1	1
89.639	776	4	1
89.843	777	2	1
90.048	778	4	1
90.048	779	1	2
90.252	780	1	3
90.252	781	4	1
90.252	782	3	1
90.456	783	2	1
90.558	784	3	1
90.558	785	1	1
90.660	786	4	2
90.864	787	4	3
90.864	788	3	2
91.068	789	3	3
90.864	790	1	1
91.068	791	2	1
91.272	792	1	1
91.272	793	3	1
91.476	794	1	1
91.476	795	4	1
91.476	796	2	1
91.680	797	3	1
91.782	798	2	1
91.884	799	4	1
91.884	800	1	1
92.088	801	3	2
92.292	802	3	3
92.292	803	1	2
92.599	804	1	3
92.292	805	4	2
92.701	806	4	3
92.599	807	3	1
92.701	808	2	1
92.701	809	1	1
92.905	810	1	1
93.109	811	3	1
93.313	812	3	2
93.721	813	3	3
93.517	814	2	1
93.517	815	1	1
93.721	816	2	1
93.925	817	4	1
93.925	818	1	2
94.231	819	1	3
94.027	820	2	2
94.231	821	2	3
94.231	822	4	1
94.333	823	1	1
94.333	824	2	2
94.537	825	2	3
94.537	826	3	2
94.741	827	3	3
94.741	828	2	1
94.945	829	4	2
95.150	830	4	3
95.150	831	2	1
95.150	832	1	1
95.354	833	2	1
95.558	834	1	2
95.762	835	1	3
95.762	836	3	1
95.864	837	2	1
95.966	838	4	2
96.374	839	4	3
95.966	840	1	1
96.170	841	3	1
96.374	842	1	2
96.578	843	1	3
96.374	844	2	2
96.578	845	2	3
96.578	846	3	2
96.782	847	3	3
96.782	848	1	1
96.782	849	2	2
96.986	850	2	3
96.986	851	4	2
97.599	852	4	3
97.088	853	3	1
97.394	854	3	1
97.599	855	1	1
97.599	856	2	1
97.803	857	3	1
98.007	858	1	1
98.211	859	4	1
98.313	860	3	1
98.415	861	2	1
98.415	862	1	1
98.619	863	3	2
98.823	864	3	3
98.823	865	4	2
99.231	866	4	3
98.823	867	1	2
99.129	868	1	3
99.129	869	3	1
99.231	870	1	1
99.231	871	2	1
99.435	872	1	1
99.639	873	3	1
99.843	874	3	2
100.252	875	3	3
100.048	876	1	1
100.048	877	2	1
100.252	878	2	1
100.456	879	1	2
100.762	880	1	3
100.456	881	4	1
100.558	882	2	2
100.762	883	2	3
100.762	884	4	1
100.864	885	1	1
100.864	886	2	2
101.068	887	2	3
101.068	888	3	2
101.272	889	3	3
101.272	890	2	1
101.476	891	4	1
101.578	892	3	1
101.680	893	1	1
101.680	894	2	1
101.884	895	2	1
102.088	896	4	2
102.394	897	4	3
102.088	898	1	2
102.497	899	1	3
102.394	900	2	1
102.497	901	3	1
102.497	902	4	1
102.701	903	2	2
102.905	904	2	3
102.905	905	4	2
103.109	906	4	3
103.109	907	2	1
103.313	908	3	1
103.313	909	4	1
103.517	910	1	2
103.721	911	1	3
103.619	912	4	1
103.721	913	3	2
103.925	914	3	3
103.925	915	1	1
104.129	916	4	1
104.129	917	3	1
104.333	918	2	1
104.537	919	1	2
104.741	920	1	3
104.537	921	3	2
104.741	922	3	3
104.537	923	4	1
104.945	924	2	2
105.150	925	2	3
104.945	926	4	2
105.150	927	4	3
105.354	928	1	2
105.558	929	1	3
105.354	930	4	2
105.762	931	4	3
105.558	932	2	1
105.660	933	3	1
105.762	934	2	1
105.762	935	1	1
105.966	936	2	2
106.986	937	2	3
106.170	938	1	1
106.374	939	3	1
106.578	940	1	1
106.578	941	4	1
106.986	942	4	1
107.292	943	4	1
107.394	944	1	1
107.394	945	2	1
107.599	946	4	1
107.803	947	3	2
108.007	948	3	3
107.803	949	1	2
108.007	950	1	3
108.211	951	2	2
108.415	952	2	3
108.211	953	4	2
108.415	954	4	3
108.619	955	1	2
109.027	956	1	3
108.619	957	4	2
108.823	958	4	3
108.823	959	3	1
108.925	960	2	1
109.027	961	4	1
109.027	962	3	1
109.231	963	2	2
109.639	964	2	3
109.333	965	1	2
109.639	966	1	3
109.435	967	4	1
109.639	968	3	2
109.843	969	3	3
109.843	970	1	1
109.843	971	2	2
110.048	972	2	3
110.048	973	4	2
110.252	974	4	3
110.150	975	1	1
110.252	976	2	2
110.456	977	2	3
110.456	978	3	2
110.660	979	3	3
110.660	980	4	1
110.660	981	2	2
111.068	982	2	3
110.864	983	1	1
111.068	984	4	2
111.272	985	4	3
111.068	986	3	2
111.272	987	3	3
111.272	988	1	1
111.476	989	3	2
111.680	990	3	3
111.476	991	2	2
111.680	992	2	3
111.680	993	4	1
111.884	994	2	2
112.088	995	2	3
111.884	996	1	2
112.088	997	1	3
112.088	998	3	2
112.292	999	3	3
112.292	1000	1	1
112.292	1001	4	1
112.497	1002	2	2
113.109	1003	2	3
112.701	1004	3	1
112.905	1005	1	1
113.109	1006	3	2
113.313	1007	3	3
113.109	1008	4	1
113.313	1009	2	2
113.517	1010	2	3
113.517	1011	4	2
113.721	1012	4	3
113.721	1013	1	2
113.925	1014	1	3
113.823	1015	2	1
113.925	1016	3	2
114.129	1017	3	3
113.925	1018	4	1
114.129	1019	2	2
114.333	1020	2	3
114.333	1021	1	1
114.333	1022	4	1
114.435	1023	3	1
114.537	1024	2	1
114.639	1025	4	1
114.741	1026	1	1
114.741	1027	2	1
114.843	1028	3	1
114.945	1029	1	1
114.945	1030	4	1
115.048	1031	2	1
115.150	1032	1	1
115.150	1033	3	1
115.252	1034	2	1
115.354	1035	4	1
115.456	1036	3	1
115.558	1037	2	1
115.558	1038	1	1
115.660	1039	3	1
115.762	1040	4	1
115.762	1041	2	1
115.864	1042	3	1
115.966	1043	4	1
115.966	1044	1	1
116.170	1045	3	1
116.374	1046	2	1
116.578	1047	1	1
116.782	1048	4	2
117.190	1049	4	3
116.986	1050	3	1
117.190	1051	1	2
117.394	1052	1	3
117.190	1053	2	2
117.394	1054	2	3
117.394	1055	3	1
117.599	1056	4	2
117.803	1057	4	3
117.599	1058	1	1
117.599	1059	2	1
117.803	1060	2	1
118.007	1061	3	1
118.007	1062	4	1
118.007	1063	1	2
118.211	1064	1	3
118.211	1065	3	1
118.415	1066	2	1
118.619	1067	1	1
118.619	1068	3	2
118.823	1069	3	3
118.823	1070	1	1
118.823	1071	2	2
119.027	1072	2	3
118.823	1073	4	1
119.027	1074	3	1
119.231	1075	2	1
119.231	1076	4	2
119.435	1077	4	3
119.435	1078	2	1
119.639	1079	4	1
119.639	1080	1	2
119.843	1081	1	3
119.639	1082	3	1
119.843	1083	3	1
120.048	1084	1	1
120.252	1085	4	1
120.252	1086	2	2
120.456	1087	2	3
120.456	1088	1	1
120.456	1089	3	2
120.660	1090	3	3
120.456	1091	4	1
120.660	1092	2	1
120.864	1093	1	1
120.864	1094	3	1
121.068	1095	3	1
121.272	1096	2	1
121.272	1097	4	1
121.272	1098	1	1
121.476	1099	2	1
121.680	1100	4	1
121.884	1101	1	1
121.884	1102	3	2
122.088	1103	3	3
122.088	1104	2	2
122.292	1105	2	3
122.088	1106	1	1
122.088	1107	4	1
122.292	1108	3	1
122.497	1109	4	2
122.701	1110	4	3
122.497	1111	1	1
122.701	1112	1	2
122.905	1113	1	3
122.905	1114	2	1
122.905	1115	4	1
122.905	1116	3	1
123.109	1117	2	2
123.517	1118	2	3
123.211	1119	3	1
123.517	1120	4	2
123.721	1121	4	3
123.517	1122	1	1
123.721	1123	3	1
123.721	1124	2	1
123.721	1125	1	1
123.925	1126	4	1
123.925	1127	2	1
124.129	1128	3	1
124.129	1129	1	2
124.333	1130	1	3
124.333	1131	3	1
124.537	1132	4	2
124.741	1133	4	3
124.537	1134	1	1
124.537	1135	2	1
124.741	1136	2	1
124.843	1137	1	1
124.945	1138	3	1
125.048	1139	1	1
125.150	1140	4	1
125.150	1141	2	1
125.252	1142	3	1
125.354	1143	2	2
125.558	1144	2	3
125.354	1145	4	1
125.354	1146	1	1
125.558	1147	3	1
125.660	1148	2	1
125.762	1149	1	2
125.966	1150	1	3
125.762	1151	4	1
125.966	1152	4	1
126.170	1153	1	1
126.170	1154	2	1
126.170	1155	3	1
126.374	1156	3	1
126.476	1157	4	1
126.578	1158	2	1
126.680	1159	4	1
126.782	1160	3	1
126.782	1161	1	1
126.884	1162	2	1
126.986	1163	4	1
126.986	1164	1	1
126.986	1165	3	1
127.190	1166	3	1
127.394	1167	1	1
127.394	1168	2	1
127.599	1169	3	1
127.599	1170	4	1
127.803	1171	4	1
127.803	1172	1	1
127.803	1173	3	1
128.007	1174	2	1
128.007	1175	1	1
128.211	1176	3	1
128.211	1177	4	1
128.415	1178	1	1
128.415	1179	2	1
128.619	1180	2	1
128.619	1181	4	1
128.619	1182	1	1
128.823	1183	3	1
128.823	1184	4	1
128.925	1185	2	1
129.027	1186	1	1
129.027	1187	3	2
129.231	1188	3	3
129.027	1189	4	1
129.231	1190	1	1
129.435	1191	3	1
129.503	1192	1	1
129.571	1193	4	1
129.639	1194	2	1
129.716	1195	3	1
129.792	1196	2	1
129.843	1197	4	2
130.456	1198	4	3
130.048	1199	1	1
130.150	1200	2	1
130.252	1201	1	1
130.456	1202	2	1
130.660	1203	3	1
130.660	1204	4	1
130.660	1205	1	2
130.864	1206	1	3
130.864	1207	3	1
131.068	1208	4	2
131.272	1209	4	3
131.068	1210	2	1
131.272	1211	2	1
131.476	1212	1	1
131.476	1213	4	1
131.476	1214	3	1
131.680	1215	3	2
131.884	1216	3	3
131.782	1217	4	1
131.782	1218	1	1
131.884	1219	2	2
132.088	1220	2	3
132.088	1221	1	1
132.088	1222	4	1
132.292	1223	2	1
132.292	1224	4	2
132.497	1225	4	3
132.497	1226	2	1
132.701	1227	1	2
132.905	1228	1	3
132.701	1229	3	1
132.905	1230	3	1
133.109	1231	4	1
133.109	1232	1	1
133.109	1233	2	1
133.313	1234	1	2
133.517	1235	1	3
133.415	1236	4	1
133.415	1237	2	1
133.517	1238	3	2
133.721	1239	3	3
133.721	1240	2	1
133.721	1241	4	1
133.925	1242	3	1
133.925	1243	1	1
134.129	1244	3	1
134.333	1245	2	1
134.333	1246	4	1
134.537	1247	2	1
134.741	1248	3	1
134.741	1249	4	1
134.741	1250	1	1
134.945	1251	4	2
135.150	1252	4	3
135.048	1253	3	1
135.048	1254	1	1
135.150	1255	2	2
135.354	1256	2	3
135.354	1257	3	1
135.354	1258	1	1
135.558	1259	1	2
135.762	1260	1	3
135.558	1261	4	1
135.762	1262	4	2
135.966	1263	4	3
135.966	1264	1	1
135.966	1265	2	1
136.170	1266	3	1
136.272	1267	2	2
136.578	1268	2	3
136.374	1269	4	1
136.374	1270	3	1
136.374	1271	1	1
136.578	1272	3	1
136.680	1273	4	1
136.680	1274	1	1
136.782	1275	2	1
136.986	1276	1	1
136.986	1277	3	1
137.190	1278	2	2
137.394	1279	2	3
137.190	1280	4	1
137.394	1281	4	1
137.599	1282	3	2
137.803	1283	3	3
137.599	1284	1	1
137.803	1285	1	1
138.007	1286	3	1
138.007	1287	2	1
138.007	1288	4	1
138.211	1289	3	2
138.415	1290	3	3
138.313	1291	1	1
138.313	1292	4	1
138.415	1293	2	2
138.619	1294	2	3
138.619	1295	1	1
138.619	1296	4	1
138.823	1297	4	2
139.027	1298	4	3
138.823	1299	2	1
139.027	1300	2	1
139.231	1301	3	1
139.231	1302	1	1
139.435	1303	2	1
139.537	1304	4	1
139.639	1305	2	1
139.639	1306	1	2
140.252	1307	1	3
139.639	1308	3	1
139.945	1309	4	1
139.945	1310	2	1
140.252	1311	2	1
140.252	1312	4	1
140.456	1313	3	1
140.456	1314	1	1
140.660	1315	3	1
140.864	1316	2	1
140.864	1317	4	1
141.068	1318	2	1
141.272	1319	1	1
141.272	1320	4	1
141.272	1321	3	1
141.476	1322	4	2
141.680	1323	4	3
141.578	1324	1	1
141.578	1325	3	1
141.680	1326	2	2
141.884	1327	2	3
141.884	1328	3	1
141.884	1329	1	1
142.088	1330	2	2
142.292	1331	2	3
142.088	1332	4	1
142.292	1333	4	2
142.497	1334	4	3
142.497	1335	1	1
142.497	1336	2	1
142.599	1337	3	1
142.803	1338	3	1
142.905	1339	2	1
142.905	1340	1	1
142.905	1341	4	1
143.109	1342	2	1
143.211	1343	3	1
143.211	1344	1	1
143.517	1345	1	1
143.517	1346	3	1