Song Name	Melomania (Hard) by Tobu
Difficulty	18
Primary Color	Beat
Secondary Color	Vibe
Audio Asset ID	rbxassetid://9063870844
Audio File	9063870844.ogg
Last Note Time	113.999
Total Notes	870
Fever Fill	245
Fever Time	17.099850
Long Notes	136
BPM	128
Song Length	114.999000000

Timing Points
7.124	468.750000


Song Data
0.795	1	1	2
7.124	2	1	3
3.374	3	2	2
7.124	4	2	3
7.124	5	4	2
8.061	6	4	3
7.124	7	3	1
7.827	8	2	1
7.827	9	1	1
7.944	10	3	1
8.061	11	2	1
8.061	12	1	2
8.999	13	1	3
8.764	14	4	1
8.764	15	3	1
8.881	16	2	1
8.999	17	3	2
9.936	18	3	3
8.999	19	4	1
9.702	20	1	1
9.936	21	1	1
9.936	22	2	1
10.170	23	3	1
10.170	24	4	1
10.405	25	1	1
10.405	26	3	1
10.639	27	2	1
10.756	28	1	1
10.874	29	4	2
11.811	30	4	3
10.874	31	3	1
11.577	32	2	1
11.577	33	1	1
11.694	34	3	1
11.811	35	1	2
12.749	36	1	3
11.811	37	2	1
12.514	38	3	1
12.514	39	4	1
12.631	40	2	1
12.749	41	3	2
13.686	42	3	3
12.749	43	4	1
13.452	44	1	1
13.686	45	1	1
13.686	46	4	1
13.920	47	2	1
13.920	48	3	1
14.155	49	1	1
14.155	50	3	1
14.389	51	2	1
14.506	52	4	1
14.624	53	1	2
15.561	54	1	3
14.624	55	2	1
15.327	56	3	1
15.327	57	4	1
15.444	58	2	1
15.561	59	4	2
16.499	60	4	3
15.561	61	3	1
16.264	62	1	1
16.264	63	2	1
16.381	64	3	1
16.499	65	2	2
17.436	66	2	3
16.499	67	1	1
17.202	68	4	1
17.436	69	4	1
17.436	70	3	1
17.670	71	2	1
17.670	72	1	1
17.905	73	4	1
17.905	74	2	1
18.139	75	3	1
18.256	76	4	1
18.374	77	1	2
19.311	78	1	3
18.374	79	2	1
19.077	80	3	1
19.077	81	4	1
19.194	82	2	1
19.311	83	4	2
20.249	84	4	3
19.311	85	3	1
20.014	86	2	1
20.014	87	1	1
20.131	88	3	1
20.249	89	2	2
21.420	90	2	3
20.249	91	1	1
20.952	92	1	1
21.186	93	3	1
21.186	94	4	1
21.420	95	1	1
21.655	96	3	1
21.655	97	4	1
21.889	98	1	1
21.889	99	2	1
22.124	100	1	1
22.124	101	3	1
22.124	102	4	1
22.592	103	1	1
22.592	104	2	1
22.827	105	3	1
22.827	106	4	1
23.178	107	4	1
23.530	108	1	1
23.530	109	2	1
23.881	110	1	1
24.233	111	1	1
24.233	112	2	1
24.584	113	1	1
24.936	114	1	1
24.936	115	2	1
25.170	116	3	1
25.639	117	3	1
25.874	118	1	1
25.874	119	2	1
26.108	120	4	1
26.225	121	3	1
26.342	122	1	1
26.342	123	2	1
26.577	124	3	1
26.577	125	4	1
26.928	126	4	1
27.280	127	1	1
27.280	128	2	1
27.631	129	1	1
27.983	130	1	1
27.983	131	2	1
28.334	132	1	1
28.686	133	2	1
28.686	134	1	1
28.920	135	3	1
29.155	136	1	1
29.155	137	4	1
29.389	138	3	1
29.624	139	1	1
29.624	140	2	1
30.092	141	1	1
30.209	142	2	1
30.327	143	4	1
30.327	144	3	1
30.678	145	4	1
31.030	146	1	1
31.030	147	2	1
31.381	148	1	1
31.733	149	2	1
31.733	150	1	1
32.084	151	1	1
32.436	152	1	1
32.436	153	2	1
32.670	154	3	1
33.139	155	3	1
33.374	156	1	1
33.374	157	2	1
33.608	158	4	1
33.725	159	3	1
33.842	160	1	1
33.842	161	2	1
34.077	162	4	1
34.077	163	3	1
34.311	164	1	1
34.428	165	2	1
34.545	166	3	1
34.780	167	1	1
34.780	168	2	1
35.014	169	4	1
35.249	170	3	1
35.483	171	1	1
35.483	172	2	1
35.952	173	1	1
36.186	174	4	1
36.186	175	3	1
36.420	176	1	1
36.655	177	3	1
36.655	178	4	1
36.889	179	1	1
36.889	180	2	1
37.124	181	3	1
37.124	182	1	1
37.124	183	4	1
37.358	184	2	1
37.358	185	4	1
37.592	186	1	1
37.827	187	2	1
37.827	188	4	1
38.061	189	3	1
38.295	190	2	1
38.295	191	4	1
38.530	192	1	1
38.764	193	2	1
38.764	194	4	1
38.999	195	3	1
39.233	196	2	1
39.233	197	4	1
39.467	198	1	1
39.702	199	2	1
39.702	200	4	1
39.936	201	3	1
40.170	202	2	1
40.170	203	4	1
40.405	204	3	1
40.405	205	1	1
40.639	206	4	1
40.874	207	2	1
40.991	208	3	1
41.108	209	4	1
41.108	210	1	1
41.342	211	2	1
41.577	212	1	1
41.577	213	4	1
41.811	214	3	1
42.045	215	4	1
42.045	216	1	1
42.280	217	2	1
42.514	218	4	1
42.514	219	1	1
42.749	220	3	1
42.983	221	4	1
42.983	222	1	1
43.217	223	2	1
43.452	224	4	1
43.452	225	1	1
43.686	226	3	1
43.920	227	1	1
43.920	228	4	1
44.155	229	3	1
44.155	230	2	1
44.389	231	1	1
44.624	232	2	1
44.624	233	4	1
44.858	234	1	1
44.858	235	3	1
45.092	236	4	1
45.327	237	3	1
45.327	238	1	1
45.561	239	2	1
45.795	240	1	1
45.795	241	3	1
46.030	242	4	1
46.264	243	1	1
46.264	244	3	1
46.499	245	2	1
46.733	246	1	1
46.733	247	3	1
46.967	248	4	1
47.202	249	3	1
47.202	250	1	1
47.436	251	2	1
47.670	252	3	1
47.670	253	1	1
47.905	254	2	1
47.905	255	4	1
48.139	256	3	1
48.374	257	2	1
48.374	258	1	1
48.491	259	4	1
48.608	260	2	1
48.608	261	3	1
48.842	262	1	1
49.077	263	3	1
49.077	264	2	1
49.311	265	4	1
49.545	266	2	1
49.545	267	3	1
49.780	268	1	1
50.014	269	2	1
50.014	270	3	1
50.249	271	4	1
50.483	272	2	1
50.483	273	3	1
50.717	274	1	1
50.952	275	2	1
50.952	276	3	1
51.186	277	4	1
51.420	278	2	1
51.420	279	3	1
51.655	280	1	1
51.889	281	2	1
51.889	282	3	1
52.124	283	2	1
52.124	284	4	1
52.124	285	1	1
52.358	286	3	1
52.592	287	1	1
52.827	288	2	1
52.944	289	4	1
53.061	290	3	2
53.295	291	3	3
53.295	292	1	1
53.530	293	2	2
53.764	294	2	3
53.764	295	1	1
53.881	296	3	1
53.999	297	4	2
54.350	298	4	3
54.350	299	1	1
54.467	300	2	2
54.702	301	2	3
54.702	302	1	1
54.819	303	4	1
54.936	304	3	2
55.170	305	3	3
55.170	306	1	2
55.874	307	1	3
55.405	308	2	1
55.874	309	2	1
55.874	310	4	1
56.108	311	1	1
56.225	312	3	1
56.342	313	2	2
56.577	314	2	3
56.577	315	1	1
56.694	316	4	1
56.811	317	3	2
57.045	318	3	3
57.045	319	2	1
57.280	320	4	2
57.983	321	4	3
57.514	322	1	1
57.631	323	2	1
57.749	324	1	1
57.983	325	3	1
58.217	326	3	1
58.452	327	1	1
58.686	328	2	1
58.686	329	4	1
58.920	330	1	1
59.155	331	4	1
59.155	332	3	1
59.389	333	1	1
59.389	334	2	1
59.624	335	3	1
59.624	336	4	1
59.858	337	2	1
59.975	338	3	1
59.975	339	4	1
60.092	340	1	1
60.327	341	3	1
60.327	342	4	1
60.444	343	2	1
60.561	344	4	1
60.561	345	1	1
60.795	346	3	1
60.913	347	1	1
60.913	348	4	1
61.030	349	3	1
61.264	350	4	1
61.264	351	1	1
61.381	352	2	1
61.499	353	3	1
61.499	354	4	1
61.733	355	2	1
61.850	356	3	1
61.850	357	4	1
61.967	358	1	1
62.202	359	3	1
62.202	360	4	1
62.319	361	2	1
62.436	362	4	1
62.436	363	1	1
62.670	364	3	1
62.788	365	1	1
62.788	366	4	1
62.905	367	2	1
63.022	368	3	1
63.139	369	4	1
63.139	370	1	1
63.374	371	3	1
63.491	372	2	1
63.608	373	4	1
63.725	374	1	1
63.842	375	3	1
63.959	376	2	1
64.077	377	1	1
64.077	378	4	1
64.194	379	3	1
64.311	380	2	1
64.428	381	1	1
64.545	382	3	1
64.545	383	4	1
64.663	384	2	1
64.780	385	1	1
64.897	386	3	1
65.014	387	1	1
65.014	388	4	1
65.131	389	2	1
65.249	390	3	1
65.366	391	4	1
65.483	392	3	1
65.600	393	2	1
65.717	394	1	1
65.834	395	4	1
65.952	396	2	1
65.952	397	1	1
66.069	398	4	1
66.069	399	3	1
66.186	400	1	1
66.186	401	2	1
66.303	402	4	1
66.420	403	1	1
66.420	404	3	1
66.538	405	2	1
66.655	406	4	1
66.772	407	3	1
66.889	408	1	1
67.124	409	1	1
67.124	410	2	1
67.358	411	4	2
67.592	412	4	3
67.592	413	1	2
67.827	414	1	3
67.592	415	2	1
67.827	416	4	2
68.061	417	4	3
68.061	418	2	1
68.061	419	1	1
68.295	420	4	1
68.295	421	3	1
68.413	422	2	1
68.530	423	3	1
68.530	424	1	1
68.530	425	4	1
68.764	426	2	1
68.764	427	3	1
68.999	428	3	1
68.999	429	4	1
68.999	430	1	1
68.999	431	2	1
69.233	432	1	2
69.467	433	1	3
69.467	434	4	1
69.467	435	3	2
69.702	436	3	3
69.702	437	1	1
69.819	438	1	1
69.936	439	4	2
70.170	440	4	3
69.936	441	2	2
70.170	442	2	3
70.170	443	1	1
70.405	444	3	1
70.405	445	4	2
70.639	446	4	3
70.639	447	2	1
70.756	448	3	1
70.874	449	4	1
70.874	450	1	2
71.225	451	1	3
71.225	452	3	1
71.342	453	1	1
71.342	454	4	2
71.577	455	4	3
71.577	456	2	1
71.694	457	2	1
71.811	458	4	2
72.045	459	4	3
71.811	460	1	2
72.045	461	1	3
72.045	462	3	2
72.749	463	3	3
72.045	464	2	2
72.749	465	2	3
72.280	466	1	1
72.280	467	4	1
72.749	468	4	1
72.749	469	1	1
72.983	470	3	1
73.100	471	3	1
73.217	472	1	1
73.217	473	4	2
73.452	474	4	3
73.452	475	1	1
73.569	476	1	1
73.686	477	4	2
73.920	478	4	3
73.686	479	2	2
73.920	480	2	3
73.920	481	3	1
74.155	482	1	2
74.858	483	1	3
74.155	484	4	2
74.858	485	4	3
74.624	486	3	1
74.624	487	2	1
74.858	488	2	2
75.092	489	2	3
75.092	490	4	1
75.092	491	3	2
75.327	492	3	3
75.327	493	2	2
75.561	494	2	3
75.561	495	1	2
75.795	496	1	3
75.561	497	4	2
75.795	498	4	3
75.795	499	3	2
76.030	500	3	3
76.030	501	4	1
76.030	502	2	2
76.264	503	2	3
76.264	504	1	2
76.733	505	1	3
76.499	506	2	1
76.499	507	4	1
76.733	508	4	2
76.967	509	4	3
76.967	510	1	1
76.967	511	2	2
77.202	512	2	3
77.202	513	4	1
77.319	514	4	1
77.436	515	1	2
77.670	516	1	3
77.436	517	3	2
77.670	518	3	3
77.670	519	2	1
77.905	520	1	2
78.139	521	1	3
78.139	522	3	1
78.256	523	2	1
78.374	524	1	1
78.374	525	4	2
78.725	526	4	3
78.725	527	2	1
78.842	528	4	1
78.842	529	1	2
79.077	530	1	3
79.077	531	3	1
79.194	532	3	1
79.311	533	1	2
79.545	534	1	3
79.311	535	4	2
79.545	536	4	3
79.545	537	3	2
80.249	538	3	3
79.545	539	2	2
80.249	540	2	3
79.780	541	1	1
79.780	542	4	1
80.249	543	1	1
80.249	544	4	1
80.483	545	2	2
80.717	546	2	3
80.717	547	3	1
80.717	548	1	1
80.952	549	3	2
81.186	550	3	3
80.952	551	4	2
81.186	552	4	3
81.186	553	1	1
81.186	554	2	1
81.420	555	2	2
81.655	556	2	3
81.420	557	3	2
81.655	558	3	3
81.655	559	4	1
81.655	560	1	1
81.889	561	1	2
82.827	562	1	3
81.889	563	2	2
82.827	564	2	3
82.124	565	4	1
82.592	566	4	1
82.827	567	3	1
82.944	568	4	1
83.061	569	2	2
83.295	570	2	3
83.295	571	1	2
83.530	572	1	3
83.530	573	2	1
83.647	574	4	1
83.764	575	3	2
83.999	576	3	3
83.999	577	1	1
83.999	578	4	1
84.233	579	2	2
84.467	580	2	3
84.467	581	4	1
84.702	582	2	1
84.819	583	2	1
84.936	584	4	1
85.170	585	3	1
85.405	586	4	1
85.405	587	1	1
85.639	588	3	1
85.756	589	1	1
85.874	590	4	1
85.874	591	2	2
86.225	592	2	3
86.225	593	3	1
86.342	594	2	1
86.342	595	4	2
86.577	596	4	3
86.577	597	1	1
86.694	598	1	1
86.811	599	4	2
87.045	600	4	3
86.811	601	2	2
87.045	602	2	3
87.045	603	3	2
87.749	604	3	3
87.045	605	1	2
87.749	606	1	3
87.280	607	4	1
87.280	608	2	1
87.749	609	2	1
87.749	610	4	1
87.983	611	1	1
88.100	612	1	1
88.217	613	4	1
88.217	614	2	2
88.452	615	2	3
88.452	616	3	1
88.569	617	3	1
88.686	618	4	2
88.920	619	4	3
88.686	620	1	2
88.920	621	1	3
88.920	622	3	1
89.155	623	2	2
89.858	624	2	3
89.155	625	4	2
89.858	626	4	3
89.624	627	1	1
89.624	628	3	1
89.858	629	1	2
90.092	630	1	3
90.092	631	4	1
90.092	632	3	2
90.327	633	3	3
90.327	634	2	2
90.561	635	2	3
90.561	636	1	2
90.795	637	1	3
90.561	638	4	2
90.795	639	4	3
90.795	640	3	2
91.030	641	3	3
91.030	642	4	1
91.030	643	2	2
91.264	644	2	3
91.264	645	1	2
91.733	646	1	3
91.499	647	2	1
91.499	648	4	1
91.733	649	3	2
91.967	650	3	3
91.967	651	1	2
92.202	652	1	3
91.967	653	4	1
92.202	654	3	1
92.319	655	3	1
92.436	656	1	1
92.436	657	4	2
92.670	658	4	3
92.670	659	2	1
92.905	660	4	1
92.905	661	1	2
93.139	662	1	3
93.139	663	2	1
93.256	664	4	1
93.374	665	1	1
93.374	666	3	2
93.725	667	3	3
93.725	668	2	1
93.842	669	1	2
94.077	670	1	3
93.842	671	3	1
94.077	672	4	1
94.194	673	4	1
94.311	674	1	2
94.545	675	1	3
94.311	676	3	2
94.545	677	3	3
94.545	678	4	2
95.249	679	4	3
94.545	680	2	2
95.249	681	2	3
94.780	682	3	1
94.780	683	1	1
95.249	684	1	1
95.249	685	3	1
95.483	686	2	2
95.717	687	2	3
95.717	688	4	1
95.717	689	1	1
95.952	690	2	2
96.186	691	2	3
95.952	692	4	2
96.186	693	4	3
96.186	694	3	1
96.420	695	1	2
96.655	696	1	3
96.420	697	3	2
96.655	698	3	3
96.655	699	2	1
96.889	700	3	2
97.827	701	3	3
96.889	702	4	2
97.827	703	4	3
97.124	704	1	1
97.124	705	2	1
97.592	706	1	1
97.592	707	2	1
97.827	708	1	1
97.944	709	3	1
98.061	710	2	1
98.061	711	1	2
98.295	712	1	3
98.295	713	4	2
98.530	714	4	3
98.530	715	3	1
98.530	716	2	1
98.530	717	1	1
98.647	718	4	1
98.764	719	1	2
98.999	720	1	3
98.999	721	4	1
99.233	722	1	1
99.350	723	2	1
99.467	724	4	1
99.702	725	4	1
99.819	726	4	1
100.170	727	1	1
100.288	728	2	1
100.405	729	4	1
100.639	730	4	1
100.756	731	4	1
100.874	732	1	1
101.108	733	4	1
101.186	734	3	1
101.264	735	2	1
101.342	736	4	1
101.342	737	3	1
101.342	738	1	1
101.459	739	2	1
101.577	740	1	1
101.694	741	3	1
101.694	742	4	1
101.811	743	1	1
101.811	744	2	1
101.928	745	3	1
102.045	746	4	1
102.163	747	2	1
102.280	748	4	2
102.749	749	4	3
102.280	750	3	2
102.749	751	3	3
102.280	752	1	2
102.749	753	1	3
102.749	754	2	1
102.983	755	1	1
103.100	756	2	1
103.217	757	1	1
103.217	758	3	1
103.217	759	4	1
103.452	760	4	1
103.569	761	4	1
103.686	762	1	1
103.686	763	2	1
103.920	764	1	1
104.038	765	2	1
104.155	766	4	1
104.155	767	3	1
104.155	768	1	1
104.389	769	4	1
104.506	770	4	1
104.624	771	2	2
104.858	772	2	3
104.624	773	1	1
104.858	774	4	2
105.092	775	4	3
105.092	776	3	1
105.092	777	2	1
105.092	778	1	2
105.327	779	1	3
105.327	780	2	2
105.561	781	2	3
105.561	782	3	1
105.561	783	4	1
105.678	784	1	1
105.795	785	4	2
106.030	786	4	3
106.030	787	3	1
106.030	788	1	1
106.030	789	2	2
106.264	790	2	3
106.264	791	3	2
106.499	792	3	3
106.499	793	2	1
106.499	794	1	1
106.733	795	4	1
106.850	796	3	1
106.967	797	1	1
106.967	798	2	1
106.967	799	4	1
107.202	800	1	1
107.319	801	1	1
107.436	802	4	1
107.436	803	3	1
107.670	804	4	1
107.788	805	3	1
107.905	806	2	1
107.905	807	1	1
107.905	808	4	1
108.139	809	1	1
108.256	810	1	1
108.374	811	4	1
108.374	812	3	2
108.608	813	3	3
108.608	814	1	2
108.842	815	1	3
108.842	816	2	1
108.842	817	4	1
108.842	818	3	2
109.077	819	3	3
109.077	820	1	2
109.311	821	1	3
109.311	822	4	1
109.311	823	2	2
109.545	824	2	3
109.545	825	4	1
109.545	826	3	1
109.780	827	3	2
110.014	828	3	3
109.780	829	1	1
109.780	830	4	2
110.014	831	4	3
110.014	832	2	2
110.249	833	2	3
110.249	834	4	1
110.249	835	1	1
110.483	836	3	1
110.600	837	3	1
110.717	838	2	2
111.186	839	2	3
110.717	840	4	2
111.186	841	4	3
110.717	842	1	1
111.186	843	1	1
111.186	844	3	1
111.303	845	1	1
111.420	846	2	2
111.889	847	2	3
111.655	848	4	1
111.655	849	1	1
111.655	850	3	1
111.889	851	3	1
112.006	852	3	1
112.124	853	1	1
112.124	854	4	2
112.592	855	4	3
112.592	856	3	1
112.592	857	1	2
112.827	858	1	3
112.827	859	2	2
113.061	860	2	3
113.061	861	4	1
113.061	862	1	2
113.530	863	1	3
113.530	864	3	1
113.530	865	4	1
113.530	866	2	1
113.999	867	3	1
113.999	868	2	1
113.999	869	4	1
113.999	870	1	1