Song Name	Modulation to Move the Mind (Hard) by naruto2413, Aya Futatsuki & BouKiCHi
Difficulty	20
Primary Color	Beat
Secondary Color	Beat
Last Note Time	139.308
Total Notes	1391
Fever Fill	372
Fever Time	20.896200
Long Notes	274
BPM	114
Song Length	142.247233560

Timing Points
0.000	526.3158
0.000	526.3158
0.230	526.3158
0.230	526.3158


Song Data
0.000	1	1	1
0.000	2	3	1
0.000	3	4	1
0.230	4	3	1
0.493	5	1	1
0.493	6	4	1
0.624	7	2	1
0.887	8	1	1
0.887	9	4	1
1.019	10	3	1
1.282	11	1	1
1.545	12	2	1
1.545	13	3	1
1.808	14	1	1
1.808	15	2	1
1.808	16	4	1
2.335	17	1	1
2.598	18	2	1
2.598	19	3	1
2.861	20	4	1
2.993	21	1	1
2.993	22	2	1
3.124	23	1	1
3.124	24	2	1
3.124	25	4	1
3.256	26	3	1
3.256	27	4	1
3.387	28	1	1
3.651	29	2	1
3.651	30	3	1
3.914	31	4	1
4.177	32	1	1
4.177	33	2	1
4.177	34	4	1
4.440	35	3	1
4.572	36	3	1
4.703	37	1	1
4.703	38	4	1
4.835	39	2	1
5.098	40	3	1
5.098	41	4	1
5.229	42	1	1
5.493	43	1	1
5.756	44	3	1
5.756	45	4	1
6.019	46	1	1
6.019	47	2	1
6.019	48	4	1
6.545	49	2	1
6.808	50	1	1
6.808	51	4	1
7.072	52	3	1
7.203	53	1	1
7.203	54	2	1
7.335	55	1	1
7.335	56	2	1
7.335	57	4	1
7.466	58	3	1
7.466	59	4	1
7.598	60	2	1
7.861	61	1	1
7.861	62	4	1
8.124	63	3	1
8.387	64	1	1
8.387	65	2	1
8.387	66	4	1
8.782	67	3	1
8.914	68	1	1
8.914	69	4	1
9.177	70	2	1
9.308	71	3	1
9.308	72	4	1
9.440	73	1	1
9.440	74	3	1
9.440	75	4	1
9.703	76	1	1
9.966	77	2	1
9.966	78	3	1
10.229	79	1	1
10.229	80	2	1
10.229	81	4	1
10.756	82	3	1
11.019	83	1	1
11.019	84	4	1
11.282	85	2	1
11.414	86	3	1
11.414	87	4	1
11.545	88	1	1
11.545	89	3	1
11.545	90	4	1
11.677	91	1	1
11.677	92	2	1
11.940	93	2	1
12.072	94	1	1
12.072	95	4	1
12.335	96	3	1
12.598	97	1	1
12.598	98	2	1
12.598	99	4	1
12.861	100	3	1
13.124	101	2	1
13.124	102	3	1
13.256	103	1	1
13.519	104	1	1
13.519	105	4	1
13.651	106	3	1
13.782	107	1	1
13.782	108	2	1
13.914	109	4	1
14.177	110	1	1
14.177	111	4	1
14.440	112	1	1
14.440	113	4	1
14.703	114	1	1
14.703	115	3	1
14.703	116	4	1
14.835	117	3	1
14.835	118	4	1
15.098	119	1	1
15.098	120	2	1
15.098	121	4	1
15.229	122	3	1
15.493	123	1	1
15.493	124	2	1
15.493	125	3	1
15.624	126	4	1
15.887	127	2	1
15.887	128	3	1
15.887	129	4	1
16.019	130	1	1
16.282	131	1	1
16.282	132	4	1
16.414	133	2	1
16.545	134	3	1
16.677	135	4	1
16.808	136	1	1
16.808	137	2	1
16.808	138	3	1
17.072	139	4	1
17.203	140	2	1
17.335	141	1	1
17.335	142	3	1
17.466	143	4	1
17.598	144	1	1
17.861	145	4	1
18.124	146	4	1
18.256	147	2	1
18.387	148	1	1
18.387	149	3	1
18.519	150	4	1
18.651	151	1	1
18.914	152	1	2
18.914	153	2	2
18.914	154	4	2
19.045	155	1	3
19.045	156	2	3
19.045	157	4	3
19.177	158	1	2
19.177	159	2	2
19.177	160	4	2
19.308	161	1	3
19.308	162	2	3
19.308	163	4	3
19.440	164	1	1
19.440	165	4	1
19.703	166	2	1
19.835	167	3	1
19.835	168	4	1
20.098	169	1	1
20.098	170	2	1
20.229	171	3	1
20.493	172	2	1
20.756	173	4	2
21.019	174	1	2
21.019	175	2	2
21.019	176	3	2
21.019	177	4	3
21.151	178	1	3
21.151	179	2	3
21.151	180	3	3
21.282	181	1	2
21.282	182	2	2
21.282	183	3	2
21.282	184	4	2
21.414	185	1	3
21.414	186	2	3
21.414	187	3	3
21.545	188	1	1
21.545	189	2	1
21.940	190	1	1
21.940	191	2	1
22.072	192	4	3
22.203	193	1	1
22.203	194	4	1
22.335	195	3	1
22.598	196	1	1
22.598	197	4	1
22.729	198	2	1
22.861	199	1	1
22.993	200	3	1
23.124	201	1	2
23.124	202	2	2
23.124	203	4	2
23.256	204	1	3
23.256	205	2	3
23.256	206	4	3
23.387	207	1	2
23.387	208	2	2
23.387	209	4	2
23.519	210	1	3
23.519	211	2	3
23.519	212	4	3
23.651	213	1	1
23.651	214	4	1
23.914	215	2	1
24.045	216	3	1
24.045	217	4	1
24.308	218	1	1
24.308	219	2	1
24.440	220	3	1
24.703	221	1	1
24.703	222	4	1
24.966	223	2	1
25.229	224	1	2
25.229	225	3	2
25.229	226	4	2
25.361	227	1	3
25.361	228	3	3
25.361	229	4	3
25.493	230	1	2
25.493	231	3	2
25.493	232	4	2
25.624	233	2	2
25.624	234	1	3
25.624	235	3	3
25.624	236	4	3
25.756	237	3	1
25.756	238	4	1
26.151	239	3	1
26.151	240	4	1
26.282	241	1	1
26.282	242	2	3
26.414	243	3	1
26.414	244	4	1
26.677	245	2	1
26.808	246	1	1
26.808	247	4	1
26.940	248	3	1
27.072	249	1	1
27.203	250	3	1
27.335	251	1	2
27.335	252	2	2
27.335	253	4	2
27.466	254	1	3
27.466	255	2	3
27.466	256	4	3
27.598	257	1	2
27.598	258	2	2
27.598	259	4	2
27.729	260	3	2
27.729	261	1	3
27.729	262	2	3
27.729	263	4	3
27.861	264	1	1
27.861	265	2	1
27.993	266	3	3
28.124	267	2	2
28.256	268	3	1
28.256	269	4	1
28.387	270	2	3
28.519	271	3	1
28.519	272	4	1
28.651	273	1	1
28.914	274	3	1
28.914	275	4	1
29.177	276	2	1
29.308	277	1	1
29.440	278	2	2
29.440	279	3	2
29.440	280	4	2
29.572	281	2	3
29.572	282	3	3
29.572	283	4	3
29.703	284	2	2
29.703	285	3	2
29.703	286	4	2
29.835	287	2	3
29.835	288	3	3
29.835	289	4	3
29.966	290	1	1
29.966	291	4	1
30.229	292	3	2
30.361	293	1	1
30.361	294	2	1
30.493	295	3	3
30.624	296	1	1
30.624	297	4	1
30.756	298	2	1
31.019	299	1	1
31.019	300	4	1
31.282	301	3	1
31.414	302	2	1
31.545	303	1	2
31.545	304	3	2
31.545	305	4	2
31.677	306	1	3
31.677	307	3	3
31.677	308	4	3
31.808	309	1	2
31.808	310	3	2
31.808	311	4	2
31.940	312	2	2
31.940	313	1	3
31.940	314	3	3
31.940	315	4	3
32.072	316	3	1
32.072	317	4	1
32.466	318	3	1
32.466	319	4	1
32.598	320	2	3
32.729	321	1	1
32.729	322	4	1
32.861	323	2	1
33.124	324	3	1
33.124	325	4	1
33.387	326	1	1
33.519	327	2	1
33.651	328	1	2
33.651	329	3	2
33.651	330	4	2
33.782	331	1	3
33.782	332	3	3
33.782	333	4	3
33.914	334	1	2
33.914	335	3	2
33.914	336	4	2
34.045	337	1	3
34.045	338	3	3
34.045	339	4	3
34.177	340	1	1
34.177	341	4	1
34.440	342	1	2
34.440	343	2	2
34.440	344	3	2
34.835	345	4	1
34.835	346	3	3
34.966	347	3	1
35.229	348	3	1
35.229	349	4	1
35.493	350	3	1
35.493	351	4	1
35.493	352	1	3
35.493	353	2	3
35.624	354	1	1
35.624	355	2	1
35.756	356	1	2
35.756	357	2	2
35.756	358	4	2
35.887	359	1	3
35.887	360	2	3
35.887	361	4	3
36.019	362	1	2
36.019	363	2	2
36.019	364	4	2
36.151	365	1	3
36.151	366	2	3
36.151	367	4	3
36.282	368	1	1
36.282	369	4	1
36.545	370	2	1
36.677	371	3	1
36.677	372	4	1
36.940	373	1	1
36.940	374	4	1
37.072	375	3	1
37.335	376	1	1
37.335	377	2	1
37.598	378	3	1
37.861	379	2	2
37.861	380	3	2
37.861	381	4	2
37.993	382	2	3
37.993	383	3	3
37.993	384	4	3
38.124	385	2	2
38.124	386	3	2
38.124	387	4	2
38.256	388	1	2
38.256	389	2	3
38.256	390	3	3
38.256	391	4	3
38.387	392	3	1
38.387	393	4	1
38.782	394	3	1
38.782	395	4	1
38.914	396	2	1
38.914	397	1	3
39.045	398	4	1
39.177	399	1	1
39.177	400	2	1
39.440	401	1	1
39.440	402	4	1
39.572	403	3	1
39.703	404	2	1
39.835	405	3	1
39.966	406	1	2
39.966	407	2	2
39.966	408	4	2
40.098	409	1	3
40.098	410	2	3
40.098	411	4	3
40.229	412	1	2
40.229	413	2	2
40.229	414	4	2
40.361	415	3	2
40.361	416	1	3
40.361	417	2	3
40.361	418	4	3
40.493	419	1	1
40.493	420	2	1
40.624	421	3	3
40.756	422	2	2
40.887	423	3	1
40.887	424	4	1
41.151	425	3	1
41.151	426	4	1
41.282	427	1	1
41.282	428	2	3
41.545	429	1	1
41.545	430	4	1
41.808	431	3	1
41.940	432	2	1
42.072	433	1	2
42.072	434	3	2
42.072	435	4	2
42.203	436	1	3
42.203	437	3	3
42.203	438	4	3
42.335	439	1	2
42.335	440	3	2
42.335	441	4	2
42.466	442	2	1
42.466	443	1	3
42.466	444	3	3
42.466	445	4	3
42.598	446	3	1
42.598	447	4	1
42.861	448	1	1
42.993	449	3	1
42.993	450	4	1
43.256	451	1	1
43.256	452	4	1
43.387	453	3	1
43.651	454	1	1
43.651	455	4	1
43.782	456	2	1
43.914	457	3	1
44.045	458	1	1
44.177	459	2	2
44.177	460	3	2
44.177	461	4	2
44.308	462	2	3
44.308	463	3	3
44.308	464	4	3
44.440	465	2	2
44.440	466	3	2
44.440	467	4	2
44.572	468	1	2
44.572	469	2	3
44.572	470	3	3
44.572	471	4	3
44.703	472	3	1
44.703	473	4	1
44.966	474	4	2
44.966	475	1	3
45.098	476	1	1
45.098	477	2	1
45.361	478	1	1
45.361	479	2	1
45.361	480	4	3
45.493	481	3	1
45.756	482	1	1
45.756	483	4	1
46.019	484	2	2
46.019	485	3	1
46.282	486	1	2
46.282	487	3	2
46.282	488	4	2
46.282	489	2	3
46.414	490	1	3
46.414	491	3	3
46.414	492	4	3
46.545	493	1	2
46.545	494	3	2
46.545	495	4	2
46.677	496	1	3
46.677	497	3	3
46.677	498	4	3
46.808	499	1	1
46.808	500	4	1
47.072	501	2	1
47.203	502	1	1
47.203	503	4	1
47.335	504	3	2
47.466	505	1	1
47.466	506	2	1
47.598	507	3	3
47.729	508	4	1
47.861	509	1	1
47.861	510	2	1
48.124	511	2	2
48.124	512	4	1
48.387	513	1	2
48.387	514	3	2
48.387	515	4	2
48.387	516	2	3
48.519	517	1	3
48.519	518	3	3
48.519	519	4	3
48.651	520	1	2
48.651	521	3	2
48.651	522	4	2
48.782	523	1	3
48.782	524	3	3
48.782	525	4	3
48.914	526	1	1
48.914	527	4	1
49.308	528	1	1
49.308	529	2	1
49.572	530	3	1
49.703	531	1	1
49.703	532	4	1
49.966	533	3	1
49.966	534	4	1
50.229	535	2	1
50.361	536	1	1
50.493	537	2	2
50.493	538	3	2
50.493	539	4	2
50.756	540	1	1
50.756	541	2	3
51.019	542	1	1
51.019	543	2	1
51.019	544	3	3
51.019	545	4	3
51.282	546	1	2
51.282	547	2	2
51.282	548	3	2
51.677	549	4	1
51.677	550	3	3
51.808	551	3	1
52.072	552	3	1
52.072	553	4	1
52.335	554	3	1
52.335	555	4	1
52.335	556	1	3
52.335	557	2	3
52.466	558	1	1
52.466	559	2	1
52.598	560	1	2
52.598	561	3	2
52.598	562	4	2
52.993	563	1	3
52.993	564	3	3
52.993	565	4	3
53.124	566	1	2
53.124	567	3	2
53.124	568	4	2
53.256	569	1	3
53.256	570	3	3
53.256	571	4	3
53.519	572	1	1
53.519	573	4	1
53.651	574	2	1
53.651	575	3	1
53.782	576	1	1
53.782	577	4	1
53.914	578	2	1
54.177	579	1	1
54.177	580	4	1
54.440	581	1	2
54.440	582	2	2
54.440	583	4	2
54.835	584	1	3
54.835	585	2	3
54.835	586	4	3
54.966	587	1	2
54.966	588	3	2
54.966	589	4	2
55.098	590	3	3
55.098	591	4	3
55.229	592	3	2
55.229	593	4	2
55.624	594	2	1
55.624	595	3	3
55.624	596	4	3
55.756	597	3	1
55.756	598	4	1
55.756	599	1	3
55.887	600	2	1
56.019	601	1	1
56.282	602	1	1
56.282	603	2	1
56.414	604	3	1
56.545	605	1	1
56.545	606	2	1
56.677	607	3	1
56.677	608	4	1
56.808	609	1	2
56.808	610	3	2
56.808	611	4	2
57.203	612	1	3
57.203	613	3	3
57.203	614	4	3
57.335	615	1	2
57.335	616	3	2
57.335	617	4	2
57.466	618	1	3
57.466	619	3	3
57.466	620	4	3
57.598	621	2	1
57.729	622	3	1
57.729	623	4	1
57.861	624	1	1
57.861	625	2	1
57.993	626	3	1
57.993	627	4	1
58.124	628	1	1
58.387	629	1	1
58.387	630	4	1
58.651	631	1	2
58.651	632	3	2
58.651	633	4	2
59.045	634	1	3
59.045	635	3	3
59.045	636	4	3
59.177	637	1	2
59.177	638	2	2
59.177	639	3	2
59.308	640	1	3
59.308	641	2	3
59.440	642	1	2
59.440	643	2	2
59.703	644	1	3
59.703	645	2	3
59.835	646	1	1
59.835	647	4	1
59.966	648	2	1
59.966	649	3	3
60.098	650	3	1
60.098	651	4	1
60.229	652	1	1
60.493	653	3	1
60.493	654	4	1
60.756	655	1	1
60.756	656	2	1
60.887	657	3	1
60.887	658	4	1
61.019	659	1	1
61.019	660	2	1
61.019	661	3	2
61.282	662	1	1
61.545	663	1	2
61.545	664	2	1
61.545	665	4	1
61.545	666	3	3
61.808	667	3	1
62.072	668	2	1
62.072	669	1	3
62.335	670	4	1
62.598	671	1	1
62.598	672	2	1
62.861	673	1	1
62.861	674	4	1
63.124	675	1	1
63.124	676	2	2
63.124	677	4	1
63.387	678	3	1
63.387	679	2	3
63.519	680	4	2
63.651	681	1	1
63.651	682	2	1
63.782	683	4	3
63.914	684	1	2
63.914	685	3	1
64.177	686	2	1
64.440	687	4	1
64.440	688	1	3
64.703	689	2	1
64.703	690	3	1
64.966	691	1	1
64.966	692	4	1
65.229	693	2	1
65.229	694	4	2
65.493	695	3	1
65.493	696	4	3
65.756	697	1	1
65.756	698	2	1
66.019	699	1	2
66.019	700	4	1
66.282	701	2	1
66.282	702	1	3
66.545	703	3	1
66.545	704	4	1
66.808	705	1	1
66.808	706	2	2
67.072	707	4	1
67.335	708	1	2
67.335	709	4	2
67.335	710	2	3
67.598	711	3	1
67.861	712	2	1
67.861	713	1	3
67.861	714	4	3
67.993	715	3	1
68.124	716	4	1
68.387	717	1	1
68.387	718	2	1
68.387	719	3	1
68.651	720	4	1
68.782	721	2	1
68.914	722	1	1
68.914	723	4	1
69.177	724	3	1
69.177	725	4	1
69.308	726	2	1
69.440	727	1	2
69.440	728	3	2
69.440	729	4	2
69.835	730	1	3
69.835	731	3	3
69.835	732	4	3
69.966	733	1	2
69.966	734	3	2
69.966	735	4	2
70.098	736	1	3
70.098	737	3	3
70.098	738	4	3
70.361	739	1	1
70.361	740	4	1
70.493	741	2	1
70.493	742	3	1
70.624	743	1	1
70.624	744	4	1
70.756	745	2	1
71.019	746	1	1
71.019	747	4	1
71.282	748	1	2
71.282	749	2	2
71.282	750	4	2
71.677	751	1	3
71.677	752	2	3
71.677	753	4	3
71.808	754	1	2
71.808	755	2	2
71.808	756	3	2
71.940	757	1	3
71.940	758	2	3
72.072	759	1	2
72.072	760	2	2
72.335	761	1	3
72.335	762	2	3
72.335	763	3	3
72.466	764	3	1
72.466	765	4	1
72.598	766	1	1
72.598	767	2	1
72.729	768	3	1
72.729	769	4	1
72.861	770	2	1
73.124	771	1	1
73.124	772	4	1
73.256	773	2	1
73.387	774	3	1
73.387	775	4	1
73.519	776	1	1
73.519	777	2	1
73.651	778	1	2
73.651	779	2	2
73.651	780	4	2
74.045	781	1	3
74.045	782	2	3
74.045	783	4	3
74.177	784	1	2
74.177	785	3	2
74.177	786	4	2
74.308	787	1	3
74.308	788	4	3
74.440	789	2	1
74.440	790	3	3
74.572	791	3	1
74.572	792	4	1
74.703	793	1	1
74.703	794	2	1
74.835	795	3	1
74.835	796	4	1
74.966	797	1	1
75.229	798	1	1
75.229	799	2	1
75.493	800	2	2
75.493	801	3	2
75.493	802	4	2
75.887	803	2	3
75.887	804	3	3
75.887	805	4	3
76.019	806	1	2
76.019	807	2	2
76.019	808	4	2
76.151	809	1	3
76.151	810	2	3
76.282	811	1	2
76.282	812	2	2
76.545	813	1	3
76.545	814	2	3
76.545	815	4	3
76.677	816	1	1
76.677	817	2	1
76.808	818	3	1
76.940	819	1	1
76.940	820	4	1
77.072	821	2	1
77.335	822	1	1
77.335	823	4	1
77.598	824	3	1
77.598	825	4	1
77.729	826	1	1
77.729	827	2	1
77.861	828	1	1
77.861	829	3	1
77.861	830	4	2
78.124	831	2	1
78.256	832	4	3
78.387	833	1	1
78.387	834	2	2
78.387	835	3	1
78.651	836	4	1
78.914	837	3	1
78.914	838	2	3
79.177	839	1	1
79.440	840	2	1
79.440	841	4	1
79.703	842	1	1
79.703	843	3	1
79.966	844	1	1
79.966	845	3	1
79.966	846	4	2
80.229	847	2	1
80.229	848	4	3
80.361	849	1	2
80.493	850	3	1
80.493	851	4	1
80.624	852	1	3
80.756	853	2	1
80.756	854	3	2
81.019	855	4	1
81.282	856	1	1
81.282	857	3	3
81.545	858	3	1
81.545	859	4	1
81.808	860	2	1
81.808	861	3	1
82.072	862	1	1
82.072	863	4	2
82.335	864	3	1
82.598	865	1	1
82.598	866	2	1
82.598	867	4	3
82.861	868	3	2
82.861	869	4	1
83.124	870	1	1
83.124	871	3	3
83.387	872	1	1
83.387	873	2	1
83.651	874	3	1
83.651	875	4	1
83.914	876	1	2
83.914	877	2	1
83.914	878	4	2
84.440	879	2	1
84.440	880	3	1
84.440	881	1	3
84.440	882	4	3
84.703	883	1	1
84.703	884	3	1
84.966	885	1	1
84.966	886	2	1
85.229	887	1	1
85.229	888	3	1
85.493	889	2	1
85.493	890	3	1
85.756	891	2	1
85.756	892	4	1
86.019	893	3	1
86.019	894	4	1
86.151	895	1	1
86.151	896	2	1
86.282	897	1	2
86.282	898	2	2
86.282	899	4	2
86.414	900	1	3
86.414	901	2	3
86.414	902	4	3
86.545	903	3	1
86.677	904	3	1
86.808	905	1	2
86.808	906	2	2
86.808	907	4	2
86.940	908	1	3
86.940	909	2	3
86.940	910	4	3
87.335	911	1	1
87.335	912	2	1
87.466	913	4	1
87.598	914	2	1
87.598	915	3	1
87.729	916	1	1
87.861	917	2	1
87.861	918	3	1
87.993	919	1	1
87.993	920	4	1
88.256	921	1	1
88.256	922	2	2
88.256	923	3	2
88.651	924	2	3
88.651	925	3	3
88.914	926	1	1
88.914	927	4	1
89.177	928	1	2
89.177	929	3	1
89.177	930	4	2
89.572	931	1	3
89.572	932	4	3
89.703	933	3	1
89.966	934	2	1
89.966	935	4	1
90.229	936	1	1
90.493	937	2	1
90.493	938	3	2
90.493	939	4	2
90.756	940	3	3
90.756	941	4	3
90.887	942	1	2
90.887	943	2	2
91.019	944	3	1
91.019	945	4	1
91.282	946	3	1
91.282	947	4	2
91.282	948	1	3
91.282	949	2	3
91.808	950	1	1
92.072	951	1	1
92.072	952	2	1
92.072	953	4	3
92.335	954	3	1
92.598	955	1	2
92.598	956	4	2
92.861	957	3	1
92.861	958	1	3
92.861	959	4	3
93.124	960	1	1
93.124	961	2	1
93.387	962	1	1
93.387	963	3	2
93.387	964	4	2
93.782	965	3	3
93.782	966	4	3
93.914	967	1	2
93.914	968	2	2
93.914	969	4	1
94.177	970	3	1
94.177	971	4	1
94.308	972	1	3
94.308	973	2	3
94.440	974	1	2
94.440	975	3	1
94.440	976	4	2
94.966	977	3	1
94.966	978	1	3
94.966	979	4	3
95.229	980	1	1
95.229	981	3	1
95.361	982	2	1
95.493	983	4	1
95.624	984	1	1
95.756	985	2	1
95.756	986	4	1
96.019	987	1	1
96.019	988	3	1
96.282	989	3	1
96.282	990	4	1
96.414	991	1	1
96.414	992	2	1
96.677	993	1	2
96.677	994	3	1
96.677	995	4	2
97.072	996	1	3
97.072	997	4	3
97.335	998	2	1
97.335	999	3	1
97.466	1000	1	1
97.598	1001	2	2
97.598	1002	4	2
97.861	1003	2	3
97.861	1004	4	3
98.124	1005	3	1
98.387	1006	1	1
98.387	1007	2	1
98.651	1008	4	1
98.914	1009	1	2
98.914	1010	3	2
99.177	1011	1	3
99.177	1012	3	3
99.308	1013	2	2
99.308	1014	3	2
99.440	1015	1	1
99.440	1016	4	1
99.572	1017	2	3
99.572	1018	3	3
99.703	1019	1	2
99.703	1020	3	1
99.703	1021	4	2
100.229	1022	2	1
100.493	1023	2	1
100.493	1024	3	1
100.493	1025	1	3
100.493	1026	4	3
100.756	1027	4	1
101.019	1028	1	1
101.019	1029	3	2
101.019	1030	4	2
101.282	1031	2	1
101.282	1032	3	3
101.282	1033	4	3
101.545	1034	1	1
101.808	1035	2	2
101.808	1036	3	1
101.808	1037	4	2
102.203	1038	2	3
102.203	1039	4	3
102.335	1040	1	2
102.335	1041	2	2
102.335	1042	4	1
102.598	1043	3	1
102.598	1044	4	1
102.729	1045	1	3
102.729	1046	2	3
102.861	1047	1	2
102.861	1048	2	1
102.861	1049	4	2
103.387	1050	3	1
103.387	1051	1	3
103.387	1052	4	3
103.651	1053	2	1
103.651	1054	3	1
103.914	1055	1	1
104.045	1056	4	1
104.177	1057	1	1
104.177	1058	2	1
104.440	1059	3	1
104.572	1060	2	1
104.703	1061	1	1
104.703	1062	3	1
104.835	1063	4	1
104.966	1064	2	1
104.966	1065	3	1
105.229	1066	1	1
105.229	1067	3	2
105.229	1068	4	2
105.493	1069	2	1
105.493	1070	3	3
105.493	1071	4	3
105.756	1072	1	2
105.756	1073	2	1
105.756	1074	3	1
105.756	1075	4	2
106.019	1076	2	1
106.282	1077	3	1
106.282	1078	1	3
106.282	1079	4	3
106.545	1080	1	1
106.545	1081	2	1
106.808	1082	3	1
106.808	1083	4	1
107.072	1084	1	1
107.072	1085	2	1
107.335	1086	1	1
107.335	1087	3	2
107.335	1088	4	2
107.598	1089	2	1
107.598	1090	3	3
107.598	1091	4	3
107.729	1092	1	2
107.729	1093	4	2
107.861	1094	2	1
107.861	1095	3	1
107.993	1096	1	3
107.993	1097	4	3
108.124	1098	1	1
108.124	1099	2	1
108.387	1100	4	1
108.651	1101	2	1
108.914	1102	1	1
108.914	1103	3	1
109.089	1104	2	1
109.089	1105	4	1
109.265	1106	1	1
109.265	1107	4	1
109.440	1108	2	2
109.440	1109	3	2
109.440	1110	4	1
109.703	1111	2	3
109.703	1112	3	3
109.835	1113	1	2
109.835	1114	4	2
109.966	1115	2	1
109.966	1116	3	1
110.098	1117	1	3
110.098	1118	4	3
110.229	1119	2	1
110.229	1120	3	2
110.229	1121	4	2
110.493	1122	1	1
110.756	1123	1	1
110.756	1124	2	1
110.756	1125	3	3
110.756	1126	4	3
111.019	1127	1	1
111.019	1128	4	1
111.282	1129	2	1
111.282	1130	3	1
111.545	1131	1	2
111.545	1132	3	2
111.545	1133	4	1
111.808	1134	1	3
111.808	1135	3	3
111.940	1136	2	2
111.940	1137	4	2
112.072	1138	3	1
112.203	1139	2	3
112.203	1140	4	3
112.335	1141	1	2
112.335	1142	2	2
112.335	1143	4	1
112.861	1144	3	1
113.124	1145	3	1
113.124	1146	4	1
113.124	1147	1	3
113.124	1148	2	3
113.387	1149	3	1
113.387	1150	4	1
113.519	1151	1	1
113.519	1152	2	1
113.651	1153	1	1
113.651	1154	3	1
113.651	1155	4	1
113.914	1156	1	1
113.914	1157	2	1
114.177	1158	1	1
114.177	1159	3	2
114.177	1160	4	2
114.440	1161	1	1
114.440	1162	2	1
114.440	1163	3	3
114.440	1164	4	3
114.572	1165	3	2
114.572	1166	4	2
114.703	1167	2	1
114.835	1168	3	3
114.835	1169	4	3
114.966	1170	1	1
115.229	1171	1	1
115.229	1172	2	1
115.229	1173	3	2
115.229	1174	4	2
115.493	1175	1	1
115.493	1176	3	3
115.493	1177	4	3
115.756	1178	1	2
115.756	1179	2	2
115.756	1180	4	1
116.019	1181	3	1
116.019	1182	1	3
116.019	1183	2	3
116.151	1184	1	2
116.151	1185	4	2
116.282	1186	2	1
116.282	1187	3	1
116.414	1188	1	3
116.414	1189	4	3
116.545	1190	2	1
116.545	1191	3	2
116.545	1192	4	2
116.808	1193	1	1
117.072	1194	2	1
117.072	1195	3	3
117.072	1196	4	3
117.335	1197	1	1
117.335	1198	4	1
117.598	1199	2	1
117.598	1200	3	1
117.861	1201	1	1
117.861	1202	2	1
117.861	1203	4	1
118.124	1204	2	1
118.124	1205	4	1
118.387	1206	1	1
118.387	1207	3	1
118.651	1208	1	1
118.651	1209	2	1
118.914	1210	1	2
118.914	1211	3	2
118.914	1212	4	1
119.177	1213	1	3
119.177	1214	3	3
119.308	1215	2	2
119.308	1216	4	2
119.440	1217	1	1
119.440	1218	3	1
119.572	1219	2	3
119.572	1220	4	3
119.703	1221	1	2
119.703	1222	3	1
119.703	1223	4	2
120.229	1224	2	1
120.229	1225	3	1
120.493	1226	2	1
120.493	1227	3	1
120.756	1228	2	1
120.756	1229	3	1
121.019	1230	2	1
121.019	1231	3	1
121.019	1232	1	3
121.019	1233	4	3
121.151	1234	4	1
121.282	1235	1	1
121.282	1236	3	1
121.414	1237	2	1
121.545	1238	3	1
121.545	1239	4	1
121.677	1240	1	1
121.808	1241	2	1
121.808	1242	4	1
121.940	1243	3	1
122.072	1244	1	1
122.072	1245	2	1
122.072	1246	4	1
122.335	1247	3	1
122.598	1248	1	1
122.598	1249	2	1
122.861	1250	4	1
122.993	1251	2	1
122.993	1252	3	1
123.124	1253	1	1
123.387	1254	3	1
123.519	1255	4	1
123.651	1256	1	1
123.651	1257	2	1
123.782	1258	3	1
123.914	1259	1	1
123.914	1260	2	1
123.914	1261	4	1
124.045	1262	3	1
124.440	1263	1	1
124.572	1264	2	1
124.703	1265	3	1
124.703	1266	4	1
124.966	1267	2	1
125.098	1268	3	1
125.098	1269	4	1
125.229	1270	1	1
125.229	1271	2	1
125.229	1272	4	1
125.361	1273	1	1
125.361	1274	2	1
125.493	1275	3	1
125.624	1276	4	1
125.756	1277	1	1
125.756	1278	2	1
125.887	1279	4	1
126.019	1280	3	1
126.151	1281	2	1
126.282	1282	1	1
126.282	1283	3	1
126.282	1284	4	1
126.545	1285	4	1
126.677	1286	1	1
126.808	1287	2	1
126.808	1288	3	1
126.940	1289	1	1
127.203	1290	3	1
127.203	1291	4	1
127.335	1292	1	1
127.598	1293	3	1
127.861	1294	1	1
127.861	1295	4	1
128.124	1296	1	1
128.124	1297	2	1
128.124	1298	4	1
128.651	1299	3	1
128.914	1300	1	1
128.914	1301	4	1
129.177	1302	3	1
129.308	1303	1	1
129.308	1304	2	1
129.440	1305	1	1
129.440	1306	3	1
129.440	1307	4	1
129.572	1308	3	1
129.572	1309	4	1
129.703	1310	1	1
129.966	1311	3	1
129.966	1312	4	1
130.229	1313	2	1
130.493	1314	1	1
130.493	1315	3	1
130.493	1316	4	1
130.756	1317	2	1
131.019	1318	3	1
131.019	1319	4	1
131.282	1320	1	1
131.414	1321	3	1
131.414	1322	4	1
131.545	1323	1	1
131.545	1324	3	1
131.545	1325	4	1
131.677	1326	2	1
131.940	1327	4	1
132.072	1328	2	1
132.072	1329	3	1
132.203	1330	1	1
132.335	1331	2	1
132.335	1332	3	1
132.335	1333	4	1
132.466	1334	1	1
132.861	1335	3	1
133.124	1336	1	1
133.124	1337	4	1
133.387	1338	2	1
133.519	1339	3	1
133.519	1340	4	1
133.651	1341	1	1
133.651	1342	3	1
133.651	1343	4	1
133.782	1344	1	1
133.782	1345	2	1
134.045	1346	3	1
134.177	1347	1	1
134.177	1348	4	1
134.440	1349	2	1
134.703	1350	1	1
134.703	1351	2	1
134.703	1352	3	1
134.835	1353	4	1
135.098	1354	2	1
135.229	1355	1	1
135.229	1356	4	1
135.361	1357	3	1
135.624	1358	3	1
135.624	1359	4	1
135.756	1360	1	1
135.887	1361	3	1
135.887	1362	4	1
136.019	1363	2	1
136.151	1364	1	1
136.282	1365	2	1
136.282	1366	3	1
136.545	1367	1	1
136.677	1368	4	1
136.808	1369	1	1
136.808	1370	2	1
136.808	1371	3	1
137.203	1372	3	1
137.203	1373	4	1
137.598	1374	1	1
137.598	1375	2	1
137.993	1376	2	1
137.993	1377	3	1
138.387	1378	1	1
138.387	1379	4	1
138.914	1380	1	2
138.914	1381	3	2
138.914	1382	4	2
139.045	1383	1	3
139.045	1384	3	3
139.045	1385	4	3
139.177	1386	1	2
139.177	1387	3	2
139.177	1388	4	2
139.308	1389	1	3
139.308	1390	3	3
139.308	1391	4	3