Song Name	Monday Night Monsters (Hard) by FinnMK
Title	Monday Night Monsters (Hard)
Artist	FinnMK
Description	The main theme to MONDAY NIGHT MONSTERS, a 2016 game by spotco. FinnMK is also the main composer for Robeats!
Difficulty	14
Primary Color	Flow
Secondary Color	Beat
Cover Image ID	698514070
Audio Asset ID	rbxassetid://9065760325
Audio File	9065760325.ogg
Last Note Time	131.970
Total Notes	536
Fever Fill	150
Fever Time	19.795500
Long Notes	88
BPM	100
Song Length	132.970000000

Timing Points
-0.030	600.000000


Song Data
0.000	1	1	1
0.420	2	1	1
0.870	3	1	1
1.320	4	1	1
1.770	5	1	1
1.770	6	2	1
2.032	7	3	1
2.032	8	2	1
2.370	9	1	1
2.820	10	1	1
3.270	11	1	1
3.720	12	1	1
4.170	13	1	1
4.170	14	3	1
4.470	15	2	1
4.470	16	4	1
4.770	17	1	1
5.220	18	1	1
5.670	19	1	1
6.120	20	1	1
6.570	21	2	1
6.570	22	3	1
6.870	23	4	1
6.870	24	3	1
7.170	25	1	1
7.620	26	1	1
8.070	27	1	1
8.370	28	1	2
8.820	29	1	3
8.370	30	2	2
8.820	31	2	3
8.820	32	3	2
9.570	33	3	3
8.820	34	4	2
9.570	35	4	3
9.570	36	1	2
10.320	37	1	3
10.020	38	4	1
10.170	39	2	1
10.620	40	4	1
10.770	41	2	1
10.920	42	4	1
11.220	43	1	2
11.970	44	1	3
11.670	45	4	1
11.970	46	2	1
12.420	47	4	1
12.570	48	2	1
13.020	49	4	1
13.170	50	2	1
13.620	51	3	2
14.370	52	3	3
14.220	53	4	1
14.370	54	2	1
14.820	55	4	1
14.970	56	2	1
15.420	57	4	1
15.570	58	2	1
16.020	59	1	2
16.770	60	1	3
16.620	61	4	1
16.770	62	2	1
17.370	63	1	1
17.670	64	4	1
17.820	65	3	1
17.970	66	1	2
18.420	67	1	3
17.970	68	2	2
18.420	69	2	3
18.120	70	3	1
18.270	71	4	1
18.420	72	4	2
19.170	73	4	3
18.420	74	3	2
19.170	75	3	3
19.170	76	2	2
21.570	77	2	3
19.470	78	4	1
19.620	79	3	1
20.070	80	4	1
20.220	81	3	1
20.670	82	4	1
20.970	83	3	1
21.270	84	4	1
21.570	85	1	2
23.070	86	1	3
21.870	87	4	1
22.020	88	3	1
22.470	89	4	1
22.620	90	3	1
23.070	91	4	1
23.370	92	1	1
23.520	93	2	1
23.670	94	3	1
23.820	95	2	1
23.970	96	1	2
25.770	97	1	3
24.270	98	4	1
24.420	99	3	1
24.870	100	4	1
25.020	101	3	1
25.470	102	4	1
25.770	103	3	1
26.070	104	2	1
26.070	105	4	1
26.370	106	2	2
27.870	107	2	3
26.670	108	4	1
26.820	109	3	1
27.270	110	4	1
27.420	111	3	1
27.870	112	4	1
27.870	113	1	2
29.070	114	1	3
28.170	115	3	1
28.470	116	4	1
28.770	117	2	1
29.070	118	4	1
29.070	119	2	2
30.570	120	2	3
29.220	121	3	1
29.670	122	4	1
29.820	123	3	1
30.270	124	4	1
30.570	125	3	1
30.870	126	4	1
30.870	127	3	1
31.170	128	2	2
32.670	129	2	3
31.470	130	4	1
31.620	131	3	1
32.070	132	4	1
32.220	133	3	1
32.670	134	4	1
32.970	135	4	1
33.120	136	3	1
33.270	137	2	1
33.420	138	1	1
33.570	139	2	2
35.070	140	2	3
33.870	141	4	1
34.020	142	3	1
34.470	143	4	1
34.620	144	3	1
35.070	145	4	1
35.370	146	2	1
35.670	147	3	1
35.670	148	4	1
35.970	149	3	2
37.470	150	3	3
36.270	151	4	1
36.420	152	1	1
36.870	153	4	1
37.020	154	2	2
38.970	155	2	3
37.020	156	1	1
37.470	157	4	1
38.370	158	1	1
38.370	159	4	1
38.970	160	4	2
39.420	161	4	3
38.970	162	1	1
39.420	163	3	2
39.720	164	3	3
39.720	165	1	1
40.170	166	1	1
40.470	167	1	1
40.620	168	2	1
40.770	169	1	1
40.770	170	3	2
41.220	171	3	3
41.220	172	4	2
41.670	173	4	3
41.670	174	3	2
42.270	175	3	3
42.270	176	1	1
42.270	177	4	1
42.570	178	4	1
42.570	179	1	1
42.870	180	2	1
43.020	181	3	1
43.170	182	1	1
43.170	183	2	2
43.620	184	2	3
43.620	185	3	2
44.070	186	3	3
44.070	187	2	2
44.970	188	2	3
44.520	189	1	1
44.970	190	3	1
45.270	191	4	1
45.420	192	3	2
46.170	193	3	3
45.570	194	1	1
46.170	195	4	2
47.070	196	4	3
46.170	197	2	1
46.620	198	1	1
46.770	199	2	1
46.920	200	3	1
47.220	201	3	1
47.370	202	2	1
47.670	203	1	1
47.820	204	2	1
47.970	205	3	2
49.470	206	3	3
48.270	207	4	1
48.420	208	1	1
48.870	209	4	1
49.020	210	1	1
49.470	211	4	1
49.770	212	3	2
50.070	213	3	3
49.770	214	2	1
50.070	215	4	1
50.370	216	2	2
51.870	217	2	3
50.670	218	4	1
50.820	219	3	1
51.270	220	4	1
51.420	221	3	1
51.870	222	4	1
52.170	223	4	1
52.320	224	3	1
52.470	225	2	1
52.620	226	1	1
52.770	227	2	2
54.270	228	2	3
53.070	229	4	1
53.220	230	3	1
53.670	231	4	1
53.820	232	3	1
54.270	233	4	1
54.570	234	3	1
54.870	235	4	1
55.170	236	3	2
57.570	237	3	3
55.470	238	4	1
55.620	239	1	1
56.070	240	4	1
56.220	241	1	1
56.670	242	2	2
57.570	243	2	3
56.670	244	4	1
57.270	245	4	1
57.570	246	1	2
59.670	247	1	3
57.870	248	4	1
58.020	249	3	1
58.470	250	4	1
58.620	251	3	1
59.070	252	4	1
59.370	253	3	1
59.670	254	4	1
59.970	255	3	1
60.270	256	4	1
60.270	257	2	2
61.470	258	2	3
60.420	259	3	1
60.870	260	4	1
61.020	261	3	1
61.470	262	4	1
61.770	263	4	1
61.920	264	3	1
62.070	265	2	1
62.220	266	1	1
62.370	267	2	2
63.870	268	2	3
62.670	269	4	1
62.820	270	3	1
63.270	271	4	1
63.420	272	3	1
63.870	273	4	1
64.170	274	3	1
64.470	275	4	1
64.770	276	3	2
66.870	277	3	3
65.070	278	4	1
65.220	279	1	1
65.670	280	4	1
65.820	281	1	1
66.270	282	2	2
67.170	283	2	3
66.270	284	4	1
66.870	285	4	1
67.170	286	1	1
67.170	287	3	2
67.770	288	3	3
67.170	289	4	1
67.770	290	1	1
67.770	291	4	2
68.520	292	4	3
68.520	293	1	1
68.970	294	2	1
69.420	295	1	1
69.570	296	2	2
70.170	297	2	3
70.170	298	1	1
70.170	299	3	2
70.470	300	3	3
70.470	301	2	2
70.770	302	2	3
71.070	303	1	1
71.070	304	4	1
71.370	305	1	1
71.370	306	4	1
71.970	307	2	2
72.420	308	2	3
72.420	309	1	1
72.420	310	3	2
72.870	311	3	3
72.870	312	2	2
73.770	313	2	3
73.770	314	1	1
74.070	315	1	1
74.220	316	2	1
74.370	317	3	1
74.370	318	4	2
75.420	319	4	3
74.520	320	2	1
74.820	321	1	1
74.970	322	2	1
75.420	323	3	1
75.570	324	2	1
75.720	325	1	1
76.020	326	3	1
76.170	327	4	1
76.320	328	3	1
76.470	329	2	1
76.620	330	1	1
76.770	331	4	1
76.770	332	2	1
76.770	333	3	1
76.770	334	1	1
77.070	335	2	1
77.070	336	1	1
77.070	337	3	1
77.070	338	4	1
81.562	339	2	2
83.962	340	2	3
81.562	341	1	2
83.962	342	1	3
81.562	343	4	2
83.962	344	4	3
81.562	345	3	2
83.962	346	3	3
86.362	347	3	1
86.962	348	3	1
87.720	349	3	1
88.020	350	2	1
88.150	351	3	1
88.600	352	4	1
89.370	353	3	1
89.820	354	3	1
90.120	355	3	1
90.570	356	2	1
91.020	357	4	1
91.170	358	1	2
93.570	359	1	3
91.770	360	3	1
92.520	361	3	1
92.820	362	2	1
92.970	363	3	1
93.420	364	4	1
93.570	365	3	1
93.720	366	2	1
93.870	367	1	1
94.020	368	2	1
94.170	369	3	1
94.320	370	4	1
94.470	371	3	1
94.620	372	2	1
94.770	373	1	1
94.920	374	2	1
95.070	375	3	1
95.220	376	4	1
95.370	377	3	1
95.520	378	2	1
95.670	379	1	1
95.820	380	2	1
95.970	381	3	1
96.270	382	4	1
96.270	383	2	2
97.770	384	2	3
96.420	385	3	1
96.870	386	4	1
97.020	387	3	1
97.470	388	4	1
97.770	389	3	1
98.070	390	4	1
98.370	391	2	2
99.870	392	2	3
98.670	393	4	1
98.820	394	3	1
99.270	395	4	1
99.420	396	3	1
99.870	397	4	1
100.020	398	3	1
100.170	399	4	1
100.320	400	3	1
100.470	401	2	1
100.620	402	1	1
101.070	403	2	2
102.570	404	2	3
101.070	405	4	1
101.220	406	3	1
101.670	407	4	1
101.820	408	3	1
102.270	409	4	1
102.570	410	3	1
102.870	411	4	1
103.170	412	3	2
104.670	413	3	3
103.470	414	4	1
103.620	415	1	1
104.070	416	4	1
104.220	417	1	1
104.670	418	2	2
105.570	419	2	3
104.670	420	4	1
105.270	421	4	1
105.570	422	1	1
105.570	423	4	1
105.870	424	4	1
105.870	425	2	2
107.370	426	2	3
106.020	427	3	1
106.470	428	4	1
106.620	429	3	1
107.070	430	4	1
107.370	431	3	1
107.670	432	4	1
107.970	433	2	2
109.470	434	2	3
108.270	435	4	1
108.420	436	3	1
108.870	437	4	1
109.020	438	3	1
109.470	439	4	1
109.620	440	1	1
109.770	441	4	1
109.920	442	3	1
110.070	443	2	1
110.220	444	1	1
110.370	445	2	2
112.170	446	2	3
110.670	447	4	1
110.820	448	3	1
111.270	449	4	1
111.420	450	3	1
111.870	451	4	1
112.170	452	3	1
112.470	453	4	1
112.770	454	3	2
114.270	455	3	3
113.070	456	4	1
113.220	457	1	1
113.670	458	4	1
113.820	459	1	1
114.270	460	4	1
114.270	461	2	2
115.170	462	2	3
114.870	463	4	1
115.170	464	3	2
115.770	465	3	3
115.170	466	1	1
115.770	467	1	1
115.770	468	4	2
116.520	469	4	3
116.520	470	2	2
117.570	471	2	3
116.970	472	3	1
117.420	473	1	1
117.570	474	3	2
118.170	475	3	3
118.170	476	1	1
118.170	477	2	2
119.070	478	2	3
119.070	479	1	1
119.070	480	4	1
119.370	481	4	1
119.370	482	1	1
119.970	483	3	2
121.320	484	3	3
120.570	485	1	1
121.320	486	2	2
121.770	487	2	3
121.770	488	1	1
122.070	489	3	1
122.220	490	4	1
122.370	491	3	2
122.970	492	3	3
122.970	493	1	1
122.970	494	4	2
123.570	495	4	3
123.420	496	1	1
123.570	497	2	1
123.720	498	3	1
123.870	499	2	1
124.020	500	1	1
124.170	501	2	1
124.320	502	3	1
124.470	503	4	1
124.770	504	4	2
126.570	505	4	3
125.070	506	1	1
125.220	507	3	2
126.570	508	3	3
125.520	509	1	1
125.670	510	2	2
126.570	511	2	3
125.970	512	1	1
126.120	513	1	2
126.570	514	1	3
127.170	515	4	2
128.970	516	4	3
127.470	517	1	1
127.620	518	3	2
128.970	519	3	3
127.920	520	1	1
128.070	521	2	2
128.970	522	2	3
128.370	523	1	1
128.520	524	1	2
128.970	525	1	3
129.570	526	4	2
131.970	527	4	3
129.870	528	1	1
130.020	529	3	2
131.970	530	3	3
130.320	531	1	1
130.470	532	2	2
131.970	533	2	3
130.770	534	1	1
130.920	535	1	2
131.970	536	1	3