Song Name	NO STOPPING US (Similar Outskirts Remix) [EXTENDED CUT] (Hard) by dark cat feat. Jenny (Remixed by Similar Outskirts)
Difficulty	28
Primary Color	Chill
Secondary Color	Flow
Last Note Time	257.878
Total Notes	2427
Fever Fill	647
Fever Time	38.681700
Long Notes	487
BPM	148
Song Length	258.813129252

Timing Points
0.280	375.0000
51.280	375.0000
59.905	375.0000
60.280	375.0000
61.405	375.0000
61.780	375.0000
62.905	375.0000
63.280	375.0000
71.905	375.0000
75.280	375.0000
83.905	375.0000
84.280	375.0000
85.405	375.0000
85.780	375.0000
86.905	375.0000
87.280	375.0000
96.280	375.0000
174.280	375.0000
182.905	375.0000
186.280	375.0000
194.905	375.0000
195.280	375.0000
219.280	375.0000
237.280	375.0000
237.280	431.6547
239.438	495.8678
239.438	495.8678
241.421	495.8678
241.421	547.9452
246.352	547.9452
246.352	666.6667
247.685	666.6667
247.685	750.0000
248.435	789.4737
248.435	789.4737
249.224	1071.4286
249.224	1071.4286
250.295	1333.3333
250.295	1333.3333
251.628	2500.0000
251.628	2500.0000


Song Data
0.280	1	2	1
0.655	2	3	1
1.030	3	4	1
1.405	4	1	1
1.780	5	3	1
2.155	6	2	1
2.530	7	4	1
2.905	8	3	1
3.280	9	1	1
3.655	10	2	1
4.030	11	4	1
4.405	12	3	1
4.780	13	1	1
5.155	14	2	1
5.530	15	3	1
5.905	16	1	1
6.280	17	3	2
6.655	18	1	1
7.030	19	4	1
7.405	20	2	1
7.780	21	1	2
7.780	22	3	3
8.155	23	4	1
8.530	24	3	1
8.905	25	2	1
8.905	26	1	3
9.280	27	3	2
9.655	28	1	1
10.030	29	4	1
10.405	30	2	1
10.780	31	4	2
10.780	32	3	3
11.155	33	1	1
11.530	34	3	1
11.905	35	2	1
11.905	36	4	3
12.280	37	3	2
12.842	38	1	1
13.030	39	4	1
13.405	40	2	1
13.592	41	2	1
13.780	42	1	2
13.780	43	3	3
14.342	44	3	1
14.717	45	2	1
15.092	46	4	1
15.280	47	3	1
15.280	48	1	3
15.655	49	4	2
16.030	50	3	1
16.405	51	1	1
16.780	52	2	1
17.155	53	3	1
17.530	54	1	1
17.530	55	4	3
17.905	56	2	1
18.280	57	3	2
18.842	58	1	1
19.030	59	4	1
19.405	60	2	1
19.592	61	2	1
19.780	62	1	2
19.780	63	3	3
20.248	64	4	2
20.248	65	1	3
20.998	66	2	1
20.998	67	4	3
21.280	68	3	2
21.655	69	1	2
21.655	70	3	3
22.030	71	4	1
22.030	72	1	3
22.405	73	2	1
22.780	74	1	2
23.155	75	3	1
23.530	76	4	1
23.905	77	2	1
23.905	78	1	3
24.280	79	3	2
24.842	80	1	1
25.030	81	2	1
25.405	82	1	1
25.592	83	2	1
25.780	84	4	1
25.780	85	3	3
25.967	86	1	2
26.311	87	2	2
26.311	88	1	3
26.686	89	4	2
26.686	90	2	3
27.092	91	3	2
27.092	92	4	3
27.280	93	1	1
27.467	94	2	2
27.467	95	3	3
28.030	96	3	1
28.030	97	2	3
28.217	98	4	1
28.405	99	1	1
28.780	100	4	1
28.967	101	3	1
29.342	102	2	1
29.530	103	3	1
29.717	104	1	2
30.092	105	4	2
30.092	106	1	3
30.280	107	2	1
30.655	108	1	1
31.030	109	3	1
31.405	110	2	1
31.405	111	4	3
31.780	112	1	2
32.155	113	3	1
32.530	114	4	1
32.905	115	2	1
32.905	116	1	3
33.280	117	3	2
33.655	118	1	1
34.030	119	4	1
34.405	120	2	1
34.780	121	4	2
34.780	122	3	3
35.530	123	2	2
36.280	124	1	1
36.280	125	3	2
36.280	126	2	3
36.280	127	4	3
36.655	128	1	1
36.655	129	2	1
37.030	130	1	1
37.030	131	2	1
37.405	132	1	1
37.405	133	2	1
37.780	134	1	2
37.780	135	4	1
37.780	136	3	3
38.155	137	3	1
38.155	138	4	1
38.530	139	3	1
38.530	140	4	1
38.905	141	3	1
38.905	142	4	1
39.280	143	2	2
39.280	144	3	1
39.280	145	1	3
39.655	146	1	1
39.655	147	4	1
40.030	148	1	1
40.030	149	4	1
40.405	150	1	1
40.405	151	4	1
40.780	152	3	1
40.780	153	4	2
40.780	154	2	3
41.155	155	1	1
41.155	156	3	1
41.530	157	1	1
41.530	158	3	1
41.905	159	1	1
41.905	160	3	1
42.280	161	1	1
42.280	162	2	1
42.280	163	3	1
42.280	164	4	3
42.467	165	4	1
42.655	166	2	1
42.655	167	3	1
42.842	168	1	1
43.030	169	3	1
43.030	170	4	1
43.217	171	2	1
43.405	172	1	1
43.405	173	3	1
43.592	174	4	1
43.780	175	1	1
43.780	176	2	1
43.780	177	3	1
43.967	178	4	1
44.155	179	1	1
44.155	180	2	1
44.342	181	3	1
44.530	182	2	1
44.530	183	4	1
44.717	184	1	1
44.905	185	3	1
44.905	186	4	1
45.092	187	2	1
45.280	188	1	1
45.280	189	4	1
45.373	190	2	1
45.467	191	3	1
45.467	192	4	1
45.561	193	1	1
45.655	194	2	1
45.655	195	3	1
45.748	196	4	1
45.842	197	1	1
45.842	198	2	1
45.936	199	3	1
46.030	200	2	1
46.030	201	4	1
46.123	202	1	1
46.217	203	3	1
46.217	204	4	1
46.311	205	2	1
46.405	206	1	1
46.405	207	3	1
46.498	208	4	1
46.592	209	1	1
46.592	210	2	1
46.686	211	3	1
46.780	212	4	1
47.155	213	4	1
47.530	214	4	1
47.905	215	2	2
48.092	216	3	1
48.092	217	2	3
48.280	218	1	2
48.280	219	2	2
48.280	220	4	2
48.467	221	1	3
48.467	222	2	3
48.467	223	4	3
48.655	224	1	2
48.655	225	2	2
48.655	226	4	2
48.842	227	1	3
48.842	228	2	3
48.842	229	4	3
49.030	230	1	2
49.030	231	2	2
49.030	232	4	2
49.217	233	1	3
49.217	234	2	3
49.217	235	4	3
49.405	236	2	2
49.592	237	3	1
49.592	238	2	3
49.780	239	1	2
49.780	240	3	2
49.780	241	4	2
49.967	242	1	3
49.967	243	3	3
49.967	244	4	3
50.155	245	1	2
50.155	246	3	2
50.155	247	4	2
50.342	248	1	3
50.342	249	3	3
50.342	250	4	3
50.530	251	1	2
50.530	252	3	2
50.530	253	4	2
50.717	254	1	3
50.717	255	3	3
50.717	256	4	3
50.905	257	3	2
51.092	258	2	1
51.092	259	3	3
51.280	260	1	2
51.280	261	2	2
51.280	262	4	2
51.467	263	3	1
51.467	264	1	3
51.467	265	2	3
51.467	266	4	3
51.655	267	1	1
51.655	268	2	1
51.655	269	3	1
51.748	270	4	1
51.842	271	3	1
51.936	272	2	1
52.030	273	1	1
52.030	274	3	1
52.030	275	4	1
52.217	276	1	2
52.217	277	2	2
52.217	278	3	2
52.405	279	4	1
52.405	280	1	3
52.405	281	2	3
52.405	282	3	3
52.592	283	1	2
52.592	284	3	2
52.592	285	4	2
52.780	286	2	1
52.780	287	1	3
52.780	288	3	3
52.780	289	4	3
52.967	290	3	1
52.967	291	4	1
53.155	292	3	1
53.155	293	4	1
53.342	294	1	1
53.342	295	2	1
53.530	296	1	2
53.530	297	3	1
53.530	298	4	1
53.717	299	2	1
53.717	300	1	3
53.905	301	1	1
53.905	302	3	2
54.092	303	4	1
54.092	304	3	3
54.280	305	1	2
54.280	306	2	2
54.280	307	3	2
54.467	308	4	1
54.467	309	1	3
54.467	310	2	3
54.467	311	3	3
54.655	312	1	1
54.655	313	2	1
54.655	314	3	1
54.748	315	4	1
54.842	316	3	1
54.936	317	2	1
55.030	318	1	1
55.030	319	3	1
55.030	320	4	1
55.217	321	3	1
55.217	322	4	1
55.405	323	1	2
55.405	324	2	2
55.592	325	3	2
55.592	326	4	2
55.592	327	1	3
55.592	328	2	3
55.780	329	1	1
55.780	330	3	3
55.780	331	4	3
55.967	332	3	1
55.967	333	4	1
56.061	334	1	1
56.155	335	2	1
56.155	336	3	1
56.248	337	4	1
56.342	338	1	1
56.436	339	2	1
56.530	340	1	1
56.530	341	3	1
56.530	342	4	1
56.623	343	2	1
56.717	344	3	1
56.811	345	4	1
56.905	346	2	2
56.905	347	3	1
57.092	348	1	1
57.092	349	2	3
57.280	350	2	2
57.280	351	3	2
57.280	352	4	2
57.467	353	1	1
57.467	354	2	3
57.467	355	3	3
57.467	356	4	3
57.655	357	1	1
57.655	358	2	1
57.655	359	3	1
57.748	360	4	1
57.842	361	3	1
57.936	362	1	1
58.030	363	2	1
58.030	364	3	1
58.030	365	4	1
58.217	366	1	2
58.217	367	2	2
58.217	368	3	2
58.405	369	4	1
58.405	370	1	3
58.405	371	2	3
58.405	372	3	3
58.592	373	1	2
58.592	374	3	2
58.592	375	4	2
58.780	376	2	1
58.780	377	1	3
58.780	378	3	3
58.780	379	4	3
58.967	380	3	1
58.967	381	4	1
59.061	382	1	1
59.155	383	2	1
59.155	384	3	1
59.248	385	4	1
59.342	386	1	1
59.342	387	3	1
59.436	388	2	1
59.530	389	1	1
59.530	390	3	1
59.530	391	4	1
59.623	392	2	1
59.717	393	3	1
59.811	394	4	1
59.905	395	1	1
59.905	396	2	1
60.280	397	2	2
60.280	398	3	2
60.280	399	4	2
60.467	400	2	3
60.467	401	3	3
60.467	402	4	3
60.655	403	2	2
60.655	404	3	2
60.655	405	4	2
60.842	406	1	1
60.842	407	2	3
60.842	408	3	3
60.842	409	4	3
61.030	410	2	2
61.030	411	3	2
61.030	412	4	2
61.217	413	1	1
61.217	414	2	3
61.217	415	3	3
61.217	416	4	3
61.405	417	2	2
61.592	418	3	1
61.592	419	2	3
61.780	420	1	1
61.780	421	2	1
61.780	422	4	1
61.967	423	1	1
61.967	424	2	1
62.155	425	1	1
62.155	426	3	1
62.155	427	4	1
62.342	428	3	1
62.342	429	4	1
62.530	430	1	1
62.530	431	2	1
62.530	432	4	1
62.717	433	1	1
62.717	434	2	1
62.905	435	3	2
63.092	436	2	1
63.092	437	3	3
63.280	438	1	2
63.280	439	3	2
63.280	440	4	2
63.467	441	2	1
63.467	442	1	3
63.467	443	3	3
63.467	444	4	3
63.655	445	1	1
63.655	446	3	1
63.655	447	4	1
63.748	448	2	1
63.842	449	3	1
63.936	450	1	1
64.030	451	2	1
64.030	452	3	1
64.030	453	4	1
64.217	454	1	2
64.217	455	3	2
64.217	456	4	2
64.405	457	2	1
64.405	458	1	3
64.405	459	3	3
64.405	460	4	3
64.592	461	1	2
64.592	462	2	2
64.592	463	4	2
64.780	464	3	2
64.780	465	1	3
64.780	466	2	3
64.780	467	4	3
64.967	468	1	1
64.967	469	2	1
64.967	470	3	3
65.155	471	1	1
65.155	472	4	1
65.342	473	3	1
65.342	474	4	1
65.530	475	2	1
65.530	476	3	1
65.530	477	4	2
65.717	478	1	2
65.717	479	4	3
65.905	480	2	1
65.905	481	3	1
65.905	482	1	3
66.092	483	1	1
66.092	484	2	1
66.092	485	4	1
66.280	486	1	2
66.280	487	3	2
66.280	488	4	2
66.467	489	2	1
66.467	490	1	3
66.467	491	3	3
66.467	492	4	3
66.655	493	1	1
66.655	494	4	1
66.748	495	2	1
66.842	496	3	1
66.936	497	4	1
67.030	498	1	1
67.030	499	2	1
67.030	500	3	1
67.217	501	1	2
67.217	502	2	2
67.217	503	3	2
67.405	504	4	1
67.405	505	1	3
67.405	506	2	3
67.405	507	3	3
67.592	508	1	2
67.592	509	2	2
67.592	510	4	2
67.780	511	3	1
67.780	512	1	3
67.780	513	2	3
67.780	514	4	3
67.967	515	1	1
67.967	516	4	1
68.061	517	2	1
68.155	518	3	1
68.155	519	4	1
68.248	520	1	1
68.342	521	2	1
68.342	522	3	1
68.436	523	4	1
68.530	524	1	1
68.530	525	2	1
68.530	526	3	1
68.623	527	4	1
68.717	528	1	1
68.811	529	2	1
68.905	530	3	1
68.905	531	4	1
69.092	532	3	1
69.092	533	4	1
69.280	534	1	2
69.280	535	3	2
69.280	536	4	2
69.467	537	2	1
69.467	538	1	3
69.467	539	3	3
69.467	540	4	3
69.655	541	1	1
69.655	542	2	1
69.655	543	4	1
69.748	544	3	1
69.842	545	1	1
69.936	546	2	1
70.030	547	1	1
70.030	548	3	1
70.030	549	4	1
70.217	550	1	2
70.217	551	2	2
70.217	552	3	2
70.405	553	4	1
70.405	554	1	3
70.405	555	2	3
70.405	556	3	3
70.592	557	2	2
70.592	558	3	2
70.592	559	4	2
70.780	560	1	1
70.780	561	2	3
70.780	562	3	3
70.780	563	4	3
70.967	564	3	1
70.967	565	4	1
71.061	566	1	1
71.155	567	2	1
71.155	568	3	1
71.248	569	4	1
71.342	570	1	1
71.342	571	2	1
71.436	572	3	1
71.530	573	1	1
71.530	574	2	1
71.530	575	4	1
71.623	576	3	1
71.717	577	2	1
72.280	578	1	2
72.280	579	2	2
72.280	580	4	2
72.467	581	1	3
72.467	582	2	3
72.467	583	4	3
72.655	584	1	2
72.655	585	2	2
72.655	586	4	2
72.842	587	3	1
72.842	588	1	3
72.842	589	2	3
72.842	590	4	3
73.030	591	1	2
73.030	592	2	2
73.030	593	4	2
73.217	594	1	3
73.217	595	2	3
73.217	596	4	3
73.405	597	2	2
73.592	598	3	1
73.592	599	2	3
73.780	600	1	2
73.780	601	3	2
73.780	602	4	2
73.967	603	1	3
73.967	604	3	3
73.967	605	4	3
74.155	606	1	2
74.155	607	3	2
74.155	608	4	2
74.342	609	1	3
74.342	610	3	3
74.342	611	4	3
74.530	612	1	2
74.530	613	3	2
74.530	614	4	2
74.717	615	1	3
74.717	616	3	3
74.717	617	4	3
74.905	618	3	2
75.092	619	2	1
75.092	620	3	3
75.280	621	1	2
75.280	622	2	2
75.280	623	4	2
75.467	624	3	1
75.467	625	1	3
75.467	626	2	3
75.467	627	4	3
75.655	628	1	1
75.655	629	2	1
75.655	630	4	2
75.748	631	3	1
75.842	632	2	1
75.842	633	4	3
75.936	634	1	1
76.030	635	2	1
76.030	636	3	1
76.030	637	4	1
76.217	638	1	1
76.217	639	2	1
76.405	640	4	1
76.592	641	1	2
76.592	642	3	2
76.592	643	4	2
76.780	644	2	1
76.780	645	1	3
76.780	646	3	3
76.780	647	4	3
76.967	648	3	1
76.967	649	4	1
77.155	650	3	1
77.155	651	4	1
77.342	652	1	1
77.342	653	2	1
77.530	654	1	2
77.530	655	3	1
77.530	656	4	1
77.717	657	2	1
77.717	658	1	3
77.905	659	1	1
77.905	660	3	2
78.092	661	4	1
78.092	662	3	3
78.280	663	1	2
78.280	664	2	2
78.280	665	3	2
78.467	666	4	1
78.467	667	1	3
78.467	668	2	3
78.467	669	3	3
78.655	670	1	1
78.655	671	2	1
78.655	672	3	1
78.748	673	4	1
78.842	674	3	1
78.936	675	2	1
79.030	676	1	1
79.030	677	3	1
79.030	678	4	1
79.217	679	3	1
79.217	680	4	1
79.405	681	1	2
79.405	682	2	2
79.592	683	3	2
79.592	684	4	2
79.592	685	1	3
79.592	686	2	3
79.780	687	1	1
79.780	688	3	3
79.780	689	4	3
79.967	690	3	1
79.967	691	4	1
80.061	692	1	1
80.155	693	2	1
80.155	694	3	1
80.248	695	4	1
80.342	696	1	1
80.342	697	3	1
80.436	698	2	1
80.530	699	1	1
80.530	700	3	1
80.530	701	4	1
80.623	702	2	1
80.717	703	3	1
80.811	704	4	1
80.905	705	2	2
80.905	706	3	1
81.092	707	1	1
81.092	708	2	3
81.280	709	2	2
81.280	710	3	2
81.280	711	4	2
81.467	712	1	1
81.467	713	2	3
81.467	714	3	3
81.467	715	4	3
81.655	716	1	2
81.655	717	2	2
81.748	718	4	1
81.842	719	3	1
81.842	720	1	3
81.842	721	2	3
81.936	722	4	1
82.030	723	1	1
82.030	724	2	1
82.030	725	3	1
82.217	726	2	2
82.217	727	3	2
82.217	728	4	2
82.405	729	1	1
82.405	730	2	3
82.405	731	3	3
82.405	732	4	3
82.592	733	1	2
82.592	734	3	2
82.592	735	4	2
82.780	736	2	1
82.780	737	1	3
82.780	738	3	3
82.780	739	4	3
82.967	740	3	1
82.967	741	4	1
83.061	742	1	1
83.155	743	2	1
83.155	744	3	1
83.248	745	4	1
83.342	746	1	1
83.342	747	3	1
83.436	748	2	1
83.530	749	1	1
83.530	750	3	1
83.530	751	4	1
83.623	752	2	1
83.717	753	3	1
83.811	754	4	1
83.905	755	1	1
83.905	756	2	1
84.280	757	2	2
84.280	758	3	2
84.280	759	4	2
84.467	760	2	3
84.467	761	3	3
84.467	762	4	3
84.655	763	2	2
84.655	764	3	2
84.655	765	4	2
84.842	766	1	1
84.842	767	2	3
84.842	768	3	3
84.842	769	4	3
85.030	770	2	2
85.030	771	3	2
85.030	772	4	2
85.217	773	2	3
85.217	774	3	3
85.217	775	4	3
85.405	776	2	2
85.592	777	3	1
85.592	778	2	3
85.780	779	1	1
85.780	780	2	1
85.780	781	4	1
85.967	782	1	1
85.967	783	2	1
86.155	784	1	1
86.155	785	3	1
86.155	786	4	1
86.342	787	3	1
86.342	788	4	1
86.530	789	1	1
86.530	790	2	1
86.530	791	4	1
86.717	792	1	1
86.717	793	2	1
86.905	794	3	2
87.092	795	2	1
87.092	796	3	3
87.280	797	1	2
87.280	798	3	2
87.280	799	4	2
87.467	800	2	1
87.467	801	1	3
87.467	802	3	3
87.467	803	4	3
87.655	804	1	1
87.655	805	3	1
87.655	806	4	1
87.748	807	2	1
87.842	808	3	1
87.936	809	1	1
88.030	810	2	1
88.030	811	3	1
88.030	812	4	1
88.217	813	1	2
88.217	814	3	2
88.217	815	4	2
88.405	816	2	1
88.405	817	1	3
88.405	818	3	3
88.405	819	4	3
88.592	820	1	2
88.592	821	2	2
88.592	822	4	2
88.780	823	3	2
88.780	824	1	3
88.780	825	2	3
88.780	826	4	3
88.967	827	1	1
88.967	828	2	1
88.967	829	3	3
89.155	830	1	1
89.155	831	4	1
89.342	832	3	1
89.342	833	4	1
89.530	834	2	1
89.530	835	3	1
89.530	836	4	1
89.717	837	1	2
89.905	838	2	1
89.905	839	3	1
89.905	840	1	3
90.092	841	1	1
90.092	842	2	1
90.092	843	4	1
90.280	844	1	2
90.280	845	3	2
90.280	846	4	2
90.467	847	2	1
90.467	848	1	3
90.467	849	3	3
90.467	850	4	3
90.655	851	1	1
90.655	852	4	1
90.748	853	2	1
90.842	854	3	1
90.936	855	4	1
91.030	856	1	1
91.030	857	2	1
91.030	858	3	1
91.217	859	1	2
91.217	860	3	2
91.217	861	4	2
91.405	862	2	1
91.405	863	1	3
91.405	864	3	3
91.405	865	4	3
91.592	866	1	2
91.592	867	2	2
91.592	868	4	2
91.780	869	3	1
91.780	870	1	3
91.780	871	2	3
91.780	872	4	3
91.967	873	1	1
91.967	874	4	1
92.061	875	2	1
92.155	876	3	1
92.155	877	4	1
92.248	878	1	1
92.342	879	2	1
92.342	880	3	1
92.436	881	4	1
92.530	882	1	1
92.530	883	2	1
92.530	884	3	1
92.623	885	4	1
92.717	886	1	1
92.811	887	2	1
92.905	888	3	1
92.905	889	4	1
92.998	890	1	1
93.092	891	3	1
93.092	892	4	1
93.186	893	2	1
93.280	894	1	2
93.280	895	3	2
93.280	896	4	2
93.467	897	2	1
93.467	898	1	3
93.467	899	3	3
93.467	900	4	3
93.655	901	1	1
93.655	902	2	1
93.655	903	4	1
93.748	904	3	1
93.842	905	1	1
93.936	906	2	1
94.030	907	1	1
94.030	908	3	1
94.030	909	4	1
94.217	910	1	2
94.217	911	2	2
94.217	912	3	2
94.405	913	4	1
94.405	914	1	3
94.405	915	2	3
94.405	916	3	3
94.592	917	2	2
94.592	918	3	2
94.592	919	4	2
94.780	920	1	1
94.780	921	2	3
94.780	922	3	3
94.780	923	4	3
94.967	924	3	1
94.967	925	4	1
95.061	926	1	1
95.155	927	2	1
95.155	928	3	1
95.248	929	4	1
95.342	930	1	1
95.342	931	2	1
95.436	932	3	1
95.530	933	1	1
95.530	934	2	1
95.530	935	4	1
95.623	936	3	1
95.717	937	1	1
95.717	938	4	1
95.811	939	2	1
95.905	940	3	1
95.905	941	4	1
96.092	942	1	1
96.092	943	2	1
96.280	944	1	1
96.280	945	3	1
96.280	946	4	1
96.655	947	2	1
96.842	948	1	1
97.030	949	4	1
97.405	950	3	1
97.780	951	1	1
97.780	952	2	1
97.967	953	3	1
98.155	954	4	1
98.530	955	1	1
98.717	956	4	1
98.905	957	3	1
99.092	958	2	1
99.280	959	1	1
99.280	960	4	1
99.467	961	3	1
99.655	962	2	1
99.842	963	4	1
100.030	964	3	1
100.217	965	1	1
100.405	966	2	1
100.592	967	4	1
100.780	968	1	1
100.780	969	3	1
100.967	970	2	1
101.155	971	1	1
101.530	972	4	1
101.717	973	2	1
101.905	974	4	1
102.092	975	2	1
102.280	976	1	1
102.280	977	3	1
102.280	978	4	1
102.467	979	2	1
102.655	980	3	1
102.655	981	4	1
102.842	982	1	1
103.030	983	2	1
103.030	984	3	1
103.217	985	4	1
103.405	986	1	1
103.405	987	2	1
103.592	988	3	1
103.780	989	1	1
103.780	990	2	1
103.780	991	4	1
103.967	992	3	1
104.155	993	1	1
104.155	994	2	1
104.342	995	4	1
104.530	996	2	1
104.530	997	3	1
104.717	998	1	1
104.905	999	3	1
104.905	1000	4	1
105.092	1001	2	1
105.280	1002	1	1
105.280	1003	4	1
105.373	1004	2	1
105.373	1005	3	1
105.467	1006	1	1
105.467	1007	4	1
105.655	1008	2	1
105.655	1009	3	1
105.748	1010	1	1
105.748	1011	4	1
105.842	1012	2	1
105.842	1013	3	1
106.030	1014	1	1
106.030	1015	2	1
106.123	1016	3	1
106.123	1017	4	1
106.217	1018	1	1
106.217	1019	2	1
106.311	1020	3	1
106.311	1021	4	1
106.405	1022	1	1
106.405	1023	2	1
106.498	1024	3	1
106.498	1025	4	1
106.592	1026	1	1
106.592	1027	2	1
106.686	1028	3	1
106.686	1029	4	1
106.780	1030	1	1
106.780	1031	2	1
107.342	1032	1	1
107.530	1033	4	2
107.905	1034	2	1
107.905	1035	4	3
108.092	1036	3	1
108.280	1037	1	2
108.280	1038	2	2
108.405	1039	3	2
108.405	1040	4	2
108.842	1041	1	3
108.842	1042	2	3
108.842	1043	3	3
108.842	1044	4	3
109.030	1045	1	1
109.076	1046	2	1
109.123	1047	3	1
109.170	1048	4	1
109.217	1049	1	1
109.264	1050	2	1
109.311	1051	3	1
109.358	1052	4	1
109.405	1053	1	1
109.780	1054	4	1
109.826	1055	3	1
109.873	1056	2	1
109.920	1057	1	1
109.967	1058	4	1
110.014	1059	3	1
110.061	1060	2	1
110.108	1061	1	1
110.155	1062	4	1
110.530	1063	1	1
110.576	1064	2	1
110.623	1065	3	1
110.670	1066	4	1
110.717	1067	1	1
110.764	1068	2	1
110.811	1069	3	1
110.858	1070	4	1
110.905	1071	1	1
111.280	1072	1	2
111.280	1073	2	2
111.405	1074	3	2
111.405	1075	4	2
111.842	1076	1	3
111.842	1077	2	3
111.842	1078	3	3
111.842	1079	4	3
112.030	1080	1	1
112.030	1081	3	2
112.030	1082	4	2
112.217	1083	1	1
112.217	1084	2	1
112.217	1085	3	3
112.217	1086	4	3
112.405	1087	3	2
112.405	1088	4	2
112.592	1089	1	1
112.592	1090	2	1
112.592	1091	3	3
112.592	1092	4	3
112.780	1093	2	2
112.780	1094	3	2
112.967	1095	1	1
112.967	1096	4	1
112.967	1097	2	3
112.967	1098	3	3
113.155	1099	2	2
113.155	1100	3	2
113.342	1101	1	1
113.342	1102	4	1
113.342	1103	2	3
113.342	1104	3	3
113.530	1105	1	2
113.530	1106	2	2
113.530	1107	4	1
113.717	1108	3	1
113.717	1109	4	1
113.717	1110	1	3
113.717	1111	2	3
113.905	1112	1	2
113.905	1113	2	2
114.092	1114	3	1
114.092	1115	4	1
114.092	1116	1	3
114.092	1117	2	3
114.280	1118	1	2
114.280	1119	2	2
114.405	1120	3	2
114.405	1121	4	2
114.842	1122	1	3
114.842	1123	2	3
114.842	1124	3	3
114.842	1125	4	3
115.030	1126	2	1
115.030	1127	3	1
115.076	1128	1	1
115.123	1129	4	1
115.170	1130	3	1
115.217	1131	2	1
115.264	1132	1	1
115.311	1133	4	1
115.358	1134	3	1
115.405	1135	2	1
115.780	1136	2	1
115.780	1137	3	1
115.826	1138	4	1
115.873	1139	1	1
115.920	1140	2	1
115.967	1141	3	1
116.014	1142	4	1
116.061	1143	1	1
116.108	1144	2	1
116.155	1145	3	1
116.530	1146	2	1
116.530	1147	3	1
116.576	1148	1	1
116.623	1149	4	1
116.670	1150	3	1
116.717	1151	2	1
116.764	1152	1	1
116.811	1153	4	1
116.858	1154	3	1
116.905	1155	2	1
117.092	1156	4	1
117.280	1157	1	2
117.280	1158	2	2
117.405	1159	3	2
117.405	1160	4	2
117.842	1161	1	3
117.842	1162	2	3
117.842	1163	3	3
117.842	1164	4	3
118.030	1165	1	2
118.030	1166	3	1
118.030	1167	4	2
118.217	1168	2	1
118.217	1169	3	1
118.217	1170	1	3
118.217	1171	4	3
118.405	1172	1	2
118.405	1173	4	2
118.592	1174	2	1
118.592	1175	3	1
118.592	1176	1	3
118.592	1177	4	3
118.780	1178	1	2
118.780	1179	3	2
118.967	1180	2	1
118.967	1181	4	1
118.967	1182	1	3
118.967	1183	3	3
119.155	1184	1	2
119.155	1185	3	2
119.342	1186	2	1
119.342	1187	4	1
119.342	1188	1	3
119.342	1189	3	3
119.530	1190	1	2
119.530	1191	2	2
119.530	1192	4	1
119.717	1193	3	1
119.717	1194	4	1
119.717	1195	1	3
119.717	1196	2	3
119.905	1197	1	1
119.905	1198	2	1
120.280	1199	1	2
120.280	1200	2	2
120.405	1201	3	2
120.405	1202	4	2
120.842	1203	1	3
120.842	1204	2	3
120.842	1205	3	3
120.842	1206	4	3
121.030	1207	3	1
121.076	1208	4	1
121.123	1209	2	1
121.170	1210	1	1
121.217	1211	3	1
121.264	1212	4	1
121.311	1213	2	1
121.358	1214	1	1
121.405	1215	3	1
121.780	1216	2	1
121.826	1217	1	1
121.873	1218	3	1
121.920	1219	4	1
121.967	1220	2	1
122.014	1221	1	1
122.061	1222	3	1
122.108	1223	4	1
122.155	1224	2	1
122.530	1225	3	1
122.576	1226	4	1
122.623	1227	2	1
122.670	1228	1	1
122.717	1229	3	1
122.764	1230	4	1
122.811	1231	2	1
122.858	1232	1	1
122.905	1233	3	1
122.998	1234	2	1
123.092	1235	4	1
123.186	1236	3	1
123.280	1237	1	2
123.280	1238	2	2
123.405	1239	3	2
123.405	1240	4	2
123.842	1241	1	3
123.842	1242	2	3
123.842	1243	3	3
123.842	1244	4	3
124.030	1245	1	2
124.030	1246	2	2
124.030	1247	4	1
124.217	1248	3	1
124.217	1249	4	1
124.217	1250	1	3
124.217	1251	2	3
124.405	1252	1	2
124.405	1253	2	2
124.592	1254	3	1
124.592	1255	4	1
124.592	1256	1	3
124.592	1257	2	3
124.780	1258	2	2
124.780	1259	3	2
124.967	1260	1	1
124.967	1261	4	1
124.967	1262	2	3
124.967	1263	3	3
125.155	1264	2	2
125.155	1265	3	2
125.342	1266	1	1
125.342	1267	4	1
125.342	1268	2	3
125.342	1269	3	3
125.530	1270	1	1
125.530	1271	3	2
125.530	1272	4	2
125.717	1273	1	1
125.717	1274	2	1
125.717	1275	3	3
125.717	1276	4	3
125.905	1277	3	2
125.905	1278	4	2
126.092	1279	1	1
126.092	1280	2	1
126.092	1281	3	3
126.092	1282	4	3
126.280	1283	1	2
126.280	1284	2	2
126.405	1285	3	2
126.405	1286	4	2
126.842	1287	1	3
126.842	1288	2	3
126.842	1289	3	3
126.842	1290	4	3
127.030	1291	3	1
127.030	1292	4	1
127.076	1293	1	1
127.123	1294	2	1
127.170	1295	4	1
127.217	1296	3	1
127.264	1297	1	1
127.311	1298	2	1
127.358	1299	4	1
127.405	1300	3	1
127.780	1301	1	1
127.780	1302	2	1
127.826	1303	4	1
127.873	1304	3	1
127.920	1305	1	1
127.967	1306	2	1
128.014	1307	4	1
128.061	1308	3	1
128.108	1309	1	1
128.155	1310	2	1
128.530	1311	3	1
128.530	1312	4	1
128.576	1313	1	1
128.623	1314	2	1
128.670	1315	4	1
128.717	1316	3	1
128.764	1317	1	1
128.811	1318	2	1
128.858	1319	4	1
128.905	1320	3	1
129.280	1321	1	2
129.280	1322	2	2
129.405	1323	3	2
129.405	1324	4	2
129.842	1325	1	3
129.842	1326	2	3
129.842	1327	3	3
129.842	1328	4	3
130.030	1329	1	2
130.030	1330	2	1
130.030	1331	4	2
130.217	1332	2	1
130.217	1333	3	1
130.217	1334	1	3
130.217	1335	4	3
130.405	1336	1	2
130.405	1337	4	2
130.592	1338	2	1
130.592	1339	3	1
130.592	1340	1	3
130.592	1341	4	3
130.780	1342	2	2
130.780	1343	4	2
130.967	1344	1	1
130.967	1345	3	1
130.967	1346	2	3
130.967	1347	4	3
131.155	1348	2	2
131.155	1349	4	2
131.342	1350	1	1
131.342	1351	3	1
131.342	1352	2	3
131.342	1353	4	3
131.530	1354	1	1
131.530	1355	3	2
131.530	1356	4	2
131.717	1357	1	1
131.717	1358	2	1
131.717	1359	3	3
131.717	1360	4	3
131.905	1361	4	1
131.998	1362	1	1
132.045	1363	2	1
132.092	1364	3	1
132.139	1365	4	1
132.186	1366	1	1
132.233	1367	2	1
132.280	1368	3	1
132.280	1369	4	1
135.280	1370	1	1
135.280	1371	4	1
135.842	1372	1	2
135.842	1373	2	1
136.030	1374	4	2
136.030	1375	1	3
136.405	1376	1	1
136.405	1377	3	2
136.405	1378	4	3
136.592	1379	2	2
136.592	1380	3	3
136.780	1381	3	1
136.780	1382	4	1
137.342	1383	1	2
137.342	1384	3	1
137.342	1385	2	3
137.717	1386	4	2
137.717	1387	1	3
137.905	1388	1	1
137.905	1389	2	1
138.092	1390	3	2
138.092	1391	4	3
138.280	1392	2	2
138.280	1393	4	1
138.280	1394	3	3
138.655	1395	1	2
138.655	1396	2	3
138.842	1397	3	1
138.842	1398	4	1
139.030	1399	2	1
139.030	1400	4	1
139.405	1401	2	1
139.405	1402	3	1
139.780	1403	3	1
139.780	1404	4	1
140.342	1405	2	1
140.342	1406	3	1
140.530	1407	2	1
140.530	1408	4	1
140.905	1409	2	1
140.905	1410	3	1
140.905	1411	1	3
141.280	1412	1	1
141.280	1413	4	1
141.842	1414	1	2
141.842	1415	2	1
142.030	1416	4	2
142.030	1417	1	3
142.405	1418	2	1
142.405	1419	3	2
142.405	1420	4	3
142.592	1421	1	2
142.592	1422	3	3
142.780	1423	3	1
142.780	1424	4	1
143.342	1425	2	1
143.342	1426	4	2
143.342	1427	1	3
143.717	1428	1	2
143.717	1429	4	3
143.905	1430	2	1
143.905	1431	4	1
144.092	1432	3	2
144.092	1433	1	3
144.280	1434	2	1
144.280	1435	4	2
144.280	1436	3	3
144.655	1437	2	2
144.655	1438	4	3
144.842	1439	3	1
144.842	1440	4	1
145.030	1441	1	1
145.030	1442	4	1
145.405	1443	1	1
145.405	1444	3	1
145.780	1445	3	1
145.780	1446	4	1
146.155	1447	1	2
146.155	1448	2	3
146.342	1449	3	1
146.342	1450	4	1
146.530	1451	3	2
146.530	1452	1	3
146.905	1453	2	1
146.905	1454	4	2
146.905	1455	3	3
147.280	1456	1	1
147.280	1457	2	1
147.280	1458	4	3
147.842	1459	1	2
147.842	1460	2	1
148.030	1461	4	2
148.030	1462	1	3
148.405	1463	1	1
148.405	1464	3	2
148.405	1465	4	3
148.592	1466	2	2
148.592	1467	3	3
148.780	1468	3	1
148.780	1469	4	1
149.342	1470	1	2
149.342	1471	3	1
149.342	1472	2	3
149.717	1473	4	2
149.717	1474	1	3
149.905	1475	1	1
149.905	1476	2	1
150.092	1477	3	2
150.092	1478	4	3
150.280	1479	2	2
150.280	1480	4	1
150.280	1481	3	3
150.655	1482	1	2
150.655	1483	2	3
150.842	1484	3	1
150.842	1485	4	1
151.030	1486	2	1
151.030	1487	4	1
151.405	1488	2	1
151.405	1489	3	1
151.780	1490	3	1
151.780	1491	4	1
152.342	1492	2	1
152.342	1493	3	1
152.530	1494	2	1
152.530	1495	4	1
152.905	1496	3	1
152.905	1497	4	1
152.905	1498	1	3
153.280	1499	1	1
153.280	1500	4	1
153.842	1501	1	2
153.842	1502	2	1
154.030	1503	3	2
154.030	1504	1	3
154.405	1505	2	2
154.405	1506	4	1
154.405	1507	3	3
154.592	1508	4	2
154.592	1509	2	3
154.780	1510	2	1
154.780	1511	3	1
154.967	1512	1	2
154.967	1513	4	3
155.342	1514	2	2
155.342	1515	3	1
155.342	1516	1	3
155.717	1517	4	2
155.717	1518	2	3
155.905	1519	1	1
155.905	1520	2	1
156.092	1521	3	2
156.092	1522	4	3
156.280	1523	2	2
156.280	1524	4	1
156.280	1525	3	3
156.655	1526	1	2
156.655	1527	3	1
156.655	1528	2	3
157.030	1529	4	1
157.405	1530	2	1
157.780	1531	3	1
157.780	1532	4	1
157.780	1533	1	3
158.155	1534	1	2
158.530	1535	2	2
158.905	1536	4	2
159.280	1537	3	1
159.280	1538	1	3
159.280	1539	2	3
159.280	1540	4	3
159.467	1541	1	1
159.655	1542	3	1
159.655	1543	4	1
159.842	1544	2	1
160.030	1545	1	1
160.030	1546	4	1
160.217	1547	3	1
160.405	1548	1	1
160.405	1549	2	1
160.592	1550	4	1
160.780	1551	2	1
160.780	1552	3	1
160.967	1553	1	1
161.155	1554	3	1
161.155	1555	4	1
161.342	1556	1	1
161.530	1557	2	1
161.530	1558	3	1
161.717	1559	4	1
161.905	1560	1	1
161.905	1561	2	1
162.092	1562	3	1
162.280	1563	1	1
162.280	1564	4	1
162.467	1565	2	1
162.655	1566	3	1
162.655	1567	4	1
162.842	1568	1	1
163.030	1569	2	1
163.030	1570	3	1
163.217	1571	4	1
163.405	1572	1	1
163.405	1573	2	1
163.592	1574	3	1
163.780	1575	1	1
163.780	1576	4	1
163.967	1577	2	1
164.155	1578	3	1
164.155	1579	4	1
164.342	1580	1	1
164.530	1581	2	1
164.530	1582	3	1
164.717	1583	4	1
164.905	1584	1	1
164.905	1585	2	1
165.092	1586	3	1
165.280	1587	1	1
165.280	1588	2	1
165.280	1589	4	1
165.467	1590	3	1
165.655	1591	1	1
165.655	1592	2	1
165.842	1593	4	1
166.030	1594	2	1
166.030	1595	3	1
166.217	1596	1	1
166.405	1597	3	1
166.405	1598	4	1
166.592	1599	2	1
166.780	1600	1	1
166.780	1601	3	1
166.780	1602	4	1
166.967	1603	2	1
167.155	1604	3	1
167.155	1605	4	1
167.342	1606	1	1
167.530	1607	2	1
167.530	1608	3	1
167.717	1609	4	1
167.905	1610	1	1
167.905	1611	2	1
168.092	1612	3	1
168.280	1613	1	1
168.280	1614	4	1
168.373	1615	2	1
168.467	1616	3	1
168.467	1617	4	1
168.561	1618	1	1
168.655	1619	2	1
168.655	1620	3	1
168.748	1621	4	1
168.842	1622	1	1
168.842	1623	2	1
168.936	1624	3	1
169.030	1625	2	1
169.030	1626	4	1
169.123	1627	1	1
169.217	1628	3	1
169.217	1629	4	1
169.311	1630	2	1
169.405	1631	1	1
169.405	1632	3	1
169.498	1633	4	1
169.592	1634	1	1
169.592	1635	2	1
169.686	1636	3	1
169.780	1637	4	1
170.155	1638	4	1
170.530	1639	4	1
170.905	1640	3	2
171.092	1641	2	1
171.092	1642	3	3
171.280	1643	1	2
171.280	1644	3	2
171.280	1645	4	2
171.467	1646	1	3
171.467	1647	3	3
171.467	1648	4	3
171.655	1649	1	2
171.655	1650	2	2
171.655	1651	4	2
171.842	1652	1	3
171.842	1653	2	3
171.842	1654	4	3
172.030	1655	1	2
172.030	1656	3	2
172.030	1657	4	2
172.217	1658	1	3
172.217	1659	3	3
172.217	1660	4	3
172.405	1661	2	2
172.592	1662	3	1
172.592	1663	2	3
172.780	1664	1	2
172.780	1665	4	1
172.967	1666	3	2
173.155	1667	2	2
173.155	1668	1	3
173.155	1669	3	3
173.342	1670	1	2
173.342	1671	4	2
173.530	1672	3	2
173.530	1673	1	3
173.530	1674	2	3
173.530	1675	4	3
173.717	1676	1	2
173.717	1677	4	2
173.905	1678	2	1
173.905	1679	1	3
173.905	1680	3	3
173.905	1681	4	3
174.092	1682	2	1
174.280	1683	1	2
174.280	1684	3	2
174.280	1685	4	2
174.467	1686	2	1
174.467	1687	1	3
174.467	1688	3	3
174.467	1689	4	3
174.655	1690	1	1
174.655	1691	3	1
174.655	1692	4	1
174.842	1693	2	1
175.030	1694	3	1
175.030	1695	4	1
175.217	1696	1	1
175.405	1697	2	1
175.405	1698	3	1
175.405	1699	4	1
175.592	1700	1	1
175.780	1701	2	2
175.780	1702	3	2
175.780	1703	4	2
175.967	1704	1	1
175.967	1705	2	3
175.967	1706	3	3
175.967	1707	4	3
176.155	1708	2	1
176.155	1709	3	1
176.155	1710	4	1
176.342	1711	1	1
176.530	1712	2	1
176.530	1713	3	1
176.717	1714	4	1
176.905	1715	1	1
176.905	1716	2	1
176.905	1717	3	1
177.092	1718	4	1
177.186	1719	3	1
177.280	1720	1	2
177.280	1721	2	2
177.280	1722	4	2
177.467	1723	3	1
177.467	1724	1	3
177.467	1725	2	3
177.467	1726	4	3
177.655	1727	1	1
177.655	1728	2	1
177.655	1729	4	1
177.842	1730	3	1
178.030	1731	1	1
178.030	1732	2	1
178.217	1733	4	1
178.405	1734	1	1
178.405	1735	2	1
178.405	1736	3	1
178.592	1737	4	1
178.780	1738	1	2
178.780	1739	2	2
178.780	1740	3	2
178.967	1741	4	1
178.967	1742	1	3
178.967	1743	2	3
178.967	1744	3	3
179.155	1745	1	1
179.155	1746	2	1
179.155	1747	3	1
179.342	1748	4	1
179.530	1749	1	1
179.530	1750	2	1
179.717	1751	3	1
179.905	1752	1	1
179.905	1753	2	1
179.905	1754	4	1
179.998	1755	3	1
180.092	1756	2	1
180.186	1757	3	1
180.280	1758	1	2
180.280	1759	2	2
180.280	1760	4	2
180.467	1761	3	1
180.467	1762	1	3
180.467	1763	2	3
180.467	1764	4	3
180.655	1765	1	1
180.655	1766	2	1
180.655	1767	4	1
180.842	1768	3	1
181.030	1769	1	1
181.030	1770	4	1
181.217	1771	2	1
181.405	1772	1	1
181.405	1773	3	1
181.405	1774	4	1
181.592	1775	2	1
181.780	1776	1	2
181.780	1777	3	2
181.780	1778	4	2
181.967	1779	2	1
181.967	1780	1	3
181.967	1781	3	3
181.967	1782	4	3
182.155	1783	1	1
182.155	1784	3	1
182.155	1785	4	1
182.342	1786	2	1
182.530	1787	3	1
182.530	1788	4	1
182.717	1789	1	1
182.905	1790	2	1
182.905	1791	3	1
182.905	1792	4	1
183.280	1793	1	2
183.280	1794	2	2
183.280	1795	3	2
183.467	1796	1	3
183.467	1797	2	3
183.467	1798	3	3
183.655	1799	2	2
183.655	1800	3	2
183.655	1801	4	2
183.842	1802	1	1
183.842	1803	2	3
183.842	1804	3	3
183.842	1805	4	3
184.030	1806	1	2
184.030	1807	2	2
184.030	1808	3	2
184.217	1809	4	1
184.217	1810	1	3
184.217	1811	2	3
184.217	1812	3	3
184.405	1813	1	1
184.405	1814	2	1
184.405	1815	4	1
184.780	1816	2	2
184.780	1817	3	2
184.780	1818	4	2
184.967	1819	2	3
184.967	1820	3	3
184.967	1821	4	3
185.155	1822	1	2
185.155	1823	2	2
185.155	1824	3	2
185.342	1825	1	3
185.342	1826	2	3
185.342	1827	3	3
185.530	1828	2	2
185.530	1829	3	2
185.530	1830	4	2
185.717	1831	2	3
185.717	1832	3	3
185.717	1833	4	3
185.905	1834	1	1
186.092	1835	1	1
186.280	1836	1	2
186.280	1837	3	2
186.280	1838	4	2
186.467	1839	2	1
186.467	1840	1	3
186.467	1841	3	3
186.467	1842	4	3
186.655	1843	1	1
186.655	1844	3	1
186.655	1845	4	1
186.842	1846	2	1
187.030	1847	3	1
187.030	1848	4	1
187.217	1849	1	1
187.405	1850	2	1
187.405	1851	3	1
187.405	1852	4	1
187.592	1853	1	1
187.780	1854	2	2
187.780	1855	3	2
187.780	1856	4	2
187.967	1857	1	1
187.967	1858	2	3
187.967	1859	3	3
187.967	1860	4	3
188.155	1861	2	1
188.155	1862	3	1
188.155	1863	4	1
188.342	1864	1	1
188.530	1865	1	2
188.530	1866	2	2
188.717	1867	4	1
188.717	1868	1	3
188.717	1869	2	3
188.905	1870	1	1
188.905	1871	2	1
188.905	1872	3	1
189.092	1873	4	1
189.186	1874	3	1
189.280	1875	1	2
189.280	1876	2	2
189.280	1877	4	2
189.467	1878	3	1
189.467	1879	1	3
189.467	1880	2	3
189.467	1881	4	3
189.655	1882	1	1
189.655	1883	2	1
189.655	1884	4	1
189.842	1885	1	1
189.842	1886	4	1
190.030	1887	3	1
190.030	1888	4	1
190.217	1889	2	1
190.217	1890	3	1
190.405	1891	1	1
190.405	1892	2	1
190.405	1893	4	1
190.592	1894	4	1
190.780	1895	1	2
190.780	1896	2	2
190.780	1897	3	2
190.967	1898	4	1
190.967	1899	1	3
190.967	1900	2	3
190.967	1901	3	3
191.155	1902	1	1
191.155	1903	2	1
191.155	1904	3	1
191.342	1905	4	1
191.530	1906	1	2
191.530	1907	2	2
191.717	1908	3	1
191.717	1909	1	3
191.717	1910	2	3
191.905	1911	1	1
191.905	1912	2	1
191.905	1913	4	1
191.998	1914	3	1
192.092	1915	2	1
192.186	1916	3	1
192.280	1917	1	2
192.280	1918	2	2
192.280	1919	4	2
192.467	1920	3	1
192.467	1921	1	3
192.467	1922	2	3
192.467	1923	4	3
192.655	1924	1	1
192.655	1925	2	1
192.655	1926	4	1
192.842	1927	3	1
193.030	1928	1	1
193.030	1929	4	1
193.217	1930	2	1
193.405	1931	1	1
193.405	1932	3	1
193.405	1933	4	1
193.592	1934	2	1
193.780	1935	1	2
193.780	1936	3	2
193.780	1937	4	2
193.967	1938	2	1
193.967	1939	1	3
193.967	1940	3	3
193.967	1941	4	3
194.155	1942	1	1
194.155	1943	3	1
194.155	1944	4	1
194.342	1945	2	1
194.530	1946	1	2
194.530	1947	4	2
194.717	1948	3	1
194.717	1949	1	3
194.717	1950	4	3
195.280	1951	2	2
195.280	1952	3	1
195.280	1953	4	2
195.467	1954	1	2
195.467	1955	4	3
195.655	1956	3	1
195.655	1957	1	3
195.655	1958	2	3
195.748	1959	4	1
195.842	1960	1	1
195.936	1961	2	1
196.030	1962	3	1
196.030	1963	4	1
196.123	1964	1	1
196.217	1965	2	1
196.311	1966	3	1
196.311	1967	4	1
196.405	1968	1	1
196.498	1969	2	1
196.592	1970	3	1
196.592	1971	4	1
196.686	1972	1	1
196.780	1973	2	1
196.780	1974	3	2
196.780	1975	4	2
196.967	1976	1	2
196.967	1977	3	3
197.155	1978	2	1
197.155	1979	1	3
197.155	1980	4	3
197.248	1981	3	1
197.342	1982	4	1
197.436	1983	1	1
197.530	1984	2	1
197.530	1985	3	1
197.623	1986	4	1
197.717	1987	1	1
197.811	1988	2	1
197.811	1989	3	1
197.905	1990	4	1
197.998	1991	1	1
198.092	1992	2	1
198.092	1993	3	1
198.186	1994	4	1
198.280	1995	1	2
198.280	1996	2	2
198.280	1997	3	2
198.467	1998	4	1
198.467	1999	1	3
198.467	2000	2	3
198.467	2001	3	3
198.655	2002	1	1
198.655	2003	2	1
198.655	2004	4	2
198.748	2005	3	1
198.842	2006	2	1
198.842	2007	4	3
198.936	2008	1	1
199.030	2009	3	1
199.030	2010	4	1
199.217	2011	1	1
199.217	2012	2	1
199.311	2013	3	1
199.311	2014	4	1
199.405	2015	1	1
199.405	2016	2	1
199.592	2017	1	2
199.592	2018	3	2
199.592	2019	4	2
199.780	2020	2	1
199.780	2021	1	3
199.780	2022	3	3
199.780	2023	4	3
199.967	2024	4	1
200.155	2025	1	1
200.155	2026	3	1
200.155	2027	4	1
200.342	2028	1	1
200.342	2029	2	1
200.530	2030	3	1
200.530	2031	4	1
200.717	2032	3	1
200.717	2033	4	1
200.811	2034	1	1
200.811	2035	2	1
200.905	2036	3	1
200.905	2037	4	1
201.092	2038	1	1
201.092	2039	2	1
201.280	2040	1	2
201.280	2041	2	2
201.280	2042	3	2
201.467	2043	4	1
201.467	2044	1	3
201.467	2045	2	3
201.467	2046	3	3
201.655	2047	1	1
201.655	2048	2	1
201.655	2049	3	1
201.748	2050	4	1
201.842	2051	3	1
201.936	2052	2	1
202.030	2053	1	1
202.030	2054	3	1
202.030	2055	4	1
202.217	2056	1	1
202.217	2057	2	1
202.311	2058	3	1
202.311	2059	4	1
202.405	2060	1	1
202.405	2061	2	1
202.498	2062	3	1
202.592	2063	1	1
202.592	2064	4	1
202.686	2065	2	1
202.780	2066	1	2
202.780	2067	3	2
202.780	2068	4	2
202.967	2069	2	1
202.967	2070	1	3
202.967	2071	3	3
202.967	2072	4	3
203.155	2073	1	1
203.155	2074	3	1
203.155	2075	4	1
203.248	2076	2	1
203.342	2077	1	1
203.436	2078	2	1
203.530	2079	3	1
203.530	2080	4	1
203.717	2081	1	1
203.717	2082	2	1
203.811	2083	3	1
203.811	2084	4	1
203.905	2085	1	1
203.905	2086	2	1
204.092	2087	1	1
204.092	2088	2	1
204.280	2089	2	2
204.280	2090	3	2
204.280	2091	4	2
204.467	2092	1	1
204.467	2093	2	3
204.467	2094	3	3
204.467	2095	4	3
204.655	2096	1	2
204.655	2097	2	1
204.655	2098	3	1
204.748	2099	4	1
204.842	2100	3	1
204.842	2101	1	3
204.936	2102	4	1
205.030	2103	1	1
205.030	2104	2	1
205.217	2105	3	1
205.217	2106	4	1
205.311	2107	1	1
205.311	2108	2	1
205.405	2109	3	1
205.405	2110	4	1
205.592	2111	1	1
205.592	2112	2	1
205.780	2113	1	2
205.780	2114	2	2
205.780	2115	3	2
205.967	2116	4	1
205.967	2117	1	3
205.967	2118	2	3
205.967	2119	3	3
206.155	2120	1	1
206.155	2121	2	1
206.155	2122	3	1
206.342	2123	1	1
206.530	2124	2	1
206.530	2125	3	1
206.530	2126	4	1
206.717	2127	3	1
206.717	2128	4	1
206.905	2129	1	1
206.905	2130	2	1
206.905	2131	4	1
207.092	2132	1	1
207.280	2133	2	2
207.280	2134	3	2
207.280	2135	4	2
207.467	2136	1	1
207.467	2137	2	3
207.467	2138	3	3
207.467	2139	4	3
207.655	2140	1	1
207.655	2141	2	1
207.655	2142	4	1
207.748	2143	3	1
207.842	2144	2	1
207.936	2145	1	1
208.030	2146	2	1
208.030	2147	3	1
208.030	2148	4	1
208.217	2149	1	2
208.217	2150	3	2
208.217	2151	4	2
208.405	2152	2	1
208.405	2153	1	3
208.405	2154	3	3
208.405	2155	4	3
208.592	2156	2	2
208.592	2157	3	2
208.592	2158	4	2
208.780	2159	1	1
208.780	2160	2	3
208.780	2161	3	3
208.780	2162	4	3
208.967	2163	2	1
209.061	2164	1	1
209.155	2165	3	1
209.248	2166	4	1
209.342	2167	1	1
209.342	2168	2	1
209.436	2169	3	1
209.530	2170	1	1
209.530	2171	2	1
209.530	2172	4	1
209.623	2173	3	1
209.717	2174	1	1
209.811	2175	2	1
209.905	2176	3	1
209.905	2177	4	1
210.092	2178	1	1
210.092	2179	2	1
210.280	2180	1	2
210.280	2181	3	2
210.280	2182	4	2
210.467	2183	2	1
210.467	2184	1	3
210.467	2185	3	3
210.467	2186	4	3
210.655	2187	1	1
210.655	2188	3	1
210.655	2189	4	1
210.748	2190	2	1
210.842	2191	3	1
210.936	2192	1	1
211.030	2193	2	1
211.030	2194	3	1
211.030	2195	4	1
211.217	2196	2	2
211.217	2197	3	2
211.217	2198	4	2
211.405	2199	1	1
211.405	2200	2	3
211.405	2201	3	3
211.405	2202	4	3
211.592	2203	1	2
211.592	2204	2	2
211.592	2205	4	2
211.780	2206	3	2
211.780	2207	1	3
211.780	2208	2	3
211.780	2209	4	3
211.967	2210	1	1
211.967	2211	3	3
212.061	2212	2	1
212.155	2213	4	1
212.248	2214	1	1
212.342	2215	2	1
212.342	2216	3	1
212.436	2217	4	1
212.530	2218	1	1
212.530	2219	2	1
212.530	2220	3	1
212.717	2221	1	2
212.905	2222	2	1
212.905	2223	3	1
212.905	2224	1	3
213.092	2225	2	1
213.280	2226	1	2
213.280	2227	3	2
213.280	2228	4	2
213.467	2229	2	1
213.467	2230	1	3
213.467	2231	3	3
213.467	2232	4	3
213.655	2233	1	1
213.655	2234	4	1
213.748	2235	2	1
213.842	2236	3	1
213.936	2237	4	1
214.030	2238	1	1
214.030	2239	2	1
214.030	2240	3	1
214.217	2241	1	2
214.217	2242	2	2
214.217	2243	3	2
214.405	2244	4	1
214.405	2245	1	3
214.405	2246	2	3
214.405	2247	3	3
214.592	2248	1	2
214.592	2249	2	2
214.592	2250	4	2
214.780	2251	3	1
214.780	2252	1	3
214.780	2253	2	3
214.780	2254	4	3
214.967	2255	1	1
214.967	2256	4	1
215.061	2257	2	1
215.155	2258	3	1
215.155	2259	4	1
215.248	2260	1	1
215.342	2261	2	1
215.342	2262	3	1
215.436	2263	4	1
215.530	2264	1	1
215.530	2265	2	1
215.530	2266	3	1
215.623	2267	4	1
215.717	2268	1	1
215.811	2269	2	1
215.905	2270	3	1
215.905	2271	4	1
215.998	2272	1	1
216.092	2273	3	1
216.092	2274	4	1
216.186	2275	2	1
216.280	2276	1	2
216.280	2277	3	2
216.280	2278	4	2
216.467	2279	2	1
216.467	2280	1	3
216.467	2281	3	3
216.467	2282	4	3
216.655	2283	1	1
216.655	2284	2	1
216.655	2285	4	1
216.748	2286	3	1
216.842	2287	1	1
216.936	2288	2	1
217.030	2289	1	1
217.030	2290	3	1
217.030	2291	4	1
217.217	2292	1	2
217.217	2293	3	2
217.217	2294	4	2
217.405	2295	2	1
217.405	2296	1	3
217.405	2297	3	3
217.405	2298	4	3
217.592	2299	2	2
217.592	2300	3	2
217.592	2301	4	2
217.780	2302	1	1
217.780	2303	2	3
217.780	2304	3	3
217.780	2305	4	3
217.967	2306	3	1
217.967	2307	4	1
218.061	2308	1	1
218.155	2309	2	1
218.155	2310	3	1
218.248	2311	4	1
218.342	2312	1	1
218.342	2313	2	1
218.436	2314	3	1
218.530	2315	1	1
218.530	2316	2	1
218.530	2317	4	1
218.623	2318	3	1
218.717	2319	1	1
218.717	2320	4	1
218.811	2321	2	1
218.905	2322	3	1
218.905	2323	4	1
219.092	2324	1	1
219.092	2325	2	1
219.280	2326	1	1
219.280	2327	3	1
219.280	2328	4	1
219.842	2329	1	1
220.030	2330	4	2
220.405	2331	3	1
220.405	2332	4	3
220.592	2333	1	2
220.780	2334	2	1
220.780	2335	4	1
221.311	2336	3	1
221.311	2337	1	3
221.530	2338	4	1
221.717	2339	2	1
222.061	2340	3	1
222.280	2341	1	1
222.280	2342	2	1
222.655	2343	4	2
223.780	2344	2	1
223.780	2345	3	1
224.342	2346	4	3
224.530	2347	3	1
224.576	2348	4	1
224.717	2349	2	1
224.905	2350	3	1
225.092	2351	1	1
225.280	2352	2	1
225.280	2353	3	1
225.842	2354	1	1
226.030	2355	4	2
226.405	2356	3	1
226.405	2357	4	3
226.592	2358	1	2
226.780	2359	2	1
226.780	2360	4	1
227.248	2361	4	2
227.248	2362	1	3
227.530	2363	1	1
227.530	2364	3	1
227.998	2365	2	1
227.998	2366	4	3
228.280	2367	3	1
228.280	2368	4	1
228.655	2369	1	2
229.030	2370	2	1
229.030	2371	1	3
229.780	2372	3	1
229.780	2373	4	1
230.905	2374	1	1
231.280	2375	2	1
231.280	2376	3	1
231.842	2377	2	1
232.030	2378	1	1
232.405	2379	3	1
232.592	2380	4	1
232.780	2381	2	1
232.780	2382	3	1
232.967	2383	1	2
233.311	2384	2	2
233.311	2385	1	3
233.530	2386	3	1
233.686	2387	4	2
233.686	2388	2	3
234.092	2389	3	2
234.092	2390	4	3
234.280	2391	1	1
234.280	2392	4	1
234.467	2393	2	2
234.467	2394	3	3
235.030	2395	3	1
235.030	2396	2	3
235.217	2397	4	1
235.405	2398	1	1
235.780	2399	2	1
235.780	2400	4	1
235.967	2401	3	1
236.155	2402	1	1
236.342	2403	2	1
236.530	2404	4	1
236.717	2405	1	2
236.905	2406	3	1
237.092	2407	4	2
237.092	2408	1	3
237.280	2409	2	1
237.280	2410	3	1
238.790	2411	4	3
239.438	2412	4	2
241.421	2413	2	1
241.421	2414	3	1
241.421	2415	4	3
246.352	2416	1	1
246.352	2417	4	1
247.018	2418	2	1
247.685	2419	3	1
248.435	2420	4	1
249.224	2421	1	1
250.295	2422	2	1
251.628	2423	3	1
254.128	2424	1	2
254.128	2425	4	2
257.878	2426	1	3
257.878	2427	4	3