Song Name	nyabo.exe (Hard) by AAAA & yadrigg
Difficulty	34
Primary Color	Flow
Secondary Color	Chill
Audio Asset ID	rbxassetid://17062569269
Audio File	17062569269.ogg
Last Note Time	177.351
Total Notes	3071
Fever Fill	796
Fever Time	26.602650
Long Notes	681
BPM	210
Song Length	178.351000000

Timing Points
0.000	285.714286
0.280	285.714286
1.137	285.714286


Song Data
0.000	1	1	2
0.142	2	1	3
0.142	3	3	2
0.214	4	3	3
0.280	5	3	2
0.351	6	3	3
0.422	7	3	2
0.708	8	3	3
0.565	9	4	1
0.708	10	2	2
0.780	11	2	3
0.851	12	1	2
0.922	13	1	3
0.994	14	3	1
1.041	15	4	2
1.279	16	4	3
1.137	17	3	1
1.279	18	2	2
1.351	19	2	3
1.422	20	2	2
2.279	21	2	3
1.565	22	4	1
1.708	23	1	1
1.851	24	3	1
1.994	25	4	1
2.137	26	3	1
2.279	27	4	2
2.422	28	4	3
2.422	29	2	2
2.494	30	2	3
2.565	31	2	2
2.637	32	2	3
2.708	33	2	2
2.994	34	2	3
2.851	35	1	1
2.994	36	3	2
3.065	37	3	3
3.137	38	4	2
3.208	39	4	3
3.279	40	2	1
3.327	41	1	2
3.565	42	1	3
3.422	43	4	1
3.565	44	2	1
3.637	45	2	1
3.708	46	4	2
3.851	47	4	3
3.851	48	1	1
3.922	49	1	1
3.994	50	3	2
4.137	51	3	3
4.137	52	4	1
4.208	53	4	1
4.279	54	2	2
4.422	55	2	3
4.422	56	3	1
4.494	57	3	1
4.565	58	1	2
4.708	59	1	3
4.708	60	4	2
4.779	61	4	3
4.851	62	2	2
4.922	63	2	3
4.994	64	3	2
5.279	65	3	3
5.137	66	2	1
5.279	67	1	1
5.351	68	2	1
5.422	69	4	2
5.494	70	4	3
5.565	71	1	2
5.851	72	1	3
5.708	73	3	1
5.851	74	2	1
5.922	75	2	1
5.994	76	3	2
6.065	77	3	3
6.065	78	1	1
6.137	79	4	2
6.208	80	4	3
6.208	81	2	1
6.279	82	3	2
6.422	83	3	3
6.422	84	1	2
6.494	85	1	3
6.494	86	2	1
6.565	87	4	2
6.708	88	4	3
6.708	89	2	2
6.779	90	2	3
6.779	91	3	1
6.851	92	4	2
6.994	93	4	3
6.994	94	1	2
7.065	95	1	3
7.137	96	3	2
7.208	97	3	3
7.279	98	2	2
7.565	99	2	3
7.422	100	3	1
7.565	101	4	1
7.637	102	3	1
7.708	103	1	2
7.779	104	1	3
7.851	105	4	2
8.137	106	4	3
7.994	107	2	1
8.137	108	3	1
8.208	109	4	1
8.279	110	3	1
8.351	111	2	1
8.422	112	1	1
8.494	113	4	1
8.565	114	2	2
8.708	115	2	3
8.708	116	4	1
8.779	117	1	1
8.851	118	3	2
8.994	119	3	3
8.994	120	2	1
9.065	121	3	1
9.137	122	1	2
10.279	123	1	3
9.279	124	3	1
9.422	125	4	1
9.565	126	3	1
9.708	127	2	1
9.851	128	4	1
9.994	129	2	1
10.137	130	3	1
10.279	131	4	1
10.422	132	2	1
10.565	133	1	1
10.708	134	2	1
10.756	135	4	1
10.803	136	3	1
10.851	137	1	1
10.922	138	4	1
10.994	139	1	1
11.065	140	4	1
11.137	141	2	1
11.184	142	3	1
11.232	143	1	1
11.279	144	2	1
11.327	145	4	1
11.375	146	3	1
11.422	147	1	2
11.851	148	1	3
11.851	149	4	1
11.922	150	4	1
11.994	151	1	1
12.065	152	1	1
12.137	153	4	1
12.208	154	4	1
12.279	155	2	1
12.327	156	3	1
12.375	157	2	1
12.422	158	1	1
12.565	159	4	2
12.851	160	4	3
12.565	161	3	1
12.565	162	1	1
12.637	163	2	1
12.708	164	3	1
12.779	165	2	1
12.851	166	1	1
12.922	167	3	1
12.994	168	4	1
12.994	169	2	1
13.065	170	4	1
13.137	171	1	2
13.422	172	1	3
13.137	173	2	1
13.208	174	3	1
13.279	175	2	1
13.351	176	3	1
13.422	177	4	1
13.494	178	2	1
13.565	179	3	1
13.565	180	1	1
13.637	181	1	1
13.708	182	3	2
13.994	183	3	3
13.708	184	4	1
13.779	185	2	1
13.851	186	4	1
13.922	187	2	1
13.994	188	1	1
14.065	189	3	1
14.137	190	4	1
14.137	191	2	1
14.208	192	4	1
14.279	193	2	2
14.565	194	2	3
14.279	195	1	1
14.351	196	3	1
14.422	197	1	1
14.494	198	3	1
14.565	199	4	1
14.637	200	2	1
14.708	201	3	1
14.708	202	1	1
14.779	203	1	1
14.851	204	4	1
14.851	205	3	1
14.922	206	2	1
14.994	207	4	1
15.065	208	2	1
15.137	209	3	1
15.137	210	1	1
15.208	211	4	1
15.279	212	2	1
15.279	213	3	1
15.351	214	4	1
15.422	215	2	1
15.422	216	1	1
15.494	217	3	1
15.565	218	1	1
15.637	219	3	1
15.708	220	4	1
15.708	221	2	1
15.779	222	1	1
15.851	223	3	1
15.851	224	2	1
15.922	225	1	1
15.994	226	4	1
15.994	227	3	1
16.065	228	2	1
16.137	229	4	1
16.137	230	1	1
16.208	231	2	1
16.208	232	3	1
16.279	233	4	1
16.279	234	1	1
16.351	235	3	1
16.422	236	1	1
16.422	237	2	1
16.494	238	4	1
16.494	239	3	1
16.565	240	1	1
16.565	241	2	1
16.637	242	3	1
16.708	243	1	1
16.708	244	4	1
16.779	245	3	1
16.779	246	2	1
16.851	247	4	1
16.851	248	1	1
16.922	249	4	1
16.994	250	2	1
17.065	251	2	1
17.137	252	1	2
17.422	253	1	3
17.137	254	4	2
17.208	255	4	3
17.137	256	3	1
17.279	257	4	2
17.351	258	4	3
17.422	259	4	2
17.565	260	4	3
17.422	261	2	1
17.565	262	1	2
17.708	263	1	3
17.565	264	3	1
17.637	265	2	1
17.708	266	4	1
17.708	267	3	1
17.851	268	1	2
17.994	269	1	3
17.851	270	4	1
17.994	271	2	1
17.994	272	4	1
18.137	273	1	2
18.279	274	1	3
18.137	275	2	2
18.279	276	2	3
18.137	277	3	1
18.279	278	4	1
18.351	279	4	1
18.422	280	1	2
18.565	281	1	3
18.422	282	2	2
18.565	283	2	3
18.422	284	3	1
18.565	285	4	1
18.637	286	1	1
18.708	287	4	1
18.708	288	3	2
18.779	289	3	3
18.779	290	2	1
18.851	291	1	1
18.851	292	3	2
18.994	293	3	3
18.994	294	4	1
18.994	295	2	1
19.065	296	2	1
19.137	297	3	2
19.279	298	3	3
19.137	299	4	1
19.279	300	2	1
19.351	301	3	1
19.422	302	1	2
19.494	303	1	3
19.422	304	4	2
19.708	305	4	3
19.565	306	2	2
19.637	307	2	3
19.708	308	1	2
19.779	309	1	3
19.708	310	3	1
19.851	311	2	2
19.922	312	2	3
19.851	313	4	2
19.994	314	4	3
19.994	315	2	1
19.994	316	1	1
20.065	317	1	1
20.137	318	4	2
20.279	319	4	3
20.137	320	3	1
20.279	321	2	1
20.351	322	1	1
20.422	323	4	2
20.565	324	4	3
20.422	325	3	2
20.565	326	3	3
20.422	327	2	1
20.565	328	1	1
20.637	329	1	1
20.708	330	3	2
20.851	331	3	3
20.708	332	4	2
20.851	333	4	3
20.708	334	2	1
20.851	335	1	1
20.994	336	2	2
21.065	337	2	3
20.994	338	1	1
21.065	339	3	1
21.137	340	4	1
21.137	341	2	2
21.279	342	2	3
21.208	343	1	1
21.279	344	4	1
21.279	345	3	1
21.351	346	1	1
21.422	347	3	1
21.422	348	2	2
21.565	349	2	3
21.565	350	4	1
21.637	351	1	1
21.708	352	4	2
21.851	353	4	3
21.708	354	3	1
21.708	355	2	1
21.851	356	1	1
21.922	357	3	1
21.994	358	4	1
21.994	359	2	1
22.065	360	4	1
22.137	361	1	2
22.279	362	1	3
22.137	363	2	1
22.279	364	4	1
22.351	365	2	1
22.422	366	3	1
22.422	367	1	1
22.494	368	1	1
22.565	369	3	2
22.708	370	3	3
22.565	371	4	1
22.708	372	1	1
22.779	373	2	1
22.851	374	4	1
22.851	375	3	1
22.922	376	4	1
22.994	377	2	2
23.137	378	2	3
22.994	379	1	1
23.137	380	4	1
23.208	381	3	1
23.279	382	1	1
23.279	383	2	1
23.351	384	1	1
23.422	385	4	2
23.708	386	4	3
23.422	387	3	2
23.708	388	3	3
23.422	389	2	1
23.708	390	2	1
23.779	391	3	1
23.851	392	1	1
23.851	393	2	1
23.922	394	4	1
23.994	395	1	2
24.137	396	1	3
23.994	397	2	2
24.137	398	2	3
23.994	399	3	1
24.137	400	4	1
24.137	401	3	1
24.208	402	1	1
24.279	403	4	2
24.422	404	4	3
24.279	405	3	2
24.422	406	3	3
24.279	407	2	1
24.422	408	1	1
24.422	409	2	1
24.494	410	4	1
24.565	411	1	2
24.708	412	1	3
24.565	413	2	2
24.708	414	2	3
24.565	415	3	1
24.708	416	4	1
24.708	417	3	1
24.779	418	1	1
24.851	419	4	2
24.994	420	4	3
24.851	421	3	2
24.994	422	3	3
24.851	423	2	1
24.994	424	1	1
24.994	425	2	1
25.065	426	4	1
25.137	427	1	2
25.279	428	1	3
25.137	429	2	2
25.208	430	2	3
25.137	431	3	1
25.279	432	4	2
25.351	433	4	3
25.279	434	3	2
25.351	435	3	3
25.279	436	2	1
25.422	437	3	2
25.565	438	3	3
25.422	439	1	2
25.494	440	1	3
25.422	441	4	1
25.565	442	4	2
25.708	443	4	3
25.565	444	2	2
25.637	445	2	3
25.565	446	1	1
25.708	447	2	1
25.779	448	2	1
25.851	449	1	2
26.137	450	1	3
25.851	451	4	2
26.137	452	4	3
25.851	453	3	1
26.137	454	2	1
26.208	455	3	1
26.279	456	1	1
26.279	457	2	1
26.279	458	4	1
26.422	459	4	1
26.565	460	1	1
26.565	461	4	1
26.708	462	2	2
26.779	463	2	3
26.851	464	2	2
26.994	465	2	3
26.994	466	3	2
27.065	467	3	3
27.137	468	4	1
27.137	469	1	2
27.208	470	1	3
27.279	471	3	1
27.327	472	4	2
27.708	473	4	3
27.351	474	2	1
27.422	475	1	1
27.565	476	1	1
27.708	477	2	2
27.851	478	2	3
27.708	479	1	1
27.851	480	4	1
27.922	481	1	1
27.994	482	3	2
28.137	483	3	3
28.137	484	4	1
28.279	485	4	1
28.279	486	1	2
28.422	487	1	3
28.422	488	3	1
28.494	489	4	1
28.565	490	2	1
28.613	491	1	2
28.851	492	1	3
28.708	493	3	1
28.851	494	2	1
28.851	495	4	2
28.922	496	4	3
28.994	497	4	2
29.422	498	4	3
29.137	499	1	1
29.279	500	1	1
29.422	501	2	1
29.494	502	4	1
29.565	503	2	1
29.637	504	4	1
29.708	505	1	1
29.708	506	3	1
29.851	507	3	1
29.922	508	2	1
29.994	509	4	1
29.994	510	3	1
30.065	511	1	1
30.137	512	2	1
30.208	513	4	1
30.279	514	1	1
30.351	515	3	1
30.422	516	4	1
30.494	517	3	1
30.565	518	1	1
30.565	519	2	1
30.637	520	4	1
30.708	521	2	1
30.779	522	3	1
30.851	523	1	1
30.994	524	1	1
31.137	525	4	1
31.137	526	1	1
31.279	527	3	2
31.351	528	3	3
31.351	529	2	1
31.422	530	1	2
31.494	531	1	3
31.565	532	2	2
31.637	533	2	3
31.708	534	3	1
31.708	535	4	2
31.779	536	4	3
31.851	537	3	2
31.922	538	3	3
31.922	539	2	1
31.994	540	4	1
32.137	541	4	1
32.279	542	1	1
32.279	543	4	1
32.422	544	3	2
32.494	545	3	3
32.494	546	1	1
32.565	547	3	2
32.708	548	3	3
32.708	549	2	2
32.779	550	2	3
32.851	551	1	2
32.994	552	1	3
32.851	553	4	1
32.994	554	3	2
33.065	555	3	3
33.137	556	3	2
33.422	557	3	3
33.279	558	1	1
33.422	559	4	2
33.494	560	4	3
33.422	561	1	1
33.565	562	4	2
33.994	563	4	3
33.637	564	2	1
33.708	565	3	1
33.851	566	3	1
33.994	567	1	1
33.994	568	2	1
34.065	569	3	1
34.137	570	1	1
34.208	571	3	1
34.279	572	4	2
34.351	573	4	3
34.279	574	1	2
34.351	575	1	3
34.279	576	2	1
34.422	577	4	2
34.494	578	4	3
34.422	579	1	2
34.494	580	1	3
34.422	581	2	1
34.565	582	4	2
34.637	583	4	3
34.565	584	1	2
34.637	585	1	3
34.565	586	2	1
34.708	587	1	2
34.851	588	1	3
34.708	589	4	2
34.851	590	4	3
34.708	591	2	1
34.851	592	3	1
34.922	593	1	1
34.994	594	4	2
35.279	595	4	3
34.994	596	3	2
35.279	597	3	3
34.994	598	2	1
35.279	599	2	1
35.351	600	3	1
35.422	601	4	1
35.422	602	2	1
35.422	603	1	1
35.565	604	1	1
35.708	605	4	1
35.708	606	1	1
35.851	607	3	2
35.922	608	3	3
35.922	609	1	1
35.994	610	4	1
35.994	611	3	2
36.137	612	3	3
36.137	613	2	2
36.208	614	2	3
36.208	615	3	1
36.279	616	1	1
36.279	617	4	2
36.351	618	4	3
36.422	619	2	1
36.470	620	1	2
36.851	621	1	3
36.565	622	3	1
36.565	623	4	1
36.708	624	4	2
36.851	625	4	3
36.851	626	2	1
36.851	627	3	2
36.994	628	3	3
36.994	629	1	1
37.065	630	4	1
37.137	631	1	1
37.137	632	2	2
37.279	633	2	3
37.279	634	3	1
37.351	635	2	1
37.422	636	1	1
37.422	637	4	2
37.565	638	4	3
37.565	639	2	1
37.708	640	1	1
37.708	641	3	1
37.756	642	4	2
37.994	643	4	3
37.851	644	3	1
37.994	645	2	1
37.994	646	1	2
38.065	647	1	3
38.137	648	1	2
38.422	649	1	3
38.208	650	4	1
38.279	651	2	1
38.279	652	3	1
38.422	653	3	2
38.494	654	3	3
38.494	655	2	1
38.565	656	4	2
38.637	657	4	3
38.565	658	1	1
38.708	659	1	1
38.756	660	2	2
38.994	661	2	3
38.851	662	3	2
38.994	663	3	3
38.851	664	4	1
38.994	665	4	2
39.065	666	4	3
39.137	667	1	2
39.208	668	1	3
39.137	669	2	1
39.279	670	3	2
39.422	671	3	3
39.351	672	1	1
39.422	673	4	1
39.422	674	2	1
39.565	675	2	2
39.851	676	2	3
39.637	677	3	1
39.708	678	1	1
39.708	679	4	1
39.851	680	4	2
39.922	681	4	3
39.922	682	3	2
39.994	683	3	3
39.994	684	1	2
40.279	685	1	3
39.994	686	2	1
40.137	687	4	1
40.279	688	4	1
40.279	689	2	1
40.422	690	3	1
40.494	691	1	1
40.565	692	3	2
40.708	693	3	3
40.565	694	4	1
40.708	695	4	2
40.779	696	4	3
40.851	697	2	2
40.922	698	2	3
40.851	699	3	1
40.994	700	1	2
41.279	701	1	3
41.137	702	4	1
41.137	703	3	1
41.279	704	2	1
41.422	705	4	2
41.565	706	4	3
41.422	707	2	1
41.565	708	3	1
41.565	709	1	1
41.637	710	3	1
41.708	711	2	2
41.851	712	2	3
41.708	713	1	1
41.851	714	4	1
41.851	715	3	1
41.994	716	4	1
41.994	717	1	1
42.065	718	3	1
42.137	719	1	1
42.137	720	2	1
42.208	721	3	1
42.279	722	4	2
42.708	723	4	3
42.279	724	1	1
42.279	725	2	1
42.565	726	1	1
42.708	727	3	2
42.779	728	3	3
42.851	729	4	2
43.279	730	4	3
42.851	731	1	1
43.137	732	1	1
43.279	733	3	2
43.351	734	3	3
43.422	735	4	2
43.708	736	4	3
43.994	737	1	2
44.279	738	1	3
44.279	739	2	2
44.565	740	2	3
44.565	741	3	2
44.851	742	3	3
44.851	743	4	2
45.137	744	4	3
45.137	745	3	2
45.422	746	3	3
45.422	747	1	2
45.708	748	1	3
45.708	749	2	1
45.756	750	4	2
45.994	751	4	3
45.994	752	2	1
46.137	753	3	1
46.184	754	1	1
46.232	755	4	1
46.279	756	3	2
46.422	757	3	3
46.279	758	2	1
46.422	759	2	1
46.494	760	2	1
46.565	761	3	1
46.565	762	4	2
46.779	763	4	3
46.565	764	1	2
46.708	765	1	3
46.708	766	2	1
46.851	767	4	2
46.922	768	4	3
46.851	769	1	1
46.851	770	3	2
47.137	771	3	3
46.994	772	4	2
47.137	773	4	3
46.994	774	2	1
47.137	775	1	2
47.208	776	1	3
47.137	777	2	2
47.279	778	2	3
47.279	779	3	1
47.279	780	1	2
47.422	781	1	3
47.279	782	4	2
47.565	783	4	3
47.565	784	3	2
47.708	785	3	3
47.708	786	1	2
47.779	787	1	3
47.708	788	4	1
47.779	789	4	1
47.851	790	1	2
48.137	791	1	3
47.851	792	2	2
47.994	793	2	3
47.851	794	3	1
47.994	795	4	1
48.065	796	2	1
48.137	797	3	2
48.208	798	3	3
48.137	799	4	2
48.422	800	4	3
48.279	801	2	2
48.351	802	2	3
48.279	803	3	2
48.422	804	3	3
48.422	805	1	2
48.494	806	1	3
48.422	807	2	2
48.565	808	2	3
48.565	809	4	2
48.708	810	4	3
48.565	811	3	2
48.708	812	3	3
48.565	813	1	2
48.708	814	1	3
48.708	815	2	1
48.779	816	4	1
48.851	817	1	1
48.851	818	3	1
48.922	819	1	1
48.994	820	3	1
49.065	821	3	1
49.137	822	4	1
49.137	823	1	1
49.137	824	2	1
49.208	825	3	1
49.279	826	1	1
49.351	827	3	1
49.422	828	4	1
49.422	829	2	1
49.494	830	1	1
49.565	831	2	1
49.565	832	3	1
49.637	833	3	1
49.708	834	1	1
49.708	835	2	1
49.779	836	4	1
49.851	837	3	1
49.851	838	1	1
49.922	839	2	1
49.994	840	4	1
49.994	841	3	1
50.065	842	2	1
50.137	843	4	1
50.137	844	1	1
50.208	845	1	1
50.279	846	4	1
50.279	847	3	1
50.351	848	2	1
50.422	849	4	1
50.494	850	2	1
50.565	851	3	1
50.565	852	1	1
50.637	853	4	1
50.708	854	2	1
50.708	855	3	1
50.779	856	2	1
50.851	857	4	1
50.851	858	3	1
50.922	859	1	1
50.994	860	4	1
50.994	861	2	1
51.065	862	3	1
51.137	863	1	1
51.137	864	2	1
51.208	865	3	1
51.279	866	1	1
51.279	867	4	1
51.351	868	4	1
51.422	869	1	1
51.422	870	2	1
51.494	871	3	1
51.565	872	1	1
51.637	873	3	1
51.708	874	4	1
51.708	875	2	1
51.779	876	1	1
51.851	877	3	1
51.851	878	2	1
51.922	879	3	1
51.994	880	1	1
51.994	881	2	1
52.065	882	4	1
52.137	883	1	1
52.137	884	3	1
52.208	885	2	1
52.279	886	4	1
52.279	887	3	1
52.351	888	2	1
52.422	889	1	1
52.422	890	4	1
52.494	891	1	1
52.565	892	3	1
52.565	893	4	1
52.637	894	2	1
52.708	895	4	1
52.779	896	2	1
52.851	897	3	1
52.851	898	1	1
52.922	899	4	1
52.994	900	2	1
52.994	901	3	1
53.065	902	2	1
53.137	903	4	1
53.137	904	3	1
53.208	905	1	1
53.279	906	4	1
53.279	907	2	1
53.351	908	3	1
53.422	909	1	1
53.422	910	2	1
53.494	911	4	1
53.565	912	3	1
53.565	913	2	1
53.637	914	1	1
53.708	915	4	1
53.708	916	3	1
53.851	917	3	1
53.851	918	2	1
53.922	919	2	1
53.994	920	1	1
53.994	921	4	1
54.137	922	2	1
54.137	923	1	1
54.208	924	4	1
54.279	925	2	1
54.279	926	3	1
54.351	927	4	1
54.422	928	1	1
54.422	929	2	1
54.565	930	4	1
54.565	931	1	1
54.708	932	4	1
54.708	933	3	1
54.779	934	1	1
54.851	935	4	1
54.851	936	3	1
54.994	937	3	1
54.994	938	2	1
55.065	939	2	1
55.137	940	4	1
55.137	941	1	1
55.279	942	1	1
55.279	943	2	1
55.351	944	4	1
55.422	945	3	1
55.422	946	2	1
55.494	947	4	1
55.565	948	1	1
55.565	949	2	1
55.708	950	4	1
55.708	951	1	1
55.851	952	3	1
55.851	953	2	1
55.922	954	4	1
55.994	955	1	1
55.994	956	2	1
56.137	957	3	1
56.137	958	2	1
56.208	959	3	1
56.279	960	4	1
56.279	961	1	1
56.422	962	4	1
56.422	963	3	1
56.494	964	1	1
56.565	965	3	1
56.565	966	2	1
56.637	967	1	1
56.708	968	2	1
56.708	969	4	1
56.779	970	3	1
56.851	971	4	1
56.851	972	1	1
56.994	973	2	1
56.994	974	3	1
57.065	975	1	1
57.137	976	4	1
57.137	977	3	1
57.137	978	2	1
57.208	979	1	1
57.279	980	3	1
57.279	981	4	1
57.351	982	2	1
57.422	983	3	1
57.422	984	1	1
57.494	985	2	1
57.565	986	4	1
57.565	987	3	1
57.637	988	1	1
57.708	989	4	2
57.851	990	4	3
57.708	991	3	1
57.708	992	2	1
57.851	993	1	1
57.898	994	2	1
57.946	995	4	1
57.994	996	1	1
58.041	997	3	1
58.089	998	4	1
58.137	999	2	1
58.184	1000	1	1
58.232	1001	3	1
58.279	1002	4	2
58.351	1003	4	3
58.279	1004	1	2
58.351	1005	1	3
58.279	1006	2	1
58.422	1007	4	2
58.565	1008	4	3
58.422	1009	1	2
58.565	1010	1	3
58.565	1011	2	2
58.637	1012	2	3
58.637	1013	4	1
58.708	1014	2	2
58.851	1015	2	3
58.779	1016	3	1
58.851	1017	1	1
58.922	1018	3	1
58.994	1019	1	2
59.137	1020	1	3
58.994	1021	4	1
58.994	1022	2	1
59.137	1023	4	2
59.208	1024	4	3
59.279	1025	3	1
59.279	1026	1	2
59.565	1027	1	3
59.279	1028	2	2
59.422	1029	2	3
59.327	1030	4	1
59.565	1031	3	2
59.637	1032	3	3
59.565	1033	4	1
59.708	1034	3	2
59.922	1035	3	3
59.708	1036	2	1
59.851	1037	2	1
59.922	1038	4	1
59.922	1039	1	1
59.994	1040	3	1
60.065	1041	3	1
60.137	1042	1	1
60.137	1043	2	1
60.279	1044	3	1
60.279	1045	2	1
60.422	1046	4	1
60.422	1047	1	1
60.494	1048	1	1
60.565	1049	4	2
60.851	1050	4	3
60.565	1051	3	1
60.565	1052	2	1
60.708	1053	1	2
60.779	1054	1	3
60.851	1055	2	1
60.851	1056	1	2
60.922	1057	1	3
60.994	1058	1	2
61.137	1059	1	3
61.065	1060	4	1
61.065	1061	3	1
61.137	1062	2	1
61.279	1063	4	1
61.279	1064	2	2
61.422	1065	2	3
61.422	1066	3	2
61.494	1067	3	3
61.422	1068	1	1
61.565	1069	3	2
61.708	1070	3	3
61.565	1071	2	1
61.565	1072	4	2
61.851	1073	4	3
61.851	1074	2	1
61.851	1075	1	1
61.922	1076	3	1
61.994	1077	1	2
62.137	1078	1	3
61.994	1079	4	2
62.065	1080	4	3
62.137	1081	4	1
62.208	1082	1	1
62.208	1083	2	1
62.279	1084	3	2
62.422	1085	3	3
62.351	1086	2	1
62.422	1087	4	1
62.422	1088	1	1
62.494	1089	3	1
62.565	1090	1	1
62.565	1091	2	2
62.708	1092	2	3
62.708	1093	4	1
62.708	1094	3	1
62.779	1095	4	1
62.851	1096	1	2
62.994	1097	1	3
62.851	1098	3	1
62.851	1099	2	1
62.994	1100	4	2
63.065	1101	4	3
63.137	1102	2	2
63.208	1103	2	3
63.279	1104	3	2
63.565	1105	3	3
63.422	1106	1	1
63.565	1107	2	1
63.637	1108	2	1
63.708	1109	4	1
63.708	1110	1	1
63.851	1111	1	2
64.137	1112	1	3
63.851	1113	2	2
63.994	1114	2	3
63.851	1115	3	1
64.137	1116	4	2
64.279	1117	4	3
64.137	1118	3	2
64.208	1119	3	3
64.279	1120	3	2
64.422	1121	3	3
64.279	1122	2	2
64.351	1123	2	3
64.422	1124	1	2
64.494	1125	1	3
64.422	1126	2	2
64.565	1127	2	3
64.565	1128	4	2
64.708	1129	4	3
64.565	1130	3	2
64.637	1131	3	3
64.565	1132	1	2
64.708	1133	1	3
64.708	1134	2	2
64.779	1135	2	3
64.708	1136	3	1
64.779	1137	1	1
64.851	1138	4	2
64.994	1139	4	3
64.851	1140	3	2
64.922	1141	3	3
64.922	1142	2	1
64.994	1143	1	1
65.065	1144	1	1
65.137	1145	4	2
65.208	1146	4	3
65.137	1147	3	2
65.208	1148	3	3
65.137	1149	2	1
65.279	1150	4	2
65.422	1151	4	3
65.279	1152	3	2
65.422	1153	3	3
65.422	1154	1	2
65.494	1155	1	3
65.494	1156	4	1
65.565	1157	1	2
65.708	1158	1	3
65.637	1159	3	1
65.708	1160	2	1
65.779	1161	1	1
65.851	1162	4	2
65.994	1163	4	3
65.851	1164	3	1
65.851	1165	2	1
65.994	1166	1	2
66.065	1167	1	3
66.137	1168	4	2
66.422	1169	4	3
66.137	1170	3	2
66.279	1171	3	3
66.137	1172	2	1
66.184	1173	1	1
66.422	1174	2	2
66.494	1175	2	3
66.422	1176	1	1
66.494	1177	4	1
66.565	1178	3	1
66.565	1179	2	2
66.708	1180	2	3
66.708	1181	4	1
66.708	1182	3	1
66.779	1183	1	1
66.851	1184	4	1
66.922	1185	1	1
66.922	1186	2	1
66.994	1187	3	1
67.065	1188	2	1
67.137	1189	4	1
67.137	1190	1	1
67.279	1191	3	1
67.279	1192	2	1
67.351	1193	3	1
67.422	1194	1	2
67.708	1195	1	3
67.422	1196	4	1
67.422	1197	2	1
67.565	1198	3	2
67.637	1199	3	3
67.565	1200	4	1
67.708	1201	3	2
67.779	1202	3	3
67.708	1203	2	1
67.851	1204	3	2
67.994	1205	3	3
67.922	1206	1	1
67.994	1207	4	1
67.994	1208	2	1
68.137	1209	2	2
68.279	1210	2	3
68.137	1211	1	1
68.279	1212	4	1
68.279	1213	3	2
68.351	1214	3	3
68.422	1215	1	2
68.708	1216	1	3
68.422	1217	2	2
68.565	1218	2	3
68.422	1219	3	1
68.708	1220	4	1
68.708	1221	3	1
68.779	1222	2	1
68.851	1223	1	2
68.922	1224	1	3
68.851	1225	4	2
68.994	1226	4	3
68.994	1227	1	1
69.065	1228	4	1
69.065	1229	3	1
69.137	1230	2	2
69.279	1231	2	3
69.208	1232	4	1
69.208	1233	1	1
69.279	1234	3	1
69.351	1235	4	1
69.422	1236	1	2
69.565	1237	1	3
69.422	1238	2	1
69.565	1239	4	1
69.565	1240	3	1
69.637	1241	3	1
69.708	1242	4	2
69.994	1243	4	3
69.708	1244	2	1
69.708	1245	1	1
69.851	1246	2	1
69.851	1247	1	1
69.994	1248	3	1
69.994	1249	1	1
70.137	1250	2	2
70.279	1251	2	3
70.208	1252	4	1
70.279	1253	3	2
70.565	1254	3	3
70.279	1255	1	1
70.422	1256	4	2
70.565	1257	4	3
70.422	1258	2	1
70.565	1259	2	2
70.637	1260	2	3
70.565	1261	1	1
70.708	1262	4	2
70.851	1263	4	3
70.708	1264	1	2
70.994	1265	1	3
70.708	1266	3	1
70.994	1267	4	2
71.137	1268	4	3
70.994	1269	3	1
71.137	1270	1	2
71.208	1271	1	3
71.137	1272	3	1
71.279	1273	2	2
71.565	1274	2	3
71.351	1275	4	1
71.351	1276	3	1
71.422	1277	1	1
71.494	1278	4	1
71.565	1279	3	1
71.637	1280	3	1
71.708	1281	1	1
71.708	1282	2	1
71.851	1283	2	1
71.851	1284	4	1
71.922	1285	2	1
71.994	1286	1	2
72.279	1287	1	3
71.994	1288	4	2
72.279	1289	4	3
71.994	1290	3	1
72.279	1291	2	2
72.351	1292	2	3
72.422	1293	4	2
72.708	1294	4	3
72.422	1295	2	2
72.708	1296	2	3
72.708	1297	3	2
72.851	1298	3	3
72.708	1299	1	1
72.851	1300	2	2
72.994	1301	2	3
72.851	1302	1	1
72.994	1303	3	2
73.137	1304	3	3
73.065	1305	1	2
73.137	1306	1	3
73.137	1307	4	2
73.422	1308	4	3
73.137	1309	2	2
73.422	1310	2	3
73.422	1311	1	2
73.708	1312	1	3
73.565	1313	4	2
73.851	1314	4	3
73.565	1315	3	1
73.708	1316	2	2
73.994	1317	2	3
73.851	1318	3	1
73.851	1319	1	1
73.994	1320	4	2
74.137	1321	4	3
73.994	1322	3	2
74.279	1323	3	3
74.137	1324	2	2
74.279	1325	2	3
74.279	1326	1	2
74.565	1327	1	3
74.279	1328	4	2
74.565	1329	4	3
74.565	1330	3	1
74.708	1331	2	2
74.779	1332	2	3
74.708	1333	1	2
74.994	1334	1	3
74.851	1335	4	2
74.922	1336	4	3
74.994	1337	3	2
75.137	1338	3	3
74.994	1339	4	1
75.137	1340	4	2
75.279	1341	4	3
75.137	1342	2	2
75.208	1343	2	3
75.279	1344	2	2
75.565	1345	2	3
75.422	1346	1	2
75.708	1347	1	3
75.422	1348	3	1
75.565	1349	3	2
75.708	1350	3	3
75.708	1351	4	2
75.779	1352	4	3
75.851	1353	4	2
76.137	1354	4	3
75.851	1355	2	2
75.994	1356	2	3
76.137	1357	2	2
76.279	1358	2	3
76.137	1359	1	1
76.279	1360	1	1
76.279	1361	3	2
76.422	1362	3	3
76.422	1363	2	1
76.422	1364	4	1
76.494	1365	2	1
76.565	1366	3	2
76.708	1367	3	3
76.565	1368	4	2
76.637	1369	4	3
76.565	1370	1	2
76.637	1371	1	3
76.708	1372	4	2
76.851	1373	4	3
76.708	1374	1	2
76.851	1375	1	3
76.708	1376	2	2
76.851	1377	2	3
76.994	1378	1	2
77.137	1379	1	3
76.994	1380	2	2
77.137	1381	2	3
76.994	1382	3	2
77.137	1383	3	3
77.279	1384	4	2
77.351	1385	4	3
77.279	1386	3	2
77.351	1387	3	3
77.279	1388	2	2
77.422	1389	2	3
77.422	1390	1	2
77.565	1391	1	3
77.422	1392	3	2
77.565	1393	3	3
77.422	1394	4	2
77.565	1395	4	3
77.708	1396	2	1
77.779	1397	3	1
77.851	1398	2	1
77.922	1399	3	1
77.994	1400	4	2
78.279	1401	4	3
77.994	1402	1	2
78.279	1403	1	3
77.994	1404	2	2
78.137	1405	2	3
78.279	1406	3	2
78.565	1407	3	3
78.279	1408	2	2
78.422	1409	2	3
78.422	1410	1	1
78.494	1411	4	1
78.565	1412	2	1
78.565	1413	1	1
78.637	1414	3	1
78.708	1415	2	1
78.779	1416	3	1
78.851	1417	4	1
78.851	1418	1	1
78.851	1419	2	1
78.994	1420	1	1
78.994	1421	3	1
79.137	1422	2	1
79.137	1423	4	1
79.137	1424	3	1
79.279	1425	4	1
79.279	1426	1	1
79.422	1427	2	1
79.422	1428	1	1
79.422	1429	3	1
79.565	1430	4	1
79.565	1431	2	1
79.637	1432	2	1
79.708	1433	4	1
79.708	1434	3	1
79.708	1435	1	1
79.851	1436	1	2
80.137	1437	1	3
79.851	1438	2	1
79.851	1439	3	1
79.994	1440	4	1
80.065	1441	2	1
80.137	1442	3	1
80.208	1443	1	1
80.279	1444	3	1
80.351	1445	2	1
80.422	1446	4	1
80.494	1447	2	1
80.565	1448	4	1
80.565	1449	3	1
80.637	1450	1	1
80.708	1451	4	1
80.708	1452	3	1
80.779	1453	2	1
80.851	1454	4	1
80.851	1455	1	1
80.922	1456	3	1
80.994	1457	1	1
81.065	1458	3	1
81.137	1459	4	1
81.137	1460	1	1
81.137	1461	2	1
81.279	1462	1	1
81.279	1463	2	1
81.351	1464	3	1
81.422	1465	2	1
81.422	1466	4	1
81.494	1467	1	1
81.565	1468	2	1
81.637	1469	1	1
81.708	1470	4	1
81.708	1471	3	1
81.779	1472	2	1
81.851	1473	3	1
81.851	1474	4	1
81.922	1475	1	1
81.994	1476	3	1
81.994	1477	2	1
82.065	1478	4	1
82.137	1479	2	2
82.351	1480	2	3
82.137	1481	1	1
82.208	1482	3	1
82.279	1483	1	1
82.351	1484	3	1
82.422	1485	4	1
82.422	1486	2	1
82.494	1487	1	1
82.565	1488	4	1
82.565	1489	3	1
82.637	1490	2	1
82.708	1491	3	2
82.922	1492	3	3
82.779	1493	4	1
82.779	1494	1	1
82.851	1495	2	1
82.922	1496	1	1
82.994	1497	4	2
83.065	1498	4	3
82.994	1499	3	1
83.137	1500	2	2
83.208	1501	2	3
83.137	1502	3	1
83.279	1503	4	1
83.279	1504	2	1
83.351	1505	2	1
83.422	1506	4	2
83.565	1507	4	3
83.422	1508	1	2
83.494	1509	1	3
83.565	1510	1	2
83.708	1511	1	3
83.708	1512	4	2
83.779	1513	4	3
83.708	1514	2	1
83.851	1515	2	2
84.137	1516	2	3
83.922	1517	4	1
83.922	1518	3	1
83.994	1519	1	1
84.137	1520	1	2
84.279	1521	1	3
84.137	1522	4	1
84.279	1523	4	2
84.351	1524	4	3
84.279	1525	3	1
84.422	1526	3	2
84.708	1527	3	3
84.422	1528	2	2
84.565	1529	2	3
84.708	1530	2	2
84.779	1531	2	3
84.708	1532	1	1
84.851	1533	1	1
84.851	1534	4	1
84.922	1535	2	1
84.994	1536	4	2
85.279	1537	4	3
85.065	1538	2	1
85.065	1539	3	1
85.137	1540	1	1
85.279	1541	2	1
85.279	1542	1	1
85.351	1543	4	1
85.422	1544	2	1
85.422	1545	3	1
85.494	1546	1	1
85.565	1547	3	1
85.637	1548	3	1
85.708	1549	1	1
85.708	1550	4	1
85.756	1551	2	1
85.803	1552	4	1
85.851	1553	1	1
85.898	1554	3	1
85.946	1555	4	1
85.994	1556	2	2
86.065	1557	2	3
85.994	1558	1	1
86.137	1559	3	2
86.351	1560	3	3
86.208	1561	1	1
86.208	1562	4	1
86.279	1563	2	1
86.351	1564	1	1
86.422	1565	4	1
86.422	1566	3	1
86.494	1567	2	1
86.565	1568	4	1
86.565	1569	1	1
86.637	1570	3	1
86.708	1571	2	2
86.994	1572	2	3
86.708	1573	1	1
86.922	1574	4	2
86.994	1575	4	3
86.994	1576	1	1
86.994	1577	3	1
87.065	1578	2	1
87.137	1579	4	2
87.279	1580	4	3
87.137	1581	3	1
87.279	1582	1	2
87.422	1583	1	3
87.279	1584	2	2
87.565	1585	2	3
87.494	1586	4	1
87.565	1587	1	1
87.565	1588	3	2
87.851	1589	3	3
87.708	1590	2	1
87.708	1591	4	1
87.851	1592	1	1
87.922	1593	1	1
87.994	1594	4	1
87.994	1595	3	1
88.065	1596	2	1
88.137	1597	4	1
88.137	1598	3	1
88.208	1599	1	1
88.279	1600	3	1
88.279	1601	2	1
88.351	1602	4	1
88.422	1603	2	1
88.494	1604	1	1
88.565	1605	4	1
88.565	1606	3	1
88.637	1607	2	1
88.708	1608	4	1
88.779	1609	1	1
88.851	1610	2	1
88.851	1611	3	1
88.994	1612	4	1
88.994	1613	1	2
89.137	1614	1	3
88.994	1615	2	2
89.137	1616	2	3
89.279	1617	4	2
89.422	1618	4	3
89.279	1619	3	2
89.422	1620	3	3
89.279	1621	2	1
89.422	1622	2	1
89.494	1623	2	1
89.565	1624	3	2
89.708	1625	3	3
89.565	1626	1	2
89.708	1627	1	3
89.565	1628	4	2
89.708	1629	4	3
89.851	1630	2	2
89.922	1631	2	3
89.851	1632	4	2
89.922	1633	4	3
89.851	1634	3	2
89.922	1635	3	3
89.994	1636	2	2
90.137	1637	2	3
89.994	1638	4	2
90.137	1639	4	3
89.994	1640	3	2
90.065	1641	3	3
90.137	1642	3	1
90.208	1643	3	1
90.279	1644	4	1
90.279	1645	1	1
90.279	1646	2	1
90.351	1647	3	1
90.422	1648	1	1
90.422	1649	2	1
90.494	1650	3	1
90.565	1651	1	1
90.565	1652	4	1
90.637	1653	2	1
90.708	1654	3	1
90.779	1655	1	1
90.851	1656	4	1
90.851	1657	3	1
90.922	1658	2	1
90.994	1659	4	1
90.994	1660	3	1
91.065	1661	2	1
91.137	1662	4	1
91.137	1663	1	1
91.208	1664	3	1
91.279	1665	2	1
91.279	1666	4	1
91.351	1667	3	1
91.422	1668	1	1
91.494	1669	4	1
91.565	1670	2	1
91.565	1671	1	2
91.851	1672	1	3
91.708	1673	3	1
91.708	1674	2	1
91.851	1675	3	1
91.922	1676	4	1
91.922	1677	2	1
91.994	1678	1	1
92.065	1679	3	1
92.137	1680	1	1
92.208	1681	3	1
92.279	1682	4	1
92.279	1683	2	1
92.351	1684	1	1
92.422	1685	3	1
92.422	1686	2	1
92.494	1687	1	1
92.565	1688	4	2
92.851	1689	4	3
92.565	1690	3	1
92.708	1691	1	1
92.708	1692	2	1
92.851	1693	3	1
92.851	1694	1	1
92.994	1695	2	2
93.065	1696	2	3
93.065	1697	4	1
93.137	1698	2	2
93.422	1699	2	3
93.137	1700	1	1
93.279	1701	4	1
93.279	1702	3	1
93.422	1703	3	1
93.422	1704	1	1
93.565	1705	4	2
93.851	1706	4	3
93.565	1707	2	2
93.708	1708	2	3
93.851	1709	2	1
93.851	1710	1	1
93.922	1711	3	1
93.994	1712	1	1
93.994	1713	4	1
94.065	1714	3	1
94.137	1715	4	1
94.208	1716	1	1
94.208	1717	2	1
94.351	1718	2	1
94.422	1719	4	1
94.422	1720	1	2
94.708	1721	1	3
94.565	1722	4	1
94.565	1723	3	1
94.708	1724	2	1
94.708	1725	3	1
94.779	1726	3	1
94.851	1727	4	2
95.137	1728	4	3
94.851	1729	1	1
94.994	1730	2	1
94.994	1731	1	1
95.137	1732	3	1
95.137	1733	2	1
95.208	1734	2	1
95.279	1735	4	1
95.351	1736	1	1
95.422	1737	3	1
95.494	1738	3	1
95.565	1739	1	1
95.637	1740	4	1
95.708	1741	1	1
95.708	1742	2	1
95.779	1743	1	1
95.851	1744	3	1
95.851	1745	4	1
95.922	1746	2	1
95.994	1747	4	1
96.065	1748	4	1
96.137	1749	2	1
96.208	1750	2	1
96.279	1751	3	1
96.279	1752	1	1
96.422	1753	4	2
96.708	1754	4	3
96.422	1755	3	2
96.565	1756	3	3
96.470	1757	2	1
96.637	1758	1	1
96.708	1759	3	2
96.851	1760	3	3
96.708	1761	2	1
96.851	1762	1	1
96.851	1763	2	1
96.922	1764	1	1
96.994	1765	4	1
97.065	1766	2	1
97.137	1767	3	1
97.137	1768	4	1
97.137	1769	1	1
97.208	1770	2	1
97.279	1771	4	1
97.279	1772	3	1
97.351	1773	2	1
97.422	1774	3	1
97.422	1775	1	1
97.494	1776	4	1
97.565	1777	1	1
97.637	1778	3	1
97.708	1779	4	1
97.708	1780	2	1
97.779	1781	1	1
97.851	1782	3	1
97.851	1783	2	1
97.922	1784	1	1
97.994	1785	4	1
97.994	1786	3	1
98.065	1787	2	1
98.137	1788	4	2
98.279	1789	4	3
98.137	1790	3	2
98.279	1791	3	3
98.137	1792	1	2
98.279	1793	1	3
98.422	1794	4	2
98.565	1795	4	3
98.422	1796	3	2
98.494	1797	3	3
98.422	1798	1	2
98.565	1799	1	3
98.565	1800	3	1
98.637	1801	3	1
98.708	1802	4	2
98.779	1803	4	3
98.708	1804	2	2
98.779	1805	2	3
98.708	1806	1	2
98.779	1807	1	3
98.851	1808	4	2
99.137	1809	4	3
98.851	1810	1	2
99.137	1811	1	3
98.851	1812	2	2
99.137	1813	2	3
99.137	1814	3	1
99.208	1815	4	1
99.279	1816	1	1
99.351	1817	3	1
99.422	1818	4	2
99.851	1819	4	3
99.422	1820	1	1
99.422	1821	2	1
99.708	1822	1	1
99.851	1823	3	2
99.922	1824	3	3
99.994	1825	4	2
100.422	1826	4	3
99.994	1827	1	1
100.279	1828	1	1
100.422	1829	3	2
100.494	1830	3	3
100.565	1831	4	2
100.851	1832	4	3
100.851	1833	2	1
101.137	1834	1	2
101.422	1835	1	3
101.422	1836	2	2
101.708	1837	2	3
101.708	1838	3	2
101.994	1839	3	3
101.994	1840	4	2
102.279	1841	4	3
102.279	1842	3	2
102.565	1843	3	3
102.565	1844	1	2
102.851	1845	1	3
102.851	1846	2	1
102.898	1847	4	2
103.137	1848	4	3
103.137	1849	2	1
103.279	1850	3	1
103.327	1851	1	1
103.375	1852	4	1
103.422	1853	3	2
103.565	1854	3	3
103.422	1855	2	1
103.565	1856	2	1
103.637	1857	2	1
103.708	1858	3	1
103.708	1859	4	2
103.922	1860	4	3
103.708	1861	1	2
103.851	1862	1	3
103.851	1863	2	1
103.994	1864	4	2
104.065	1865	4	3
103.994	1866	1	1
103.994	1867	3	2
104.279	1868	3	3
104.137	1869	4	2
104.279	1870	4	3
104.137	1871	2	1
104.279	1872	1	2
104.351	1873	1	3
104.279	1874	2	2
104.422	1875	2	3
104.422	1876	3	1
104.422	1877	1	2
104.565	1878	1	3
104.422	1879	4	2
104.708	1880	4	3
104.708	1881	3	2
104.851	1882	3	3
104.851	1883	1	2
104.922	1884	1	3
104.851	1885	4	1
104.922	1886	4	1
104.994	1887	1	2
105.279	1888	1	3
104.994	1889	2	2
105.137	1890	2	3
104.994	1891	3	1
105.137	1892	4	1
105.208	1893	2	1
105.279	1894	3	2
105.351	1895	3	3
105.279	1896	4	2
105.565	1897	4	3
105.422	1898	2	2
105.494	1899	2	3
105.422	1900	3	2
105.565	1901	3	3
105.565	1902	1	2
105.637	1903	1	3
105.565	1904	2	2
105.708	1905	2	3
105.708	1906	4	2
105.851	1907	4	3
105.708	1908	3	2
105.851	1909	3	3
105.708	1910	1	2
105.851	1911	1	3
105.851	1912	2	1
105.922	1913	4	1
105.994	1914	1	1
105.994	1915	3	1
106.065	1916	2	1
106.137	1917	3	1
106.208	1918	2	1
106.279	1919	4	1
106.279	1920	3	1
106.279	1921	1	1
106.708	1922	2	2
106.779	1923	2	3
106.851	1924	2	2
106.994	1925	2	3
106.994	1926	3	2
107.065	1927	3	3
107.137	1928	1	2
107.208	1929	1	3
107.279	1930	3	1
107.327	1931	4	2
107.708	1932	4	3
107.708	1933	2	2
107.851	1934	2	3
107.994	1935	3	2
108.137	1936	3	3
108.279	1937	1	2
108.422	1938	1	3
108.565	1939	2	1
108.613	1940	1	2
108.851	1941	1	3
108.851	1942	4	2
108.922	1943	4	3
108.994	1944	4	2
109.994	1945	4	3
110.137	1946	2	2
110.208	1947	2	3
110.279	1948	1	2
110.351	1949	1	3
110.422	1950	3	2
110.494	1951	3	3
110.565	1952	4	2
110.637	1953	4	3
110.708	1954	2	2
110.779	1955	2	3
111.279	1956	3	2
111.351	1957	3	3
111.422	1958	1	2
111.494	1959	1	3
111.565	1960	2	2
111.637	1961	2	3
111.708	1962	4	2
111.779	1963	4	3
111.851	1964	3	2
111.922	1965	3	3
112.422	1966	3	2
112.494	1967	3	3
112.565	1968	3	2
112.708	1969	3	3
112.708	1970	2	2
112.779	1971	2	3
112.851	1972	1	2
112.994	1973	1	3
112.994	1974	3	2
113.065	1975	3	3
113.137	1976	3	2
113.422	1977	3	3
113.422	1978	4	2
113.494	1979	4	3
113.565	1980	4	2
115.137	1981	4	3
115.422	1982	1	1
115.708	1983	1	1
115.851	1984	3	2
115.922	1985	3	3
115.994	1986	1	1
115.994	1987	3	2
116.137	1988	3	3
116.137	1989	2	2
116.208	1990	2	3
116.279	1991	4	2
116.351	1992	4	3
116.422	1993	2	1
116.470	1994	1	2
116.851	1995	1	3
116.565	1996	4	1
116.851	1997	3	2
116.994	1998	3	3
117.137	1999	4	1
117.137	2000	2	2
117.279	2001	2	3
117.422	2002	4	2
117.565	2003	4	3
117.565	2004	2	1
117.565	2005	1	1
117.708	2006	3	1
117.756	2007	4	2
117.994	2008	4	3
117.994	2009	1	2
118.065	2010	1	3
118.137	2011	1	2
118.422	2012	1	3
118.279	2013	4	1
118.279	2014	2	1
118.422	2015	3	2
118.494	2016	3	3
118.565	2017	4	2
118.637	2018	4	3
118.708	2019	1	1
118.756	2020	2	2
118.994	2021	2	3
118.851	2022	3	2
118.994	2023	3	3
118.994	2024	4	2
119.065	2025	4	3
119.137	2026	1	2
119.208	2027	1	3
119.279	2028	3	2
119.422	2029	3	3
119.351	2030	1	1
119.565	2031	4	1
119.565	2032	1	1
119.565	2033	2	2
119.851	2034	2	3
119.851	2035	1	1
119.851	2036	4	2
119.922	2037	4	3
119.922	2038	3	2
119.994	2039	3	3
119.994	2040	4	1
119.994	2041	2	1
119.994	2042	1	2
120.279	2043	1	3
120.137	2044	2	1
120.279	2045	4	1
120.279	2046	3	1
120.422	2047	1	1
120.494	2048	3	1
120.565	2049	4	1
120.565	2050	2	2
120.708	2051	2	3
120.708	2052	1	2
120.779	2053	1	3
120.851	2054	1	1
120.851	2055	3	2
120.922	2056	3	3
120.994	2057	3	2
121.279	2058	3	3
121.065	2059	1	1
121.137	2060	4	1
121.137	2061	2	1
121.279	2062	4	1
121.422	2063	1	2
121.565	2064	1	3
121.422	2065	2	1
121.565	2066	3	1
121.637	2067	2	1
121.708	2068	1	1
121.708	2069	4	2
121.851	2070	4	3
121.851	2071	1	1
121.994	2072	3	2
122.137	2073	3	3
121.994	2074	2	1
122.137	2075	4	1
122.208	2076	2	1
122.279	2077	1	1
122.279	2078	4	2
122.565	2079	4	3
122.422	2080	1	1
122.565	2081	3	1
122.565	2082	2	1
122.708	2083	1	2
122.779	2084	1	3
122.779	2085	4	1
122.851	2086	1	2
123.137	2087	1	3
122.851	2088	3	1
122.994	2089	3	1
123.137	2090	2	2
123.208	2091	2	3
123.137	2092	4	1
123.279	2093	3	2
123.565	2094	3	3
123.351	2095	4	1
123.422	2096	1	1
123.422	2097	2	1
123.565	2098	1	2
123.637	2099	1	3
123.708	2100	4	1
123.708	2101	2	1
123.851	2102	2	2
124.137	2103	2	3
123.922	2104	3	1
123.994	2105	4	1
123.994	2106	1	1
124.137	2107	4	2
124.279	2108	4	3
124.279	2109	1	1
124.279	2110	3	2
124.422	2111	3	3
124.422	2112	1	1
124.494	2113	1	1
124.565	2114	4	1
124.565	2115	3	1
124.565	2116	2	1
124.637	2117	1	1
124.708	2118	4	1
124.779	2119	2	1
124.851	2120	4	1
124.851	2121	3	1
124.922	2122	1	1
124.994	2123	3	1
125.065	2124	2	1
125.137	2125	3	1
125.137	2126	4	1
125.137	2127	1	1
125.208	2128	2	1
125.279	2129	4	1
125.351	2130	1	1
125.422	2131	4	1
125.422	2132	3	1
125.494	2133	2	1
125.565	2134	3	1
125.637	2135	1	1
125.708	2136	3	1
125.708	2137	4	1
125.708	2138	2	1
125.779	2139	1	1
125.851	2140	4	1
125.922	2141	3	1
125.994	2142	1	1
125.994	2143	2	1
126.065	2144	4	1
126.137	2145	2	1
126.208	2146	3	1
126.279	2147	4	1
126.279	2148	1	1
126.279	2149	2	1
126.351	2150	3	1
126.422	2151	1	1
126.494	2152	3	1
126.565	2153	2	1
126.565	2154	1	1
126.637	2155	4	1
126.708	2156	2	1
126.779	2157	3	1
126.851	2158	4	1
126.851	2159	2	1
126.851	2160	1	1
126.922	2161	3	1
126.994	2162	1	1
127.065	2163	4	1
127.137	2164	3	1
127.137	2165	1	1
127.137	2166	2	1
127.208	2167	4	1
127.279	2168	2	1
127.351	2169	3	1
127.422	2170	4	1
127.422	2171	1	1
127.422	2172	2	1
127.494	2173	3	1
127.565	2174	1	1
127.637	2175	4	1
127.708	2176	1	1
127.708	2177	2	1
127.708	2178	3	1
127.779	2179	4	1
127.851	2180	2	1
127.922	2181	3	1
127.994	2182	4	1
127.994	2183	1	1
127.994	2184	2	1
128.065	2185	3	1
128.137	2186	1	1
128.208	2187	2	1
128.279	2188	4	1
128.279	2189	3	1
128.279	2190	1	1
128.351	2191	2	1
128.422	2192	4	1
128.494	2193	1	1
128.565	2194	4	1
128.565	2195	3	1
128.565	2196	2	1
128.637	2197	1	1
128.708	2198	3	1
128.779	2199	4	1
128.851	2200	1	1
128.851	2201	2	1
128.851	2202	3	1
128.922	2203	4	1
128.994	2204	1	1
129.065	2205	3	1
129.137	2206	4	1
129.137	2207	1	1
129.137	2208	2	1
129.208	2209	3	1
129.279	2210	2	1
129.351	2211	3	1
129.422	2212	2	1
129.494	2213	3	1
129.565	2214	2	1
129.637	2215	3	1
129.708	2216	2	1
129.779	2217	3	1
129.851	2218	2	1
129.922	2219	3	1
129.994	2220	2	1
130.065	2221	3	1
130.137	2222	2	1
130.208	2223	3	1
130.279	2224	2	1
130.565	2225	1	2
130.851	2226	1	3
130.565	2227	2	2
130.708	2228	2	3
130.565	2229	3	1
130.637	2230	4	1
130.708	2231	3	1
130.779	2232	4	1
130.851	2233	2	1
130.922	2234	3	1
130.994	2235	2	1
131.065	2236	3	1
131.137	2237	4	1
131.137	2238	1	1
131.208	2239	2	1
131.279	2240	1	1
131.279	2241	4	1
131.351	2242	2	1
131.422	2243	4	2
131.494	2244	4	3
131.422	2245	1	2
131.494	2246	1	3
131.422	2247	3	1
131.565	2248	4	2
131.708	2249	4	3
131.565	2250	1	2
131.708	2251	1	3
131.708	2252	2	2
131.779	2253	2	3
131.779	2254	4	1
131.851	2255	2	2
131.994	2256	2	3
131.922	2257	3	1
131.994	2258	1	1
132.065	2259	3	1
132.137	2260	1	2
132.279	2261	1	3
132.137	2262	4	1
132.137	2263	2	1
132.279	2264	4	2
132.351	2265	4	3
132.422	2266	3	1
132.422	2267	1	2
132.708	2268	1	3
132.422	2269	2	2
132.565	2270	2	3
132.470	2271	4	1
132.708	2272	3	2
132.779	2273	3	3
132.708	2274	4	1
132.851	2275	3	2
133.065	2276	3	3
132.851	2277	2	1
132.994	2278	2	1
133.065	2279	4	1
133.065	2280	1	1
133.137	2281	3	1
133.208	2282	3	1
133.279	2283	1	1
133.279	2284	2	1
133.422	2285	3	1
133.422	2286	2	1
133.565	2287	4	1
133.565	2288	1	1
133.637	2289	1	1
133.708	2290	4	2
133.994	2291	4	3
133.708	2292	3	1
133.708	2293	2	1
133.851	2294	1	2
133.922	2295	1	3
133.994	2296	2	1
133.994	2297	1	2
134.065	2298	1	3
134.137	2299	1	2
134.279	2300	1	3
134.208	2301	4	1
134.208	2302	3	1
134.279	2303	2	1
134.422	2304	4	1
134.422	2305	2	2
134.565	2306	2	3
134.565	2307	3	2
134.637	2308	3	3
134.565	2309	1	1
134.708	2310	3	2
134.851	2311	3	3
134.708	2312	2	1
134.708	2313	4	2
134.994	2314	4	3
134.994	2315	2	1
134.994	2316	1	1
135.065	2317	3	1
135.137	2318	1	2
135.279	2319	1	3
135.137	2320	4	2
135.208	2321	4	3
135.279	2322	4	1
135.351	2323	1	1
135.351	2324	2	1
135.422	2325	3	2
135.565	2326	3	3
135.494	2327	2	1
135.565	2328	4	1
135.565	2329	1	1
135.637	2330	3	1
135.708	2331	1	1
135.708	2332	2	2
135.851	2333	2	3
135.851	2334	4	1
135.851	2335	3	1
135.922	2336	4	1
135.994	2337	1	2
136.137	2338	1	3
135.994	2339	3	1
135.994	2340	2	1
136.137	2341	4	2
136.208	2342	4	3
136.279	2343	2	2
136.351	2344	2	3
136.422	2345	3	2
136.708	2346	3	3
136.565	2347	1	1
136.708	2348	2	1
136.779	2349	2	1
136.851	2350	4	1
136.851	2351	1	1
136.994	2352	1	2
137.279	2353	1	3
136.994	2354	2	2
137.137	2355	2	3
136.994	2356	3	1
137.279	2357	4	2
137.422	2358	4	3
137.279	2359	3	2
137.351	2360	3	3
137.422	2361	3	2
137.565	2362	3	3
137.422	2363	2	2
137.494	2364	2	3
137.565	2365	1	2
137.637	2366	1	3
137.565	2367	2	2
137.708	2368	2	3
137.708	2369	4	2
137.851	2370	4	3
137.708	2371	3	2
137.779	2372	3	3
137.708	2373	1	2
137.851	2374	1	3
137.851	2375	2	2
137.922	2376	2	3
137.851	2377	3	1
137.922	2378	1	1
137.994	2379	4	2
138.137	2380	4	3
137.994	2381	3	2
138.065	2382	3	3
138.065	2383	2	1
138.137	2384	1	1
138.208	2385	1	1
138.279	2386	4	2
138.351	2387	4	3
138.279	2388	3	2
138.351	2389	3	3
138.279	2390	2	1
138.422	2391	4	2
138.565	2392	4	3
138.422	2393	3	2
138.565	2394	3	3
138.565	2395	1	2
138.637	2396	1	3
138.637	2397	4	1
138.708	2398	1	2
138.851	2399	1	3
138.779	2400	3	1
138.851	2401	2	1
138.922	2402	1	1
138.994	2403	4	2
139.137	2404	4	3
138.994	2405	3	1
138.994	2406	2	1
139.137	2407	1	2
139.208	2408	1	3
139.279	2409	4	2
139.565	2410	4	3
139.279	2411	3	2
139.422	2412	3	3
139.279	2413	2	1
139.327	2414	1	1
139.565	2415	2	2
139.637	2416	2	3
139.708	2417	2	2
139.994	2418	2	3
139.851	2419	4	1
139.994	2420	1	1
139.994	2421	4	1
140.137	2422	3	1
140.137	2423	1	1
140.279	2424	3	1
140.279	2425	2	1
140.422	2426	4	1
140.422	2427	1	1
140.565	2428	2	1
140.565	2429	4	1
140.565	2430	1	2
140.851	2431	1	3
140.708	2432	3	2
140.779	2433	3	3
140.851	2434	3	2
140.922	2435	3	3
140.994	2436	3	2
141.137	2437	3	3
141.137	2438	4	1
141.137	2439	1	1
141.279	2440	3	1
141.279	2441	2	2
141.422	2442	2	3
141.422	2443	4	1
141.422	2444	3	2
141.494	2445	3	3
141.565	2446	1	2
141.851	2447	1	3
141.565	2448	2	2
141.708	2449	2	3
141.851	2450	4	1
141.851	2451	3	1
141.922	2452	2	1
141.994	2453	4	2
142.137	2454	4	3
141.994	2455	1	2
142.065	2456	1	3
142.137	2457	1	1
142.208	2458	3	1
142.279	2459	2	2
142.422	2460	2	3
142.279	2461	4	1
142.422	2462	1	1
142.422	2463	4	1
142.565	2464	3	1
142.565	2465	1	2
142.708	2466	1	3
142.708	2467	3	1
142.779	2468	3	1
142.851	2469	1	1
142.851	2470	2	1
142.851	2471	4	2
143.137	2472	4	3
142.994	2473	1	1
142.994	2474	2	1
143.137	2475	3	1
143.137	2476	1	1
143.279	2477	2	2
143.422	2478	2	3
143.351	2479	4	1
143.422	2480	3	2
143.708	2481	3	3
143.422	2482	1	1
143.565	2483	4	2
143.708	2484	4	3
143.565	2485	2	1
143.708	2486	2	2
143.779	2487	2	3
143.708	2488	1	1
143.851	2489	4	2
143.994	2490	4	3
143.851	2491	1	2
144.137	2492	1	3
143.851	2493	3	1
144.137	2494	4	2
144.279	2495	4	3
144.137	2496	3	1
144.279	2497	1	2
144.351	2498	1	3
144.279	2499	3	1
144.422	2500	2	2
144.708	2501	2	3
144.494	2502	4	1
144.494	2503	3	1
144.565	2504	1	1
144.637	2505	4	1
144.708	2506	3	1
144.779	2507	3	1
144.851	2508	1	1
144.851	2509	2	1
144.994	2510	2	1
144.994	2511	4	1
145.065	2512	2	1
145.137	2513	1	2
145.422	2514	1	3
145.137	2515	4	2
145.422	2516	4	3
145.137	2517	3	1
145.422	2518	2	2
145.494	2519	2	3
145.565	2520	4	2
145.851	2521	4	3
145.565	2522	2	2
145.851	2523	2	3
145.851	2524	3	2
145.994	2525	3	3
145.851	2526	1	1
145.994	2527	2	2
146.137	2528	2	3
145.994	2529	1	1
146.137	2530	3	2
146.279	2531	3	3
146.208	2532	1	2
146.279	2533	1	3
146.279	2534	4	2
146.565	2535	4	3
146.279	2536	2	2
146.565	2537	2	3
146.565	2538	1	2
146.851	2539	1	3
146.708	2540	4	2
146.994	2541	4	3
146.708	2542	3	1
146.851	2543	2	2
147.137	2544	2	3
146.994	2545	3	1
146.994	2546	1	1
147.137	2547	4	2
147.279	2548	4	3
147.137	2549	3	2
147.422	2550	3	3
147.279	2551	2	2
147.422	2552	2	3
147.422	2553	1	2
147.708	2554	1	3
147.422	2555	4	2
147.708	2556	4	3
147.708	2557	2	2
147.779	2558	2	3
147.851	2559	4	2
148.137	2560	4	3
147.851	2561	2	2
148.137	2562	2	3
148.137	2563	1	2
148.208	2564	1	3
148.137	2565	3	2
148.279	2566	3	3
148.279	2567	4	2
148.422	2568	4	3
148.279	2569	1	2
148.422	2570	1	3
148.422	2571	2	2
148.565	2572	2	3
148.565	2573	4	2
148.637	2574	4	3
148.565	2575	1	2
148.708	2576	1	3
148.565	2577	3	2
148.637	2578	3	3
148.708	2579	3	2
148.779	2580	3	3
148.708	2581	4	2
148.851	2582	4	3
148.708	2583	2	2
148.779	2584	2	3
148.851	2585	2	2
148.922	2586	2	3
148.851	2587	3	2
148.994	2588	3	3
148.851	2589	1	2
148.922	2590	1	3
148.994	2591	4	2
149.279	2592	4	3
148.994	2593	1	2
149.137	2594	1	3
148.994	2595	2	2
149.137	2596	2	3
149.279	2597	2	2
149.351	2598	2	3
149.279	2599	1	1
149.422	2600	3	2
149.494	2601	3	3
149.422	2602	2	1
149.565	2603	3	1
149.565	2604	1	1
149.637	2605	3	1
149.708	2606	4	2
149.779	2607	4	3
149.708	2608	2	2
149.851	2609	2	3
149.708	2610	1	2
149.779	2611	1	3
149.851	2612	4	2
149.994	2613	4	3
149.851	2614	3	2
149.994	2615	3	3
149.851	2616	1	2
149.994	2617	1	3
150.137	2618	4	2
150.279	2619	4	3
150.137	2620	3	2
150.279	2621	3	3
150.137	2622	2	2
150.279	2623	2	3
150.422	2624	1	2
150.494	2625	1	3
150.422	2626	2	2
150.494	2627	2	3
150.422	2628	3	2
150.494	2629	3	3
150.565	2630	3	2
150.851	2631	3	3
150.565	2632	2	2
150.851	2633	2	3
150.565	2634	1	2
150.851	2635	1	3
150.851	2636	4	1
150.922	2637	1	1
150.994	2638	4	1
151.065	2639	1	1
151.137	2640	4	2
151.422	2641	4	3
151.137	2642	3	2
151.422	2643	3	3
151.137	2644	2	2
151.279	2645	2	3
151.422	2646	1	1
151.422	2647	2	1
151.494	2648	4	1
151.565	2649	2	1
151.565	2650	1	1
151.637	2651	3	1
151.708	2652	1	1
151.708	2653	4	1
151.779	2654	2	1
151.851	2655	4	1
151.851	2656	3	1
151.922	2657	2	1
151.994	2658	4	2
152.422	2659	4	3
151.994	2660	3	1
151.994	2661	1	1
152.137	2662	1	1
152.279	2663	3	1
152.422	2664	2	2
152.494	2665	2	3
152.565	2666	2	2
153.708	2667	2	3
152.708	2668	4	1
152.779	2669	1	1
152.851	2670	4	1
152.994	2671	3	1
153.279	2672	1	1
153.351	2673	4	1
153.422	2674	1	1
153.494	2675	3	1
153.565	2676	4	1
153.637	2677	3	1
153.708	2678	1	2
153.994	2679	1	3
153.851	2680	3	1
153.922	2681	3	1
153.994	2682	2	2
154.137	2683	2	3
154.137	2684	4	2
154.208	2685	4	3
154.208	2686	1	2
154.279	2687	1	3
154.279	2688	4	2
154.565	2689	4	3
154.422	2690	3	1
154.565	2691	2	2
154.637	2692	2	3
154.708	2693	3	2
155.708	2694	3	3
154.994	2695	1	1
155.137	2696	4	1
155.279	2697	2	1
155.565	2698	1	1
155.637	2699	2	1
155.708	2700	1	1
155.779	2701	4	1
155.851	2702	2	1
155.922	2703	4	1
155.994	2704	1	1
155.994	2705	3	1
156.065	2706	1	1
156.137	2707	4	1
156.208	2708	2	1
156.279	2709	4	1
156.279	2710	3	1
156.422	2711	2	1
156.494	2712	2	1
156.565	2713	3	2
156.708	2714	3	3
156.565	2715	4	2
156.708	2716	4	3
156.565	2717	1	1
156.708	2718	1	2
156.779	2719	1	3
156.851	2720	4	2
156.922	2721	4	3
156.851	2722	2	1
156.994	2723	2	2
157.279	2724	2	3
157.137	2725	4	1
157.137	2726	3	1
157.208	2727	1	1
157.279	2728	3	1
157.351	2729	2	1
157.422	2730	4	2
157.494	2731	4	3
157.422	2732	1	1
157.565	2733	1	2
157.851	2734	1	3
157.708	2735	4	1
157.708	2736	3	1
157.851	2737	3	1
157.922	2738	2	1
157.994	2739	4	1
157.994	2740	1	1
158.065	2741	2	1
158.137	2742	4	1
158.208	2743	3	1
158.279	2744	2	2
158.422	2745	2	3
158.279	2746	1	1
158.422	2747	4	2
158.494	2748	4	3
158.494	2749	2	1
158.565	2750	1	2
158.708	2751	1	3
158.565	2752	3	1
158.708	2753	3	2
158.779	2754	3	3
158.851	2755	1	2
158.994	2756	1	3
158.851	2757	2	2
158.994	2758	2	3
158.994	2759	4	2
159.065	2760	4	3
159.137	2761	1	2
159.208	2762	1	3
159.137	2763	3	1
159.279	2764	3	2
159.565	2765	3	3
159.422	2766	2	1
159.422	2767	1	1
159.565	2768	2	1
159.637	2769	3	1
159.708	2770	1	2
159.779	2771	1	3
159.708	2772	4	1
159.851	2773	4	2
160.137	2774	4	3
159.994	2775	1	1
159.994	2776	2	1
160.137	2777	2	1
160.208	2778	3	1
160.279	2779	1	1
160.279	2780	4	1
160.351	2781	3	1
160.422	2782	1	1
160.494	2783	2	1
160.565	2784	3	2
160.708	2785	3	3
160.565	2786	4	1
160.708	2787	1	1
160.779	2788	3	1
160.851	2789	2	2
160.994	2790	2	3
160.851	2791	4	1
160.994	2792	3	1
161.065	2793	2	1
161.137	2794	1	2
161.208	2795	1	3
161.137	2796	3	2
161.208	2797	3	3
161.137	2798	4	2
161.208	2799	4	3
161.279	2800	4	2
161.351	2801	4	3
161.279	2802	3	2
161.351	2803	3	3
161.279	2804	1	2
161.351	2805	1	3
161.422	2806	4	2
161.494	2807	4	3
161.422	2808	3	2
161.494	2809	3	3
161.422	2810	1	2
161.494	2811	1	3
161.565	2812	1	2
161.637	2813	1	3
161.565	2814	4	2
161.637	2815	4	3
161.565	2816	3	2
161.637	2817	3	3
161.708	2818	1	2
161.851	2819	1	3
161.708	2820	4	2
161.851	2821	4	3
161.708	2822	3	2
161.779	2823	3	3
161.851	2824	3	1
161.851	2825	2	1
161.922	2826	3	1
161.994	2827	4	1
161.994	2828	1	1
162.137	2829	1	2
162.994	2830	1	3
162.137	2831	2	2
162.708	2832	2	3
162.137	2833	3	2
162.422	2834	3	3
162.565	2835	3	1
162.637	2836	4	1
162.708	2837	3	1
162.779	2838	4	1
162.851	2839	2	1
162.922	2840	3	1
162.994	2841	2	1
163.065	2842	3	1
163.137	2843	4	1
163.137	2844	1	1
163.208	2845	2	1
163.279	2846	1	1
163.279	2847	4	1
163.351	2848	2	1
163.422	2849	4	2
163.708	2850	4	3
163.422	2851	3	1
163.494	2852	1	1
163.565	2853	3	1
163.637	2854	2	1
163.708	2855	1	1
163.779	2856	3	1
163.851	2857	4	1
163.851	2858	2	1
163.922	2859	4	1
163.994	2860	1	2
164.279	2861	1	3
163.994	2862	2	1
164.065	2863	3	1
164.137	2864	2	1
164.208	2865	3	1
164.279	2866	4	1
164.351	2867	2	1
164.422	2868	3	1
164.422	2869	1	1
164.494	2870	1	1
164.565	2871	3	2
164.851	2872	3	3
164.565	2873	4	1
164.637	2874	2	1
164.708	2875	4	1
164.779	2876	2	1
164.851	2877	1	1
164.922	2878	3	1
164.994	2879	4	1
164.994	2880	2	1
165.065	2881	4	1
165.137	2882	2	2
165.422	2883	2	3
165.137	2884	1	1
165.208	2885	3	1
165.279	2886	1	1
165.351	2887	3	1
165.422	2888	4	1
165.494	2889	2	1
165.565	2890	3	1
165.565	2891	1	1
165.637	2892	1	1
165.708	2893	4	2
165.994	2894	4	3
165.708	2895	3	1
165.779	2896	2	1
165.851	2897	3	1
165.922	2898	2	1
165.994	2899	1	1
166.065	2900	3	1
166.137	2901	4	1
166.137	2902	2	1
166.208	2903	4	1
166.279	2904	1	2
166.565	2905	1	3
166.279	2906	2	1
166.351	2907	3	1
166.422	2908	2	1
166.494	2909	3	1
166.565	2910	4	1
166.637	2911	2	1
166.708	2912	3	1
166.708	2913	1	1
166.779	2914	1	1
166.851	2915	3	2
167.137	2916	3	3
166.851	2917	4	1
166.922	2918	2	1
166.994	2919	4	1
167.065	2920	2	1
167.137	2921	1	1
167.208	2922	3	1
167.279	2923	4	1
167.279	2924	2	1
167.351	2925	4	1
167.422	2926	2	2
167.708	2927	2	3
167.422	2928	1	1
167.494	2929	3	1
167.565	2930	1	1
167.637	2931	3	1
167.708	2932	4	1
167.779	2933	2	1
167.851	2934	3	1
167.851	2935	1	1
167.922	2936	1	1
167.994	2937	4	1
167.994	2938	3	1
168.065	2939	2	1
168.137	2940	1	1
168.137	2941	4	1
168.208	2942	2	1
168.279	2943	3	1
168.279	2944	1	1
168.351	2945	4	1
168.422	2946	2	1
168.422	2947	3	1
168.494	2948	4	1
168.565	2949	2	1
168.565	2950	1	1
168.637	2951	3	1
168.708	2952	4	1
168.708	2953	1	1
168.779	2954	3	1
168.851	2955	4	1
168.851	2956	2	1
168.922	2957	1	1
168.994	2958	3	1
168.994	2959	2	1
169.065	2960	1	1
169.137	2961	4	1
169.137	2962	3	1
169.208	2963	2	1
169.279	2964	1	1
169.279	2965	4	1
169.351	2966	2	1
169.422	2967	3	1
169.422	2968	1	1
169.494	2969	4	1
169.565	2970	2	1
169.565	2971	3	1
169.637	2972	4	1
169.708	2973	2	1
169.708	2974	1	1
169.779	2975	3	1
169.851	2976	4	1
169.851	2977	1	1
169.922	2978	3	1
169.994	2979	4	1
169.994	2980	2	1
170.065	2981	1	1
170.137	2982	3	1
170.137	2983	2	1
170.208	2984	1	1
170.279	2985	3	1
170.279	2986	4	1
170.351	2987	2	1
170.422	2988	4	1
170.422	2989	1	1
170.494	2990	2	1
170.565	2991	1	1
170.565	2992	3	1
170.637	2993	4	1
170.708	2994	3	1
170.708	2995	2	1
170.779	2996	4	1
170.851	2997	1	1
170.851	2998	2	1
170.922	2999	3	1
170.994	3000	1	1
170.994	3001	4	1
171.065	3002	3	1
171.137	3003	2	1
171.137	3004	4	1
171.208	3005	1	1
171.279	3006	2	1
171.279	3007	3	1
171.351	3008	1	1
171.422	3009	3	1
171.422	3010	4	1
171.494	3011	2	1
171.565	3012	4	1
171.565	3013	1	1
171.637	3014	3	1
171.637	3015	2	1
171.708	3016	4	1
171.708	3017	1	1
171.779	3018	3	1
171.851	3019	2	1
171.851	3020	1	1
171.922	3021	4	1
171.922	3022	3	1
171.994	3023	2	1
171.994	3024	1	1
172.065	3025	4	1
172.137	3026	2	1
172.137	3027	1	1
172.208	3028	4	1
172.279	3029	3	1
172.279	3030	2	1
172.351	3031	1	1
172.422	3032	3	1
172.422	3033	2	1
172.494	3034	1	1
172.851	3035	1	2
175.137	3036	1	3
172.851	3037	4	2
175.137	3038	4	3
172.851	3039	3	1
175.137	3040	3	1
175.208	3041	2	1
175.279	3042	4	1
175.351	3043	1	1
175.422	3044	3	1
175.494	3045	4	1
175.565	3046	2	1
175.637	3047	1	1
175.708	3048	3	1
175.779	3049	2	1
175.851	3050	4	1
175.922	3051	1	1
175.994	3052	3	1
176.065	3053	4	1
176.137	3054	2	1
176.208	3055	1	1
176.279	3056	3	1
176.351	3057	2	1
176.422	3058	3	1
176.494	3059	2	1
176.565	3060	4	1
176.637	3061	1	1
176.708	3062	4	1
176.779	3063	1	1
176.851	3064	3	1
176.922	3065	2	1
176.994	3066	3	1
177.065	3067	2	1
177.137	3068	4	1
177.208	3069	1	1
177.279	3070	4	1
177.351	3071	1	1