Song Name	On our Planet (Hard) by Silentroom
Title	On our Planet (Hard)
Artist	Silentroom
Description	A 2015 track by Japanese artist Silentroom. From the artist: When the creation was really painful and painful. It's a song written with the courage and brilliance to revive and blow everything away. It became a work that had a special meaning to me. Map by Azurlexx.
Difficulty	18
Primary Color	Chill
Secondary Color	Vibe
Cover Image ID	7392284179
Audio Asset ID	rbxassetid://9063722793
Audio File	9063722793.ogg
Last Note Time	152.063
Total Notes	1255
Fever Fill	343
Fever Time	22.809450
Long Notes	225
BPM	172
Song Length	153.063000000

Timing Points
1.366	348.837209


Song Data
1.366	1	3	1
1.366	2	1	1
1.540	3	4	1
1.627	4	3	1
1.714	5	2	1
1.889	6	4	1
1.889	7	3	1
2.063	8	2	1
2.063	9	1	2
2.761	10	1	3
2.412	11	4	1
2.761	12	4	1
2.761	13	2	2
3.459	14	2	3
3.110	15	1	1
3.284	16	3	1
3.284	17	4	1
3.459	18	1	1
3.459	19	3	2
4.156	20	3	3
3.807	21	1	1
4.156	22	1	1
4.156	23	4	2
6.947	24	4	3
4.331	25	3	1
4.505	26	1	1
4.679	27	2	1
4.679	28	3	1
4.854	29	1	1
5.203	30	3	1
5.552	31	2	1
5.552	32	1	1
5.900	33	3	1
6.075	34	1	1
6.075	35	2	1
6.598	36	3	1
6.947	37	3	1
6.947	38	1	1
7.121	39	4	1
7.296	40	1	1
7.470	41	4	1
7.470	42	3	1
7.645	43	2	1
7.645	44	1	2
8.342	45	1	3
7.993	46	4	1
8.342	47	4	1
8.342	48	3	2
9.040	49	3	3
8.691	50	1	1
8.866	51	2	1
8.866	52	4	1
9.040	53	1	1
9.040	54	4	2
9.738	55	4	3
9.389	56	1	1
9.738	57	3	1
9.738	58	1	1
9.738	59	2	2
11.133	60	2	3
9.912	61	4	1
10.086	62	1	1
10.261	63	3	1
10.261	64	4	1
10.435	65	1	1
10.610	66	4	1
10.784	67	1	1
10.784	68	3	1
10.959	69	4	1
11.017	70	3	1
11.075	71	1	1
11.133	72	3	1
11.133	73	4	1
11.307	74	1	1
11.307	75	3	1
11.482	76	4	1
11.569	77	3	1
11.656	78	1	1
11.743	79	2	1
11.831	80	4	1
11.918	81	3	1
12.005	82	1	1
12.005	83	4	1
12.092	84	3	1
12.092	85	2	1
12.179	86	4	2
12.354	87	4	3
12.179	88	1	2
12.354	89	1	3
12.528	90	1	1
12.528	91	2	1
12.528	92	4	1
12.877	93	2	1
12.877	94	4	1
13.226	95	2	1
13.226	96	4	1
13.575	97	2	1
13.575	98	4	1
13.924	99	3	1
13.924	100	1	1
14.272	101	3	1
14.272	102	1	1
14.621	103	3	1
14.621	104	1	1
14.970	105	3	1
14.970	106	1	1
15.319	107	1	1
15.319	108	2	1
15.668	109	1	1
15.668	110	2	1
15.842	111	4	1
16.017	112	4	1
16.017	113	3	1
16.366	114	3	1
16.366	115	1	1
16.714	116	3	1
16.714	117	1	1
17.063	118	3	1
17.063	119	1	1
17.412	120	3	1
17.412	121	1	1
17.761	122	3	1
17.761	123	1	1
18.110	124	2	1
18.110	125	4	1
18.459	126	2	1
18.459	127	4	1
18.807	128	2	1
18.807	129	4	1
19.156	130	2	1
19.156	131	4	1
19.505	132	2	1
19.505	133	4	1
19.854	134	2	1
19.854	135	4	1
20.203	136	2	1
20.203	137	4	1
20.552	138	2	1
20.552	139	4	1
20.900	140	4	1
20.900	141	3	1
21.249	142	4	1
21.249	143	3	1
21.598	144	3	1
21.598	145	4	1
21.947	146	4	1
21.947	147	3	1
22.296	148	3	1
22.296	149	1	1
22.296	150	4	1
22.645	151	3	1
22.645	152	1	1
22.645	153	4	1
22.819	154	4	1
22.906	155	3	1
22.993	156	4	1
22.993	157	2	1
22.993	158	1	1
23.081	159	3	1
23.168	160	1	1
23.255	161	2	1
23.342	162	3	2
23.691	163	3	3
23.691	164	1	1
23.691	165	2	2
23.866	166	2	3
24.040	167	2	1
24.040	168	1	1
24.214	169	4	2
24.389	170	4	3
24.389	171	1	1
24.563	172	3	2
24.738	173	3	3
24.738	174	4	1
24.738	175	1	1
24.912	176	2	2
25.086	177	2	3
25.086	178	1	1
25.435	179	2	1
25.435	180	1	1
25.784	181	1	1
25.784	182	4	2
25.959	183	4	3
26.046	184	3	2
26.220	185	3	3
26.133	186	4	1
26.133	187	1	1
26.307	188	2	2
26.482	189	2	3
26.482	190	3	1
26.482	191	1	2
26.656	192	1	3
26.831	193	1	1
26.831	194	3	1
27.005	195	1	2
27.179	196	1	3
27.179	197	3	1
27.528	198	4	1
27.528	199	3	1
27.877	200	3	1
27.877	201	1	2
28.400	202	1	3
28.226	203	2	1
28.226	204	3	1
28.400	205	3	2
28.575	206	3	3
28.575	207	2	1
28.575	208	4	2
28.749	209	4	3
28.749	210	1	2
28.924	211	1	3
28.924	212	3	2
29.098	213	3	3
28.924	214	4	1
28.924	215	2	1
29.098	216	4	2
29.272	217	4	3
29.272	218	2	1
29.272	219	3	2
29.447	220	3	3
29.621	221	1	1
29.621	222	2	1
29.796	223	4	2
29.970	224	4	3
29.970	225	2	1
30.145	226	3	2
30.319	227	3	3
30.319	228	4	1
30.319	229	2	1
30.493	230	2	2
30.668	231	2	3
30.668	232	4	1
31.017	233	3	1
31.017	234	2	1
31.017	235	1	2
31.191	236	1	3
31.366	237	3	1
31.366	238	1	2
31.540	239	1	3
31.627	240	2	2
31.802	241	2	3
31.714	242	4	1
31.714	243	3	1
31.889	244	4	2
32.063	245	4	3
32.063	246	2	1
32.063	247	3	2
32.238	248	3	3
32.412	249	1	1
32.412	250	2	1
32.586	251	1	2
32.761	252	1	3
32.761	253	2	1
33.110	254	4	1
33.110	255	2	1
33.459	256	1	1
33.459	257	2	2
33.633	258	2	3
33.807	259	2	1
33.807	260	1	1
33.807	261	3	2
33.982	262	3	3
34.069	263	2	1
34.156	264	1	1
34.156	265	4	2
34.331	266	4	3
34.505	267	4	1
34.505	268	1	1
34.505	269	3	2
34.679	270	3	3
34.854	271	2	2
35.028	272	2	3
34.854	273	3	1
35.203	274	1	1
35.203	275	3	1
35.377	276	4	2
35.552	277	4	3
35.552	278	3	1
35.726	279	2	2
35.900	280	2	3
35.900	281	4	1
35.900	282	3	1
36.075	283	1	2
36.249	284	1	3
36.249	285	2	1
36.598	286	3	1
36.598	287	1	2
36.772	288	1	3
36.598	289	2	1
36.947	290	2	1
37.296	291	4	1
37.296	292	2	1
37.296	293	1	2
37.470	294	1	3
37.470	295	3	2
37.645	296	3	3
37.645	297	1	1
37.645	298	4	2
37.819	299	4	3
37.993	300	2	1
37.993	301	1	1
38.168	302	4	2
38.342	303	4	3
38.342	304	2	1
38.517	305	3	2
38.691	306	3	3
38.691	307	4	1
38.691	308	2	1
38.866	309	2	2
39.040	310	2	3
39.040	311	3	1
39.389	312	1	1
39.389	313	3	1
39.563	314	1	2
39.738	315	1	3
39.738	316	4	1
40.086	317	3	1
40.086	318	1	2
40.261	319	1	3
40.086	320	4	1
40.261	321	2	2
40.435	322	2	3
40.435	323	4	2
40.610	324	4	3
40.435	325	3	1
40.784	326	1	1
40.784	327	3	1
40.959	328	4	2
41.133	329	4	3
41.133	330	3	1
41.307	331	2	2
41.482	332	2	3
41.482	333	4	1
41.482	334	3	1
41.656	335	1	2
41.831	336	1	3
41.831	337	3	1
41.831	338	2	2
42.354	339	2	3
42.179	340	1	1
42.179	341	4	1
42.354	342	3	1
42.354	343	4	2
42.703	344	4	3
42.354	345	1	2
42.528	346	1	3
42.703	347	1	1
42.703	348	2	2
43.226	349	2	3
42.703	350	3	2
42.877	351	3	3
43.226	352	4	2
43.400	353	4	3
43.226	354	1	1
43.575	355	2	1
43.575	356	1	1
43.924	357	1	1
44.098	358	3	1
44.272	359	2	1
44.272	360	4	1
44.272	361	1	1
44.447	362	1	1
44.621	363	4	2
45.145	364	4	3
44.621	365	2	1
44.796	366	3	1
44.970	367	1	1
44.970	368	2	1
45.145	369	1	2
45.668	370	1	3
45.145	371	3	1
45.668	372	2	1
45.668	373	4	2
46.017	374	4	3
46.017	375	2	1
46.366	376	2	1
46.714	377	2	1
46.889	378	1	2
47.063	379	1	3
47.063	380	3	2
47.238	381	3	3
47.063	382	2	1
47.238	383	4	2
47.761	384	4	3
47.412	385	2	1
47.761	386	2	1
48.110	387	3	2
48.371	388	3	3
48.110	389	2	1
48.371	390	4	2
48.633	391	4	3
48.459	392	2	1
48.633	393	3	1
48.720	394	4	1
48.807	395	1	2
49.156	396	1	3
48.807	397	3	1
49.156	398	3	1
49.331	399	2	1
49.418	400	4	1
49.505	401	1	2
50.203	402	1	3
49.505	403	3	1
49.854	404	3	1
50.203	405	3	1
50.552	406	1	2
50.900	407	1	3
50.552	408	3	1
50.900	409	2	2
51.249	410	2	3
50.900	411	3	1
51.249	412	4	2
51.598	413	4	3
51.249	414	3	1
51.598	415	2	1
51.772	416	1	2
51.947	417	1	3
51.947	418	3	2
52.121	419	3	3
51.947	420	2	1
52.121	421	4	2
52.645	422	4	3
52.296	423	2	1
52.645	424	2	1
52.819	425	1	2
52.993	426	1	3
52.993	427	3	2
53.168	428	3	3
52.993	429	2	1
53.342	430	2	1
53.517	431	1	1
53.604	432	3	1
53.691	433	4	2
54.040	434	4	3
53.691	435	2	1
54.040	436	2	1
54.214	437	3	1
54.302	438	4	1
54.389	439	2	2
54.738	440	2	3
54.389	441	3	1
54.738	442	3	1
55.086	443	1	2
55.435	444	1	3
55.086	445	3	1
55.435	446	3	1
55.784	447	2	1
55.784	448	3	2
57.179	449	3	3
55.784	450	4	1
56.307	451	2	1
56.307	452	1	1
56.656	453	1	1
57.005	454	1	1
57.179	455	4	1
57.179	456	1	2
57.354	457	1	3
57.179	458	2	1
57.528	459	1	1
57.528	460	2	1
57.703	461	3	2
57.877	462	3	3
57.877	463	1	1
57.877	464	2	1
58.226	465	1	1
58.226	466	4	2
58.400	467	4	3
58.226	468	2	1
58.575	469	3	1
58.575	470	2	2
58.749	471	2	3
58.575	472	1	1
58.924	473	3	1
58.924	474	1	1
59.098	475	4	2
59.272	476	4	3
59.272	477	3	1
59.272	478	1	1
59.621	479	3	1
59.621	480	1	1
59.796	481	1	2
59.970	482	1	3
59.970	483	4	1
59.970	484	2	2
60.145	485	2	3
59.970	486	3	1
60.319	487	4	1
60.319	488	3	1
60.493	489	4	2
60.668	490	4	3
60.668	491	3	1
61.017	492	4	1
61.017	493	2	2
61.191	494	2	3
61.017	495	3	1
61.366	496	3	2
61.540	497	3	3
61.366	498	4	1
61.366	499	2	1
61.714	500	4	1
61.714	501	2	1
61.889	502	1	2
62.063	503	1	3
62.063	504	4	1
62.063	505	2	1
62.412	506	4	1
62.412	507	2	1
62.761	508	1	1
62.761	509	2	1
62.761	510	4	1
63.110	511	2	1
63.110	512	1	1
63.284	513	1	1
63.284	514	3	1
63.284	515	4	1
63.459	516	4	1
63.459	517	3	1
63.807	518	1	1
63.807	519	4	1
64.156	520	4	1
64.156	521	2	1
64.156	522	1	1
64.505	523	1	1
64.505	524	2	1
64.679	525	4	1
64.679	526	1	1
64.679	527	3	1
64.854	528	4	1
64.854	529	3	1
65.203	530	1	1
65.203	531	4	1
65.552	532	4	1
65.552	533	2	1
65.552	534	1	1
65.900	535	1	1
65.900	536	2	1
66.075	537	4	1
66.075	538	1	1
66.075	539	3	1
66.249	540	4	1
66.249	541	3	1
66.598	542	1	1
66.598	543	4	1
66.947	544	4	1
66.947	545	1	1
66.947	546	2	1
67.121	547	4	1
67.121	548	3	1
67.296	549	2	1
67.383	550	1	1
67.470	551	4	1
67.470	552	3	1
67.557	553	2	1
67.645	554	4	1
67.645	555	3	1
67.732	556	2	1
67.819	557	1	1
67.906	558	3	1
67.993	559	4	1
67.993	560	2	2
68.342	561	2	3
68.342	562	4	1
68.342	563	1	2
68.866	564	1	3
68.691	565	2	1
68.691	566	4	1
68.866	567	3	1
69.040	568	4	1
69.040	569	2	2
69.389	570	2	3
69.214	571	3	1
69.389	572	4	1
69.389	573	1	1
69.389	574	3	2
70.261	575	3	3
69.563	576	2	1
69.738	577	1	1
70.086	578	1	1
70.086	579	4	1
70.261	580	2	1
70.261	581	4	2
71.133	582	4	3
70.435	583	1	1
70.784	584	1	1
70.784	585	3	1
71.133	586	3	1
71.133	587	1	2
71.656	588	1	3
71.482	589	4	1
71.482	590	2	1
71.656	591	3	1
71.831	592	4	1
71.831	593	2	2
72.179	594	2	3
72.005	595	3	1
72.179	596	4	1
72.179	597	1	1
72.179	598	3	2
72.528	599	3	3
72.354	600	2	1
72.528	601	1	1
72.528	602	4	2
73.052	603	4	3
72.877	604	3	1
72.877	605	1	1
73.052	606	3	1
73.139	607	2	1
73.226	608	1	1
73.226	609	3	2
73.924	610	3	3
73.400	611	2	1
73.575	612	4	1
73.575	613	1	1
73.924	614	4	1
73.924	615	1	2
74.447	616	1	3
74.272	617	2	1
74.272	618	4	1
74.447	619	3	1
74.621	620	4	1
74.621	621	2	2
74.970	622	2	3
74.796	623	3	1
74.970	624	4	1
74.970	625	1	1
74.970	626	3	2
75.842	627	3	3
75.145	628	2	1
75.319	629	1	1
75.668	630	4	1
75.668	631	1	1
75.842	632	2	1
75.842	633	4	2
76.714	634	4	3
76.017	635	1	1
76.366	636	3	1
76.366	637	1	1
76.714	638	3	1
76.714	639	1	2
77.238	640	1	3
77.063	641	4	1
77.063	642	2	1
77.238	643	3	1
77.412	644	4	1
77.412	645	2	2
77.761	646	2	3
77.586	647	3	1
77.761	648	1	1
77.761	649	4	1
77.761	650	3	2
78.110	651	3	3
77.935	652	2	1
78.110	653	1	1
78.110	654	4	2
78.633	655	4	3
78.459	656	3	1
78.459	657	1	1
78.633	658	2	1
78.720	659	3	1
78.807	660	1	1
78.807	661	4	2
79.505	662	4	3
79.156	663	3	1
79.156	664	1	1
79.505	665	3	1
79.505	666	1	2
80.028	667	1	3
79.854	668	4	1
79.854	669	2	1
80.028	670	3	1
80.203	671	4	1
80.203	672	2	2
80.552	673	2	3
80.377	674	3	1
80.552	675	4	1
80.552	676	1	1
80.552	677	3	2
81.249	678	3	3
80.726	679	2	1
80.900	680	1	1
81.249	681	4	1
81.249	682	1	1
81.249	683	2	2
81.598	684	2	3
81.598	685	1	1
81.598	686	3	2
81.947	687	3	3
81.947	688	4	1
81.947	689	2	1
81.947	690	1	2
82.296	691	1	3
82.296	692	3	1
82.296	693	4	2
82.645	694	4	3
82.645	695	1	1
82.645	696	2	1
82.645	697	3	2
82.993	698	3	3
82.993	699	4	1
82.993	700	2	2
83.342	701	2	3
83.342	702	3	1
83.342	703	4	1
83.342	704	1	2
84.738	705	1	3
83.691	706	2	1
83.866	707	3	1
84.040	708	4	1
84.040	709	2	1
84.389	710	2	1
84.738	711	4	1
84.738	712	3	1
84.738	713	2	2
85.086	714	2	3
85.086	715	4	1
85.086	716	1	2
85.435	717	1	3
85.435	718	4	1
85.435	719	2	1
85.610	720	1	1
85.610	721	3	2
85.959	722	3	3
85.784	723	2	1
85.959	724	4	1
86.133	725	1	1
86.133	726	3	1
86.133	727	2	2
87.528	728	2	3
86.482	729	1	1
86.656	730	3	1
86.831	731	4	1
86.831	732	1	1
87.179	733	1	1
87.528	734	3	1
87.528	735	1	1
87.528	736	4	2
87.877	737	4	3
87.877	738	3	1
87.877	739	1	2
88.226	740	1	3
88.226	741	2	1
88.226	742	4	1
88.400	743	3	2
88.749	744	3	3
88.400	745	1	1
88.575	746	4	1
88.749	747	2	1
88.924	748	1	1
88.924	749	3	1
88.924	750	4	2
90.319	751	4	3
89.272	752	1	1
89.447	753	3	1
89.621	754	2	1
89.621	755	3	1
89.796	756	2	1
89.970	757	1	1
90.145	758	2	1
90.319	759	1	1
90.319	760	3	1
90.319	761	2	2
90.668	762	2	3
90.668	763	4	1
90.668	764	1	2
91.191	765	1	3
91.017	766	2	1
91.017	767	4	1
91.191	768	3	1
91.366	769	4	1
91.366	770	2	2
91.714	771	2	3
91.540	772	3	1
91.714	773	3	2
92.586	774	3	3
91.714	775	4	1
91.714	776	1	1
91.889	777	2	1
92.063	778	1	1
92.412	779	1	1
92.412	780	4	1
92.586	781	2	1
92.586	782	4	2
93.459	783	4	3
92.761	784	1	1
93.110	785	1	1
93.110	786	3	1
93.459	787	3	1
93.459	788	1	2
93.982	789	1	3
93.807	790	4	1
93.807	791	2	1
93.982	792	3	1
94.156	793	4	1
94.156	794	2	2
94.505	795	2	3
94.331	796	3	1
94.505	797	4	1
94.505	798	1	1
94.505	799	3	2
94.854	800	3	3
94.679	801	2	1
94.854	802	1	1
94.854	803	4	2
95.377	804	4	3
95.203	805	3	1
95.203	806	1	1
95.377	807	3	1
95.464	808	2	1
95.552	809	1	1
95.552	810	3	2
96.249	811	3	3
95.726	812	2	1
95.900	813	4	1
95.900	814	1	1
96.249	815	4	1
96.249	816	1	2
96.772	817	1	3
96.598	818	2	1
96.598	819	4	1
96.772	820	3	1
96.947	821	4	1
96.947	822	2	2
97.296	823	2	3
97.121	824	3	1
97.296	825	1	1
97.296	826	3	2
98.168	827	3	3
97.296	828	4	1
97.470	829	2	1
97.645	830	1	1
97.993	831	4	1
97.993	832	1	1
98.168	833	2	1
98.168	834	4	2
99.040	835	4	3
98.342	836	1	1
98.691	837	3	1
98.691	838	1	1
99.040	839	3	1
99.040	840	1	2
99.563	841	1	3
99.389	842	4	1
99.389	843	2	1
99.563	844	3	1
99.738	845	4	1
99.738	846	2	2
100.086	847	2	3
99.912	848	3	1
100.086	849	3	2
100.435	850	3	3
100.086	851	1	1
100.086	852	4	1
100.261	853	2	1
100.435	854	1	1
100.435	855	4	2
100.959	856	4	3
100.784	857	3	1
100.784	858	1	1
100.959	859	2	1
101.046	860	3	1
101.133	861	1	1
101.133	862	4	2
101.831	863	4	3
101.482	864	3	1
101.482	865	1	1
101.831	866	3	1
101.831	867	1	2
102.354	868	1	3
102.179	869	4	1
102.179	870	2	1
102.354	871	3	1
102.528	872	4	1
102.528	873	2	2
102.877	874	2	3
102.703	875	3	1
102.877	876	1	1
102.877	877	3	2
103.575	878	3	3
102.877	879	4	1
103.052	880	2	1
103.226	881	1	1
103.575	882	4	1
103.575	883	1	1
103.575	884	2	2
103.924	885	2	3
103.924	886	1	1
103.924	887	3	2
104.272	888	3	3
104.272	889	1	2
104.621	890	1	3
104.272	891	4	1
104.272	892	2	1
104.621	893	3	1
104.621	894	4	2
104.970	895	4	3
104.970	896	1	1
104.970	897	3	1
104.970	898	2	2
105.319	899	2	3
105.319	900	4	1
105.319	901	3	2
105.668	902	3	3
105.668	903	4	2
106.714	904	4	3
105.668	905	1	1
105.668	906	2	1
106.017	907	1	1
106.191	908	2	1
106.366	909	1	1
106.366	910	3	1
106.714	911	2	2
107.063	912	2	3
106.714	913	1	1
107.063	914	3	1
107.063	915	1	1
107.063	916	4	2
107.412	917	4	3
107.412	918	2	1
107.412	919	3	2
111.598	920	3	3
107.761	921	4	1
107.761	922	1	1
108.110	923	4	1
108.284	924	2	1
108.459	925	1	1
108.459	926	4	1
108.633	927	2	1
108.807	928	1	1
109.156	929	4	1
109.156	930	2	1
109.505	931	1	1
109.679	932	2	1
109.854	933	4	1
109.854	934	1	1
110.028	935	2	1
110.203	936	4	1
110.552	937	4	1
110.552	938	1	1
110.900	939	4	1
111.075	940	2	1
111.249	941	4	1
111.249	942	1	1
111.424	943	2	1
111.598	944	1	1
111.598	945	4	2
112.296	946	4	3
111.947	947	1	1
111.947	948	3	1
112.296	949	1	1
112.296	950	2	2
112.993	951	2	3
112.645	952	1	1
112.645	953	4	1
112.993	954	4	1
112.993	955	3	2
113.342	956	3	3
113.342	957	4	1
113.342	958	2	1
113.517	959	3	1
113.517	960	1	2
113.866	961	1	3
113.691	962	4	1
113.866	963	3	1
114.040	964	4	1
114.040	965	1	1
114.040	966	2	2
115.435	967	2	3
114.389	968	1	1
114.738	969	1	1
114.738	970	4	1
115.086	971	1	1
115.435	972	1	1
115.435	973	3	1
115.435	974	4	2
115.784	975	4	3
115.784	976	2	1
115.784	977	3	2
116.133	978	3	3
116.133	979	4	1
116.133	980	2	1
116.307	981	3	1
116.307	982	1	2
116.656	983	1	3
116.482	984	2	1
116.656	985	3	1
116.831	986	1	1
116.831	987	2	1
116.831	988	4	2
117.528	989	4	3
117.179	990	1	1
117.528	991	1	1
117.616	992	2	1
117.703	993	4	1
117.790	994	3	1
117.877	995	1	1
117.964	996	2	1
118.052	997	3	1
118.139	998	4	1
118.226	999	3	2
118.575	1000	3	3
118.226	1001	1	1
118.575	1002	1	2
118.749	1003	1	3
118.575	1004	2	1
118.575	1005	4	1
118.924	1006	2	1
118.924	1007	4	1
118.924	1008	1	1
119.098	1009	3	1
119.272	1010	1	2
119.447	1011	1	3
119.272	1012	4	1
119.621	1013	4	1
119.621	1014	1	1
119.621	1015	2	1
119.796	1016	3	1
119.970	1017	4	1
119.970	1018	2	2
120.145	1019	2	3
120.319	1020	1	1
120.319	1021	2	1
120.319	1022	4	1
120.493	1023	3	1
120.668	1024	2	2
120.842	1025	2	3
120.668	1026	4	1
121.017	1027	1	1
121.017	1028	2	1
121.017	1029	4	1
121.191	1030	3	1
121.366	1031	1	1
121.366	1032	3	2
121.540	1033	3	3
121.714	1034	3	1
121.714	1035	1	1
121.714	1036	4	1
121.889	1037	2	1
122.063	1038	3	2
122.238	1039	3	3
122.063	1040	1	1
122.412	1041	3	1
122.412	1042	1	1
122.412	1043	4	1
122.586	1044	2	1
122.761	1045	1	1
122.761	1046	3	2
122.935	1047	3	3
123.110	1048	3	1
123.110	1049	1	1
123.110	1050	4	1
123.284	1051	2	1
123.459	1052	1	1
123.459	1053	4	2
123.633	1054	4	3
123.807	1055	3	1
123.807	1056	4	1
123.807	1057	1	1
123.982	1058	2	1
124.156	1059	1	1
124.156	1060	3	2
124.331	1061	3	3
124.505	1062	2	1
124.505	1063	1	1
124.505	1064	4	1
124.679	1065	3	1
124.854	1066	1	2
125.028	1067	1	3
124.854	1068	4	1
125.203	1069	1	1
125.203	1070	2	1
125.203	1071	4	1
125.377	1072	3	1
125.552	1073	4	1
125.552	1074	2	2
125.726	1075	2	3
125.900	1076	2	1
125.900	1077	1	1
125.900	1078	4	1
126.075	1079	3	1
126.249	1080	4	1
126.249	1081	2	2
126.424	1082	2	3
126.598	1083	2	1
126.598	1084	1	1
126.598	1085	4	1
126.772	1086	3	1
126.947	1087	1	1
126.947	1088	3	2
127.121	1089	3	3
127.296	1090	1	1
127.296	1091	3	1
127.296	1092	4	1
127.470	1093	2	1
127.645	1094	1	1
127.645	1095	3	2
127.819	1096	3	3
127.993	1097	3	1
127.993	1098	4	1
127.993	1099	1	1
128.168	1100	2	1
128.342	1101	1	1
128.342	1102	4	2
128.517	1103	4	3
128.691	1104	4	1
128.691	1105	3	1
128.691	1106	1	1
128.953	1107	1	1
128.953	1108	2	1
129.127	1109	3	1
129.127	1110	4	1
129.214	1111	2	1
129.214	1112	1	1
129.389	1113	1	1
129.389	1114	2	1
129.389	1115	4	1
129.738	1116	1	1
129.738	1117	4	2
129.912	1118	4	3
130.086	1119	4	1
130.086	1120	1	1
130.086	1121	2	1
130.261	1122	3	1
130.435	1123	4	1
130.435	1124	1	2
130.610	1125	1	3
130.784	1126	1	1
130.784	1127	2	1
130.784	1128	4	1
130.959	1129	3	1
131.133	1130	4	1
131.133	1131	2	2
131.307	1132	2	3
131.482	1133	1	1
131.482	1134	2	1
131.482	1135	4	1
131.656	1136	3	1
131.831	1137	4	1
131.831	1138	2	2
132.005	1139	2	3
132.179	1140	1	1
132.179	1141	2	1
132.179	1142	4	1
132.354	1143	3	1
132.528	1144	4	1
132.528	1145	1	2
132.703	1146	1	3
132.877	1147	4	1
132.877	1148	3	1
132.877	1149	1	1
133.052	1150	2	1
133.226	1151	4	1
133.226	1152	1	2
133.400	1153	1	3
133.575	1154	3	1
133.575	1155	4	1
133.575	1156	1	1
133.749	1157	2	1
133.924	1158	1	1
133.924	1159	3	2
134.098	1160	3	3
134.272	1161	4	1
134.272	1162	3	1
134.272	1163	1	1
134.447	1164	2	1
134.621	1165	1	1
134.621	1166	3	2
134.796	1167	3	3
134.970	1168	3	1
134.970	1169	4	1
134.970	1170	1	1
135.145	1171	2	1
135.319	1172	4	1
135.319	1173	1	2
135.493	1174	1	3
135.668	1175	4	1
135.668	1176	2	1
135.668	1177	1	2
135.842	1178	1	3
135.842	1179	3	1
136.017	1180	4	1
136.017	1181	2	2
136.191	1182	2	3
136.366	1183	1	1
136.366	1184	4	1
136.366	1185	2	2
136.540	1186	2	3
136.540	1187	3	1
136.714	1188	1	1
136.714	1189	3	2
136.889	1190	3	3
137.063	1191	1	1
137.063	1192	4	1
137.063	1193	3	2
137.238	1194	3	3
137.238	1195	2	1
137.412	1196	1	1
137.412	1197	3	2
137.586	1198	3	3
137.761	1199	4	1
137.761	1200	1	1
137.761	1201	3	2
137.935	1202	3	3
137.935	1203	2	1
138.110	1204	4	1
138.110	1205	2	2
138.284	1206	2	3
138.459	1207	1	1
138.459	1208	4	1
138.459	1209	2	2
138.633	1210	2	3
138.633	1211	3	1
138.807	1212	4	1
138.807	1213	2	2
138.982	1214	2	3
139.156	1215	1	1
139.156	1216	4	1
139.156	1217	2	2
139.331	1218	2	3
139.331	1219	3	1
139.505	1220	1	1
139.505	1221	4	2
139.679	1222	4	3
139.854	1223	1	1
139.854	1224	3	1
139.854	1225	4	2
140.028	1226	4	3
140.028	1227	2	1
140.203	1228	1	1
140.203	1229	4	2
140.377	1230	4	3
140.552	1231	3	1
140.552	1232	1	1
140.552	1233	4	2
140.726	1234	4	3
140.726	1235	2	1
140.900	1236	3	2
143.691	1237	3	3
140.900	1238	2	2
143.691	1239	2	3
143.691	1240	4	2
145.086	1241	4	3
143.691	1242	1	2
144.389	1243	1	3
145.086	1244	1	2
146.482	1245	1	3
145.086	1246	2	2
146.482	1247	2	3
146.482	1248	4	2
152.063	1249	4	3
146.482	1250	3	2
151.366	1251	3	3
149.272	1252	1	2
149.970	1253	1	3
149.272	1254	2	2
150.668	1255	2	3