Song Name	Papaya (Hard) by Hyper Potions & MYLK
Difficulty	22
Primary Color	Beat
Secondary Color	Chill
Last Note Time	163.170
Total Notes	1656
Fever Fill	412
Fever Time	24.475500
Long Notes	420
BPM	170
Song Length	164.576281179

Timing Points
0.111	352.9412
50.935	352.9412
96.111	352.9412
141.288	352.9412
163.876	352.9412


Song Data
0.111	1	3	2
0.464	2	1	1
0.464	3	4	1
0.464	4	3	3
0.817	5	2	1
0.994	6	1	1
0.994	7	4	1
1.347	8	2	2
1.700	9	3	1
1.700	10	4	1
1.700	11	2	3
2.053	12	1	1
2.229	13	3	1
2.229	14	4	1
2.582	15	2	1
2.582	16	3	1
2.935	17	1	2
3.288	18	2	1
3.288	19	4	1
3.288	20	1	3
3.641	21	3	1
3.817	22	2	1
3.817	23	4	1
4.170	24	3	2
4.523	25	1	1
4.523	26	2	1
4.523	27	3	3
4.876	28	4	1
5.053	29	1	1
5.053	30	2	1
5.406	31	2	1
5.406	32	3	1
5.759	33	1	2
5.759	34	3	2
5.759	35	4	2
5.935	36	1	3
5.935	37	3	3
5.935	38	4	3
6.111	39	3	1
6.288	40	1	1
6.464	41	2	1
6.464	42	3	1
6.464	43	4	2
6.817	44	1	2
6.817	45	4	3
6.994	46	3	2
6.994	47	4	2
7.170	48	1	3
7.170	49	3	3
7.170	50	4	3
7.347	51	4	1
7.523	52	1	1
7.523	53	2	1
7.700	54	3	1
7.876	55	1	2
7.876	56	2	1
7.876	57	4	1
8.053	58	4	1
8.229	59	4	2
8.229	60	1	3
8.406	61	3	2
8.582	62	1	1
8.582	63	2	1
8.582	64	3	3
8.582	65	4	3
8.759	66	4	1
8.935	67	2	1
9.288	68	1	2
9.288	69	3	1
9.288	70	4	1
9.464	71	2	2
9.641	72	4	1
9.641	73	1	3
9.641	74	2	3
9.817	75	1	1
9.817	76	2	1
9.994	77	3	1
10.170	78	2	1
10.170	79	4	1
10.347	80	1	1
10.347	81	3	1
10.700	82	1	1
10.700	83	2	1
10.700	84	4	2
11.053	85	2	2
11.053	86	4	3
11.406	87	1	1
11.406	88	4	2
11.406	89	2	3
11.582	90	4	3
11.759	91	2	1
11.759	92	3	2
11.935	93	4	2
12.111	94	1	2
12.111	95	2	1
12.111	96	3	3
12.111	97	4	3
12.464	98	3	2
12.464	99	4	2
12.464	100	1	3
12.641	101	1	1
12.641	102	2	1
12.641	103	3	3
12.641	104	4	3
12.817	105	3	2
12.817	106	4	1
12.994	107	2	2
13.170	108	1	1
13.170	109	4	1
13.347	110	2	3
13.347	111	3	3
13.523	112	1	1
13.523	113	3	1
13.523	114	4	1
13.700	115	1	1
13.876	116	1	1
13.876	117	2	1
14.053	118	3	1
14.229	119	2	1
14.229	120	4	2
14.582	121	1	2
14.582	122	3	1
14.582	123	4	3
14.759	124	2	2
14.935	125	3	2
14.935	126	4	1
14.935	127	1	3
14.935	128	2	3
15.111	129	2	2
15.288	130	1	1
15.288	131	2	3
15.288	132	3	3
15.464	133	3	1
15.464	134	4	1
15.641	135	2	2
15.817	136	3	1
15.817	137	4	1
15.994	138	3	2
15.994	139	4	1
15.994	140	2	3
16.347	141	1	1
16.347	142	4	1
16.347	143	3	3
16.523	144	2	1
16.700	145	1	1
16.700	146	4	1
16.876	147	3	1
17.053	148	1	2
17.053	149	2	2
17.053	150	4	2
17.229	151	1	3
17.229	152	2	3
17.229	153	4	3
17.406	154	2	2
17.406	155	4	1
17.582	156	1	2
17.759	157	3	1
17.759	158	4	2
17.759	159	1	3
17.759	160	2	3
18.111	161	2	1
18.111	162	4	3
18.288	163	3	1
18.288	164	4	1
18.464	165	1	1
18.641	166	1	1
18.817	167	3	1
18.817	168	4	1
18.994	169	2	1
19.170	170	1	2
19.170	171	3	1
19.170	172	4	1
19.347	173	4	1
19.523	174	4	1
19.523	175	1	3
19.700	176	2	1
19.876	177	1	1
19.876	178	4	2
20.053	179	3	2
20.229	180	1	1
20.229	181	3	3
20.229	182	4	3
20.406	183	3	1
20.582	184	1	1
20.582	185	2	1
20.582	186	4	1
20.759	187	2	1
20.935	188	3	1
21.111	189	1	1
21.111	190	4	1
21.288	191	2	1
21.464	192	3	1
21.464	193	4	1
21.641	194	1	1
21.641	195	2	2
21.817	196	3	2
21.994	197	1	2
21.994	198	4	1
21.994	199	2	3
21.994	200	3	3
22.347	201	3	2
22.347	202	1	3
22.523	203	2	1
22.700	204	1	2
22.700	205	4	1
22.700	206	3	3
22.876	207	1	3
23.053	208	3	2
23.053	209	4	2
23.229	210	1	1
23.229	211	3	3
23.229	212	4	3
23.406	213	2	2
23.406	214	3	1
23.406	215	4	2
23.582	216	2	3
23.582	217	4	3
23.759	218	1	2
23.759	219	4	1
23.935	220	3	1
23.935	221	4	1
23.935	222	1	3
24.111	223	1	1
24.111	224	2	2
24.288	225	3	2
24.464	226	1	1
24.464	227	4	1
24.464	228	2	3
24.641	229	2	1
24.641	230	3	3
24.817	231	1	1
24.817	232	3	1
24.817	233	4	1
24.994	234	1	1
25.170	235	1	1
25.170	236	2	1
25.347	237	4	1
25.523	238	1	2
25.523	239	2	1
25.700	240	3	2
25.876	241	2	1
25.876	242	4	2
25.876	243	1	3
25.876	244	3	3
26.053	245	3	2
26.229	246	1	2
26.229	247	2	1
26.229	248	3	3
26.229	249	4	3
26.406	250	1	3
26.582	251	3	1
26.582	252	4	2
26.759	253	1	1
26.759	254	2	1
26.759	255	4	3
26.935	256	3	2
27.111	257	1	1
27.111	258	4	2
27.288	259	1	1
27.288	260	2	1
27.464	261	3	3
27.464	262	4	3
27.641	263	1	1
27.641	264	2	1
27.641	265	4	1
27.817	266	2	1
27.906	267	3	1
27.994	268	2	1
28.170	269	3	2
28.347	270	4	2
28.347	271	3	3
28.523	272	3	2
28.700	273	3	3
28.700	274	4	3
28.876	275	2	2
29.053	276	1	2
29.053	277	4	1
29.053	278	2	3
29.229	279	2	2
29.406	280	1	3
29.406	281	2	3
29.582	282	3	2
29.759	283	4	2
29.759	284	3	3
29.935	285	3	2
30.111	286	2	2
30.111	287	3	3
30.111	288	4	3
30.288	289	3	1
30.288	290	2	3
30.464	291	1	2
30.464	292	4	2
30.641	293	2	2
30.817	294	1	3
30.817	295	2	3
30.817	296	4	3
30.994	297	2	2
31.170	298	3	2
31.170	299	4	2
31.170	300	2	3
31.347	301	3	3
31.347	302	4	3
31.523	303	4	1
31.700	304	2	1
31.876	305	1	2
31.876	306	4	2
32.053	307	3	2
32.053	308	1	3
32.229	309	3	3
32.229	310	4	3
32.406	311	3	1
32.406	312	4	1
32.582	313	2	1
32.759	314	1	2
32.935	315	2	2
33.111	316	1	3
33.111	317	2	3
33.288	318	1	2
33.288	319	2	2
33.641	320	4	1
33.641	321	1	3
33.641	322	2	3
33.994	323	1	2
33.994	324	3	2
34.170	325	4	2
34.170	326	3	3
34.523	327	3	2
34.523	328	1	3
34.700	329	1	1
34.700	330	2	1
34.700	331	3	3
34.700	332	4	3
35.053	333	4	1
35.406	334	3	1
35.935	335	2	1
36.111	336	1	1
36.111	337	4	1
36.464	338	3	1
36.817	339	2	2
36.817	340	4	2
36.994	341	1	2
36.994	342	2	3
37.347	343	2	2
37.347	344	4	3
37.523	345	3	1
37.523	346	4	1
37.523	347	1	3
37.523	348	2	3
37.876	349	1	1
38.053	350	2	1
38.406	351	3	1
38.759	352	4	1
38.935	353	1	1
38.935	354	2	1
39.111	355	3	1
39.288	356	1	1
39.464	357	3	2
39.641	358	4	2
39.641	359	3	3
39.817	360	3	2
39.994	361	1	1
39.994	362	3	3
39.994	363	4	3
40.170	364	2	2
40.347	365	1	2
40.347	366	4	1
40.347	367	2	3
40.523	368	2	2
40.700	369	1	3
40.700	370	2	3
40.876	371	3	2
41.053	372	4	2
41.053	373	3	3
41.229	374	3	2
41.406	375	1	2
41.406	376	3	3
41.406	377	4	3
41.582	378	2	1
41.582	379	1	3
41.759	380	3	2
41.759	381	4	2
41.935	382	1	2
42.288	383	1	3
42.288	384	3	3
42.288	385	4	3
42.464	386	1	1
42.464	387	4	1
42.817	388	4	1
42.994	389	2	1
43.170	390	1	2
43.170	391	4	2
43.523	392	2	2
43.523	393	1	3
43.700	394	3	1
43.700	395	2	3
43.700	396	4	3
43.876	397	1	2
43.876	398	4	2
44.053	399	2	2
44.053	400	4	3
44.229	401	3	1
44.229	402	4	1
44.229	403	1	3
44.229	404	2	3
44.406	405	1	1
44.582	406	3	2
44.582	407	4	2
44.935	408	2	1
44.935	409	3	3
44.935	410	4	3
45.288	411	1	2
45.288	412	3	2
45.464	413	4	2
45.464	414	3	3
45.641	415	2	1
45.817	416	3	2
45.817	417	1	3
45.994	418	1	1
45.994	419	2	1
45.994	420	3	3
45.994	421	4	3
46.347	422	3	1
46.700	423	4	1
47.053	424	3	1
47.229	425	2	1
47.406	426	1	1
47.406	427	4	1
47.759	428	2	1
48.111	429	1	1
48.111	430	4	1
48.288	431	2	1
48.464	432	3	1
48.641	433	1	1
48.817	434	3	1
48.817	435	4	1
48.994	436	2	1
49.170	437	1	1
49.347	438	2	1
49.523	439	3	1
49.523	440	4	1
49.611	441	1	1
49.700	442	2	1
49.788	443	3	1
49.876	444	4	1
49.964	445	1	1
50.053	446	2	1
50.141	447	3	1
50.229	448	1	1
50.229	449	4	1
50.317	450	3	1
50.406	451	2	1
50.494	452	1	1
50.582	453	3	1
50.582	454	4	1
50.759	455	1	1
50.759	456	2	1
50.935	457	1	1
50.935	458	3	1
50.935	459	4	1
51.111	460	2	1
51.288	461	3	1
51.288	462	4	1
51.464	463	1	2
51.464	464	4	2
51.641	465	1	3
51.641	466	4	3
51.817	467	2	2
51.817	468	3	2
51.994	469	2	3
51.994	470	3	3
52.170	471	2	1
52.170	472	3	1
52.347	473	1	1
52.347	474	2	1
52.391	475	4	1
52.700	476	3	1
52.700	477	4	1
52.744	478	1	1
53.053	479	1	1
53.053	480	2	1
53.053	481	3	1
53.053	482	4	1
53.406	483	3	1
53.406	484	4	1
53.582	485	1	1
53.759	486	1	1
53.759	487	4	1
53.935	488	3	1
53.935	489	4	1
54.111	490	2	1
54.288	491	1	2
54.288	492	2	2
54.288	493	4	2
54.464	494	1	3
54.464	495	2	3
54.464	496	4	3
54.641	497	1	2
54.641	498	3	2
54.641	499	4	2
54.817	500	1	3
54.817	501	3	3
54.817	502	4	3
54.994	503	2	1
54.994	504	3	1
55.170	505	1	1
55.170	506	4	1
55.214	507	3	1
55.523	508	1	1
55.523	509	4	1
55.567	510	2	1
55.876	511	1	1
55.876	512	2	1
55.876	513	3	1
55.876	514	4	1
56.229	515	1	1
56.229	516	4	1
56.406	517	1	1
56.406	518	2	1
56.582	519	3	1
56.582	520	4	1
56.759	521	2	1
56.935	522	1	1
56.935	523	4	1
57.111	524	3	2
57.111	525	4	2
57.288	526	3	3
57.288	527	4	3
57.464	528	1	2
57.464	529	2	2
57.641	530	1	3
57.641	531	2	3
57.817	532	2	1
57.817	533	3	1
57.994	534	1	2
57.994	535	3	2
58.170	536	1	3
58.170	537	3	3
58.347	538	2	2
58.347	539	4	2
58.523	540	2	3
58.523	541	4	3
58.700	542	1	1
58.700	543	2	1
58.700	544	3	1
58.700	545	4	1
59.053	546	1	1
59.053	547	2	1
59.229	548	4	1
59.406	549	1	1
59.406	550	4	1
59.582	551	1	1
59.582	552	2	1
59.759	553	3	1
59.759	554	4	1
59.935	555	1	2
59.935	556	3	2
59.935	557	4	2
60.111	558	1	3
60.111	559	3	3
60.111	560	4	3
60.288	561	1	2
60.288	562	2	2
60.288	563	3	2
60.464	564	1	3
60.464	565	2	3
60.464	566	3	3
60.641	567	3	1
60.641	568	4	1
60.817	569	1	1
60.817	570	2	1
60.861	571	4	1
60.994	572	2	1
61.170	573	3	1
61.170	574	4	1
61.214	575	1	1
61.347	576	3	1
61.523	577	1	1
61.523	578	2	1
61.523	579	3	1
61.523	580	4	1
61.700	581	2	1
61.876	582	1	1
61.876	583	2	1
62.053	584	3	1
62.053	585	4	1
62.229	586	1	1
62.229	587	3	1
62.229	588	4	1
62.406	589	2	1
62.582	590	3	1
62.582	591	4	1
62.759	592	1	2
62.759	593	4	2
62.935	594	1	3
62.935	595	4	3
63.111	596	2	2
63.111	597	3	2
63.288	598	2	3
63.288	599	3	3
63.464	600	2	1
63.464	601	3	1
63.641	602	1	1
63.641	603	4	1
63.685	604	2	1
63.994	605	1	1
63.994	606	4	1
64.038	607	3	1
64.347	608	1	1
64.347	609	2	1
64.347	610	3	1
64.347	611	4	1
64.700	612	1	1
64.700	613	2	1
64.876	614	4	1
65.053	615	1	1
65.053	616	4	1
65.229	617	1	1
65.229	618	2	1
65.406	619	3	1
65.406	620	4	1
65.582	621	1	2
65.582	622	2	2
65.582	623	4	2
65.759	624	1	3
65.759	625	2	3
65.759	626	4	3
65.935	627	1	2
65.935	628	3	2
65.935	629	4	2
66.111	630	1	3
66.111	631	3	3
66.111	632	4	3
66.288	633	2	1
66.288	634	3	1
66.464	635	3	1
66.464	636	4	1
66.509	637	1	1
66.817	638	1	1
66.817	639	2	1
66.861	640	4	1
67.170	641	1	1
67.170	642	2	1
67.170	643	3	1
67.170	644	4	1
67.523	645	2	1
67.523	646	4	1
67.700	647	1	1
67.700	648	2	1
67.876	649	3	1
67.876	650	4	1
68.053	651	2	1
68.229	652	1	1
68.229	653	4	1
68.406	654	2	2
68.406	655	4	2
68.582	656	2	3
68.582	657	4	3
68.759	658	1	2
68.759	659	3	2
68.935	660	1	3
68.935	661	3	3
69.111	662	2	1
69.111	663	3	1
69.288	664	1	2
69.288	665	2	2
69.464	666	1	3
69.464	667	2	3
69.641	668	3	2
69.641	669	4	2
69.817	670	3	3
69.817	671	4	3
69.994	672	1	1
69.994	673	2	1
69.994	674	3	1
69.994	675	4	1
70.347	676	3	1
70.347	677	4	1
70.523	678	1	1
70.700	679	1	1
70.700	680	4	1
70.876	681	3	1
70.876	682	4	1
71.053	683	1	1
71.053	684	2	1
71.229	685	1	2
71.229	686	3	2
71.229	687	4	2
71.406	688	1	3
71.406	689	3	3
71.406	690	4	3
71.582	691	2	2
71.582	692	3	2
71.582	693	4	2
71.759	694	2	3
71.759	695	3	3
71.759	696	4	3
71.935	697	1	1
71.935	698	2	1
72.111	699	3	1
72.111	700	4	1
72.156	701	1	1
72.288	702	3	1
72.464	703	1	1
72.464	704	2	1
72.509	705	4	1
72.641	706	2	1
72.817	707	1	1
72.817	708	2	1
72.817	709	3	1
72.817	710	4	1
72.994	711	3	1
73.082	712	2	1
73.170	713	3	1
73.347	714	2	1
73.523	715	1	1
73.523	716	3	2
73.523	717	4	2
73.700	718	1	1
73.700	719	3	3
73.700	720	4	3
73.876	721	2	1
74.053	722	4	1
74.229	723	1	2
74.229	724	3	1
74.229	725	4	1
74.406	726	2	2
74.406	727	1	3
74.582	728	3	2
74.582	729	4	2
74.582	730	2	3
74.759	731	1	2
74.759	732	2	2
74.759	733	3	3
74.759	734	4	3
74.935	735	2	3
75.111	736	3	1
75.111	737	4	2
75.111	738	1	3
75.288	739	1	1
75.288	740	2	1
75.288	741	4	3
75.641	742	1	2
75.641	743	2	2
75.641	744	4	1
75.817	745	4	1
75.817	746	1	3
75.817	747	2	3
75.994	748	1	2
75.994	749	2	2
75.994	750	4	2
76.170	751	1	3
76.170	752	2	3
76.170	753	4	3
76.347	754	1	1
76.347	755	4	1
76.523	756	2	1
76.700	757	3	1
76.700	758	4	1
76.876	759	1	1
76.876	760	2	1
77.053	761	1	2
77.053	762	3	1
77.053	763	4	1
77.229	764	2	1
77.406	765	3	2
77.406	766	1	3
77.582	767	1	2
77.582	768	4	2
77.582	769	3	3
77.759	770	1	3
77.935	771	1	1
77.935	772	2	1
77.935	773	4	3
78.111	774	2	1
78.111	775	3	1
78.288	776	1	2
78.464	777	2	2
78.464	778	4	2
78.464	779	1	3
78.641	780	3	2
78.641	781	2	3
78.641	782	4	3
78.817	783	1	2
78.817	784	2	2
78.817	785	4	2
78.817	786	3	3
78.994	787	4	3
79.170	788	3	1
79.170	789	4	1
79.170	790	1	3
79.170	791	2	3
79.347	792	1	1
79.523	793	2	1
79.700	794	4	1
79.876	795	1	2
79.876	796	3	1
79.876	797	4	1
80.053	798	2	2
80.053	799	1	3
80.229	800	3	2
80.229	801	4	2
80.229	802	2	3
80.406	803	1	2
80.406	804	2	2
80.406	805	3	3
80.406	806	4	3
80.582	807	2	3
80.759	808	3	1
80.759	809	4	2
80.759	810	1	3
80.935	811	1	1
80.935	812	2	1
80.935	813	4	3
81.288	814	1	2
81.288	815	2	2
81.288	816	4	1
81.464	817	4	1
81.464	818	1	3
81.464	819	2	3
81.641	820	1	2
81.641	821	3	2
81.641	822	4	2
81.817	823	1	3
81.817	824	3	3
81.817	825	4	3
81.994	826	1	1
81.994	827	4	1
82.170	828	2	1
82.347	829	3	1
82.347	830	4	1
82.523	831	1	1
82.523	832	2	1
82.700	833	1	2
82.700	834	3	1
82.700	835	4	1
82.876	836	2	1
83.053	837	3	2
83.053	838	4	2
83.053	839	1	3
83.229	840	1	2
83.229	841	2	2
83.229	842	3	3
83.229	843	4	3
83.406	844	1	3
83.582	845	1	1
83.582	846	4	1
83.582	847	2	3
83.759	848	3	1
83.759	849	4	1
83.935	850	1	1
84.111	851	1	1
84.111	852	4	1
84.288	853	3	1
84.464	854	2	1
84.464	855	4	1
84.641	856	3	1
84.817	857	1	2
84.817	858	2	2
84.817	859	4	1
84.994	860	4	1
84.994	861	1	3
84.994	862	2	3
85.170	863	1	1
85.347	864	2	1
85.523	865	1	1
85.523	866	2	1
85.523	867	4	2
85.700	868	3	2
85.700	869	4	3
85.876	870	1	2
85.876	871	2	2
85.876	872	3	3
86.053	873	3	2
86.053	874	4	2
86.053	875	1	3
86.053	876	2	3
86.229	877	3	3
86.406	878	1	2
86.406	879	4	3
86.582	880	3	1
86.582	881	4	1
86.582	882	1	3
86.759	883	2	2
86.935	884	1	1
86.935	885	4	1
86.935	886	2	3
87.111	887	1	1
87.111	888	3	2
87.288	889	1	2
87.288	890	4	2
87.288	891	3	3
87.464	892	2	2
87.464	893	1	3
87.464	894	4	3
87.641	895	3	1
87.641	896	4	1
87.817	897	1	1
87.817	898	2	3
87.994	899	3	1
87.994	900	4	1
88.170	901	1	1
88.170	902	2	1
88.347	903	1	1
88.347	904	2	1
88.347	905	4	2
88.523	906	3	1
88.700	907	2	2
88.700	908	4	3
88.876	909	1	2
88.876	910	4	2
88.876	911	2	3
89.053	912	2	2
89.053	913	4	3
89.229	914	3	1
89.229	915	4	1
89.229	916	1	3
89.229	917	2	3
89.406	918	1	1
89.406	919	2	2
89.582	920	3	2
89.582	921	2	3
89.759	922	1	2
89.759	923	4	2
89.759	924	3	3
89.935	925	2	2
89.935	926	1	3
89.935	927	4	3
90.111	928	3	2
90.111	929	4	2
90.111	930	2	3
90.288	931	1	2
90.288	932	3	3
90.464	933	2	1
90.464	934	3	1
90.464	935	1	3
90.464	936	4	3
90.641	937	4	1
90.817	938	2	1
90.994	939	1	1
91.170	940	1	2
91.170	941	3	1
91.170	942	4	1
91.347	943	2	2
91.347	944	1	3
91.523	945	3	2
91.523	946	4	2
91.523	947	2	3
91.700	948	1	2
91.700	949	2	2
91.700	950	3	3
91.700	951	4	3
91.876	952	4	2
91.876	953	2	3
92.053	954	1	3
92.053	955	4	3
92.229	956	3	2
92.229	957	4	2
92.406	958	3	3
92.406	959	4	3
92.582	960	1	1
92.582	961	4	2
92.759	962	1	1
92.759	963	3	2
92.759	964	4	3
92.935	965	1	2
92.935	966	2	2
92.935	967	3	3
93.111	968	3	2
93.111	969	1	3
93.111	970	2	3
93.288	971	1	1
93.288	972	4	1
93.288	973	3	3
93.464	974	2	1
93.641	975	3	1
93.641	976	4	1
93.817	977	1	1
93.817	978	2	1
93.994	979	1	2
93.994	980	3	1
93.994	981	4	1
94.170	982	2	1
94.347	983	3	2
94.347	984	4	2
94.347	985	1	3
94.523	986	1	2
94.523	987	2	2
94.523	988	3	3
94.523	989	4	3
94.700	990	1	3
94.876	991	1	1
94.876	992	4	1
94.876	993	2	3
95.053	994	3	1
95.053	995	4	1
95.229	996	1	1
95.406	997	1	1
95.406	998	2	1
95.406	999	4	1
95.582	1000	3	1
95.670	1001	2	1
95.759	1002	3	1
95.935	1003	3	1
96.111	1004	1	2
96.111	1005	4	2
96.288	1006	1	3
96.288	1007	4	3
96.464	1008	3	1
96.641	1009	1	1
96.817	1010	3	2
96.817	1011	4	1
96.994	1012	3	3
97.170	1013	3	2
97.347	1014	2	2
97.523	1015	1	1
97.523	1016	2	3
97.523	1017	3	3
97.700	1018	1	1
97.876	1019	3	1
98.053	1020	3	1
98.229	1021	1	2
98.229	1022	2	1
98.582	1023	4	2
98.582	1024	1	3
98.759	1025	1	2
98.935	1026	2	1
98.935	1027	1	3
98.935	1028	4	3
99.111	1029	3	1
99.288	1030	2	2
99.641	1031	3	1
99.641	1032	4	1
99.641	1033	2	3
99.817	1034	1	1
99.994	1035	3	1
100.170	1036	2	1
100.347	1037	4	1
100.523	1038	4	1
100.700	1039	1	1
100.876	1040	1	1
101.053	1041	3	1
101.053	1042	4	2
101.406	1043	2	2
101.406	1044	4	3
101.582	1045	3	1
101.582	1046	2	3
101.759	1047	1	2
102.111	1048	3	2
102.111	1049	1	3
102.288	1050	4	2
102.464	1051	1	2
102.464	1052	2	2
102.464	1053	3	3
102.464	1054	4	3
102.817	1055	3	2
102.817	1056	1	3
102.817	1057	2	3
103.170	1058	1	2
103.170	1059	3	3
103.347	1060	2	2
103.523	1061	4	2
103.523	1062	2	3
103.700	1063	1	3
103.700	1064	4	3
103.876	1065	1	1
103.876	1066	4	1
104.229	1067	2	1
104.450	1068	3	1
104.582	1069	1	2
104.935	1070	4	2
104.935	1071	1	3
105.288	1072	1	2
105.288	1073	2	2
105.288	1074	4	3
105.464	1075	3	2
105.641	1076	4	1
105.641	1077	1	3
105.641	1078	2	3
105.641	1079	3	3
105.817	1080	2	1
105.994	1081	4	1
106.347	1082	4	1
106.700	1083	1	2
106.700	1084	4	2
106.876	1085	1	3
106.876	1086	4	3
107.053	1087	3	1
107.229	1088	3	1
107.406	1089	1	2
107.406	1090	2	2
107.406	1091	4	2
107.538	1092	1	3
107.538	1093	2	3
107.538	1094	4	3
107.670	1095	3	2
107.670	1096	4	2
107.935	1097	2	1
107.935	1098	3	3
107.935	1099	4	3
108.111	1100	1	2
108.111	1101	3	1
108.111	1102	4	2
108.244	1103	1	3
108.244	1104	4	3
108.376	1105	1	2
108.376	1106	2	2
108.641	1107	3	1
108.641	1108	4	1
108.641	1109	2	3
108.817	1110	2	2
108.817	1111	1	3
108.994	1112	1	2
109.170	1113	3	1
109.170	1114	4	1
109.170	1115	1	3
109.170	1116	2	3
109.347	1117	2	1
109.523	1118	1	1
109.523	1119	3	1
109.523	1120	4	2
109.700	1121	1	1
109.876	1122	1	1
109.876	1123	4	3
110.053	1124	3	1
110.229	1125	1	1
110.229	1126	4	2
110.406	1127	2	2
110.582	1128	1	1
110.582	1129	2	3
110.582	1130	4	3
110.759	1131	3	1
110.935	1132	1	1
110.935	1133	2	1
110.935	1134	4	1
111.111	1135	4	1
111.288	1136	2	1
111.464	1137	1	1
111.464	1138	4	1
111.641	1139	3	1
111.817	1140	1	1
111.817	1141	2	1
111.994	1142	3	2
111.994	1143	4	1
112.347	1144	1	1
112.347	1145	2	1
112.347	1146	4	2
112.347	1147	3	3
112.700	1148	2	2
112.700	1149	4	3
112.876	1150	3	1
113.053	1151	1	1
113.053	1152	4	2
113.053	1153	2	3
113.229	1154	4	3
113.406	1155	1	2
113.406	1156	2	2
113.582	1157	4	1
113.582	1158	1	3
113.582	1159	2	3
113.759	1160	1	2
113.759	1161	2	1
113.759	1162	3	2
113.935	1163	1	3
113.935	1164	3	3
114.111	1165	1	1
114.111	1166	4	2
114.288	1167	1	1
114.288	1168	2	1
114.288	1169	4	3
114.464	1170	3	2
114.464	1171	4	1
114.641	1172	2	2
114.817	1173	1	1
114.817	1174	4	1
114.817	1175	3	3
114.994	1176	3	1
114.994	1177	2	3
115.170	1178	1	1
115.170	1179	2	1
115.170	1180	4	1
115.347	1181	4	1
115.523	1182	2	1
115.523	1183	4	1
115.700	1184	1	1
115.876	1185	3	1
115.876	1186	4	2
116.053	1187	2	2
116.229	1188	1	2
116.229	1189	3	1
116.229	1190	2	3
116.229	1191	4	3
116.406	1192	2	2
116.582	1193	3	1
116.582	1194	4	2
116.582	1195	1	3
116.582	1196	2	3
116.759	1197	4	3
116.935	1198	1	2
116.935	1199	2	1
117.111	1200	3	1
117.111	1201	4	1
117.111	1202	1	3
117.288	1203	2	2
117.464	1204	1	2
117.464	1205	4	1
117.641	1206	3	1
117.641	1207	4	1
117.817	1208	1	3
117.817	1209	2	3
117.994	1210	1	1
117.994	1211	3	1
117.994	1212	4	1
118.170	1213	3	1
118.259	1214	2	1
118.347	1215	3	1
118.523	1216	2	2
118.700	1217	1	2
118.700	1218	2	3
118.876	1219	2	2
119.053	1220	1	3
119.053	1221	2	3
119.229	1222	3	2
119.406	1223	1	1
119.406	1224	4	2
119.406	1225	3	3
119.582	1226	3	2
119.759	1227	3	3
119.759	1228	4	3
119.935	1229	2	2
120.111	1230	1	2
120.111	1231	2	3
120.288	1232	2	2
120.464	1233	3	2
120.464	1234	1	3
120.464	1235	2	3
120.641	1236	2	1
120.641	1237	3	3
120.817	1238	1	2
120.817	1239	4	2
120.994	1240	3	2
121.170	1241	1	3
121.170	1242	3	3
121.170	1243	4	3
121.347	1244	3	2
121.523	1245	1	2
121.523	1246	2	2
121.523	1247	3	3
121.700	1248	1	3
121.700	1249	2	3
121.876	1250	4	1
122.053	1251	2	1
122.229	1252	1	2
122.229	1253	4	2
122.406	1254	3	2
122.406	1255	1	3
122.582	1256	3	3
122.582	1257	4	3
122.759	1258	3	1
122.759	1259	4	1
122.935	1260	2	1
123.111	1261	1	2
123.288	1262	2	2
123.464	1263	1	3
123.464	1264	2	3
123.641	1265	1	2
123.641	1266	2	2
123.994	1267	4	1
123.994	1268	1	3
123.994	1269	2	3
124.347	1270	1	2
124.347	1271	3	2
124.523	1272	4	2
124.523	1273	3	3
124.876	1274	2	2
124.876	1275	1	3
125.053	1276	1	1
125.053	1277	3	1
125.053	1278	2	3
125.053	1279	4	3
125.406	1280	4	1
125.759	1281	3	1
126.288	1282	2	1
126.464	1283	1	1
126.464	1284	4	1
126.817	1285	3	1
127.170	1286	2	2
127.170	1287	4	2
127.347	1288	1	2
127.347	1289	2	3
127.700	1290	3	2
127.700	1291	4	3
127.876	1292	2	1
127.876	1293	4	1
127.876	1294	1	3
127.876	1295	3	3
128.229	1296	1	1
128.406	1297	2	1
128.759	1298	3	1
129.111	1299	4	1
129.288	1300	1	1
129.288	1301	2	1
129.464	1302	3	1
129.641	1303	1	1
129.817	1304	3	2
129.994	1305	4	2
129.994	1306	3	3
130.170	1307	3	2
130.347	1308	1	1
130.347	1309	3	3
130.347	1310	4	3
130.523	1311	2	2
130.700	1312	1	2
130.700	1313	4	1
130.700	1314	2	3
130.876	1315	2	2
131.053	1316	1	3
131.053	1317	2	3
131.229	1318	3	2
131.406	1319	4	2
131.406	1320	3	3
131.582	1321	3	2
131.759	1322	2	2
131.759	1323	3	3
131.759	1324	4	3
131.935	1325	3	1
131.935	1326	2	3
132.111	1327	1	2
132.111	1328	2	2
132.288	1329	4	2
132.641	1330	1	3
132.641	1331	2	3
132.641	1332	4	3
132.817	1333	1	1
132.817	1334	4	1
133.170	1335	1	1
133.347	1336	3	1
133.523	1337	1	2
133.523	1338	4	2
133.876	1339	3	2
133.876	1340	4	3
134.053	1341	2	1
134.053	1342	1	3
134.053	1343	3	3
134.229	1344	1	2
134.229	1345	4	2
134.406	1346	3	2
134.406	1347	1	3
134.582	1348	1	1
134.582	1349	2	1
134.582	1350	3	3
134.582	1351	4	3
134.759	1352	3	1
134.935	1353	2	2
134.935	1354	4	2
135.288	1355	1	1
135.288	1356	2	3
135.288	1357	4	3
135.641	1358	1	2
135.641	1359	3	2
135.817	1360	4	2
135.817	1361	3	3
135.994	1362	3	1
136.170	1363	2	2
136.170	1364	1	3
136.347	1365	1	1
136.347	1366	3	1
136.347	1367	2	3
136.347	1368	4	3
136.700	1369	2	1
137.053	1370	4	1
137.406	1371	3	1
137.582	1372	2	1
137.759	1373	1	1
137.759	1374	4	1
138.111	1375	2	1
138.464	1376	1	1
138.464	1377	4	1
138.641	1378	3	1
138.817	1379	2	1
138.994	1380	4	1
139.170	1381	1	1
139.170	1382	2	1
139.347	1383	3	1
139.523	1384	4	1
139.700	1385	3	1
139.876	1386	1	1
139.876	1387	2	1
139.964	1388	4	1
140.053	1389	3	1
140.141	1390	2	1
140.229	1391	1	1
140.317	1392	4	1
140.406	1393	3	1
140.494	1394	2	1
140.582	1395	1	1
140.582	1396	4	1
140.670	1397	2	1
140.759	1398	3	1
140.847	1399	4	1
140.935	1400	1	1
140.935	1401	2	1
141.111	1402	3	1
141.111	1403	4	1
141.288	1404	1	1
141.288	1405	2	1
141.288	1406	4	1
141.464	1407	3	1
141.641	1408	1	1
141.641	1409	2	1
141.817	1410	1	2
141.817	1411	3	2
141.817	1412	4	2
141.994	1413	1	3
141.994	1414	3	3
141.994	1415	4	3
142.170	1416	2	2
142.170	1417	3	2
142.347	1418	2	3
142.347	1419	3	3
142.523	1420	2	1
142.523	1421	3	1
142.700	1422	3	1
142.700	1423	4	1
142.744	1424	1	1
143.053	1425	1	1
143.053	1426	2	1
143.097	1427	4	1
143.406	1428	1	1
143.406	1429	2	1
143.406	1430	3	1
143.406	1431	4	1
143.759	1432	1	1
143.759	1433	2	1
143.935	1434	4	1
144.111	1435	1	1
144.111	1436	4	1
144.288	1437	1	1
144.288	1438	2	1
144.464	1439	3	1
144.641	1440	1	2
144.641	1441	3	2
144.641	1442	4	2
144.817	1443	1	3
144.817	1444	3	3
144.817	1445	4	3
144.994	1446	1	2
144.994	1447	2	2
144.994	1448	4	2
145.170	1449	1	3
145.170	1450	2	3
145.170	1451	4	3
145.347	1452	2	1
145.347	1453	3	1
145.523	1454	1	1
145.523	1455	4	1
145.567	1456	2	1
145.876	1457	1	1
145.876	1458	4	1
145.920	1459	3	1
146.229	1460	1	1
146.229	1461	2	1
146.229	1462	3	1
146.229	1463	4	1
146.582	1464	1	1
146.582	1465	4	1
146.759	1466	3	1
146.759	1467	4	1
146.935	1468	1	1
146.935	1469	2	1
147.111	1470	3	1
147.288	1471	1	1
147.288	1472	4	1
147.464	1473	1	2
147.464	1474	2	2
147.464	1475	3	2
147.641	1476	1	3
147.641	1477	2	3
147.641	1478	3	3
147.817	1479	3	2
147.817	1480	4	2
147.994	1481	3	3
147.994	1482	4	3
148.170	1483	2	1
148.170	1484	3	1
148.347	1485	1	2
148.347	1486	3	2
148.523	1487	1	3
148.523	1488	3	3
148.700	1489	2	2
148.700	1490	4	2
148.876	1491	2	3
148.876	1492	4	3
149.053	1493	1	1
149.053	1494	2	1
149.053	1495	3	1
149.053	1496	4	1
149.406	1497	3	1
149.406	1498	4	1
149.582	1499	1	1
149.759	1500	1	1
149.759	1501	4	1
149.935	1502	3	1
149.935	1503	4	1
150.111	1504	1	1
150.111	1505	2	1
150.288	1506	1	2
150.288	1507	3	2
150.288	1508	4	2
150.464	1509	1	3
150.464	1510	3	3
150.464	1511	4	3
150.641	1512	2	2
150.641	1513	3	2
150.641	1514	4	2
150.817	1515	2	3
150.817	1516	3	3
150.817	1517	4	3
150.994	1518	1	1
150.994	1519	2	1
151.170	1520	3	1
151.170	1521	4	1
151.214	1522	1	1
151.347	1523	3	1
151.523	1524	1	1
151.523	1525	2	1
151.567	1526	4	1
151.700	1527	2	1
151.876	1528	1	1
151.876	1529	2	1
151.876	1530	3	1
151.876	1531	4	1
152.053	1532	3	1
152.229	1533	3	1
152.229	1534	4	1
152.406	1535	1	1
152.406	1536	2	1
152.582	1537	1	1
152.582	1538	2	1
152.582	1539	4	1
152.759	1540	3	1
152.935	1541	1	1
152.935	1542	2	1
153.111	1543	1	2
153.111	1544	3	2
153.111	1545	4	2
153.288	1546	1	3
153.288	1547	3	3
153.288	1548	4	3
153.464	1549	2	2
153.464	1550	3	2
153.641	1551	2	3
153.641	1552	3	3
153.817	1553	2	1
153.817	1554	3	1
153.994	1555	1	1
153.994	1556	4	1
154.038	1557	3	1
154.347	1558	1	1
154.347	1559	4	1
154.391	1560	2	1
154.700	1561	1	1
154.700	1562	2	1
154.700	1563	3	1
154.700	1564	4	1
155.053	1565	3	1
155.053	1566	4	1
155.229	1567	1	1
155.406	1568	1	1
155.406	1569	4	1
155.582	1570	3	1
155.582	1571	4	1
155.759	1572	1	1
155.759	1573	2	1
155.935	1574	2	2
155.935	1575	3	2
155.935	1576	4	2
156.111	1577	2	3
156.111	1578	3	3
156.111	1579	4	3
156.288	1580	1	2
156.288	1581	2	2
156.288	1582	3	2
156.464	1583	1	3
156.464	1584	2	3
156.464	1585	3	3
156.641	1586	1	1
156.641	1587	2	1
156.817	1588	2	1
156.817	1589	4	1
156.861	1590	3	1
157.170	1591	1	1
157.170	1592	3	1
157.214	1593	2	1
157.523	1594	1	1
157.523	1595	2	1
157.523	1596	3	1
157.523	1597	4	1
157.876	1598	1	1
157.876	1599	3	1
158.053	1600	3	1
158.053	1601	4	1
158.229	1602	1	1
158.229	1603	2	1
158.406	1604	3	1
158.582	1605	1	1
158.582	1606	4	1
158.759	1607	1	2
158.759	1608	2	2
158.759	1609	3	2
158.935	1610	1	3
158.935	1611	2	3
158.935	1612	3	3
159.111	1613	2	2
159.111	1614	4	2
159.288	1615	2	3
159.288	1616	4	3
159.464	1617	2	1
159.464	1618	3	1
159.641	1619	1	2
159.641	1620	2	2
159.817	1621	1	3
159.817	1622	2	3
159.994	1623	3	2
159.994	1624	4	2
160.170	1625	3	3
160.170	1626	4	3
160.347	1627	1	1
160.347	1628	2	1
160.347	1629	3	1
160.347	1630	4	1
160.700	1631	1	1
160.700	1632	2	1
160.876	1633	4	1
161.053	1634	1	1
161.053	1635	4	1
161.229	1636	1	1
161.229	1637	2	1
161.406	1638	3	1
161.406	1639	4	1
161.582	1640	2	2
161.582	1641	4	2
161.759	1642	2	3
161.759	1643	4	3
161.935	1644	1	2
161.935	1645	3	2
162.111	1646	1	3
162.111	1647	3	3
162.288	1648	1	1
162.464	1649	3	1
162.509	1650	2	1
162.817	1651	2	1
162.861	1652	3	1
163.170	1653	1	1
163.170	1654	2	1
163.170	1655	3	1
163.170	1656	4	1