Song Name	Pink Rain (Hard) by Yooh
Difficulty	21
Primary Color	Chill
Secondary Color	Chill
Last Note Time	126.480
Total Notes	917
Fever Fill	281
Fever Time	18.972000
Long Notes	76
BPM	128
Song Length	127.743291667

Timing Points
2.730	468.7500


Song Data
2.730	1	4	2
3.433	2	1	1
3.667	3	3	2
3.667	4	4	3
4.019	5	2	1
4.370	6	1	1
4.605	7	1	2
4.605	8	3	3
5.073	9	3	1
5.542	10	4	2
5.542	11	1	3
6.011	12	3	1
6.480	13	2	2
6.480	14	4	3
7.183	15	3	1
7.417	16	1	2
7.417	17	2	3
7.769	18	4	1
8.120	19	2	1
8.355	20	3	2
8.355	21	1	3
8.706	22	2	1
9.058	23	1	1
9.292	24	4	2
9.292	25	3	3
9.761	26	1	2
10.112	27	1	3
10.112	28	4	3
10.230	29	4	2
10.698	30	1	1
10.933	31	3	1
11.167	32	2	2
11.167	33	4	3
11.519	34	3	1
11.636	35	4	1
11.870	36	3	1
12.105	37	1	2
12.105	38	2	3
12.573	39	3	1
13.042	40	4	2
13.042	41	1	3
13.511	42	2	1
13.745	43	1	1
13.980	44	3	2
13.980	45	4	3
14.448	46	2	1
14.683	47	4	1
14.917	48	2	2
14.917	49	3	3
15.151	50	3	1
15.386	51	4	1
15.620	52	3	1
15.855	53	1	2
15.855	54	2	3
16.323	55	3	1
16.792	56	4	2
16.792	57	1	3
17.261	58	3	2
17.730	59	1	1
17.730	60	2	1
17.730	61	3	3
17.730	62	4	3
17.964	63	4	1
18.198	64	1	1
18.433	65	2	1
18.667	66	4	2
18.901	67	1	1
19.019	68	3	2
19.019	69	4	3
19.136	70	1	1
19.370	71	2	1
19.370	72	3	3
19.605	73	3	2
19.839	74	2	1
20.073	75	1	2
20.073	76	3	3
20.308	77	4	1
20.542	78	4	1
20.542	79	1	3
20.776	80	1	1
21.011	81	3	1
21.245	82	4	1
21.480	83	2	1
21.714	84	1	1
21.948	85	3	1
22.183	86	2	1
22.417	87	4	2
22.651	88	1	1
22.769	89	3	2
22.769	90	4	3
22.886	91	2	1
23.120	92	1	1
23.120	93	3	3
23.355	94	4	2
23.589	95	1	1
23.823	96	3	1
23.823	97	4	3
24.058	98	2	1
24.292	99	4	2
24.526	100	1	1
24.761	101	3	1
24.761	102	4	3
24.995	103	2	1
25.230	104	4	1
25.464	105	1	1
25.698	106	3	1
25.933	107	2	1
26.167	108	4	2
26.401	109	2	1
26.519	110	3	2
26.519	111	4	3
26.636	112	1	1
26.870	113	2	1
26.870	114	3	3
27.105	115	3	2
27.339	116	2	1
27.573	117	1	2
27.573	118	3	3
27.808	119	3	1
28.042	120	4	1
28.042	121	1	3
28.276	122	3	1
28.511	123	1	1
28.745	124	2	1
28.980	125	4	2
29.214	126	1	1
29.448	127	2	1
29.448	128	4	3
29.683	129	3	1
29.917	130	2	1
30.151	131	2	1
30.386	132	3	1
30.620	133	2	1
30.855	134	1	2
31.089	135	3	1
31.323	136	4	1
31.323	137	1	3
31.558	138	1	1
31.792	139	4	1
32.026	140	4	1
32.261	141	1	2
32.495	142	2	2
32.730	143	3	1
32.730	144	4	1
32.730	145	1	3
32.730	146	2	3
33.198	147	2	1
33.198	148	4	1
33.433	149	3	1
33.667	150	1	1
33.667	151	2	1
34.136	152	1	1
34.136	153	3	1
34.526	154	2	1
34.605	155	3	1
34.605	156	4	1
34.761	157	2	1
34.839	158	3	1
35.073	159	1	1
35.073	160	2	1
35.308	161	3	1
35.542	162	1	1
35.542	163	4	1
36.011	164	2	1
36.011	165	4	1
36.245	166	3	1
36.480	167	2	1
36.480	168	4	1
36.948	169	1	1
36.948	170	3	1
37.183	171	2	1
37.417	172	1	1
37.417	173	3	1
37.886	174	1	1
37.886	175	3	1
38.276	176	2	1
38.355	177	3	1
38.355	178	4	1
38.511	179	2	1
38.589	180	3	1
38.823	181	1	1
38.823	182	2	1
39.058	183	3	1
39.292	184	1	1
39.292	185	4	1
39.761	186	2	1
39.761	187	4	1
39.995	188	3	1
40.230	189	2	1
40.230	190	4	1
40.464	191	1	1
40.581	192	4	1
40.698	193	1	1
40.698	194	3	1
40.815	195	4	1
40.933	196	2	1
41.050	197	4	1
41.167	198	1	1
41.167	199	3	1
41.401	200	2	1
41.519	201	3	1
41.636	202	1	1
41.636	203	4	1
41.753	204	3	1
41.870	205	4	1
41.987	206	1	1
42.105	207	3	1
42.105	208	4	1
42.261	209	2	1
42.339	210	3	1
42.456	211	4	1
42.573	212	1	1
42.573	213	2	1
42.690	214	3	1
42.808	215	2	1
42.925	216	3	1
43.042	217	1	1
43.042	218	4	1
43.276	219	2	1
43.511	220	1	1
43.511	221	4	1
43.745	222	3	1
43.980	223	2	1
43.980	224	4	1
44.214	225	4	1
44.448	226	2	1
44.448	227	4	1
44.683	228	2	1
44.683	229	3	1
44.917	230	1	1
44.917	231	3	1
45.151	232	1	1
45.386	233	1	1
45.386	234	4	1
45.620	235	3	1
45.776	236	2	1
45.855	237	3	1
45.855	238	4	1
46.011	239	1	1
46.011	240	2	1
46.089	241	3	1
46.089	242	4	1
46.245	243	1	1
46.245	244	2	1
46.323	245	3	1
46.323	246	4	1
46.480	247	1	1
46.480	248	2	1
46.558	249	3	1
46.558	250	4	1
46.714	251	2	1
46.714	252	3	1
46.792	253	4	1
46.870	254	3	1
46.948	255	1	1
47.026	256	4	1
47.105	257	3	1
47.183	258	1	1
47.261	259	3	2
47.261	260	4	2
47.495	261	1	1
47.495	262	3	3
47.495	263	4	3
47.730	264	1	1
47.730	265	3	1
48.433	266	3	1
48.667	267	2	1
48.667	268	4	1
48.901	269	4	1
49.136	270	1	1
49.370	271	3	1
49.605	272	1	1
49.605	273	2	1
50.073	274	2	1
50.308	275	3	1
50.542	276	2	1
50.542	277	4	1
50.776	278	2	1
50.776	279	3	1
51.011	280	1	1
51.011	281	4	1
51.245	282	1	1
51.245	283	4	1
51.480	284	1	1
51.480	285	3	1
51.480	286	4	1
51.714	287	2	1
51.948	288	1	1
51.948	289	4	1
52.183	290	1	1
52.183	291	3	1
52.417	292	1	1
52.417	293	2	1
52.651	294	4	1
52.886	295	1	2
52.886	296	3	2
53.120	297	4	1
53.120	298	1	3
53.120	299	3	3
53.276	300	1	1
53.276	301	2	1
53.355	302	3	1
53.355	303	4	1
53.511	304	2	1
53.589	305	3	1
53.823	306	1	1
53.823	307	2	1
54.058	308	2	1
54.058	309	3	1
54.292	310	3	1
54.292	311	4	1
54.526	312	4	1
54.761	313	1	1
54.761	314	3	1
54.995	315	2	1
54.995	316	4	1
55.230	317	1	1
55.230	318	3	1
55.464	319	3	1
55.698	320	2	1
55.698	321	4	1
55.933	322	1	1
55.933	323	3	1
56.167	324	2	1
56.167	325	4	1
56.401	326	1	1
56.636	327	3	2
56.636	328	4	2
56.870	329	1	1
56.870	330	3	3
56.870	331	4	3
57.026	332	1	1
57.026	333	2	1
57.105	334	3	1
57.105	335	4	1
57.261	336	2	1
57.339	337	3	1
57.573	338	1	1
57.573	339	2	1
57.808	340	2	1
57.808	341	3	1
58.042	342	3	1
58.042	343	4	1
58.276	344	2	1
58.511	345	1	1
58.511	346	3	1
58.628	347	2	1
58.745	348	1	1
58.745	349	4	1
58.862	350	3	1
58.980	351	1	1
58.980	352	4	1
59.214	353	2	1
59.448	354	1	1
59.448	355	4	1
59.683	356	1	1
59.683	357	3	1
59.917	358	1	1
59.917	359	2	1
60.151	360	4	1
60.386	361	1	2
60.386	362	3	2
60.620	363	4	1
60.620	364	1	3
60.620	365	3	3
60.776	366	1	1
60.776	367	2	1
60.855	368	3	1
60.855	369	4	1
61.011	370	2	1
61.089	371	3	1
61.323	372	2	1
61.323	373	3	1
61.558	374	3	1
61.558	375	4	1
61.792	376	1	1
61.792	377	2	1
62.026	378	4	1
62.261	379	1	1
62.261	380	3	1
62.495	381	2	1
62.495	382	4	1
62.730	383	1	1
62.730	384	3	1
62.964	385	3	1
63.198	386	2	1
63.198	387	4	1
63.433	388	1	1
63.433	389	3	1
63.667	390	3	1
63.667	391	4	1
63.901	392	2	1
64.136	393	1	2
64.136	394	2	2
64.370	395	4	1
64.370	396	1	3
64.370	397	2	3
64.526	398	3	1
64.526	399	4	1
64.605	400	1	1
64.605	401	2	1
64.761	402	3	1
64.839	403	1	1
65.073	404	3	1
65.073	405	4	1
65.230	406	2	1
65.230	407	3	1
65.308	408	1	1
65.308	409	4	1
65.464	410	2	1
65.464	411	4	1
65.542	412	1	1
65.542	413	3	1
65.698	414	1	1
65.698	415	3	1
65.933	416	2	1
65.933	417	3	1
66.167	418	1	1
66.167	419	2	1
66.245	420	3	1
66.480	421	1	1
66.480	422	4	1
66.714	423	1	1
66.948	424	1	1
66.948	425	3	1
66.948	426	4	1
67.183	427	1	1
67.183	428	3	1
67.417	429	1	1
67.417	430	2	1
67.651	431	4	1
67.886	432	1	2
67.886	433	3	2
68.120	434	4	1
68.120	435	1	3
68.120	436	3	3
68.276	437	1	1
68.276	438	2	1
68.355	439	3	1
68.355	440	4	1
68.511	441	2	1
68.589	442	3	1
68.823	443	1	1
68.823	444	2	1
69.058	445	2	1
69.058	446	3	1
69.292	447	3	1
69.292	448	4	1
69.526	449	4	1
69.761	450	1	1
69.761	451	3	1
69.995	452	2	1
69.995	453	4	1
70.230	454	1	1
70.230	455	3	1
70.464	456	3	1
70.698	457	2	1
70.698	458	4	1
70.933	459	1	1
70.933	460	3	1
71.167	461	2	1
71.167	462	4	1
71.401	463	1	1
71.636	464	3	2
71.636	465	4	2
71.870	466	1	1
71.870	467	3	3
71.870	468	4	3
72.026	469	1	1
72.026	470	2	1
72.105	471	3	1
72.105	472	4	1
72.261	473	2	1
72.339	474	3	1
72.573	475	1	1
72.573	476	2	1
72.808	477	2	1
72.808	478	3	1
73.042	479	3	1
73.042	480	4	1
73.276	481	2	1
73.511	482	1	1
73.511	483	3	1
73.628	484	2	1
73.745	485	1	1
73.745	486	4	1
73.862	487	3	1
73.980	488	1	1
73.980	489	4	1
74.214	490	2	1
74.448	491	1	1
74.448	492	4	1
74.683	493	1	1
74.683	494	3	1
74.917	495	1	1
74.917	496	2	1
75.151	497	4	1
75.386	498	1	2
75.386	499	3	2
75.620	500	4	1
75.620	501	1	3
75.620	502	3	3
75.776	503	1	1
75.776	504	2	1
75.855	505	3	1
75.855	506	4	1
76.011	507	2	1
76.089	508	3	1
76.323	509	2	1
76.323	510	3	1
76.558	511	3	1
76.558	512	4	1
76.792	513	1	1
76.792	514	2	1
77.026	515	4	1
77.261	516	1	1
77.261	517	3	1
77.495	518	2	1
77.495	519	4	1
77.730	520	1	1
77.730	521	3	1
77.964	522	3	1
78.198	523	2	1
78.198	524	4	1
78.433	525	1	1
78.433	526	3	1
78.667	527	3	1
78.667	528	4	1
78.901	529	2	1
79.136	530	1	2
79.136	531	2	2
79.370	532	4	1
79.370	533	1	3
79.370	534	2	3
79.526	535	3	1
79.526	536	4	1
79.605	537	1	1
79.605	538	2	1
79.761	539	3	1
79.839	540	1	1
79.995	541	2	1
80.073	542	4	1
80.151	543	1	1
80.230	544	4	1
80.308	545	2	1
80.386	546	3	1
80.464	547	2	1
80.542	548	1	1
80.542	549	4	1
80.776	550	1	1
80.776	551	2	1
81.011	552	3	1
81.011	553	4	1
81.245	554	3	1
81.245	555	4	1
81.480	556	1	1
81.480	557	2	1
81.480	558	3	1
81.480	559	4	1
81.714	560	4	1
81.948	561	1	1
81.948	562	3	1
82.183	563	2	1
82.417	564	1	1
82.417	565	4	2
82.651	566	2	1
82.769	567	3	2
82.769	568	4	3
82.886	569	1	1
83.120	570	2	1
83.120	571	3	3
83.355	572	1	1
83.355	573	3	2
83.589	574	2	1
83.823	575	1	2
83.823	576	4	1
83.823	577	3	3
84.058	578	3	1
84.292	579	3	1
84.292	580	4	1
84.292	581	1	3
84.526	582	1	1
84.761	583	2	1
84.761	584	3	1
84.995	585	4	1
85.230	586	1	1
85.230	587	2	1
85.464	588	1	1
85.698	589	3	1
85.698	590	4	1
85.933	591	2	1
86.167	592	1	1
86.167	593	4	2
86.401	594	1	1
86.519	595	3	2
86.519	596	4	3
86.636	597	2	1
86.870	598	1	1
86.870	599	3	3
87.105	600	2	1
87.105	601	4	2
87.339	602	1	1
87.573	603	2	1
87.573	604	3	1
87.573	605	4	3
87.808	606	3	1
88.042	607	1	1
88.042	608	4	2
88.276	609	2	1
88.511	610	1	1
88.511	611	3	1
88.511	612	4	3
88.745	613	2	1
88.980	614	3	1
88.980	615	4	1
89.214	616	1	1
89.214	617	2	1
89.448	618	3	1
89.448	619	4	1
89.683	620	1	1
89.683	621	2	1
89.917	622	3	1
89.917	623	4	1
90.151	624	1	1
90.151	625	2	1
90.386	626	3	1
90.386	627	4	1
90.620	628	1	1
90.620	629	2	1
90.855	630	3	1
90.855	631	4	1
91.089	632	1	1
91.089	633	2	1
91.323	634	3	1
91.323	635	4	1
91.558	636	1	1
91.558	637	2	1
91.792	638	3	1
91.792	639	4	1
92.026	640	1	1
92.026	641	2	1
92.261	642	3	1
92.261	643	4	1
92.495	644	1	1
92.495	645	2	1
92.730	646	1	1
92.730	647	4	1
92.886	648	2	1
92.964	649	4	1
93.120	650	1	1
93.198	651	3	1
93.355	652	2	1
93.433	653	3	1
93.433	654	4	1
93.589	655	4	1
93.667	656	1	1
93.667	657	2	1
93.823	658	1	1
93.901	659	3	1
93.901	660	4	1
94.058	661	2	1
94.136	662	3	1
94.136	663	4	1
94.292	664	4	1
94.370	665	1	1
94.370	666	2	1
94.526	667	1	1
94.605	668	3	1
94.605	669	4	1
94.761	670	1	1
94.761	671	2	1
94.839	672	3	1
94.839	673	4	1
94.995	674	1	1
94.995	675	2	1
95.073	676	4	1
95.151	677	3	1
95.230	678	2	1
95.308	679	4	1
95.386	680	3	1
95.464	681	2	1
95.542	682	3	1
95.542	683	4	2
96.011	684	1	1
96.011	685	2	1
96.011	686	3	1
96.011	687	4	3
96.245	688	1	1
96.245	689	2	1
96.480	690	1	1
96.480	691	3	1
96.480	692	4	1
96.714	693	2	1
96.948	694	1	1
96.948	695	3	1
97.183	696	3	1
97.339	697	3	1
97.417	698	2	1
97.417	699	4	1
97.651	700	1	1
97.886	701	1	1
97.886	702	2	1
98.120	703	4	1
98.355	704	1	1
98.355	705	4	1
98.589	706	2	1
98.823	707	1	1
98.823	708	3	1
98.980	709	1	1
99.058	710	3	1
99.214	711	1	1
99.292	712	2	1
99.292	713	4	1
99.526	714	1	1
99.761	715	1	1
99.761	716	2	1
99.995	717	4	1
100.230	718	1	1
100.230	719	4	1
100.464	720	2	1
100.698	721	1	1
100.698	722	3	1
100.933	723	3	1
101.089	724	3	1
101.167	725	2	1
101.167	726	4	1
101.401	727	1	1
101.636	728	1	1
101.636	729	2	1
101.870	730	4	1
102.105	731	1	1
102.105	732	4	1
102.339	733	2	1
102.573	734	1	1
102.573	735	3	1
102.730	736	1	1
102.808	737	3	1
102.964	738	1	1
103.042	739	2	1
103.042	740	4	2
103.276	741	3	1
103.511	742	1	2
103.511	743	3	1
103.511	744	4	3
103.667	745	2	1
103.745	746	4	1
103.901	747	2	1
103.980	748	3	1
103.980	749	4	1
103.980	750	1	3
104.214	751	2	1
104.448	752	1	1
104.448	753	3	1
104.683	754	3	1
104.839	755	3	1
104.917	756	2	1
104.917	757	4	1
105.151	758	1	1
105.386	759	1	1
105.386	760	2	1
105.620	761	4	1
105.855	762	1	1
105.855	763	4	1
106.089	764	2	1
106.323	765	1	1
106.323	766	3	1
106.480	767	1	1
106.558	768	3	1
106.714	769	1	1
106.792	770	2	1
106.792	771	4	1
107.026	772	1	2
107.026	773	4	2
107.144	774	1	3
107.144	775	4	3
107.261	776	1	1
107.261	777	2	1
107.495	778	4	1
107.730	779	1	1
107.730	780	4	1
107.964	781	2	1
108.198	782	1	1
108.198	783	3	1
108.433	784	3	1
108.589	785	3	1
108.667	786	2	1
108.667	787	4	1
108.901	788	1	1
109.136	789	1	1
109.136	790	2	1
109.370	791	4	1
109.605	792	1	1
109.605	793	4	1
109.839	794	2	1
110.073	795	1	1
110.073	796	3	1
110.230	797	3	1
110.230	798	4	1
110.308	799	2	1
110.464	800	3	1
110.464	801	4	1
110.542	802	1	1
110.698	803	1	1
110.698	804	4	1
110.933	805	1	1
110.933	806	3	1
111.167	807	2	1
111.167	808	4	1
111.245	809	1	1
111.245	810	3	1
111.480	811	1	1
111.480	812	2	1
111.480	813	4	1
111.714	814	3	1
111.714	815	4	1
111.948	816	2	1
111.948	817	4	1
112.183	818	1	1
112.417	819	4	1
112.651	820	3	1
112.651	821	4	1
112.886	822	1	1
112.886	823	2	1
113.120	824	4	1
113.355	825	1	1
113.589	826	3	1
113.589	827	4	1
113.823	828	2	1
113.823	829	4	1
114.058	830	1	1
114.292	831	4	1
114.526	832	3	1
114.526	833	4	1
114.761	834	1	1
114.761	835	2	1
114.995	836	3	1
114.995	837	4	1
115.230	838	1	1
115.464	839	3	1
115.464	840	4	1
115.698	841	2	1
115.698	842	4	1
115.933	843	1	1
116.167	844	4	1
116.401	845	3	1
116.401	846	4	1
116.636	847	1	1
116.636	848	2	1
116.870	849	4	1
117.105	850	1	1
117.339	851	3	1
117.339	852	4	1
117.573	853	2	1
117.573	854	4	1
117.808	855	1	1
118.042	856	4	2
118.276	857	1	1
118.276	858	2	1
118.511	859	1	2
118.511	860	3	1
118.511	861	4	3
118.745	862	3	1
118.745	863	4	1
118.980	864	2	1
118.980	865	1	3
119.214	866	3	1
119.214	867	4	1
119.448	868	1	1
119.683	869	2	1
119.917	870	4	1
120.151	871	3	1
120.151	872	4	1
120.386	873	2	1
120.620	874	4	1
120.855	875	1	1
121.089	876	3	1
121.089	877	4	1
121.323	878	1	1
121.558	879	2	1
121.792	880	4	1
122.026	881	1	2
122.026	882	4	2
122.144	883	1	3
122.144	884	4	3
122.261	885	1	1
122.495	886	3	1
122.730	887	4	2
122.964	888	2	1
123.198	889	1	1
123.198	890	4	3
123.433	891	4	1
123.667	892	3	1
123.901	893	3	1
124.136	894	2	1
124.370	895	2	1
124.605	896	4	1
124.761	897	4	1
124.839	898	2	1
124.995	899	2	1
125.073	900	3	1
125.151	901	2	1
125.230	902	3	1
125.308	903	2	1
125.386	904	1	1
125.464	905	2	1
125.542	906	3	2
125.542	907	4	2
125.894	908	3	3
125.894	909	4	3
126.011	910	1	2
126.011	911	2	2
126.011	912	3	2
126.011	913	4	2
126.480	914	1	3
126.480	915	2	3
126.480	916	3	3
126.480	917	4	3