Song Name	PLAZMA (Hard) by brz1128
Difficulty	26
Primary Color	Vibe
Secondary Color	Flow
Audio Asset ID	rbxassetid://9118765175
Audio File	9118765175.ogg
Last Note Time	145.406
Total Notes	1460
Fever Fill	476
Fever Time	21.810900
Long Notes	33
BPM	177
Song Length	146.406000000

Timing Points
0.000	337.078652
95.730	352.941176
98.553	337.078652


Song Data
0.000	1	1	1
0.168	2	2	1
0.252	3	3	1
0.337	4	4	1
0.421	5	1	1
0.505	6	2	1
0.589	7	3	1
0.674	8	4	1
0.842	9	3	1
1.011	10	3	1
1.179	11	2	1
1.264	12	2	1
1.348	13	1	1
1.348	14	4	1
1.516	15	3	1
1.685	16	4	1
1.685	17	2	1
1.853	18	1	1
1.938	19	4	1
2.191	20	2	1
2.359	21	4	1
2.359	22	3	1
2.528	23	2	1
2.696	24	4	1
2.696	25	1	1
2.865	26	2	1
3.033	27	3	1
3.033	28	1	1
3.202	29	4	1
3.286	30	1	1
3.539	31	3	1
3.707	32	2	1
3.707	33	1	1
3.876	34	3	1
4.044	35	2	2
4.213	36	2	3
4.213	37	3	1
4.382	38	3	1
4.382	39	2	1
4.550	40	1	1
4.634	41	4	1
4.887	42	2	1
5.056	43	4	1
5.056	44	3	1
5.224	45	2	1
5.393	46	4	1
5.393	47	1	1
5.561	48	2	1
5.730	49	3	1
5.730	50	1	1
5.898	51	4	1
5.983	52	1	1
6.235	53	4	1
6.404	54	4	1
6.404	55	2	1
6.573	56	4	1
6.741	57	3	1
6.741	58	1	1
6.825	59	2	1
6.910	60	3	1
6.994	61	3	1
7.078	62	2	1
7.078	63	1	1
7.247	64	4	1
7.331	65	4	1
7.584	66	1	1
7.752	67	3	1
7.752	68	4	1
7.921	69	1	1
8.089	70	4	1
8.089	71	1	1
8.258	72	3	1
8.426	73	4	1
8.426	74	2	1
8.595	75	3	1
8.679	76	1	1
8.932	77	2	1
9.101	78	3	1
9.101	79	1	1
9.269	80	2	1
9.438	81	3	1
9.438	82	1	2
9.775	83	1	3
9.606	84	3	1
9.775	85	4	1
9.775	86	3	1
9.943	87	2	1
10.028	88	3	1
10.112	89	4	1
10.112	90	2	1
10.280	91	3	1
10.280	92	1	1
10.365	93	4	1
10.365	94	2	1
10.449	95	3	1
10.449	96	1	1
10.617	97	4	1
10.617	98	1	1
10.786	99	4	1
10.786	100	2	1
10.870	101	3	1
10.955	102	2	1
11.039	103	1	1
11.123	104	4	1
11.123	105	3	1
11.292	106	2	1
11.376	107	3	1
11.460	108	2	1
11.460	109	1	1
11.544	110	3	1
11.629	111	4	1
11.713	112	3	1
11.797	113	2	1
11.882	114	2	1
11.966	115	2	1
12.050	116	2	1
12.134	117	4	1
12.134	118	3	1
12.303	119	1	1
12.387	120	2	1
12.471	121	3	1
12.471	122	1	1
12.640	123	3	1
12.724	124	2	1
12.808	125	4	1
12.808	126	3	1
12.977	127	3	1
12.977	128	2	1
13.146	129	2	1
13.146	130	1	1
13.314	131	3	1
13.398	132	3	1
13.483	133	2	1
13.483	134	1	1
13.651	135	4	1
13.735	136	3	1
13.820	137	4	1
13.820	138	2	1
13.988	139	2	1
14.073	140	3	1
14.157	141	2	1
14.157	142	1	1
14.325	143	3	1
14.325	144	2	1
14.494	145	4	1
14.494	146	3	1
14.662	147	2	1
14.662	148	1	1
14.831	149	4	2
14.999	150	4	3
14.999	151	3	1
15.168	152	3	1
15.168	153	2	1
15.337	154	1	1
15.421	155	2	1
15.505	156	4	1
15.505	157	3	1
15.674	158	2	1
15.674	159	1	1
15.842	160	4	1
15.842	161	1	1
16.011	162	3	1
16.095	163	3	1
16.179	164	2	1
16.179	165	1	1
16.348	166	4	1
16.432	167	3	1
16.516	168	4	1
16.516	169	2	1
16.685	170	1	1
16.769	171	2	1
16.853	172	3	1
16.853	173	1	1
17.022	174	3	1
17.022	175	1	1
17.191	176	4	1
17.191	177	2	1
17.359	178	3	1
17.528	179	2	1
17.528	180	1	1
17.696	181	4	1
17.780	182	3	1
17.865	183	4	1
17.865	184	2	1
18.033	185	1	1
18.117	186	2	1
18.202	187	4	1
18.202	188	3	1
18.455	189	4	1
18.455	190	3	1
18.455	191	2	1
18.707	192	4	1
18.707	193	3	1
18.707	194	2	1
18.707	195	1	1
18.876	196	1	1
18.918	197	2	1
18.960	198	3	1
19.002	199	4	1
19.044	200	1	1
19.213	201	2	1
19.213	202	1	1
19.466	203	3	1
19.466	204	2	1
19.466	205	1	1
19.719	206	3	1
19.719	207	4	1
19.719	208	2	1
19.719	209	1	1
19.887	210	4	2
20.224	211	4	3
20.224	212	3	1
20.224	213	1	1
20.393	214	2	1
20.477	215	3	1
20.561	216	2	1
20.730	217	4	1
20.814	218	2	1
20.898	219	3	1
20.898	220	4	1
21.067	221	1	1
21.151	222	3	1
21.235	223	1	1
21.404	224	2	1
21.488	225	3	1
21.573	226	1	1
21.573	227	2	1
21.657	228	3	1
21.741	229	4	1
21.825	230	2	1
21.910	231	3	1
22.078	232	1	1
22.162	233	2	1
22.247	234	4	1
22.247	235	3	1
22.415	236	2	1
22.415	237	1	1
22.584	238	3	1
22.668	239	2	1
22.752	240	3	1
22.837	241	2	1
23.089	242	3	1
23.258	243	3	1
23.426	244	3	1
23.511	245	2	1
23.595	246	3	1
23.764	247	1	1
23.932	248	4	1
24.101	249	2	1
24.438	250	1	1
24.775	251	4	2
25.112	252	4	3
25.112	253	2	1
25.196	254	3	1
25.280	255	2	1
25.365	256	2	1
25.449	257	3	1
25.533	258	3	1
25.617	259	1	1
25.786	260	1	1
25.870	261	2	1
25.955	262	3	1
26.123	263	3	1
26.292	264	4	1
26.460	265	3	1
26.629	266	2	1
26.797	267	1	1
26.966	268	3	1
26.966	269	1	1
27.134	270	2	1
27.303	271	3	1
27.303	272	1	1
27.471	273	4	2
27.808	274	4	3
27.808	275	2	1
27.893	276	4	1
27.977	277	2	1
28.314	278	1	1
28.483	279	3	1
28.651	280	3	1
28.820	281	3	1
28.904	282	2	1
28.988	283	3	1
29.157	284	1	1
29.325	285	4	1
29.494	286	2	1
29.831	287	1	1
30.168	288	4	2
30.505	289	4	3
30.505	290	2	1
30.589	291	3	1
30.674	292	2	1
30.758	293	2	1
30.842	294	3	1
30.926	295	3	1
31.011	296	1	1
31.179	297	1	1
31.264	298	4	1
31.348	299	1	1
31.516	300	4	1
31.685	301	4	1
31.853	302	2	1
32.022	303	3	1
32.191	304	1	1
32.359	305	2	1
32.359	306	4	1
32.359	307	3	1
32.528	308	4	1
32.528	309	3	1
32.528	310	2	1
32.696	311	4	1
32.696	312	3	1
32.696	313	2	1
33.033	314	3	1
33.033	315	2	1
33.033	316	1	1
33.202	317	1	1
33.202	318	2	1
33.202	319	3	1
33.370	320	3	1
33.370	321	2	1
33.370	322	1	1
33.707	323	4	1
33.707	324	1	1
33.876	325	3	1
34.044	326	4	1
34.044	327	2	1
34.213	328	1	1
34.297	329	3	1
34.382	330	2	1
34.382	331	1	1
34.550	332	2	1
34.719	333	4	1
34.719	334	3	1
34.887	335	2	1
35.056	336	4	1
35.056	337	1	1
35.224	338	1	1
35.393	339	3	1
35.393	340	2	1
35.561	341	4	2
35.898	342	4	3
35.730	343	1	1
35.898	344	2	1
35.983	345	3	1
36.067	346	2	1
36.151	347	2	1
36.235	348	3	1
36.320	349	3	1
36.404	350	1	1
36.404	351	4	1
36.573	352	4	1
36.657	353	2	1
36.741	354	4	1
36.741	355	3	1
36.910	356	3	1
36.910	357	2	1
37.078	358	2	1
37.078	359	4	1
37.247	360	3	1
37.247	361	1	1
37.415	362	3	1
37.415	363	2	1
37.584	364	4	1
37.584	365	1	1
37.752	366	1	1
37.752	367	2	1
37.921	368	3	1
38.089	369	3	1
38.089	370	1	1
38.258	371	4	2
38.595	372	4	3
38.426	373	1	1
38.595	374	2	1
38.679	375	3	1
38.764	376	2	1
38.932	377	1	1
39.101	378	4	1
39.101	379	1	1
39.269	380	2	1
39.438	381	1	1
39.438	382	3	1
39.606	383	4	1
39.691	384	2	1
39.775	385	3	1
39.775	386	4	1
39.943	387	3	1
40.112	388	1	1
40.112	389	2	1
40.280	390	3	1
40.449	391	1	1
40.449	392	4	1
40.617	393	4	1
40.786	394	2	1
40.786	395	3	1
40.955	396	1	2
41.292	397	1	3
41.123	398	4	1
41.292	399	3	1
41.376	400	2	1
41.460	401	3	1
41.544	402	3	1
41.629	403	2	1
41.713	404	2	1
41.797	405	4	1
41.797	406	1	1
41.966	407	1	1
42.050	408	3	1
42.134	409	4	1
42.134	410	2	1
42.303	411	1	1
42.303	412	2	1
42.471	413	4	1
42.471	414	3	1
42.640	415	3	1
42.640	416	1	1
42.808	417	4	1
42.808	418	1	1
42.977	419	3	1
42.977	420	2	1
43.146	421	2	1
43.146	422	4	1
43.146	423	3	1
43.314	424	4	1
43.314	425	3	1
43.314	426	2	1
43.483	427	3	1
43.483	428	2	1
43.483	429	4	1
43.820	430	3	1
43.820	431	2	1
43.820	432	1	1
43.988	433	3	1
43.988	434	2	1
43.988	435	1	1
44.157	436	3	1
44.157	437	2	1
44.157	438	1	1
44.494	439	4	1
44.494	440	1	1
44.662	441	2	1
44.747	442	3	1
44.831	443	4	1
44.915	444	1	1
44.999	445	3	1
44.999	446	2	1
45.084	447	2	1
45.168	448	4	1
45.168	449	3	1
45.337	450	1	1
45.421	451	4	1
45.421	452	2	1
45.589	453	3	1
45.674	454	2	1
45.674	455	1	1
45.842	456	4	1
45.842	457	1	1
46.011	458	3	1
46.011	459	2	1
46.095	460	3	1
46.179	461	4	1
46.179	462	1	1
46.264	463	1	1
46.348	464	4	1
46.348	465	2	1
46.432	466	4	1
46.516	467	3	1
46.516	468	2	1
46.685	469	1	1
46.769	470	2	1
46.769	471	4	1
47.022	472	2	1
47.022	473	1	1
47.191	474	3	1
47.191	475	1	1
47.359	476	3	1
47.359	477	1	1
47.528	478	2	1
47.696	479	1	1
47.696	480	3	1
47.780	481	3	1
47.865	482	2	1
47.865	483	4	1
48.033	484	1	1
48.117	485	4	1
48.117	486	2	1
48.286	487	2	1
48.370	488	3	1
48.370	489	4	1
48.539	490	2	1
48.539	491	4	2
49.382	492	4	3
48.707	493	2	1
48.876	494	3	1
49.044	495	1	1
49.213	496	2	1
49.382	497	2	1
49.382	498	1	1
49.466	499	3	1
49.550	500	2	1
49.550	501	1	1
49.719	502	4	1
49.719	503	3	1
49.887	504	4	1
49.887	505	1	1
50.056	506	2	1
50.224	507	4	1
50.224	508	3	1
50.393	509	3	1
50.393	510	1	1
50.477	511	1	1
50.561	512	4	1
50.561	513	2	1
50.730	514	3	1
50.814	515	1	1
50.814	516	4	1
50.983	517	3	1
51.067	518	2	1
51.067	519	1	1
51.235	520	4	1
51.235	521	1	1
51.404	522	3	1
51.488	523	3	1
51.573	524	2	1
51.657	525	2	1
51.741	526	4	1
51.825	527	4	1
51.910	528	2	1
51.910	529	1	1
52.078	530	3	1
52.162	531	2	1
52.247	532	4	1
52.247	533	3	1
52.415	534	2	1
52.415	535	1	1
52.584	536	1	1
52.584	537	4	1
52.921	538	4	1
52.921	539	1	1
53.033	540	4	1
53.033	541	1	1
53.146	542	4	1
53.146	543	1	1
53.258	544	4	1
53.258	545	1	1
53.932	546	4	1
53.932	547	1	1
54.269	548	1	1
54.269	549	4	1
54.382	550	1	1
54.382	551	4	1
54.494	552	1	1
54.494	553	4	1
54.606	554	1	1
54.606	555	4	1
55.280	556	3	1
55.280	557	2	1
55.617	558	3	1
55.617	559	2	1
55.730	560	2	1
55.730	561	3	1
55.842	562	2	1
55.842	563	3	1
55.955	564	2	1
55.955	565	3	1
56.629	566	4	1
56.629	567	1	1
56.966	568	4	1
57.219	569	1	1
57.471	570	4	1
57.640	571	2	1
57.640	572	1	1
57.808	573	2	1
57.893	574	2	1
57.977	575	4	1
57.977	576	3	1
58.146	577	2	1
58.314	578	4	1
58.314	579	1	1
58.483	580	3	1
58.567	581	3	1
58.651	582	2	1
58.651	583	1	1
58.820	584	3	1
58.988	585	4	1
58.988	586	2	1
59.157	587	1	1
59.325	588	4	1
59.325	589	3	1
59.410	590	2	1
59.494	591	1	1
59.578	592	3	1
59.662	593	1	1
59.662	594	4	1
59.747	595	2	1
59.831	596	2	1
59.915	597	2	1
59.999	598	4	1
59.999	599	3	1
60.168	600	1	1
60.337	601	2	1
60.337	602	1	1
60.421	603	3	1
60.505	604	3	1
60.589	605	3	1
60.674	606	4	1
60.674	607	1	1
60.842	608	2	1
61.011	609	4	1
61.011	610	3	1
61.179	611	2	1
61.348	612	3	1
61.348	613	1	1
61.516	614	2	1
61.601	615	3	1
61.601	616	4	1
61.853	617	3	1
61.853	618	1	2
62.191	619	1	3
62.022	620	4	1
62.191	621	2	1
62.275	622	3	1
62.359	623	4	1
62.443	624	1	1
62.528	625	2	1
62.612	626	3	1
62.696	627	4	1
62.780	628	2	1
62.865	629	4	1
62.949	630	1	1
63.033	631	4	1
63.117	632	3	1
63.202	633	1	1
63.286	634	2	1
63.370	635	4	1
63.370	636	3	1
63.539	637	4	1
63.539	638	2	1
63.707	639	3	1
63.707	640	1	1
63.876	641	3	1
63.876	642	1	1
64.044	643	4	1
64.044	644	2	1
64.213	645	3	1
64.382	646	3	1
64.550	647	1	1
64.634	648	2	1
64.719	649	4	1
64.719	650	3	1
64.803	651	2	1
64.887	652	3	1
64.887	653	1	1
65.056	654	3	1
65.056	655	1	1
65.224	656	4	1
65.224	657	2	1
65.393	658	3	1
65.393	659	1	1
65.561	660	4	1
65.561	661	3	1
65.646	662	1	1
65.646	663	2	1
65.730	664	4	1
65.730	665	3	1
65.898	666	1	1
65.983	667	2	1
66.067	668	4	1
66.067	669	3	1
66.151	670	2	1
66.235	671	1	1
66.320	672	2	1
66.404	673	4	1
66.404	674	3	1
66.488	675	2	1
66.573	676	1	1
66.657	677	2	1
66.741	678	4	1
66.741	679	1	1
66.825	680	3	1
66.910	681	2	1
66.994	682	1	1
67.078	683	2	1
67.078	684	3	1
67.162	685	3	1
67.247	686	3	1
67.331	687	3	1
67.415	688	2	1
67.415	689	1	1
67.584	690	2	1
67.584	691	1	1
67.668	692	3	1
67.668	693	4	1
67.752	694	1	1
67.752	695	2	1
67.921	696	4	1
67.921	697	1	1
68.089	698	4	1
68.089	699	2	1
68.174	700	3	1
68.174	701	2	1
68.342	702	3	1
68.342	703	1	1
68.595	704	2	1
68.595	705	1	1
68.764	706	4	1
68.932	707	1	1
69.101	708	4	1
69.101	709	1	1
69.269	710	2	1
69.353	711	2	1
69.438	712	3	1
69.438	713	4	1
69.606	714	2	1
69.775	715	1	1
69.775	716	3	1
69.943	717	4	1
70.112	718	1	1
70.112	719	2	1
70.196	720	3	1
70.280	721	4	1
70.365	722	2	1
70.449	723	4	1
70.449	724	1	1
70.533	725	3	1
70.617	726	3	1
70.702	727	3	1
70.786	728	1	1
70.786	729	2	1
70.955	730	4	1
71.123	731	3	1
71.123	732	4	1
71.207	733	2	1
71.292	734	2	1
71.376	735	2	1
71.460	736	1	1
71.460	737	4	1
71.629	738	3	1
71.797	739	1	1
71.797	740	2	1
71.966	741	3	1
72.134	742	2	1
72.134	743	4	1
72.303	744	3	1
72.387	745	2	1
72.387	746	1	1
72.640	747	2	1
72.640	748	4	2
72.977	749	4	3
72.808	750	1	1
72.977	751	3	1
73.061	752	2	1
73.146	753	1	1
73.230	754	4	1
73.314	755	3	1
73.398	756	2	1
73.483	757	1	1
73.567	758	3	1
73.651	759	1	1
73.735	760	4	1
73.820	761	1	1
73.904	762	2	1
73.988	763	4	1
74.073	764	3	1
74.157	765	4	1
74.157	766	2	1
74.325	767	3	1
74.494	768	1	1
74.494	769	2	1
74.662	770	2	1
74.662	771	1	1
74.831	772	4	1
74.831	773	1	1
74.999	774	2	1
75.168	775	3	1
75.168	776	2	1
75.337	777	1	1
75.421	778	2	1
75.505	779	4	1
75.505	780	3	1
75.589	781	2	1
75.674	782	1	1
75.842	783	4	1
75.842	784	2	1
76.011	785	3	1
76.011	786	2	1
76.179	787	3	1
76.179	788	1	1
76.348	789	2	1
76.432	790	2	1
76.516	791	4	1
76.516	792	3	1
76.685	793	2	1
76.685	794	1	1
76.769	795	4	1
76.853	796	2	1
76.853	797	1	1
76.938	798	3	1
77.022	799	4	1
77.106	800	3	1
77.191	801	2	1
77.191	802	1	1
77.275	803	3	1
77.359	804	4	1
77.443	805	3	1
77.528	806	4	1
77.528	807	1	1
77.612	808	2	1
77.696	809	3	1
77.780	810	4	1
77.865	811	2	1
77.865	812	1	1
77.949	813	3	1
78.033	814	2	1
78.117	815	1	1
78.202	816	4	1
78.202	817	3	1
78.286	818	2	1
78.370	819	1	1
78.455	820	2	1
78.539	821	4	1
78.539	822	3	1
78.623	823	1	1
78.707	824	3	1
78.792	825	4	1
78.876	826	2	1
78.960	827	2	1
79.044	828	2	1
79.129	829	2	1
79.213	830	3	1
79.297	831	3	1
79.382	832	3	1
79.466	833	3	1
79.550	834	2	1
79.550	835	1	1
79.887	836	4	1
79.887	837	3	1
80.056	838	2	1
80.140	839	3	1
80.308	840	1	1
80.393	841	3	1
80.561	842	4	1
80.561	843	2	1
80.730	844	4	1
80.898	845	1	1
80.898	846	2	1
81.067	847	3	1
81.235	848	4	1
81.235	849	2	1
81.404	850	3	1
81.488	851	1	1
81.657	852	2	1
81.741	853	1	1
81.825	854	3	1
81.910	855	4	2
82.078	856	4	3
82.078	857	2	1
82.247	858	2	1
82.499	859	2	1
82.752	860	3	1
82.837	861	1	1
83.005	862	2	1
83.089	863	4	1
83.258	864	2	1
83.258	865	1	1
83.426	866	4	1
83.595	867	3	1
83.595	868	1	1
83.764	869	2	1
83.932	870	4	1
83.932	871	1	1
84.101	872	3	1
84.185	873	2	1
84.269	874	4	1
84.269	875	3	1
84.353	876	1	1
84.438	877	2	1
84.522	878	3	1
84.606	879	4	1
84.606	880	1	1
84.775	881	2	1
84.775	882	1	1
84.943	883	4	1
84.943	884	3	1
85.112	885	1	1
85.196	886	2	1
85.280	887	3	1
85.365	888	1	1
85.449	889	3	1
85.533	890	2	1
85.617	891	4	1
85.702	892	1	1
85.786	893	3	1
85.870	894	2	1
85.955	895	3	1
86.039	896	1	1
86.123	897	2	1
86.207	898	3	1
86.292	899	4	1
86.460	900	1	1
86.544	901	2	1
86.629	902	3	1
86.713	903	1	1
86.797	904	3	1
86.882	905	2	1
86.966	906	4	1
87.050	907	1	1
87.134	908	2	1
87.219	909	3	1
87.303	910	4	1
87.303	911	2	1
87.471	912	3	1
87.471	913	2	1
87.640	914	4	1
87.640	915	1	1
87.808	916	2	1
87.977	917	4	1
87.977	918	1	1
88.146	919	3	1
88.230	920	2	1
88.314	921	4	1
88.314	922	3	1
88.398	923	1	1
88.483	924	2	1
88.651	925	4	1
88.651	926	1	1
88.820	927	4	1
88.988	928	4	1
88.988	929	1	1
90.337	930	2	1
90.842	931	2	1
90.926	932	2	1
91.011	933	4	1
91.264	934	3	1
91.516	935	1	1
91.685	936	4	1
91.853	937	1	1
92.022	938	1	1
92.191	939	4	1
92.359	940	3	1
92.612	941	4	1
92.865	942	2	1
93.033	943	1	1
93.539	944	3	1
93.623	945	3	1
93.707	946	1	1
93.960	947	2	1
94.213	948	3	1
94.382	949	4	2
95.730	950	4	3
94.719	951	3	2
95.730	952	3	3
95.056	953	2	2
95.730	954	2	3
95.393	955	1	2
95.730	956	1	3
96.435	957	1	2
97.141	958	1	3
97.141	959	3	2
97.847	960	3	3
97.847	961	4	2
98.553	962	4	3
98.553	963	2	1
98.553	964	3	1
98.890	965	3	1
98.890	966	2	1
99.002	967	3	1
99.002	968	2	1
99.114	969	2	1
99.114	970	3	1
99.227	971	3	1
99.227	972	2	1
99.901	973	3	1
99.901	974	2	1
100.238	975	3	1
100.238	976	2	1
100.350	977	3	1
100.350	978	2	1
100.463	979	2	1
100.463	980	3	1
100.575	981	2	1
100.575	982	3	1
101.249	983	4	1
101.249	984	1	1
101.586	985	4	1
101.586	986	1	1
101.699	987	1	1
101.699	988	4	1
101.811	989	1	1
101.811	990	4	1
101.923	991	1	1
101.923	992	4	1
102.597	993	4	1
102.597	994	1	1
102.935	995	4	1
102.935	996	1	1
103.047	997	4	1
103.047	998	1	1
103.159	999	4	1
103.159	1000	1	1
103.272	1001	4	1
103.272	1002	1	1
103.946	1003	2	1
103.946	1004	1	1
104.283	1005	2	1
104.283	1006	1	1
104.395	1007	2	1
104.395	1008	1	1
104.508	1009	2	1
104.508	1010	1	1
104.620	1011	1	1
104.620	1012	2	1
105.294	1013	2	1
105.294	1014	1	1
105.631	1015	2	1
105.631	1016	1	1
105.744	1017	2	1
105.744	1018	1	1
105.856	1019	1	1
105.856	1020	2	1
105.968	1021	2	1
105.968	1022	1	1
106.642	1023	4	1
106.642	1024	3	1
106.979	1025	4	1
106.979	1026	3	1
107.092	1027	3	1
107.092	1028	4	1
107.204	1029	4	1
107.204	1030	3	1
107.317	1031	4	1
107.317	1032	3	1
107.991	1033	2	2
110.013	1034	2	3
107.991	1035	3	2
109.676	1036	3	3
107.991	1037	1	2
110.013	1038	1	3
107.991	1039	4	2
109.339	1040	4	3
110.182	1041	3	1
110.266	1042	3	1
110.350	1043	2	1
110.435	1044	2	1
110.519	1045	3	1
110.603	1046	3	1
110.687	1047	2	1
110.687	1048	1	1
110.856	1049	3	1
111.024	1050	4	1
111.024	1051	1	1
111.193	1052	3	1
111.277	1053	3	1
111.361	1054	2	1
111.361	1055	1	1
111.530	1056	3	1
111.699	1057	4	1
111.699	1058	2	1
111.867	1059	1	1
112.036	1060	4	1
112.036	1061	3	1
112.120	1062	2	1
112.204	1063	1	1
112.288	1064	3	1
112.373	1065	1	1
112.373	1066	4	1
112.457	1067	2	1
112.541	1068	2	1
112.626	1069	2	1
112.710	1070	4	1
112.710	1071	3	1
112.878	1072	1	1
113.047	1073	2	1
113.047	1074	1	1
113.131	1075	3	1
113.215	1076	3	1
113.300	1077	3	1
113.384	1078	4	1
113.384	1079	1	1
113.552	1080	2	1
113.721	1081	4	1
113.721	1082	3	1
113.890	1083	2	1
114.058	1084	3	1
114.058	1085	1	1
114.227	1086	2	1
114.311	1087	3	1
114.311	1088	4	1
114.564	1089	3	1
114.564	1090	1	2
114.901	1091	1	3
114.732	1092	4	1
114.901	1093	2	1
114.985	1094	3	1
115.069	1095	4	1
115.154	1096	1	1
115.238	1097	2	1
115.322	1098	3	1
115.406	1099	4	1
115.491	1100	2	1
115.575	1101	4	1
115.659	1102	1	1
115.744	1103	4	1
115.828	1104	3	1
115.912	1105	1	1
115.996	1106	2	1
116.081	1107	4	1
116.081	1108	3	1
116.249	1109	4	1
116.249	1110	2	1
116.418	1111	3	1
116.418	1112	1	1
116.586	1113	3	1
116.586	1114	1	1
116.755	1115	4	1
116.755	1116	2	1
116.923	1117	3	1
117.092	1118	3	1
117.260	1119	1	1
117.345	1120	2	1
117.429	1121	4	1
117.429	1122	3	1
117.513	1123	2	1
117.597	1124	3	1
117.597	1125	1	1
117.766	1126	3	1
117.766	1127	1	1
117.935	1128	4	1
117.935	1129	2	1
118.103	1130	3	1
118.103	1131	1	1
118.272	1132	4	1
118.272	1133	3	1
118.356	1134	1	1
118.356	1135	2	1
118.440	1136	4	1
118.440	1137	3	1
118.609	1138	1	1
118.693	1139	2	1
118.777	1140	4	1
118.777	1141	3	1
118.861	1142	2	1
118.946	1143	1	1
119.030	1144	2	1
119.114	1145	4	1
119.114	1146	3	1
119.199	1147	2	1
119.283	1148	1	1
119.367	1149	2	1
119.451	1150	4	1
119.451	1151	1	1
119.536	1152	3	1
119.620	1153	2	1
119.704	1154	1	1
119.788	1155	2	1
119.788	1156	3	1
119.873	1157	3	1
119.957	1158	3	1
120.041	1159	3	1
120.126	1160	2	1
120.126	1161	1	1
120.294	1162	2	1
120.294	1163	1	1
120.378	1164	3	1
120.378	1165	4	1
120.463	1166	1	1
120.463	1167	2	1
120.631	1168	4	1
120.631	1169	1	1
120.800	1170	4	1
120.800	1171	2	1
120.884	1172	3	1
120.884	1173	2	1
121.052	1174	3	1
121.052	1175	1	1
121.305	1176	2	1
121.305	1177	1	1
121.474	1178	3	1
121.474	1179	4	1
121.642	1180	3	1
121.642	1181	2	1
121.811	1182	4	1
121.811	1183	1	1
121.979	1184	2	1
122.064	1185	2	1
122.148	1186	3	1
122.148	1187	4	1
122.317	1188	2	1
122.485	1189	1	1
122.485	1190	3	1
122.654	1191	4	1
122.822	1192	1	1
122.822	1193	2	1
122.906	1194	3	1
122.991	1195	4	1
123.075	1196	2	1
123.159	1197	4	1
123.159	1198	1	1
123.244	1199	3	1
123.328	1200	3	1
123.412	1201	3	1
123.496	1202	1	1
123.496	1203	2	1
123.665	1204	4	1
123.833	1205	3	1
123.833	1206	4	1
123.918	1207	2	1
124.002	1208	2	1
124.086	1209	2	1
124.170	1210	1	1
124.170	1211	4	1
124.339	1212	3	1
124.508	1213	1	1
124.508	1214	2	1
124.676	1215	3	1
124.845	1216	2	1
124.845	1217	4	1
125.013	1218	3	1
125.097	1219	2	1
125.097	1220	1	1
125.350	1221	2	1
125.350	1222	4	2
125.687	1223	4	3
125.519	1224	1	1
125.687	1225	3	1
125.772	1226	2	1
125.856	1227	1	1
125.940	1228	4	1
126.024	1229	3	1
126.109	1230	2	1
126.193	1231	1	1
126.277	1232	3	1
126.361	1233	1	1
126.446	1234	4	1
126.530	1235	1	1
126.614	1236	2	1
126.699	1237	4	1
126.783	1238	3	1
126.867	1239	4	1
126.867	1240	2	1
127.036	1241	3	1
127.204	1242	1	1
127.204	1243	2	1
127.373	1244	2	1
127.373	1245	1	1
127.541	1246	4	1
127.541	1247	1	1
127.710	1248	2	1
127.878	1249	3	1
127.878	1250	2	1
128.047	1251	1	1
128.131	1252	2	1
128.215	1253	4	1
128.215	1254	3	1
128.300	1255	2	1
128.384	1256	1	1
128.552	1257	4	1
128.552	1258	2	1
128.721	1259	3	1
128.721	1260	2	1
128.890	1261	3	1
128.890	1262	1	1
129.058	1263	2	1
129.142	1264	2	1
129.227	1265	4	1
129.227	1266	3	1
129.395	1267	2	1
129.395	1268	1	1
129.479	1269	4	1
129.564	1270	2	1
129.564	1271	1	1
129.648	1272	3	1
129.732	1273	4	1
129.817	1274	3	1
129.901	1275	2	1
129.901	1276	1	1
129.985	1277	3	1
130.069	1278	4	1
130.154	1279	3	1
130.238	1280	4	1
130.238	1281	1	1
130.322	1282	2	1
130.406	1283	3	1
130.491	1284	4	1
130.575	1285	2	1
130.575	1286	1	1
130.659	1287	3	1
130.744	1288	2	1
130.828	1289	1	1
130.912	1290	4	1
130.912	1291	3	1
130.996	1292	2	1
131.081	1293	1	1
131.165	1294	2	1
131.249	1295	4	1
131.249	1296	3	1
131.333	1297	1	1
131.418	1298	3	1
131.502	1299	4	1
131.586	1300	2	1
131.670	1301	2	1
131.755	1302	3	1
131.839	1303	3	1
131.923	1304	1	1
132.008	1305	1	1
132.092	1306	4	1
132.176	1307	4	1
132.260	1308	2	1
132.260	1309	1	1
132.429	1310	3	1
132.513	1311	2	1
132.597	1312	4	1
132.597	1313	3	1
132.766	1314	2	1
132.850	1315	1	1
132.935	1316	4	1
132.935	1317	2	1
133.103	1318	3	1
133.103	1319	2	1
133.272	1320	3	1
133.272	1321	1	1
133.440	1322	3	1
133.524	1323	3	1
133.609	1324	2	1
133.777	1325	4	1
133.861	1326	3	1
133.946	1327	4	1
133.946	1328	2	1
134.114	1329	1	1
134.199	1330	2	1
134.283	1331	3	1
134.283	1332	1	1
134.451	1333	3	1
134.451	1334	2	1
134.620	1335	4	1
134.620	1336	1	1
134.788	1337	4	1
134.788	1338	1	1
134.957	1339	4	2
135.126	1340	4	3
135.126	1341	2	1
135.294	1342	3	1
135.294	1343	2	1
135.463	1344	1	1
135.547	1345	2	1
135.631	1346	4	1
135.631	1347	3	1
135.800	1348	3	1
135.800	1349	2	1
135.968	1350	2	1
135.968	1351	1	1
136.137	1352	2	1
136.221	1353	2	1
136.305	1354	1	1
136.305	1355	3	1
136.474	1356	4	1
136.558	1357	2	1
136.642	1358	3	1
136.642	1359	1	1
136.811	1360	1	1
136.895	1361	2	1
136.979	1362	4	1
136.979	1363	3	1
137.148	1364	4	1
137.148	1365	2	1
137.317	1366	4	1
137.317	1367	1	1
137.485	1368	3	1
137.569	1369	3	1
137.654	1370	1	1
137.654	1371	2	1
137.822	1372	4	1
137.906	1373	3	1
137.991	1374	4	1
137.991	1375	2	1
138.159	1376	1	1
138.244	1377	2	1
138.328	1378	4	1
138.328	1379	3	1
138.581	1380	4	1
138.581	1381	2	1
138.581	1382	3	1
138.833	1383	4	1
138.833	1384	3	1
138.833	1385	2	1
138.833	1386	1	1
139.002	1387	1	1
139.044	1388	2	1
139.086	1389	3	1
139.128	1390	4	1
139.170	1391	1	1
139.339	1392	2	1
139.339	1393	1	1
139.592	1394	3	1
139.592	1395	2	1
139.592	1396	1	1
139.845	1397	4	1
139.845	1398	3	1
139.845	1399	2	1
139.845	1400	1	1
140.013	1401	4	2
140.350	1402	4	3
140.350	1403	1	1
140.350	1404	3	1
140.519	1405	2	1
140.603	1406	3	1
140.687	1407	4	1
140.687	1408	2	1
140.772	1409	1	1
140.856	1410	3	1
140.940	1411	2	1
141.024	1412	4	1
141.024	1413	3	1
141.193	1414	2	1
141.193	1415	1	1
141.361	1416	4	1
141.361	1417	1	1
141.530	1418	3	1
141.530	1419	2	1
141.699	1420	4	1
141.699	1421	1	1
141.783	1422	3	1
141.867	1423	2	1
141.951	1424	1	1
142.036	1425	3	1
142.120	1426	2	1
142.204	1427	4	1
142.288	1428	3	1
142.373	1429	2	1
142.373	1430	1	1
142.457	1431	4	1
142.541	1432	2	1
142.626	1433	1	1
142.710	1434	4	1
142.710	1435	3	1
142.794	1436	1	1
142.794	1437	2	1
142.878	1438	4	1
142.878	1439	3	1
142.963	1440	1	1
142.963	1441	2	1
143.047	1442	3	2
143.721	1443	3	3
143.384	1444	2	2
144.058	1445	2	3
143.721	1446	4	2
144.395	1447	4	3
144.058	1448	1	2
144.395	1449	1	3
144.395	1450	2	1
144.479	1451	3	1
144.564	1452	2	1
144.648	1453	3	1
144.732	1454	2	1
144.817	1455	3	1
144.901	1456	2	1
144.985	1457	3	1
145.069	1458	2	1
145.406	1459	3	1
145.406	1460	2	1