Song Name	Rainshower (Hard) by Silentroom
Difficulty	28
Primary Color	Chill
Secondary Color	Chill
Last Note Time	199.631
Total Notes	2166
Fever Fill	649
Fever Time	29.944650
Long Notes	219
BPM	174
Song Length	199.840020833

Timing Points
1.356	344.8276


Song Data
1.356	1	1	1
1.356	2	2	1
1.442	3	4	1
1.528	4	3	1
1.614	5	2	1
1.700	6	3	1
1.700	7	4	1
2.735	8	1	1
2.735	9	2	1
2.821	10	4	1
2.907	11	3	1
2.993	12	2	1
3.080	13	3	1
3.080	14	4	1
4.114	15	1	1
4.114	16	2	1
4.200	17	4	1
4.287	18	3	1
4.373	19	2	1
4.459	20	3	1
4.459	21	4	1
5.493	22	1	1
5.493	23	2	1
5.580	24	4	1
5.666	25	3	1
5.752	26	2	1
5.838	27	3	1
5.838	28	4	1
6.873	29	1	1
6.873	30	2	1
6.959	31	4	1
7.045	32	3	1
7.131	33	2	1
7.218	34	3	1
7.218	35	4	1
8.252	36	1	1
8.252	37	2	1
8.338	38	4	1
8.424	39	3	1
8.511	40	2	1
8.597	41	3	1
8.597	42	4	1
9.631	43	1	1
9.631	44	2	1
9.718	45	4	1
9.804	46	3	1
9.890	47	2	1
9.976	48	3	1
9.976	49	4	1
11.011	50	1	1
11.011	51	2	1
11.097	52	4	1
11.183	53	3	1
11.269	54	2	1
11.355	55	3	1
11.355	56	4	1
12.390	57	1	1
12.390	58	2	1
12.476	59	4	1
12.562	60	3	1
12.649	61	2	1
12.735	62	3	1
12.735	63	4	1
13.769	64	1	1
13.769	65	2	1
13.855	66	4	1
13.942	67	3	1
14.028	68	2	1
14.114	69	3	1
14.114	70	4	1
15.149	71	1	1
15.149	72	2	1
15.235	73	4	1
15.321	74	3	1
15.407	75	2	1
15.493	76	3	1
15.493	77	4	1
16.528	78	1	1
16.528	79	2	1
16.614	80	4	1
16.700	81	3	1
16.787	82	2	1
16.873	83	3	1
16.873	84	4	1
17.907	85	1	1
17.907	86	2	1
17.993	87	4	1
18.080	88	3	1
18.166	89	2	1
18.252	90	3	1
18.252	91	4	1
19.287	92	1	1
19.287	93	2	1
19.373	94	4	1
19.459	95	3	1
19.545	96	2	1
19.631	97	3	1
19.631	98	4	1
20.666	99	1	1
20.666	100	2	1
20.752	101	4	1
20.838	102	3	1
20.924	103	2	1
21.011	104	3	1
21.011	105	4	1
22.045	106	1	1
22.045	107	2	1
22.131	108	4	1
22.218	109	3	1
22.304	110	2	1
22.390	111	3	1
22.390	112	4	1
23.424	113	1	1
23.424	114	2	1
23.769	115	3	1
23.769	116	4	2
24.028	117	1	1
24.028	118	2	1
24.459	119	2	1
24.459	120	3	2
24.804	121	1	1
24.804	122	2	1
24.804	123	3	3
24.804	124	4	3
24.976	125	3	1
25.149	126	1	1
25.149	127	4	2
25.407	128	2	1
25.407	129	3	1
25.666	130	1	1
25.666	131	2	1
25.838	132	2	1
25.838	133	3	1
26.183	134	1	1
26.183	135	2	1
26.183	136	4	3
26.528	137	3	1
26.528	138	4	2
26.787	139	1	1
26.787	140	2	1
27.218	141	2	1
27.218	142	3	1
27.562	143	1	1
27.562	144	3	1
27.562	145	4	3
27.735	146	2	1
27.907	147	3	1
27.907	148	4	2
28.166	149	1	1
28.166	150	2	1
28.424	151	1	1
28.424	152	2	1
28.597	153	2	1
28.597	154	3	1
28.942	155	1	1
28.942	156	2	1
28.942	157	4	3
29.287	158	3	1
29.287	159	4	2
29.545	160	1	1
29.545	161	2	1
29.976	162	2	1
29.976	163	3	2
30.321	164	1	1
30.321	165	2	1
30.321	166	3	3
30.321	167	4	3
30.493	168	3	1
30.666	169	1	1
30.666	170	4	2
30.924	171	2	1
30.924	172	3	1
31.183	173	1	1
31.183	174	2	1
31.355	175	2	1
31.355	176	3	1
31.700	177	1	1
31.700	178	2	1
31.700	179	4	3
32.045	180	3	1
32.045	181	4	2
32.304	182	1	1
32.304	183	2	1
32.735	184	2	1
32.735	185	3	1
33.080	186	1	1
33.080	187	3	1
33.080	188	4	3
33.252	189	2	1
33.424	190	3	1
33.424	191	4	2
33.683	192	1	1
33.683	193	2	1
33.942	194	1	1
33.942	195	2	1
34.114	196	2	1
34.114	197	3	1
34.459	198	1	1
34.459	199	2	1
34.459	200	4	3
34.718	201	3	1
34.804	202	2	1
34.804	203	4	1
34.976	204	3	1
35.062	205	2	1
35.149	206	1	1
35.407	207	3	1
35.493	208	2	1
35.493	209	4	1
35.608	210	1	1
35.666	211	3	1
35.838	212	1	1
35.838	213	2	1
36.097	214	3	1
36.183	215	2	1
36.183	216	4	1
36.355	217	3	1
36.442	218	2	1
36.528	219	1	1
36.787	220	3	1
36.873	221	2	1
36.873	222	4	1
37.045	223	3	1
37.218	224	1	1
37.218	225	2	1
37.476	226	3	1
37.562	227	2	1
37.562	228	4	1
37.735	229	3	1
37.821	230	2	1
37.907	231	1	1
38.166	232	3	1
38.252	233	1	1
38.252	234	2	1
38.424	235	4	1
38.597	236	1	1
38.597	237	2	1
38.855	238	3	1
38.942	239	2	1
38.942	240	4	1
39.114	241	3	1
39.200	242	2	1
39.287	243	1	1
39.545	244	3	1
39.631	245	1	1
39.631	246	2	1
39.804	247	4	1
39.976	248	1	1
39.976	249	2	1
40.149	250	3	1
40.321	251	2	1
40.321	252	4	1
40.493	253	3	1
40.580	254	2	1
40.666	255	1	1
40.838	256	3	1
41.011	257	2	1
41.011	258	4	1
41.183	259	3	1
41.355	260	1	1
41.355	261	2	1
41.528	262	3	1
41.700	263	2	1
41.700	264	4	1
41.873	265	3	1
41.959	266	2	1
42.045	267	1	1
42.218	268	3	1
42.390	269	2	1
42.390	270	4	1
42.562	271	3	1
42.735	272	1	1
42.821	273	2	1
42.907	274	3	1
42.993	275	4	1
43.080	276	1	1
43.080	277	2	1
43.166	278	3	1
43.252	279	4	1
43.338	280	1	1
43.424	281	2	1
43.511	282	3	1
43.597	283	4	1
43.683	284	1	1
43.769	285	2	1
43.769	286	3	1
43.855	287	4	1
43.942	288	1	1
44.028	289	2	1
44.114	290	4	2
45.149	291	3	2
45.493	292	1	1
45.493	293	2	1
45.493	294	3	3
45.493	295	4	3
45.752	296	1	1
45.752	297	2	1
45.838	298	3	1
45.838	299	4	2
46.097	300	1	1
46.097	301	2	2
46.269	302	2	3
46.269	303	4	3
46.442	304	1	1
46.442	305	2	1
46.528	306	3	1
46.528	307	4	2
46.787	308	1	1
46.787	309	2	2
46.959	310	1	1
46.959	311	3	1
46.959	312	2	3
46.959	313	4	3
47.045	314	2	1
47.131	315	1	1
47.218	316	3	1
47.218	317	4	2
47.476	318	1	1
47.476	319	2	2
47.649	320	2	3
47.649	321	4	3
47.821	322	1	1
47.821	323	2	1
47.907	324	3	1
47.907	325	4	2
48.166	326	1	1
48.166	327	2	1
48.166	328	4	3
48.252	329	3	1
48.252	330	4	1
48.511	331	1	1
48.511	332	2	1
48.597	333	3	1
48.597	334	4	2
48.855	335	1	1
48.855	336	2	2
49.028	337	2	3
49.028	338	4	3
49.200	339	1	1
49.200	340	2	1
49.287	341	3	1
49.287	342	4	2
49.459	343	1	1
49.459	344	2	2
49.718	345	1	1
49.718	346	3	1
49.718	347	2	3
49.718	348	4	3
49.804	349	2	1
49.890	350	1	1
49.976	351	3	1
49.976	352	4	2
50.235	353	1	1
50.235	354	2	2
50.407	355	3	1
50.407	356	2	3
50.407	357	4	3
50.493	358	2	1
50.580	359	1	1
50.666	360	3	1
50.666	361	4	2
50.838	362	1	1
50.838	363	2	2
51.011	364	1	1
51.011	365	3	1
51.011	366	2	3
51.011	367	4	3
51.269	368	1	1
51.269	369	2	1
51.355	370	3	1
51.355	371	4	2
51.614	372	1	1
51.614	373	2	2
51.787	374	2	3
51.787	375	4	3
51.959	376	1	1
51.959	377	2	1
52.045	378	3	1
52.045	379	4	2
52.218	380	1	1
52.218	381	2	2
52.476	382	1	1
52.476	383	3	1
52.476	384	2	3
52.476	385	4	3
52.562	386	2	1
52.649	387	1	1
52.735	388	3	1
52.735	389	4	2
52.993	390	1	1
52.993	391	2	2
53.166	392	2	3
53.166	393	4	3
53.338	394	1	1
53.338	395	2	1
53.424	396	3	1
53.424	397	4	2
53.683	398	1	1
53.683	399	2	1
53.683	400	4	3
53.769	401	3	1
53.769	402	4	1
54.028	403	1	1
54.028	404	2	1
54.114	405	3	1
54.114	406	4	2
54.373	407	1	1
54.373	408	2	2
54.545	409	2	3
54.545	410	4	3
54.718	411	1	1
54.718	412	2	1
54.804	413	3	1
54.804	414	4	2
54.976	415	1	1
54.976	416	2	2
55.235	417	1	1
55.235	418	3	1
55.235	419	2	3
55.235	420	4	3
55.321	421	2	1
55.407	422	3	1
55.493	423	1	2
55.493	424	2	1
55.752	425	3	1
55.752	426	4	2
55.924	427	1	3
55.924	428	4	3
56.097	429	1	1
56.097	430	2	1
56.183	431	3	2
56.183	432	4	1
56.355	433	2	1
56.355	434	4	1
56.355	435	3	3
56.528	436	1	1
56.528	437	2	1
56.787	438	1	1
56.787	439	2	1
56.873	440	3	1
56.873	441	4	2
57.131	442	1	1
57.131	443	2	2
57.304	444	2	3
57.304	445	4	3
57.476	446	1	1
57.476	447	2	1
57.562	448	3	1
57.562	449	4	2
57.821	450	1	1
57.821	451	2	2
57.993	452	1	1
57.993	453	3	1
57.993	454	2	3
57.993	455	4	3
58.080	456	2	1
58.166	457	1	1
58.252	458	3	1
58.252	459	4	2
58.511	460	1	1
58.511	461	2	2
58.683	462	2	3
58.683	463	4	3
58.855	464	1	1
58.855	465	2	1
58.942	466	3	1
58.942	467	4	2
59.200	468	1	1
59.200	469	2	1
59.200	470	4	3
59.287	471	3	1
59.287	472	4	1
59.545	473	1	1
59.545	474	2	1
59.631	475	3	1
59.631	476	4	2
59.890	477	1	1
59.890	478	2	2
60.062	479	2	3
60.062	480	4	3
60.235	481	1	1
60.235	482	2	1
60.321	483	3	1
60.321	484	4	2
60.493	485	1	1
60.493	486	2	2
60.752	487	1	1
60.752	488	3	1
60.752	489	2	3
60.752	490	4	3
60.838	491	2	1
60.924	492	1	1
61.011	493	3	1
61.011	494	4	2
61.269	495	1	1
61.269	496	2	2
61.442	497	3	1
61.442	498	2	3
61.442	499	4	3
61.528	500	2	1
61.614	501	1	1
61.700	502	3	1
61.700	503	4	2
61.873	504	1	1
61.873	505	2	2
62.045	506	1	1
62.045	507	3	1
62.045	508	2	3
62.045	509	4	3
62.304	510	1	1
62.304	511	2	1
62.390	512	3	1
62.390	513	4	2
62.649	514	1	1
62.649	515	2	2
62.821	516	2	3
62.821	517	4	3
62.993	518	1	1
62.993	519	2	1
63.080	520	3	1
63.080	521	4	2
63.252	522	1	1
63.252	523	2	2
63.511	524	1	1
63.511	525	3	1
63.511	526	2	3
63.511	527	4	3
63.597	528	2	1
63.683	529	1	1
63.769	530	3	1
63.769	531	4	2
64.028	532	1	1
64.028	533	2	2
64.200	534	2	3
64.200	535	4	3
64.373	536	1	1
64.373	537	2	1
64.459	538	3	1
64.459	539	4	2
64.718	540	1	1
64.718	541	2	1
64.718	542	4	3
64.804	543	3	1
64.804	544	4	1
65.062	545	1	1
65.062	546	2	1
65.149	547	3	1
65.149	548	4	2
65.407	549	1	1
65.407	550	2	2
65.580	551	2	3
65.580	552	4	3
65.752	553	1	1
65.752	554	2	1
65.838	555	3	1
65.838	556	4	2
66.011	557	1	1
66.011	558	2	2
66.269	559	1	1
66.269	560	3	1
66.269	561	2	3
66.269	562	4	3
66.355	563	2	1
66.442	564	3	1
66.528	565	1	2
66.528	566	2	1
66.787	567	3	1
66.787	568	4	1
66.787	569	1	3
66.873	570	1	1
66.959	571	2	1
67.045	572	3	1
67.131	573	4	1
67.218	574	1	1
67.304	575	2	1
67.390	576	3	1
67.476	577	4	1
67.562	578	1	1
67.562	579	2	1
67.821	580	1	1
67.821	581	2	1
67.907	582	3	1
67.907	583	4	2
68.166	584	1	1
68.166	585	2	2
68.338	586	2	3
68.338	587	4	3
68.511	588	1	1
68.511	589	2	1
68.597	590	3	1
68.597	591	4	2
68.855	592	1	1
68.855	593	2	2
69.028	594	1	1
69.028	595	3	1
69.028	596	2	3
69.028	597	4	3
69.114	598	2	1
69.200	599	1	1
69.287	600	3	1
69.287	601	4	2
69.545	602	1	1
69.545	603	2	2
69.718	604	2	3
69.718	605	4	3
69.890	606	1	1
69.890	607	2	1
69.976	608	3	1
69.976	609	4	2
70.235	610	1	1
70.235	611	2	1
70.235	612	4	3
70.321	613	3	1
70.321	614	4	1
70.580	615	1	1
70.580	616	2	1
70.666	617	3	1
70.666	618	4	2
70.924	619	1	1
70.924	620	2	2
71.097	621	2	3
71.097	622	4	3
71.269	623	1	1
71.269	624	2	1
71.355	625	3	1
71.355	626	4	2
71.528	627	1	1
71.528	628	2	2
71.787	629	1	1
71.787	630	3	1
71.787	631	2	3
71.787	632	4	3
71.873	633	2	1
71.959	634	1	1
72.045	635	3	1
72.045	636	4	2
72.304	637	1	1
72.304	638	2	2
72.476	639	3	1
72.476	640	2	3
72.476	641	4	3
72.562	642	2	1
72.649	643	1	1
72.735	644	3	1
72.735	645	4	2
72.907	646	1	1
72.907	647	2	2
73.080	648	1	1
73.080	649	3	1
73.080	650	2	3
73.080	651	4	3
73.338	652	1	1
73.338	653	2	1
73.424	654	3	1
73.424	655	4	2
73.683	656	1	1
73.683	657	2	2
73.855	658	2	3
73.855	659	4	3
74.028	660	1	1
74.028	661	2	1
74.114	662	3	1
74.114	663	4	2
74.287	664	1	1
74.287	665	2	2
74.545	666	1	1
74.545	667	3	1
74.545	668	2	3
74.545	669	4	3
74.631	670	2	1
74.718	671	1	1
74.804	672	3	1
74.804	673	4	2
75.062	674	1	1
75.062	675	2	2
75.235	676	2	3
75.235	677	4	3
75.407	678	1	1
75.407	679	2	1
75.493	680	3	1
75.493	681	4	2
75.752	682	1	1
75.752	683	2	1
75.752	684	4	3
75.838	685	3	1
75.838	686	4	1
76.097	687	1	1
76.097	688	2	1
76.183	689	3	1
76.183	690	4	2
76.442	691	1	1
76.442	692	2	2
76.614	693	2	3
76.614	694	4	3
76.787	695	1	1
76.787	696	2	1
76.873	697	3	1
76.873	698	4	2
77.045	699	1	1
77.045	700	2	2
77.304	701	1	1
77.304	702	3	1
77.304	703	2	3
77.304	704	4	3
77.390	705	2	1
77.476	706	1	1
77.562	707	3	1
77.562	708	4	2
77.821	709	1	1
77.821	710	2	2
77.993	711	3	1
77.993	712	2	3
77.993	713	4	3
78.080	714	4	1
78.166	715	1	1
78.166	716	2	1
78.252	717	3	2
78.252	718	4	1
78.424	719	2	1
78.424	720	4	1
78.424	721	3	3
78.597	722	1	1
78.597	723	2	1
78.769	724	3	2
78.855	725	1	1
78.855	726	2	1
78.855	727	3	3
78.942	728	3	1
78.942	729	4	2
79.200	730	1	1
79.200	731	2	2
79.373	732	2	3
79.373	733	4	3
79.545	734	1	1
79.545	735	2	1
79.631	736	3	1
79.631	737	4	2
79.890	738	1	1
79.890	739	2	2
80.062	740	1	1
80.062	741	3	1
80.062	742	2	3
80.062	743	4	3
80.149	744	2	1
80.235	745	1	1
80.321	746	3	1
80.321	747	4	2
80.580	748	1	1
80.580	749	2	2
80.752	750	2	3
80.752	751	4	3
80.924	752	1	1
80.924	753	2	1
81.011	754	3	1
81.011	755	4	2
81.269	756	1	1
81.269	757	2	1
81.269	758	4	3
81.355	759	3	1
81.355	760	4	1
81.528	761	3	2
81.614	762	1	1
81.614	763	2	1
81.614	764	3	3
81.700	765	3	1
81.700	766	4	2
81.959	767	1	1
81.959	768	2	2
82.131	769	2	3
82.131	770	4	3
82.304	771	1	1
82.304	772	2	1
82.390	773	3	1
82.390	774	4	2
82.562	775	1	1
82.562	776	2	2
82.821	777	1	1
82.821	778	3	1
82.821	779	2	3
82.821	780	4	3
82.907	781	2	1
82.993	782	1	1
83.080	783	3	1
83.080	784	4	2
83.338	785	1	1
83.338	786	2	2
83.511	787	3	1
83.511	788	2	3
83.511	789	4	3
83.597	790	2	1
83.683	791	1	1
83.769	792	3	1
83.769	793	4	2
83.942	794	1	1
83.942	795	2	2
84.114	796	1	1
84.114	797	3	1
84.114	798	2	3
84.114	799	4	3
84.287	800	3	2
84.373	801	1	1
84.373	802	2	1
84.373	803	3	3
84.459	804	3	1
84.459	805	4	2
84.718	806	1	1
84.718	807	2	2
84.890	808	2	3
84.890	809	4	3
85.062	810	1	1
85.062	811	2	1
85.149	812	3	1
85.149	813	4	2
85.321	814	1	1
85.321	815	2	2
85.580	816	1	1
85.580	817	3	1
85.580	818	2	3
85.580	819	4	3
85.666	820	2	1
85.752	821	1	1
85.838	822	3	1
85.838	823	4	2
86.097	824	1	1
86.097	825	2	2
86.269	826	2	3
86.269	827	4	3
86.442	828	1	1
86.442	829	2	1
86.528	830	3	1
86.528	831	4	2
86.787	832	1	1
86.787	833	2	1
86.787	834	4	3
86.873	835	3	1
86.873	836	4	1
87.045	837	3	2
87.131	838	1	1
87.131	839	2	1
87.131	840	3	3
87.218	841	3	1
87.218	842	4	2
87.476	843	1	1
87.476	844	2	2
87.649	845	2	3
87.649	846	4	3
87.821	847	1	1
87.821	848	2	1
87.907	849	3	1
87.907	850	4	2
88.080	851	1	1
88.080	852	2	2
88.338	853	1	1
88.338	854	3	1
88.338	855	2	3
88.338	856	4	3
88.424	857	2	1
88.511	858	1	1
88.597	859	3	1
88.597	860	4	2
88.855	861	1	1
88.855	862	2	2
89.028	863	2	3
89.028	864	4	3
89.200	865	1	1
89.200	866	2	1
89.287	867	3	1
89.287	868	4	2
89.631	869	1	1
89.631	870	2	1
89.631	871	4	3
89.804	872	3	1
89.976	873	2	1
89.976	874	4	2
90.321	875	1	1
90.407	876	2	1
90.493	877	3	1
90.666	878	1	1
90.666	879	2	1
90.838	880	3	1
90.924	881	1	1
91.097	882	2	1
91.183	883	1	1
91.269	884	3	1
91.355	885	1	2
91.355	886	2	1
91.355	887	4	3
91.700	888	2	1
91.787	889	3	1
91.873	890	4	1
92.045	891	2	1
92.045	892	3	1
92.218	893	4	1
92.390	894	2	1
92.390	895	3	1
92.390	896	1	3
92.735	897	1	1
92.735	898	2	1
92.993	899	3	1
92.993	900	4	1
93.166	901	2	1
93.166	902	3	1
93.252	903	1	1
93.252	904	4	1
93.338	905	2	1
93.424	906	3	1
93.424	907	4	1
93.683	908	4	1
93.769	909	1	1
93.769	910	2	1
93.855	911	3	1
93.942	912	4	1
94.114	913	1	1
94.114	914	2	1
94.200	915	4	1
94.373	916	1	1
94.373	917	2	1
94.545	918	3	1
94.545	919	4	1
94.718	920	2	1
94.718	921	3	1
94.804	922	1	1
94.804	923	4	1
94.976	924	3	1
95.062	925	4	1
95.149	926	1	1
95.149	927	2	1
95.321	928	3	1
95.493	929	2	1
95.493	930	4	2
95.838	931	3	1
95.924	932	2	1
96.011	933	1	1
96.097	934	3	1
96.183	935	1	1
96.183	936	2	1
96.355	937	3	1
96.442	938	1	1
96.614	939	2	1
96.700	940	1	1
96.787	941	3	1
96.873	942	1	2
96.873	943	2	1
96.873	944	4	3
97.218	945	2	1
97.304	946	3	1
97.390	947	4	1
97.562	948	2	1
97.562	949	3	1
97.735	950	4	1
97.907	951	2	1
97.907	952	3	1
97.907	953	1	3
98.252	954	1	1
98.252	955	2	1
98.511	956	3	1
98.511	957	4	1
98.683	958	2	1
98.683	959	3	1
98.769	960	1	1
98.769	961	4	1
98.855	962	2	1
98.942	963	3	1
98.942	964	4	1
99.200	965	4	1
99.287	966	1	1
99.287	967	2	1
99.373	968	3	1
99.459	969	4	1
99.631	970	1	1
99.631	971	2	1
99.718	972	4	1
99.890	973	1	1
99.890	974	2	1
100.062	975	3	1
100.062	976	4	1
100.235	977	2	1
100.235	978	3	1
100.321	979	1	1
100.321	980	4	1
100.493	981	3	1
100.666	982	1	1
100.666	983	4	2
100.924	984	2	1
100.924	985	4	3
101.011	986	3	1
101.011	987	4	2
101.097	988	4	3
101.183	989	4	2
101.269	990	1	1
101.269	991	4	3
101.355	992	4	2
101.442	993	2	1
101.528	994	1	1
101.614	995	4	3
101.700	996	3	1
101.700	997	4	2
101.787	998	4	3
101.873	999	4	2
101.959	1000	4	3
102.045	1001	1	1
102.045	1002	4	2
102.304	1003	2	1
102.304	1004	4	3
102.390	1005	3	1
102.390	1006	4	2
102.476	1007	4	3
102.562	1008	4	2
102.649	1009	1	1
102.649	1010	4	3
102.735	1011	4	2
102.821	1012	3	1
102.907	1013	2	1
102.993	1014	1	1
102.993	1015	4	3
103.080	1016	3	1
103.080	1017	4	2
103.166	1018	4	3
103.252	1019	4	2
103.338	1020	4	3
103.424	1021	1	1
103.424	1022	4	2
103.683	1023	2	1
103.683	1024	4	3
103.769	1025	3	1
103.769	1026	4	2
103.855	1027	4	3
103.942	1028	4	2
104.028	1029	1	1
104.028	1030	4	3
104.114	1031	4	2
104.200	1032	2	1
104.287	1033	1	1
104.373	1034	4	3
104.459	1035	3	1
104.459	1036	4	2
104.545	1037	4	3
104.631	1038	4	2
104.718	1039	4	3
104.804	1040	1	1
104.804	1041	4	2
105.062	1042	2	1
105.062	1043	4	3
105.149	1044	3	1
105.149	1045	4	2
105.235	1046	4	3
105.321	1047	4	2
105.407	1048	1	1
105.407	1049	4	3
105.493	1050	4	2
105.580	1051	3	1
105.666	1052	2	1
105.752	1053	1	1
105.752	1054	4	3
105.838	1055	3	1
105.838	1056	4	2
105.924	1057	4	3
106.011	1058	4	2
106.097	1059	4	3
106.183	1060	1	1
106.355	1061	2	1
106.528	1062	3	1
106.528	1063	4	1
106.700	1064	1	1
106.873	1065	4	1
107.045	1066	3	1
107.218	1067	1	1
107.218	1068	2	1
107.390	1069	4	1
107.562	1070	1	1
107.735	1071	2	1
107.907	1072	3	1
107.907	1073	4	1
108.080	1074	1	1
108.252	1075	4	1
108.424	1076	3	1
108.597	1077	1	1
108.597	1078	2	1
108.769	1079	4	1
108.942	1080	1	1
109.028	1081	2	1
109.114	1082	3	1
109.200	1083	4	1
109.287	1084	1	1
109.287	1085	2	1
109.373	1086	3	1
109.459	1087	4	1
109.545	1088	1	1
109.631	1089	2	1
109.718	1090	3	1
109.804	1091	4	1
109.890	1092	1	1
109.976	1093	2	1
109.976	1094	3	1
110.062	1095	4	1
110.149	1096	1	1
110.235	1097	2	1
110.321	1098	4	1
110.407	1099	3	1
110.580	1100	1	1
110.666	1101	4	1
110.752	1102	3	1
110.838	1103	1	1
110.924	1104	2	1
111.011	1105	4	1
111.097	1106	3	1
111.183	1107	2	1
111.269	1108	1	1
111.355	1109	4	1
111.442	1110	3	1
111.614	1111	4	1
111.700	1112	1	1
111.700	1113	2	1
111.787	1114	3	1
111.873	1115	4	1
111.959	1116	1	1
112.045	1117	2	1
112.045	1118	3	1
112.131	1119	4	1
112.218	1120	1	1
112.218	1121	2	1
112.304	1122	3	1
112.304	1123	4	1
112.390	1124	2	1
112.476	1125	1	1
112.476	1126	3	1
112.562	1127	2	1
112.562	1128	4	1
112.649	1129	3	1
112.735	1130	1	1
112.735	1131	2	1
112.821	1132	3	1
112.907	1133	2	1
112.907	1134	4	1
112.993	1135	1	1
112.993	1136	3	1
113.080	1137	2	1
113.166	1138	3	1
113.166	1139	4	1
113.252	1140	1	1
113.252	1141	2	1
113.338	1142	3	1
113.424	1143	2	1
113.424	1144	4	1
113.511	1145	3	1
113.597	1146	1	1
113.597	1147	2	1
113.683	1148	3	1
113.683	1149	4	1
113.769	1150	2	1
113.855	1151	1	1
113.855	1152	3	1
113.942	1153	2	1
113.942	1154	4	1
114.028	1155	3	1
114.114	1156	1	1
114.114	1157	2	1
114.200	1158	4	1
114.287	1159	2	1
114.373	1160	3	1
114.459	1161	1	1
114.459	1162	2	1
114.545	1163	3	1
114.631	1164	4	1
114.718	1165	1	1
114.804	1166	2	1
114.804	1167	3	1
114.890	1168	4	1
114.976	1169	1	1
114.976	1170	2	1
115.062	1171	3	1
115.062	1172	4	1
115.149	1173	2	1
115.235	1174	1	1
115.235	1175	3	1
115.321	1176	2	1
115.321	1177	4	1
115.407	1178	3	1
115.493	1179	1	1
115.493	1180	2	1
115.580	1181	3	1
115.666	1182	2	1
115.666	1183	4	1
115.752	1184	1	1
115.752	1185	3	1
115.838	1186	2	1
115.924	1187	3	1
115.924	1188	4	1
116.011	1189	1	1
116.011	1190	2	1
116.097	1191	3	1
116.183	1192	2	1
116.183	1193	4	1
116.269	1194	3	1
116.355	1195	1	1
116.355	1196	2	1
116.442	1197	3	1
116.442	1198	4	1
116.528	1199	2	1
116.614	1200	1	1
116.614	1201	3	1
116.700	1202	2	1
116.700	1203	4	1
116.787	1204	3	1
116.873	1205	1	1
116.873	1206	2	1
116.959	1207	4	1
117.045	1208	2	1
117.131	1209	3	1
117.218	1210	1	1
117.218	1211	2	1
117.304	1212	3	1
117.390	1213	4	1
117.476	1214	1	1
117.562	1215	2	1
117.562	1216	3	1
117.649	1217	4	1
117.735	1218	1	1
117.735	1219	2	1
117.821	1220	3	1
117.821	1221	4	1
117.907	1222	2	1
117.993	1223	1	1
117.993	1224	3	1
118.080	1225	2	1
118.080	1226	4	1
118.166	1227	3	1
118.252	1228	1	1
118.252	1229	2	1
118.338	1230	3	1
118.424	1231	2	1
118.424	1232	4	1
118.511	1233	1	1
118.511	1234	3	1
118.597	1235	2	1
118.683	1236	3	1
118.683	1237	4	1
118.769	1238	1	1
118.769	1239	2	1
118.855	1240	3	1
118.942	1241	2	1
118.942	1242	4	1
119.028	1243	3	1
119.114	1244	1	1
119.114	1245	2	1
119.200	1246	3	1
119.200	1247	4	1
119.287	1248	2	1
119.373	1249	1	1
119.373	1250	3	1
119.459	1251	2	1
119.459	1252	4	1
119.545	1253	3	1
119.631	1254	1	1
119.631	1255	2	1
119.718	1256	4	1
119.804	1257	2	1
119.890	1258	3	1
119.976	1259	1	1
119.976	1260	2	1
120.062	1261	3	1
120.149	1262	4	1
120.235	1263	1	1
120.321	1264	2	1
120.321	1265	3	1
120.407	1266	4	1
120.493	1267	1	1
120.493	1268	2	1
120.580	1269	3	1
120.580	1270	4	1
120.666	1271	2	1
120.752	1272	1	1
120.752	1273	3	1
120.838	1274	2	1
120.838	1275	4	1
120.924	1276	3	1
121.011	1277	1	1
121.011	1278	2	1
121.097	1279	3	1
121.183	1280	2	1
121.183	1281	4	1
121.269	1282	1	1
121.269	1283	3	1
121.355	1284	2	1
121.442	1285	3	1
121.442	1286	4	1
121.528	1287	1	1
121.528	1288	2	1
121.614	1289	3	1
121.700	1290	2	1
121.700	1291	4	1
121.787	1292	3	1
121.873	1293	1	1
121.873	1294	2	1
121.959	1295	3	1
121.959	1296	4	1
122.045	1297	2	1
122.131	1298	1	1
122.131	1299	3	1
122.218	1300	2	1
122.218	1301	4	1
122.304	1302	3	1
122.390	1303	1	1
122.390	1304	2	1
122.476	1305	4	1
122.562	1306	2	1
122.649	1307	3	1
122.735	1308	1	1
122.735	1309	2	1
122.821	1310	3	1
122.907	1311	4	1
122.993	1312	1	1
123.080	1313	2	1
123.080	1314	3	1
123.166	1315	4	1
123.252	1316	1	1
123.252	1317	2	1
123.338	1318	3	1
123.338	1319	4	1
123.424	1320	2	1
123.511	1321	1	1
123.511	1322	3	1
123.597	1323	2	1
123.597	1324	4	1
123.683	1325	3	1
123.769	1326	1	1
123.769	1327	2	1
123.855	1328	3	1
123.942	1329	2	1
123.942	1330	4	1
124.028	1331	1	1
124.028	1332	3	1
124.114	1333	2	1
124.200	1334	3	1
124.200	1335	4	1
124.287	1336	1	1
124.287	1337	2	1
124.373	1338	3	1
124.459	1339	2	1
124.459	1340	4	1
124.545	1341	3	1
124.631	1342	1	1
124.631	1343	2	1
124.718	1344	3	1
124.718	1345	4	1
124.804	1346	2	1
124.890	1347	1	1
124.890	1348	3	1
124.976	1349	2	1
124.976	1350	4	1
125.062	1351	3	1
125.149	1352	1	1
125.149	1353	2	1
125.235	1354	4	1
125.321	1355	2	1
125.407	1356	3	1
125.493	1357	1	1
125.493	1358	2	1
125.580	1359	3	1
125.666	1360	4	1
125.752	1361	1	1
125.838	1362	2	1
125.838	1363	3	1
125.924	1364	4	1
126.011	1365	1	1
126.011	1366	2	1
126.097	1367	3	1
126.097	1368	4	1
126.183	1369	2	1
126.269	1370	1	1
126.269	1371	3	1
126.355	1372	2	1
126.355	1373	4	1
126.442	1374	3	1
126.528	1375	1	1
126.528	1376	2	1
126.614	1377	3	1
126.700	1378	2	1
126.700	1379	4	1
126.787	1380	1	1
126.787	1381	3	1
126.873	1382	2	1
126.959	1383	3	1
126.959	1384	4	1
127.045	1385	1	1
127.045	1386	2	1
127.131	1387	3	1
127.218	1388	2	1
127.218	1389	4	1
127.304	1390	3	1
127.390	1391	1	1
127.390	1392	2	1
127.476	1393	3	1
127.476	1394	4	1
127.562	1395	2	1
127.649	1396	1	1
127.649	1397	3	1
127.735	1398	2	1
127.735	1399	4	1
127.821	1400	3	1
127.907	1401	1	1
127.907	1402	2	1
127.993	1403	4	1
128.080	1404	2	1
128.166	1405	3	1
128.252	1406	1	1
128.252	1407	2	1
128.424	1408	1	1
128.424	1409	3	1
128.597	1410	2	1
128.597	1411	3	1
128.769	1412	2	1
128.769	1413	4	1
128.855	1414	1	1
128.942	1415	3	1
128.942	1416	4	1
129.028	1417	2	1
129.114	1418	1	1
129.114	1419	4	1
129.287	1420	1	1
129.287	1421	2	1
129.373	1422	3	1
129.459	1423	2	1
129.459	1424	4	1
129.545	1425	1	1
129.545	1426	3	1
129.631	1427	2	1
129.718	1428	3	1
129.718	1429	4	1
129.804	1430	1	1
129.804	1431	2	1
129.890	1432	3	1
129.976	1433	2	1
129.976	1434	4	1
130.062	1435	3	1
130.149	1436	1	1
130.149	1437	2	1
130.235	1438	3	1
130.235	1439	4	1
130.321	1440	2	1
130.407	1441	1	1
130.407	1442	3	1
130.493	1443	2	1
130.493	1444	4	1
130.580	1445	3	1
130.666	1446	1	1
130.666	1447	2	1
130.752	1448	4	1
130.838	1449	2	1
130.924	1450	3	1
131.011	1451	1	1
131.011	1452	2	1
131.097	1453	3	1
131.183	1454	4	1
131.269	1455	1	1
131.355	1456	2	1
131.355	1457	3	1
131.442	1458	4	1
131.528	1459	1	1
131.528	1460	2	1
131.614	1461	3	1
131.614	1462	4	1
131.700	1463	2	1
131.787	1464	1	1
131.787	1465	3	1
131.873	1466	2	1
131.873	1467	4	1
131.959	1468	3	1
132.045	1469	1	1
132.045	1470	2	1
132.131	1471	3	1
132.218	1472	2	1
132.218	1473	4	1
132.304	1474	1	1
132.304	1475	3	1
132.390	1476	2	1
132.476	1477	3	1
132.476	1478	4	1
132.562	1479	1	1
132.562	1480	2	1
132.649	1481	3	1
132.735	1482	2	1
132.735	1483	4	1
132.821	1484	3	1
132.907	1485	1	1
132.907	1486	2	1
132.993	1487	3	1
132.993	1488	4	1
133.080	1489	2	1
133.166	1490	1	1
133.166	1491	3	1
133.252	1492	2	1
133.252	1493	4	1
133.338	1494	3	1
133.424	1495	1	1
133.424	1496	2	1
133.511	1497	4	1
133.597	1498	2	1
133.683	1499	3	1
133.769	1500	1	1
133.769	1501	2	1
133.855	1502	3	1
133.942	1503	4	1
134.028	1504	1	1
134.114	1505	2	1
134.114	1506	3	1
134.200	1507	4	1
134.287	1508	1	1
134.287	1509	2	1
134.373	1510	3	1
134.373	1511	4	1
134.459	1512	2	1
134.545	1513	1	1
134.545	1514	3	1
134.631	1515	2	1
134.631	1516	4	1
134.718	1517	3	1
134.804	1518	1	1
134.804	1519	2	1
134.890	1520	3	1
134.976	1521	2	1
134.976	1522	4	1
135.062	1523	1	1
135.062	1524	3	1
135.149	1525	2	1
135.235	1526	3	1
135.235	1527	4	1
135.321	1528	1	1
135.321	1529	2	1
135.407	1530	3	1
135.493	1531	2	1
135.493	1532	4	1
135.580	1533	3	1
135.666	1534	1	1
135.666	1535	2	1
135.752	1536	3	1
135.752	1537	4	1
135.838	1538	2	1
135.924	1539	1	1
135.924	1540	3	1
136.011	1541	2	1
136.011	1542	4	1
136.097	1543	3	1
136.183	1544	1	1
136.183	1545	2	1
136.269	1546	4	1
136.355	1547	2	1
136.442	1548	3	1
136.528	1549	1	1
136.528	1550	2	1
136.614	1551	3	1
136.700	1552	4	1
136.787	1553	1	1
136.873	1554	2	1
136.873	1555	3	1
136.959	1556	4	1
137.045	1557	1	1
137.045	1558	2	1
137.131	1559	3	1
137.131	1560	4	1
137.218	1561	2	1
137.304	1562	1	1
137.304	1563	3	1
137.390	1564	2	1
137.390	1565	4	1
137.476	1566	3	1
137.562	1567	1	1
137.562	1568	2	1
137.649	1569	3	1
137.735	1570	2	1
137.735	1571	4	1
137.821	1572	1	1
137.821	1573	3	1
137.907	1574	2	1
137.993	1575	3	1
137.993	1576	4	1
138.080	1577	1	1
138.080	1578	2	1
138.166	1579	3	1
138.252	1580	2	1
138.252	1581	4	1
138.338	1582	3	1
138.424	1583	1	1
138.424	1584	2	1
138.511	1585	3	1
138.511	1586	4	1
138.597	1587	2	1
138.683	1588	1	1
138.683	1589	3	1
138.769	1590	2	1
138.769	1591	4	1
138.855	1592	3	1
138.942	1593	1	1
138.942	1594	2	1
139.028	1595	4	1
139.114	1596	2	1
139.200	1597	3	1
139.287	1598	1	1
139.287	1599	2	1
139.373	1600	3	1
139.459	1601	4	1
139.545	1602	1	1
139.631	1603	2	1
139.631	1604	3	1
139.718	1605	4	1
139.804	1606	1	1
139.804	1607	2	1
139.890	1608	3	1
139.890	1609	4	1
139.976	1610	2	1
140.062	1611	1	1
140.062	1612	3	1
140.149	1613	2	1
140.149	1614	4	1
140.235	1615	3	1
140.321	1616	1	1
140.321	1617	2	1
140.407	1618	3	1
140.493	1619	2	1
140.493	1620	4	1
140.580	1621	1	1
140.580	1622	3	1
140.666	1623	2	1
140.752	1624	3	1
140.752	1625	4	1
140.838	1626	1	1
140.838	1627	2	1
140.924	1628	3	1
141.011	1629	2	1
141.011	1630	4	1
141.097	1631	3	1
141.183	1632	1	1
141.183	1633	2	1
141.269	1634	3	1
141.269	1635	4	1
141.355	1636	2	1
141.442	1637	1	1
141.442	1638	3	1
141.528	1639	2	1
141.528	1640	4	1
141.614	1641	3	1
141.700	1642	1	1
141.700	1643	2	1
141.787	1644	4	1
141.873	1645	2	1
141.959	1646	3	1
142.045	1647	1	1
142.045	1648	2	1
142.131	1649	3	1
142.218	1650	4	1
142.304	1651	1	1
142.390	1652	2	1
142.390	1653	3	1
142.476	1654	4	1
142.562	1655	1	1
142.562	1656	2	1
142.649	1657	3	1
142.649	1658	4	1
142.735	1659	2	1
142.821	1660	1	1
142.821	1661	3	1
142.907	1662	2	1
142.907	1663	4	1
142.993	1664	3	1
143.080	1665	1	1
143.080	1666	2	1
143.166	1667	3	1
143.252	1668	2	1
143.252	1669	4	1
143.338	1670	1	1
143.338	1671	3	1
143.424	1672	2	1
143.511	1673	3	1
143.511	1674	4	1
143.597	1675	1	1
143.597	1676	2	1
143.683	1677	3	1
143.769	1678	2	1
143.769	1679	4	1
143.855	1680	3	1
143.942	1681	1	1
143.942	1682	2	1
144.028	1683	3	1
144.028	1684	4	1
144.114	1685	2	1
144.200	1686	1	1
144.200	1687	3	1
144.287	1688	2	1
144.287	1689	4	1
144.373	1690	3	1
144.459	1691	1	1
144.459	1692	2	1
144.545	1693	4	1
144.631	1694	2	1
144.718	1695	3	1
144.804	1696	1	1
144.804	1697	2	1
144.890	1698	3	1
144.976	1699	4	1
145.062	1700	1	1
145.149	1701	2	1
145.149	1702	3	1
145.235	1703	4	1
145.321	1704	1	1
145.321	1705	2	1
145.407	1706	3	1
145.407	1707	4	1
145.493	1708	2	1
145.580	1709	1	1
145.580	1710	3	1
145.666	1711	2	1
145.666	1712	4	1
145.752	1713	3	1
145.838	1714	1	1
145.838	1715	2	1
145.924	1716	3	1
146.011	1717	2	1
146.011	1718	4	1
146.097	1719	1	1
146.097	1720	3	1
146.183	1721	2	1
146.269	1722	3	1
146.269	1723	4	1
146.355	1724	1	1
146.355	1725	2	1
146.442	1726	3	1
146.528	1727	2	1
146.528	1728	4	1
146.614	1729	3	1
146.700	1730	1	1
146.700	1731	2	1
146.787	1732	3	1
146.787	1733	4	1
146.873	1734	2	1
146.959	1735	1	1
146.959	1736	3	1
147.045	1737	2	1
147.045	1738	4	1
147.131	1739	3	1
147.218	1740	1	1
147.218	1741	2	1
147.304	1742	4	1
147.390	1743	2	1
147.476	1744	3	1
147.562	1745	1	1
147.562	1746	2	1
147.649	1747	3	1
147.735	1748	4	1
147.821	1749	1	1
147.907	1750	2	1
147.907	1751	3	1
147.993	1752	4	1
148.080	1753	1	1
148.080	1754	2	1
148.166	1755	3	1
148.166	1756	4	1
148.252	1757	2	1
148.338	1758	1	1
148.338	1759	3	1
148.424	1760	2	1
148.424	1761	4	1
148.511	1762	3	1
148.597	1763	1	1
148.597	1764	2	1
148.683	1765	3	1
148.769	1766	2	1
148.769	1767	4	1
148.855	1768	1	1
148.855	1769	3	1
148.942	1770	2	1
149.028	1771	3	1
149.028	1772	4	1
149.114	1773	1	1
149.114	1774	2	1
149.200	1775	3	1
149.287	1776	2	1
149.287	1777	4	1
149.373	1778	3	1
149.459	1779	1	1
149.459	1780	2	1
149.545	1781	3	1
149.545	1782	4	1
149.631	1783	2	1
149.718	1784	1	1
149.718	1785	3	1
149.804	1786	2	1
149.804	1787	4	1
149.890	1788	3	1
149.976	1789	1	1
149.976	1790	2	1
150.062	1791	4	1
150.149	1792	2	1
150.235	1793	3	1
150.321	1794	1	1
150.321	1795	2	1
150.493	1796	1	1
150.493	1797	3	1
150.666	1798	2	1
150.666	1799	3	1
150.838	1800	2	1
150.838	1801	4	1
150.924	1802	1	1
151.011	1803	3	1
151.011	1804	4	1
151.183	1805	1	1
151.183	1806	4	1
151.355	1807	1	1
151.355	1808	2	1
151.442	1809	3	1
151.528	1810	2	1
151.528	1811	4	1
151.614	1812	1	1
151.614	1813	3	1
151.700	1814	2	1
151.787	1815	3	1
151.787	1816	4	1
151.873	1817	1	1
151.873	1818	2	1
151.959	1819	3	1
152.045	1820	2	1
152.045	1821	4	1
152.131	1822	3	1
152.218	1823	1	1
152.218	1824	2	1
152.304	1825	3	1
152.304	1826	4	1
152.390	1827	2	1
152.476	1828	1	1
152.476	1829	3	1
152.562	1830	2	1
152.562	1831	4	1
152.649	1832	3	1
152.735	1833	1	1
152.735	1834	2	1
152.821	1835	4	1
152.907	1836	2	1
152.993	1837	3	1
153.080	1838	1	1
153.080	1839	2	1
153.166	1840	3	1
153.252	1841	4	1
153.338	1842	1	1
153.424	1843	2	1
153.424	1844	3	1
153.511	1845	4	1
153.597	1846	1	1
153.597	1847	2	1
153.683	1848	3	1
153.683	1849	4	1
153.769	1850	2	1
153.855	1851	1	1
153.855	1852	3	1
153.942	1853	2	1
153.942	1854	4	1
154.028	1855	3	1
154.114	1856	1	1
154.114	1857	2	1
154.200	1858	3	1
154.287	1859	2	1
154.287	1860	4	1
154.373	1861	1	1
154.373	1862	3	1
154.459	1863	2	1
154.545	1864	3	1
154.545	1865	4	1
154.631	1866	1	1
154.631	1867	2	1
154.718	1868	3	1
154.804	1869	2	1
154.804	1870	4	1
154.890	1871	3	1
154.976	1872	1	1
154.976	1873	2	1
155.062	1874	3	1
155.062	1875	4	1
155.149	1876	2	1
155.235	1877	1	1
155.235	1878	3	1
155.321	1879	2	1
155.321	1880	4	1
155.407	1881	3	1
155.493	1882	1	1
155.493	1883	2	1
155.580	1884	4	1
155.666	1885	2	1
155.752	1886	3	1
155.838	1887	1	2
155.838	1888	4	1
156.528	1889	2	2
158.597	1890	4	2
158.597	1891	1	3
158.597	1892	2	3
161.355	1893	3	2
161.355	1894	4	3
161.700	1895	4	2
162.562	1896	1	1
162.562	1897	4	3
162.649	1898	2	2
163.166	1899	4	1
163.166	1900	2	3
163.252	1901	1	2
163.597	1902	4	2
163.597	1903	1	3
163.769	1904	1	2
163.769	1905	4	3
163.942	1906	2	2
163.942	1907	1	3
164.114	1908	1	2
164.114	1909	2	3
164.114	1910	3	3
164.373	1911	4	2
166.873	1912	2	2
166.873	1913	1	3
166.873	1914	4	3
167.131	1915	1	1
167.390	1916	3	2
167.649	1917	4	2
167.649	1918	3	3
167.907	1919	3	1
167.907	1920	4	3
169.631	1921	4	2
169.631	1922	2	3
169.890	1923	1	1
170.149	1924	2	2
170.407	1925	3	2
170.407	1926	2	3
170.666	1927	2	1
170.666	1928	3	3
172.390	1929	3	2
172.390	1930	4	3
172.562	1931	1	2
172.735	1932	2	2
172.735	1933	1	3
172.907	1934	4	2
172.907	1935	2	3
173.080	1936	1	2
173.080	1937	4	3
173.252	1938	2	2
173.252	1939	1	3
173.424	1940	4	2
173.424	1941	2	3
174.459	1942	2	2
174.459	1943	4	3
175.149	1944	1	2
175.149	1945	2	3
175.149	1946	3	3
175.924	1947	2	1
176.011	1948	4	2
176.873	1949	3	2
176.873	1950	4	3
177.907	1951	2	1
177.907	1952	4	1
177.907	1953	1	3
177.907	1954	3	3
178.252	1955	3	1
178.252	1956	4	2
178.511	1957	1	1
178.511	1958	2	1
178.942	1959	2	1
178.942	1960	3	1
179.287	1961	1	1
179.287	1962	2	1
179.287	1963	4	3
179.459	1964	3	1
179.631	1965	1	1
179.631	1966	4	2
179.890	1967	2	1
179.890	1968	3	1
180.149	1969	1	1
180.149	1970	2	1
180.321	1971	2	1
180.321	1972	3	1
180.666	1973	1	1
180.666	1974	2	1
180.666	1975	4	3
181.011	1976	3	1
181.011	1977	4	2
181.269	1978	1	1
181.269	1979	2	1
181.700	1980	2	1
181.700	1981	3	1
182.045	1982	1	1
182.045	1983	3	1
182.045	1984	4	3
182.218	1985	2	1
182.390	1986	3	1
182.390	1987	4	2
182.649	1988	1	1
182.649	1989	2	1
182.907	1990	1	1
182.907	1991	2	1
183.080	1992	2	1
183.080	1993	3	1
183.424	1994	1	1
183.424	1995	2	1
183.424	1996	4	3
183.769	1997	3	1
183.769	1998	4	2
184.028	1999	1	1
184.028	2000	2	1
184.459	2001	2	1
184.459	2002	3	1
184.804	2003	1	1
184.804	2004	2	1
184.804	2005	4	3
184.976	2006	3	1
185.149	2007	1	1
185.149	2008	4	2
185.407	2009	2	1
185.407	2010	3	1
185.666	2011	1	1
185.666	2012	2	1
185.838	2013	2	1
185.838	2014	3	1
186.183	2015	1	1
186.183	2016	2	1
186.183	2017	4	3
186.528	2018	3	1
186.528	2019	4	2
186.787	2020	1	1
186.787	2021	2	1
187.218	2022	2	1
187.218	2023	3	1
187.562	2024	1	1
187.562	2025	3	1
187.562	2026	4	3
187.735	2027	2	1
187.907	2028	3	1
187.907	2029	4	2
188.166	2030	1	1
188.166	2031	2	1
188.424	2032	1	1
188.424	2033	2	1
188.597	2034	2	1
188.597	2035	3	1
188.942	2036	1	2
188.942	2037	2	1
188.942	2038	4	3
189.200	2039	3	1
189.200	2040	1	3
189.287	2041	1	2
189.287	2042	2	1
189.373	2043	1	3
189.459	2044	1	2
189.545	2045	4	1
189.545	2046	1	3
189.631	2047	1	2
189.718	2048	3	1
189.804	2049	4	1
189.890	2050	1	3
189.976	2051	1	2
189.976	2052	2	1
190.062	2053	1	3
190.149	2054	1	2
190.235	2055	1	3
190.321	2056	1	2
190.321	2057	4	1
190.580	2058	3	1
190.580	2059	1	3
190.666	2060	1	2
190.666	2061	2	1
190.752	2062	1	3
190.838	2063	1	2
190.924	2064	4	1
190.924	2065	1	3
191.011	2066	1	2
191.097	2067	2	1
191.183	2068	3	1
191.269	2069	4	1
191.269	2070	1	3
191.355	2071	1	2
191.355	2072	2	1
191.442	2073	1	3
191.528	2074	1	2
191.614	2075	1	3
191.700	2076	3	1
191.700	2077	4	2
191.959	2078	2	1
191.959	2079	4	3
192.045	2080	3	1
192.045	2081	4	2
192.131	2082	4	3
192.218	2083	4	2
192.304	2084	1	1
192.304	2085	4	3
192.390	2086	4	2
192.476	2087	2	1
192.562	2088	1	1
192.649	2089	4	3
192.735	2090	3	1
192.735	2091	4	2
192.821	2092	4	3
192.907	2093	4	2
192.993	2094	4	3
193.080	2095	1	1
193.080	2096	4	2
193.338	2097	2	1
193.338	2098	4	3
193.424	2099	3	1
193.424	2100	4	2
193.511	2101	4	3
193.597	2102	4	2
193.683	2103	1	1
193.683	2104	4	3
193.769	2105	4	2
193.855	2106	3	1
193.942	2107	2	1
194.028	2108	1	1
194.028	2109	4	3
194.114	2110	3	1
194.114	2111	4	2
194.200	2112	4	3
194.287	2113	4	2
194.373	2114	4	3
194.459	2115	1	1
194.631	2116	2	1
194.804	2117	3	1
194.804	2118	4	1
194.976	2119	1	1
195.062	2120	2	1
195.149	2121	4	1
195.321	2122	3	1
195.493	2123	1	1
195.493	2124	2	1
195.666	2125	4	1
195.838	2126	1	1
196.011	2127	2	1
196.183	2128	3	1
196.183	2129	4	1
196.355	2130	1	1
196.442	2131	2	1
196.528	2132	4	1
196.700	2133	3	1
196.873	2134	1	1
196.873	2135	2	1
197.045	2136	4	1
197.218	2137	1	1
197.304	2138	2	1
197.390	2139	3	1
197.476	2140	4	1
197.562	2141	1	1
197.562	2142	2	1
197.649	2143	3	1
197.735	2144	4	1
197.821	2145	1	1
197.907	2146	2	1
197.993	2147	3	1
198.080	2148	4	1
198.166	2149	1	1
198.252	2150	2	1
198.252	2151	3	1
198.338	2152	4	1
198.424	2153	1	1
198.511	2154	2	1
198.597	2155	4	1
198.683	2156	3	1
198.855	2157	1	1
198.942	2158	4	1
199.028	2159	3	1
199.114	2160	1	1
199.200	2161	2	1
199.287	2162	4	1
199.373	2163	3	1
199.459	2164	2	1
199.545	2165	1	1
199.631	2166	4	1