Song Name	Raindrop (Hard) by seatrus
Difficulty	29
Primary Color	Flow
Secondary Color	Rush
Last Note Time	137.684
Total Notes	1729
Fever Fill	576
Fever Time	20.652600
Long Notes	0
BPM	155
Song Length	142.022585034

Timing Points
0.000	387.096774
0.265	387.096774
0.361	387.096774
1.523	387.096774


Song Data
0.000	1	3	1
0.000	2	4	1
0.265	3	1	1
0.361	4	2	1
0.457	5	3	1
0.651	6	1	1
0.651	7	2	1
0.844	8	3	1
0.941	9	1	1
0.941	10	4	1
1.038	11	3	1
1.135	12	2	1
1.135	13	4	1
1.231	14	1	1
1.425	15	3	1
1.425	16	4	1
1.813	17	2	1
1.910	18	1	1
2.006	19	4	1
2.200	20	1	1
2.200	21	3	1
2.393	22	2	1
2.490	23	3	1
2.490	24	4	1
2.587	25	1	1
2.684	26	3	1
2.684	27	4	1
2.781	28	2	1
2.974	29	1	1
2.974	30	4	1
3.361	31	2	1
3.458	32	3	1
3.555	33	1	1
3.652	34	3	1
3.748	35	2	1
3.748	36	4	1
3.942	37	3	1
4.039	38	2	1
4.135	39	1	1
4.329	40	4	1
4.426	41	2	1
4.522	42	3	1
4.619	43	1	1
4.619	44	2	1
4.910	45	3	1
4.910	46	4	1
5.200	47	1	1
5.200	48	4	1
5.297	49	2	1
5.490	50	4	1
5.587	51	3	1
5.684	52	2	1
5.781	53	3	1
5.877	54	2	1
5.877	55	4	1
5.974	56	1	1
6.071	57	3	1
6.168	58	1	1
6.168	59	2	1
6.168	60	4	1
6.361	61	3	1
6.458	62	2	1
6.555	63	1	1
6.555	64	3	1
6.652	65	2	1
6.748	66	4	1
6.845	67	2	1
6.942	68	3	1
6.942	69	4	1
7.039	70	1	1
7.135	71	3	1
7.232	72	4	1
7.329	73	1	1
7.329	74	2	1
7.426	75	3	1
7.522	76	2	1
7.619	77	1	1
7.716	78	2	1
7.716	79	4	1
7.910	80	3	1
8.006	81	1	1
8.103	82	2	1
8.103	83	3	1
8.200	84	1	1
8.297	85	4	1
8.393	86	2	1
8.442	87	4	1
8.490	88	1	1
8.490	89	3	1
8.684	90	2	1
8.781	91	4	1
8.877	92	2	1
8.877	93	3	1
9.071	94	1	1
9.168	95	2	1
9.264	96	1	1
9.264	97	3	1
9.264	98	4	1
9.458	99	2	1
9.555	100	3	1
9.652	101	2	1
9.652	102	4	1
9.748	103	1	1
9.845	104	4	1
9.942	105	3	1
10.039	106	1	1
10.039	107	2	1
10.039	108	4	1
10.135	109	3	1
10.232	110	1	1
10.329	111	2	1
10.426	112	3	1
10.426	113	4	1
10.522	114	1	1
10.619	115	4	1
10.716	116	3	1
10.813	117	1	1
10.813	118	2	1
10.910	119	3	1
11.006	120	4	1
11.103	121	1	1
11.103	122	3	1
11.200	123	2	1
11.297	124	1	1
11.393	125	3	1
11.393	126	4	1
11.490	127	1	1
11.490	128	2	1
11.490	129	4	1
11.974	130	3	1
12.361	131	1	1
12.361	132	3	1
12.361	133	4	1
12.458	134	2	1
12.555	135	3	1
12.652	136	4	1
12.748	137	1	1
12.748	138	2	1
12.845	139	4	1
12.942	140	3	1
13.039	141	1	1
13.039	142	2	1
13.135	143	3	1
13.135	144	4	1
13.232	145	1	1
13.329	146	3	1
13.329	147	4	1
13.426	148	1	1
13.522	149	2	1
13.522	150	4	1
13.619	151	3	1
13.716	152	1	1
13.716	153	4	1
13.813	154	2	1
13.910	155	3	1
13.910	156	4	1
14.006	157	2	1
14.103	158	1	1
14.200	159	2	1
14.297	160	3	1
14.297	161	4	1
14.393	162	1	1
14.490	163	2	1
14.587	164	3	1
14.587	165	4	1
14.684	166	1	1
14.684	167	2	1
14.781	168	4	1
14.877	169	1	1
14.877	170	2	1
14.974	171	4	1
15.071	172	1	1
15.071	173	3	1
15.168	174	2	1
15.264	175	1	1
15.264	176	4	1
15.361	177	3	1
15.458	178	1	1
15.458	179	2	1
15.555	180	4	1
15.652	181	2	1
15.748	182	1	1
15.845	183	3	1
15.845	184	4	1
15.942	185	1	1
16.039	186	3	1
16.135	187	1	1
16.135	188	2	1
16.232	189	3	1
16.232	190	4	1
16.329	191	2	1
16.426	192	1	1
16.426	193	4	1
16.522	194	3	1
16.619	195	2	1
16.619	196	4	1
16.716	197	1	1
16.813	198	3	1
16.813	199	4	1
16.910	200	1	1
17.006	201	2	1
17.006	202	3	1
17.006	203	4	1
17.103	204	1	1
17.200	205	2	1
17.297	206	1	1
17.297	207	3	1
17.297	208	4	1
17.393	209	2	1
17.490	210	3	1
17.587	211	1	1
17.587	212	2	1
17.587	213	4	1
17.684	214	3	1
17.781	215	4	1
17.877	216	1	1
17.877	217	2	1
17.974	218	3	1
17.974	219	4	1
18.071	220	2	1
18.168	221	1	1
18.232	222	4	1
18.297	223	2	1
18.361	224	3	1
18.426	225	1	1
18.490	226	3	1
18.555	227	1	1
18.555	228	2	1
18.555	229	4	1
18.748	230	4	1
18.845	231	1	1
18.845	232	2	1
18.942	233	3	1
18.942	234	4	1
19.039	235	2	1
19.135	236	3	1
19.135	237	4	1
19.232	238	1	1
19.329	239	2	1
19.329	240	3	1
19.426	241	1	1
19.522	242	3	1
19.619	243	2	1
19.619	244	4	1
19.716	245	1	1
19.716	246	3	1
19.813	247	2	1
19.910	248	4	1
20.006	249	2	1
20.103	250	1	1
20.103	251	3	1
20.103	252	4	1
20.200	253	2	1
20.297	254	1	1
20.393	255	3	1
20.393	256	4	1
20.490	257	1	1
20.490	258	2	1
20.587	259	4	1
20.684	260	1	1
20.684	261	2	1
20.781	262	3	1
20.877	263	1	1
20.877	264	4	1
20.974	265	2	1
21.071	266	4	1
21.168	267	1	1
21.168	268	3	1
21.264	269	2	1
21.264	270	4	1
21.361	271	1	1
21.458	272	2	1
21.555	273	3	1
21.652	274	1	1
21.652	275	2	1
21.652	276	4	1
21.748	277	3	1
21.845	278	1	1
21.942	279	3	1
21.942	280	4	1
22.039	281	1	1
22.039	282	2	1
22.135	283	4	1
22.232	284	1	1
22.232	285	3	1
22.329	286	2	1
22.426	287	1	1
22.426	288	3	1
22.426	289	4	1
22.522	290	2	1
22.619	291	4	1
22.716	292	1	1
22.716	293	2	1
22.813	294	3	1
22.813	295	4	1
22.910	296	2	1
23.006	297	1	1
23.006	298	4	1
23.103	299	2	1
23.200	300	1	1
23.200	301	3	1
23.200	302	4	1
23.393	303	3	1
23.490	304	1	1
23.490	305	2	1
23.587	306	3	1
23.587	307	4	1
23.684	308	1	1
23.781	309	4	1
23.877	310	1	1
23.877	311	2	1
23.877	312	3	1
24.748	313	1	1
24.748	314	2	1
24.748	315	4	1
24.942	316	3	1
25.135	317	2	1
25.329	318	1	1
26.297	319	1	1
26.297	320	3	1
26.877	321	2	1
27.071	322	3	1
27.264	323	1	1
27.458	324	2	1
27.458	325	4	1
27.845	326	3	1
27.845	327	4	1
28.426	328	2	1
29.006	329	1	1
29.393	330	2	1
29.393	331	4	1
30.555	332	1	1
30.652	333	2	1
30.748	334	3	1
30.845	335	4	1
30.942	336	1	1
30.942	337	2	1
31.135	338	3	1
31.329	339	1	1
31.522	340	4	1
31.910	341	3	1
32.103	342	2	1
32.297	343	3	1
32.490	344	1	1
32.490	345	4	1
33.071	346	2	1
33.264	347	4	1
33.458	348	1	1
33.652	349	3	1
33.700	350	4	1
33.845	351	2	1
34.039	352	1	1
34.039	353	3	1
34.619	354	2	1
35.006	355	1	1
35.200	356	2	1
35.393	357	3	1
35.587	358	1	1
35.587	359	4	1
35.877	360	3	1
36.168	361	1	1
36.361	362	2	1
36.361	363	4	1
36.748	364	1	1
37.135	365	1	1
37.135	366	3	1
37.135	367	4	1
37.329	368	2	1
37.426	369	3	1
37.522	370	4	1
37.716	371	1	1
37.716	372	2	1
37.813	373	4	1
37.910	374	2	1
38.103	375	1	1
38.200	376	3	1
38.297	377	1	1
38.297	378	2	1
38.490	379	3	1
38.490	380	4	1
38.684	381	2	1
38.684	382	3	1
38.684	383	4	1
38.877	384	2	1
38.974	385	1	1
38.974	386	3	1
39.071	387	4	1
39.264	388	3	1
39.264	389	4	1
39.361	390	1	1
39.458	391	2	1
39.458	392	3	1
39.555	393	4	1
39.652	394	1	1
39.748	395	3	1
39.845	396	1	1
39.845	397	2	1
40.039	398	4	1
40.135	399	3	1
40.232	400	1	1
40.232	401	2	1
40.232	402	4	1
40.426	403	3	1
40.522	404	2	1
40.619	405	1	1
40.813	406	3	1
40.813	407	4	1
40.910	408	1	1
41.006	409	3	1
41.200	410	2	1
41.297	411	1	1
41.393	412	4	1
41.587	413	2	1
41.684	414	4	1
41.781	415	1	1
41.781	416	2	1
41.781	417	3	1
41.974	418	1	1
42.071	419	3	1
42.168	420	2	1
42.361	421	1	1
42.361	422	2	1
42.458	423	4	1
42.555	424	1	1
42.555	425	3	1
42.748	426	2	1
42.748	427	3	1
42.845	428	1	1
42.942	429	2	1
42.942	430	4	1
43.135	431	3	1
43.135	432	4	1
43.232	433	2	1
43.329	434	1	1
43.329	435	3	1
43.329	436	4	1
43.522	437	2	1
43.619	438	3	1
43.619	439	4	1
43.716	440	1	1
43.910	441	2	1
43.910	442	4	1
44.103	443	1	1
44.103	444	3	1
44.297	445	3	1
44.393	446	2	1
44.490	447	1	1
44.684	448	2	1
44.781	449	3	1
44.877	450	1	1
44.877	451	2	1
44.877	452	4	1
45.071	453	3	1
45.168	454	1	1
45.168	455	2	1
45.264	456	4	1
45.458	457	1	1
45.458	458	3	1
45.652	459	2	1
45.652	460	4	1
45.845	461	2	1
45.942	462	3	1
46.039	463	1	1
46.039	464	4	1
46.232	465	3	1
46.329	466	2	1
46.426	467	1	1
46.426	468	3	1
46.426	469	4	1
46.619	470	1	1
46.716	471	2	1
46.813	472	4	1
47.006	473	1	1
47.006	474	2	1
47.200	475	1	1
47.200	476	2	1
47.200	477	4	1
47.393	478	4	1
47.490	479	2	1
47.587	480	1	1
47.587	481	3	1
47.781	482	3	1
47.974	483	1	1
47.974	484	2	1
47.974	485	4	1
48.168	486	3	1
48.264	487	1	1
48.361	488	2	1
48.361	489	3	1
48.361	490	4	1
48.555	491	4	1
48.652	492	2	1
48.748	493	1	1
48.748	494	3	1
48.748	495	4	1
48.942	496	2	1
49.039	497	4	1
49.135	498	1	1
49.135	499	2	1
49.135	500	3	1
49.232	501	4	1
49.329	502	1	1
49.426	503	3	1
49.522	504	1	1
49.522	505	2	1
49.522	506	4	1
49.716	507	3	1
49.813	508	2	1
49.910	509	3	1
49.910	510	4	1
50.006	511	1	1
50.006	512	2	1
50.103	513	3	1
50.200	514	2	1
50.200	515	4	1
50.297	516	1	1
50.297	517	3	1
50.393	518	2	1
50.490	519	3	1
50.587	520	1	1
50.587	521	2	1
50.684	522	3	1
50.684	523	4	1
50.781	524	1	1
50.877	525	2	1
50.877	526	3	1
50.974	527	4	1
51.071	528	1	1
51.071	529	2	1
51.071	530	3	1
51.264	531	4	1
51.313	532	2	1
51.361	533	1	1
51.458	534	3	1
51.458	535	4	1
51.652	536	2	1
51.748	537	1	1
51.748	538	4	1
51.845	539	2	1
51.845	540	3	1
52.039	541	1	1
52.039	542	3	1
52.135	543	2	1
52.135	544	4	1
52.232	545	1	1
52.232	546	3	1
52.426	547	2	1
52.426	548	4	1
52.619	549	1	1
52.619	550	3	1
52.619	551	4	1
52.813	552	2	1
52.910	553	3	1
52.910	554	4	1
53.006	555	1	1
53.006	556	2	1
53.103	557	3	1
53.103	558	4	1
53.200	559	2	1
53.297	560	1	1
53.297	561	4	1
53.393	562	3	1
53.442	563	1	1
53.490	564	2	1
53.587	565	3	1
53.587	566	4	1
53.684	567	1	1
53.781	568	2	1
53.781	569	4	1
53.974	570	1	1
53.974	571	3	1
54.168	572	1	1
54.168	573	2	1
54.168	574	4	1
54.361	575	1	1
54.458	576	2	1
54.458	577	4	1
54.555	578	1	1
54.555	579	3	1
54.652	580	4	1
54.748	581	2	1
54.748	582	3	1
54.845	583	1	1
54.942	584	2	1
54.942	585	4	1
55.039	586	3	1
55.135	587	2	1
55.232	588	3	1
55.232	589	4	1
55.329	590	1	1
55.329	591	2	1
55.426	592	3	1
55.522	593	1	1
55.522	594	4	1
55.619	595	3	1
55.716	596	1	1
55.716	597	4	1
55.764	598	2	1
55.910	599	3	1
55.910	600	4	1
56.006	601	1	1
56.006	602	2	1
56.103	603	3	1
56.200	604	1	1
56.200	605	2	1
56.297	606	3	1
56.297	607	4	1
56.393	608	2	1
56.490	609	1	1
56.490	610	4	1
56.539	611	3	1
56.684	612	1	1
56.684	613	2	1
56.781	614	3	1
56.781	615	4	1
56.877	616	2	1
56.974	617	3	1
56.974	618	4	1
57.071	619	1	1
57.071	620	2	1
57.168	621	3	1
57.264	622	1	1
57.264	623	2	1
57.264	624	4	1
57.361	625	3	1
57.458	626	1	1
57.458	627	4	1
57.555	628	3	1
57.652	629	2	1
57.652	630	4	1
57.748	631	1	1
57.845	632	2	1
57.942	633	3	1
58.039	634	1	1
58.039	635	4	1
58.232	636	4	1
58.329	637	3	1
58.426	638	1	1
58.426	639	2	1
58.619	640	2	1
58.619	641	3	1
58.813	642	1	1
58.813	643	3	1
58.813	644	4	1
59.006	645	2	1
59.006	646	4	1
59.103	647	3	1
59.200	648	1	1
59.200	649	2	1
59.297	650	3	1
59.393	651	2	1
59.393	652	4	1
59.490	653	3	1
59.587	654	1	1
59.587	655	2	1
59.587	656	4	1
59.781	657	1	1
59.781	658	3	1
59.877	659	2	1
59.974	660	1	1
59.974	661	4	1
60.168	662	2	1
60.232	663	4	1
60.297	664	1	1
60.361	665	2	1
60.361	666	3	1
60.361	667	4	1
60.555	668	3	1
60.652	669	2	1
60.748	670	1	1
60.748	671	3	1
60.748	672	4	1
60.845	673	2	1
60.942	674	1	1
60.942	675	4	1
61.039	676	2	1
61.039	677	3	1
61.135	678	1	1
61.135	679	4	1
61.329	680	1	1
61.329	681	3	1
61.522	682	2	1
61.522	683	3	1
61.522	684	4	1
61.619	685	1	1
61.716	686	4	1
61.813	687	2	1
61.910	688	1	1
61.910	689	3	1
61.910	690	4	1
62.103	691	2	1
62.200	692	3	1
62.297	693	1	1
62.297	694	2	1
62.393	695	3	1
62.393	696	4	1
62.490	697	1	1
62.587	698	3	1
62.587	699	4	1
62.684	700	1	1
62.684	701	2	1
62.877	702	2	1
62.877	703	3	1
62.974	704	4	1
63.071	705	1	1
63.071	706	3	1
63.264	707	2	1
63.264	708	4	1
63.458	709	1	1
63.458	710	3	1
63.458	711	4	1
63.652	712	3	1
63.748	713	1	1
63.845	714	2	1
63.845	715	4	1
63.942	716	1	1
64.039	717	3	1
64.039	718	4	1
64.135	719	1	1
64.135	720	2	1
64.232	721	3	1
64.232	722	4	1
64.426	723	1	1
64.522	724	3	1
64.619	725	1	1
64.619	726	2	1
64.716	727	3	1
64.813	728	1	1
64.813	729	4	1
64.910	730	3	1
65.006	731	1	1
65.006	732	2	1
65.006	733	4	1
65.200	734	3	1
65.297	735	1	1
65.297	736	4	1
65.393	737	2	1
65.393	738	3	1
65.587	739	1	1
65.587	740	2	1
65.684	741	4	1
65.781	742	1	1
65.781	743	3	1
65.974	744	4	1
66.071	745	2	1
66.071	746	3	1
66.168	747	1	1
66.168	748	4	1
66.361	749	2	1
66.361	750	3	1
66.555	751	1	1
66.555	752	2	1
66.555	753	4	1
66.748	754	3	1
66.845	755	2	1
66.942	756	3	1
66.942	757	4	1
67.135	758	2	1
67.135	759	4	1
67.232	760	1	1
67.232	761	3	1
67.329	762	2	1
67.329	763	4	1
67.522	764	3	1
67.619	765	1	1
67.619	766	2	1
67.716	767	3	1
67.716	768	4	1
67.813	769	2	1
67.910	770	1	1
67.910	771	3	1
68.006	772	4	1
68.103	773	1	1
68.103	774	2	1
68.103	775	3	1
68.297	776	2	1
68.297	777	4	1
68.490	778	1	1
68.490	779	3	1
68.587	780	4	1
68.684	781	1	1
68.684	782	2	1
68.877	783	3	1
68.877	784	4	1
69.071	785	1	1
69.071	786	3	1
69.264	787	2	1
69.264	788	4	1
69.361	789	1	1
69.458	790	3	1
69.458	791	4	1
69.652	792	1	1
69.652	793	2	1
69.652	794	4	1
69.845	795	2	1
69.942	796	1	1
69.942	797	3	1
70.039	798	4	1
70.135	799	1	1
70.135	800	3	1
70.232	801	2	1
70.232	802	4	1
70.329	803	1	1
70.426	804	3	1
70.426	805	4	1
70.619	806	2	1
70.716	807	3	1
70.813	808	1	1
70.813	809	4	1
71.006	810	1	1
71.006	811	2	1
71.103	812	3	1
71.200	813	1	1
71.200	814	2	1
71.200	815	4	1
71.393	816	3	1
71.490	817	2	1
71.490	818	4	1
71.587	819	1	1
71.684	820	4	1
71.781	821	1	1
71.781	822	2	1
71.877	823	3	1
71.974	824	1	1
71.974	825	2	1
71.974	826	4	1
72.168	827	2	1
72.264	828	1	1
72.264	829	3	1
72.361	830	4	1
72.458	831	1	1
72.555	832	3	1
72.555	833	4	1
72.652	834	2	1
72.748	835	1	1
72.748	836	3	1
72.748	837	4	1
72.845	838	2	1
72.942	839	1	1
73.039	840	2	1
73.135	841	1	1
73.135	842	3	1
73.135	843	4	1
73.232	844	2	1
73.329	845	3	1
73.426	846	4	1
73.522	847	1	1
73.522	848	2	1
73.522	849	3	1
73.619	850	4	1
73.716	851	3	1
73.813	852	2	1
73.910	853	1	1
73.910	854	3	1
73.910	855	4	1
74.006	856	2	1
74.103	857	1	1
74.200	858	4	1
74.297	859	1	1
74.297	860	2	1
74.297	861	3	1
74.393	862	4	1
74.490	863	1	1
74.587	864	2	1
74.587	865	3	1
74.587	866	4	1
74.684	867	1	1
74.781	868	2	1
74.877	869	3	1
74.974	870	1	1
75.071	871	4	1
75.168	872	2	1
75.264	873	1	1
75.264	874	3	1
75.264	875	4	1
75.361	876	2	1
75.458	877	3	1
75.555	878	1	1
75.555	879	2	1
75.555	880	4	1
75.652	881	3	1
75.748	882	1	1
75.845	883	2	1
75.845	884	3	1
75.845	885	4	1
75.942	886	1	1
76.039	887	2	1
76.135	888	3	1
76.232	889	2	1
76.329	890	4	1
76.426	891	1	1
76.426	892	2	1
76.426	893	3	1
76.522	894	4	1
76.619	895	1	1
76.716	896	2	1
76.813	897	1	1
76.813	898	3	1
76.813	899	4	1
76.910	900	2	1
77.006	901	3	1
77.103	902	1	1
77.103	903	2	1
77.103	904	4	1
77.200	905	3	1
77.297	906	1	1
77.393	907	2	1
77.393	908	3	1
77.393	909	4	1
77.490	910	1	1
77.587	911	4	1
77.684	912	1	1
77.684	913	2	1
77.684	914	3	1
77.781	915	4	1
77.877	916	2	1
77.974	917	1	1
78.071	918	3	1
78.168	919	2	1
78.264	920	1	1
78.264	921	3	1
78.264	922	4	1
78.361	923	2	1
78.458	924	1	1
78.555	925	3	1
78.652	926	1	1
78.652	927	2	1
78.652	928	4	1
78.748	929	3	1
78.845	930	2	1
78.942	931	1	1
78.942	932	3	1
78.942	933	4	1
79.039	934	2	1
79.135	935	1	1
79.232	936	2	1
79.232	937	3	1
79.232	938	4	1
79.329	939	1	1
79.426	940	3	1
79.522	941	1	1
79.522	942	2	1
79.522	943	4	1
79.619	944	3	1
79.716	945	4	1
79.813	946	1	1
79.813	947	2	1
79.813	948	3	1
79.910	949	4	1
80.006	950	2	1
80.103	951	1	1
80.103	952	3	1
80.103	953	4	1
80.200	954	2	1
80.297	955	3	1
80.393	956	1	1
80.490	957	2	1
80.490	958	3	1
80.490	959	4	1
80.587	960	1	1
80.684	961	2	1
80.781	962	1	1
80.781	963	3	1
80.781	964	4	1
80.877	965	2	1
80.974	966	4	1
81.071	967	3	1
81.168	968	1	1
81.264	969	2	1
81.264	970	3	1
81.264	971	4	1
81.361	972	1	1
81.458	973	4	1
81.555	974	1	1
81.555	975	2	1
81.555	976	3	1
81.652	977	4	1
81.748	978	3	1
81.845	979	1	1
81.942	980	2	1
82.039	981	1	1
82.039	982	3	1
82.039	983	4	1
82.135	984	2	1
82.232	985	3	1
82.329	986	1	1
82.329	987	2	1
82.329	988	4	1
82.426	989	3	1
82.522	990	1	1
82.619	991	2	1
82.716	992	4	1
82.813	993	1	1
82.813	994	2	1
82.813	995	3	1
82.910	996	4	1
83.006	997	3	1
83.103	998	1	1
83.103	999	2	1
83.103	1000	4	1
83.200	1001	3	1
83.297	1002	1	1
83.297	1003	2	1
83.297	1004	4	1
83.393	1005	3	1
83.490	1006	2	1
83.587	1007	1	1
83.587	1008	3	1
83.587	1009	4	1
83.684	1010	2	1
83.781	1011	4	1
83.877	1012	1	1
83.877	1013	2	1
83.877	1014	3	1
83.974	1015	4	1
84.071	1016	3	1
84.168	1017	1	1
84.168	1018	2	1
84.168	1019	4	1
84.264	1020	3	1
84.361	1021	2	1
84.458	1022	1	1
84.555	1023	2	1
84.555	1024	3	1
84.555	1025	4	1
84.652	1026	1	1
84.748	1027	3	1
84.845	1028	1	1
84.845	1029	2	1
84.845	1030	4	1
84.942	1031	3	1
85.039	1032	2	1
85.135	1033	1	1
85.135	1034	3	1
85.135	1035	4	1
85.232	1036	2	1
85.329	1037	1	1
85.426	1038	2	1
85.426	1039	3	1
85.426	1040	4	1
85.522	1041	1	1
85.619	1042	3	1
85.716	1043	1	1
85.716	1044	2	1
85.716	1045	4	1
85.813	1046	3	1
85.910	1047	1	1
85.910	1048	2	1
85.910	1049	4	1
86.006	1050	3	1
86.103	1051	4	1
86.200	1052	1	1
86.200	1053	2	1
86.200	1054	3	1
86.297	1055	4	1
86.393	1056	1	1
86.393	1057	2	1
86.490	1058	3	1
86.490	1059	4	1
86.587	1060	2	1
86.684	1061	1	1
86.684	1062	3	1
86.684	1063	4	1
86.877	1064	1	1
87.071	1065	2	1
87.264	1066	3	1
87.264	1067	4	1
87.458	1068	3	1
87.458	1069	4	1
87.748	1070	2	1
88.039	1071	4	1
88.232	1072	1	1
88.232	1073	3	1
88.426	1074	3	1
88.619	1075	4	1
88.813	1076	1	1
88.813	1077	2	1
89.006	1078	1	1
89.006	1079	2	1
89.297	1080	3	1
89.587	1081	2	1
89.781	1082	1	1
89.781	1083	4	1
89.974	1084	2	1
90.168	1085	4	1
90.361	1086	1	1
90.361	1087	2	1
90.555	1088	3	1
90.555	1089	4	1
90.748	1090	2	1
90.845	1091	3	1
90.942	1092	1	1
91.135	1093	2	1
91.135	1094	4	1
91.329	1095	1	1
91.329	1096	3	1
91.522	1097	4	1
91.619	1098	3	1
91.716	1099	2	1
91.910	1100	3	1
92.103	1101	1	1
92.103	1102	4	1
92.393	1103	2	1
92.490	1104	1	1
92.490	1105	3	1
92.490	1106	4	1
92.684	1107	2	1
92.684	1108	3	1
92.877	1109	1	1
92.877	1110	2	1
92.877	1111	4	1
93.071	1112	3	1
93.264	1113	1	1
93.264	1114	4	1
93.458	1115	3	1
93.458	1116	4	1
93.555	1117	1	1
93.555	1118	2	1
93.652	1119	3	1
93.652	1120	4	1
93.845	1121	2	1
94.039	1122	1	1
94.039	1123	3	1
94.232	1124	4	1
94.426	1125	1	1
94.426	1126	2	1
94.426	1127	3	1
94.619	1128	2	1
94.619	1129	4	1
94.813	1130	1	1
94.813	1131	3	1
95.006	1132	2	1
95.006	1133	4	1
95.103	1134	1	1
95.103	1135	3	1
95.200	1136	2	1
95.200	1137	4	1
95.393	1138	2	1
95.393	1139	3	1
95.587	1140	1	1
95.587	1141	3	1
95.781	1142	2	1
95.781	1143	4	1
95.974	1144	1	1
95.974	1145	3	1
95.974	1146	4	1
96.071	1147	2	1
96.168	1148	3	1
96.264	1149	4	1
96.361	1150	3	1
96.458	1151	2	1
96.555	1152	1	1
96.555	1153	4	1
96.652	1154	2	1
96.652	1155	3	1
96.748	1156	1	1
96.748	1157	4	1
96.845	1158	3	1
96.942	1159	2	1
97.039	1160	3	1
97.039	1161	4	1
97.135	1162	2	1
97.232	1163	1	1
97.329	1164	2	1
97.329	1165	3	1
97.426	1166	4	1
97.522	1167	1	1
97.522	1168	2	1
97.522	1169	3	1
97.910	1170	2	1
97.958	1171	4	1
98.297	1172	3	1
98.684	1173	1	1
99.071	1174	2	1
99.071	1175	3	1
99.071	1176	4	1
99.264	1177	1	1
99.361	1178	3	1
99.361	1179	4	1
99.458	1180	1	1
99.458	1181	2	1
99.555	1182	3	1
99.652	1183	2	1
99.652	1184	4	1
99.845	1185	1	1
99.845	1186	3	1
99.845	1187	4	1
100.039	1188	2	1
100.135	1189	1	1
100.135	1190	3	1
100.232	1191	2	1
100.232	1192	4	1
100.426	1193	1	1
100.426	1194	2	1
100.619	1195	1	1
100.619	1196	2	1
100.619	1197	3	1
100.813	1198	4	1
100.910	1199	1	1
100.910	1200	2	1
101.006	1201	3	1
101.006	1202	4	1
101.103	1203	2	1
101.200	1204	1	1
101.200	1205	3	1
101.393	1206	1	1
101.393	1207	2	1
101.393	1208	4	1
101.587	1209	3	1
101.684	1210	2	1
101.781	1211	1	1
101.781	1212	4	1
101.974	1213	3	1
101.974	1214	4	1
102.168	1215	1	1
102.168	1216	2	1
102.168	1217	3	1
102.361	1218	1	1
102.458	1219	2	1
102.458	1220	4	1
102.555	1221	1	1
102.555	1222	3	1
102.652	1223	4	1
102.748	1224	2	1
102.748	1225	3	1
102.942	1226	1	1
102.942	1227	2	1
102.942	1228	4	1
103.135	1229	3	1
103.232	1230	1	1
103.232	1231	2	1
103.329	1232	3	1
103.329	1233	4	1
103.426	1234	2	1
103.522	1235	1	1
103.522	1236	4	1
103.716	1237	2	1
103.716	1238	3	1
103.716	1239	4	1
103.910	1240	2	1
104.006	1241	3	1
104.103	1242	1	1
104.103	1243	2	1
104.200	1244	3	1
104.200	1245	4	1
104.297	1246	1	1
104.393	1247	4	1
104.490	1248	1	1
104.490	1249	2	1
104.684	1250	2	1
104.684	1251	3	1
104.781	1252	4	1
104.877	1253	1	1
104.877	1254	3	1
104.974	1255	2	1
104.974	1256	4	1
105.071	1257	1	1
105.168	1258	3	1
105.264	1259	1	1
105.264	1260	2	1
105.264	1261	4	1
105.458	1262	3	1
105.555	1263	2	1
105.555	1264	4	1
105.652	1265	1	1
105.652	1266	3	1
105.748	1267	2	1
105.845	1268	1	1
105.845	1269	4	1
106.039	1270	1	1
106.039	1271	2	1
106.039	1272	3	1
106.232	1273	4	1
106.329	1274	1	1
106.329	1275	3	1
106.426	1276	2	1
106.426	1277	4	1
106.619	1278	1	1
106.619	1279	2	1
106.813	1280	1	1
106.813	1281	3	1
106.813	1282	4	1
107.006	1283	3	1
107.103	1284	1	1
107.103	1285	2	1
107.200	1286	3	1
107.200	1287	4	1
107.297	1288	1	1
107.393	1289	2	1
107.393	1290	4	1
107.490	1291	1	1
107.587	1292	2	1
107.587	1293	3	1
107.587	1294	4	1
107.781	1295	1	1
107.877	1296	4	1
107.974	1297	1	1
107.974	1298	3	1
108.168	1299	2	1
108.168	1300	4	1
108.361	1301	1	1
108.361	1302	3	1
108.361	1303	4	1
108.555	1304	2	1
108.652	1305	3	1
108.652	1306	4	1
108.748	1307	1	1
108.845	1308	2	1
108.942	1309	3	1
108.942	1310	4	1
109.039	1311	1	1
109.039	1312	2	1
109.135	1313	3	1
109.135	1314	4	1
109.329	1315	2	1
109.426	1316	1	1
109.426	1317	4	1
109.522	1318	2	1
109.522	1319	3	1
109.716	1320	1	1
109.716	1321	4	1
109.813	1322	2	1
109.813	1323	3	1
109.910	1324	1	1
109.910	1325	4	1
110.103	1326	2	1
110.297	1327	1	1
110.297	1328	3	1
110.393	1329	2	1
110.393	1330	4	1
110.490	1331	1	1
110.587	1332	2	1
110.684	1333	3	1
110.684	1334	4	1
110.877	1335	2	1
110.877	1336	3	1
110.974	1337	1	1
110.974	1338	4	1
111.071	1339	2	1
111.071	1340	3	1
111.264	1341	1	1
111.264	1342	2	1
111.361	1343	3	1
111.458	1344	1	1
111.458	1345	2	1
111.458	1346	4	1
111.652	1347	4	1
111.748	1348	2	1
111.748	1349	3	1
111.845	1350	1	1
111.942	1351	2	1
112.039	1352	3	1
112.039	1353	4	1
112.135	1354	2	1
112.232	1355	1	1
112.232	1356	3	1
112.232	1357	4	1
112.426	1358	2	1
112.522	1359	1	1
112.522	1360	4	1
112.619	1361	2	1
112.619	1362	3	1
112.813	1363	1	1
112.910	1364	4	1
113.006	1365	1	1
113.006	1366	2	1
113.006	1367	3	1
113.200	1368	3	1
113.297	1369	1	1
113.297	1370	2	1
113.393	1371	4	1
113.490	1372	2	1
113.587	1373	3	1
113.587	1374	4	1
113.684	1375	2	1
113.781	1376	1	1
113.781	1377	3	1
113.781	1378	4	1
113.974	1379	2	1
114.071	1380	1	1
114.071	1381	4	1
114.168	1382	2	1
114.168	1383	3	1
114.361	1384	1	1
114.361	1385	3	1
114.458	1386	2	1
114.555	1387	1	1
114.555	1388	3	1
114.555	1389	4	1
114.748	1390	2	1
114.845	1391	3	1
114.845	1392	4	1
114.942	1393	1	1
115.039	1394	3	1
115.135	1395	2	1
115.135	1396	4	1
115.232	1397	3	1
115.329	1398	1	1
115.329	1399	2	1
115.329	1400	4	1
115.522	1401	3	1
115.619	1402	1	1
115.619	1403	2	1
115.716	1404	3	1
115.716	1405	4	1
115.910	1406	2	1
115.910	1407	3	1
116.103	1408	1	1
116.103	1409	2	1
116.103	1410	4	1
116.297	1411	3	1
116.393	1412	1	1
116.490	1413	2	1
116.490	1414	3	1
116.490	1415	4	1
116.684	1416	1	1
116.781	1417	2	1
116.877	1418	1	1
116.877	1419	3	1
116.877	1420	4	1
117.071	1421	2	1
117.168	1422	4	1
117.264	1423	1	1
117.264	1424	2	1
117.264	1425	3	1
117.458	1426	4	1
117.555	1427	2	1
117.652	1428	1	1
117.652	1429	3	1
117.652	1430	4	1
117.845	1431	3	1
117.942	1432	1	1
117.942	1433	2	1
118.039	1434	3	1
118.039	1435	4	1
118.135	1436	1	1
118.232	1437	2	1
118.232	1438	3	1
118.329	1439	1	1
118.329	1440	4	1
118.426	1441	2	1
118.426	1442	3	1
118.619	1443	1	1
118.716	1444	3	1
118.716	1445	4	1
118.813	1446	1	1
118.813	1447	2	1
119.006	1448	3	1
119.006	1449	4	1
119.200	1450	1	1
119.200	1451	3	1
119.200	1452	4	1
119.393	1453	1	1
119.393	1454	2	1
119.490	1455	4	1
119.587	1456	2	1
119.587	1457	3	1
119.781	1458	1	1
119.781	1459	2	1
119.877	1460	3	1
119.974	1461	1	1
119.974	1462	4	1
120.168	1463	2	1
120.264	1464	4	1
120.361	1465	1	1
120.361	1466	3	1
120.555	1467	2	1
120.555	1468	4	1
120.748	1469	1	1
120.748	1470	3	1
120.748	1471	4	1
120.942	1472	1	1
120.942	1473	2	1
121.039	1474	3	1
121.039	1475	4	1
121.135	1476	1	1
121.135	1477	2	1
121.232	1478	3	1
121.329	1479	2	1
121.329	1480	4	1
121.426	1481	1	1
121.522	1482	2	1
121.522	1483	3	1
121.522	1484	4	1
121.716	1485	3	1
121.716	1486	4	1
121.813	1487	1	1
121.813	1488	2	1
121.910	1489	3	1
121.910	1490	4	1
122.006	1491	2	1
122.103	1492	1	1
122.103	1493	3	1
122.200	1494	4	1
122.297	1495	1	1
122.297	1496	2	1
122.297	1497	3	1
122.393	1498	4	1
122.490	1499	2	1
122.587	1500	1	1
122.684	1501	2	1
122.684	1502	3	1
122.684	1503	4	1
122.781	1504	1	1
122.877	1505	4	1
122.974	1506	2	1
123.071	1507	1	1
123.071	1508	3	1
123.071	1509	4	1
123.264	1510	3	1
123.458	1511	1	1
123.458	1512	4	1
123.555	1513	2	1
123.652	1514	3	1
123.748	1515	4	1
123.845	1516	1	1
123.845	1517	2	1
123.845	1518	3	1
124.039	1519	1	1
124.135	1520	3	1
124.135	1521	4	1
124.232	1522	1	1
124.232	1523	2	1
124.329	1524	3	1
124.522	1525	2	1
124.522	1526	4	1
124.619	1527	1	1
124.619	1528	3	1
124.716	1529	4	1
124.813	1530	3	1
124.910	1531	2	1
125.006	1532	1	1
125.006	1533	4	1
125.103	1534	2	1
125.103	1535	3	1
125.297	1536	1	1
125.297	1537	2	1
125.393	1538	3	1
125.393	1539	4	1
125.587	1540	1	1
125.684	1541	3	1
125.684	1542	4	1
125.781	1543	1	1
125.781	1544	2	1
125.877	1545	3	1
126.071	1546	2	1
126.071	1547	4	1
126.168	1548	1	1
126.168	1549	3	1
126.264	1550	4	1
126.361	1551	1	1
126.458	1552	2	1
126.555	1553	3	1
126.555	1554	4	1
126.652	1555	1	1
126.652	1556	2	1
126.845	1557	2	1
126.942	1558	1	1
126.942	1559	3	1
126.942	1560	4	1
127.135	1561	3	1
127.232	1562	2	1
127.329	1563	1	1
127.329	1564	3	1
127.426	1565	4	1
127.619	1566	2	1
127.619	1567	4	1
127.716	1568	1	1
127.813	1569	2	1
127.813	1570	3	1
127.910	1571	1	1
127.910	1572	4	1
128.006	1573	3	1
128.103	1574	2	1
128.103	1575	4	1
128.200	1576	1	1
128.297	1577	2	1
128.297	1578	3	1
128.393	1579	4	1
128.490	1580	1	1
128.490	1581	2	1
128.490	1582	3	1
128.684	1583	1	1
128.781	1584	2	1
128.781	1585	3	1
128.781	1586	4	1
128.974	1587	4	1
129.071	1588	1	1
129.071	1589	2	1
129.071	1590	3	1
129.168	1591	1	1
129.168	1592	4	1
129.361	1593	3	1
129.458	1594	2	1
129.555	1595	1	1
129.555	1596	3	1
129.555	1597	4	1
129.652	1598	3	1
129.748	1599	1	1
129.748	1600	2	1
129.748	1601	4	1
129.845	1602	3	1
129.942	1603	2	1
130.039	1604	1	1
130.039	1605	3	1
130.039	1606	4	1
130.232	1607	2	1
130.329	1608	1	1
130.426	1609	2	1
130.426	1610	4	1
130.522	1611	3	1
130.619	1612	1	1
130.619	1613	4	1
130.716	1614	3	1
130.813	1615	1	1
130.813	1616	2	1
130.910	1617	4	1
131.006	1618	3	1
131.103	1619	1	1
131.103	1620	2	1
131.200	1621	3	1
131.200	1622	4	1
131.297	1623	2	1
131.393	1624	1	1
131.393	1625	3	1
131.490	1626	2	1
131.587	1627	1	1
131.587	1628	3	1
131.587	1629	4	1
131.781	1630	2	1
131.877	1631	4	1
131.974	1632	1	1
131.974	1633	2	1
131.974	1634	3	1
132.071	1635	4	1
132.168	1636	1	1
132.264	1637	3	1
132.264	1638	4	1
132.313	1639	2	1
132.458	1640	3	1
132.555	1641	1	1
132.555	1642	4	1
132.652	1643	3	1
132.748	1644	2	1
132.748	1645	4	1
132.942	1646	2	1
133.135	1647	1	1
133.135	1648	3	1
133.135	1649	4	1
133.329	1650	2	1
133.329	1651	4	1
133.426	1652	3	1
133.522	1653	1	1
133.522	1654	4	1
133.619	1655	2	1
133.716	1656	3	1
133.716	1657	4	1
133.813	1658	2	1
133.910	1659	1	1
133.910	1660	3	1
133.910	1661	4	1
134.006	1662	2	1
134.103	1663	1	1
134.103	1664	3	1
134.200	1665	4	1
134.297	1666	1	1
134.297	1667	2	1
134.393	1668	3	1
134.490	1669	1	1
134.490	1670	4	1
134.587	1671	2	1
134.684	1672	1	1
134.684	1673	3	1
134.684	1674	4	1
134.781	1675	2	1
134.877	1676	3	1
134.877	1677	4	1
134.974	1678	1	1
135.071	1679	2	1
135.071	1680	3	1
135.071	1681	4	1
135.168	1682	1	1
135.264	1683	3	1
135.361	1684	1	1
135.361	1685	2	1
135.361	1686	4	1
135.458	1687	3	1
135.652	1688	2	1
135.652	1689	4	1
135.845	1690	3	1
135.893	1691	1	1
135.942	1692	4	1
135.990	1693	2	1
136.039	1694	3	1
136.087	1695	1	1
136.135	1696	4	1
136.184	1697	3	1
136.232	1698	1	1
136.232	1699	2	1
136.329	1700	1	1
136.329	1701	2	1
136.522	1702	3	1
136.522	1703	4	1
136.619	1704	3	1
136.619	1705	4	1
136.813	1706	1	1
136.813	1707	2	1
136.813	1708	3	1
136.910	1709	1	1
136.910	1710	2	1
136.910	1711	3	1
137.103	1712	2	1
137.103	1713	3	1
137.103	1714	4	1
137.200	1715	2	1
137.200	1716	3	1
137.200	1717	4	1
137.393	1718	1	1
137.393	1719	2	1
137.393	1720	3	1
137.393	1721	4	1
137.490	1722	1	1
137.490	1723	2	1
137.490	1724	3	1
137.490	1725	4	1
137.684	1726	1	1
137.684	1727	2	1
137.684	1728	3	1
137.684	1729	4	1