Song Name	Remember (Hard) by Juggernaut
Difficulty	27
Primary Color	Rush
Secondary Color	Flow
Last Note Time	134.191
Total Notes	1622
Fever Fill	478
Fever Time	20.128650
Long Notes	189
BPM	104
Song Length	139.046553288

Timing Points
0.201	576.9231


Song Data
0.201	1	1	1
0.201	2	4	1
0.345	3	2	1
0.490	4	3	1
0.634	5	1	1
0.634	6	2	1
0.778	7	3	1
0.778	8	4	1
0.922	9	1	1
1.066	10	3	1
1.066	11	4	1
1.211	12	2	1
1.355	13	1	1
1.355	14	3	1
1.499	15	2	1
1.643	16	1	1
1.643	17	4	1
1.788	18	3	1
1.932	19	2	1
1.932	20	4	1
2.076	21	1	1
2.076	22	3	1
2.220	23	2	1
2.365	24	1	1
2.509	25	3	1
2.509	26	4	1
2.797	27	2	1
2.869	28	1	1
2.941	29	3	1
2.941	30	4	1
3.086	31	1	1
3.086	32	2	1
3.374	33	3	1
3.374	34	4	1
3.663	35	1	1
3.663	36	2	1
3.807	37	3	1
3.951	38	1	1
3.951	39	4	1
4.095	40	2	1
4.240	41	3	1
4.240	42	4	1
4.384	43	1	1
4.384	44	2	1
4.528	45	3	1
4.672	46	4	1
4.816	47	1	1
4.816	48	2	1
5.105	49	3	1
5.249	50	2	1
5.249	51	4	1
5.393	52	1	1
5.393	53	3	1
5.682	54	2	1
5.682	55	4	1
5.970	56	1	1
5.970	57	3	1
6.259	58	2	1
6.259	59	4	1
6.403	60	3	1
6.547	61	1	1
6.547	62	4	1
6.691	63	2	1
6.691	64	3	1
6.836	65	1	1
6.980	66	2	1
7.124	67	1	1
7.124	68	3	1
7.124	69	4	1
7.413	70	2	1
7.557	71	1	1
7.557	72	3	1
7.557	73	4	1
7.845	74	2	1
7.990	75	1	1
7.990	76	2	1
7.990	77	3	1
8.278	78	4	1
8.350	79	3	1
8.422	80	2	1
8.566	81	1	1
8.639	82	4	1
8.711	83	2	1
8.855	84	3	1
8.855	85	4	1
9.143	86	1	1
9.143	87	2	1
9.288	88	3	1
9.432	89	1	1
9.432	90	4	1
9.576	91	3	1
9.720	92	1	1
9.720	93	2	1
9.865	94	3	1
9.865	95	4	1
10.153	96	1	1
10.153	97	4	1
10.297	98	2	1
10.297	99	3	1
10.441	100	1	1
10.441	101	4	1
10.730	102	1	1
10.730	103	2	1
10.874	104	3	1
10.874	105	4	1
11.018	106	2	1
11.090	107	2	1
11.163	108	3	1
11.235	109	3	1
11.307	110	1	1
11.307	111	4	1
11.451	112	2	1
11.451	113	3	1
11.595	114	1	1
11.595	115	4	1
11.740	116	1	1
11.740	117	2	1
11.740	118	4	1
12.028	119	3	1
12.028	120	4	1
12.172	121	1	1
12.172	122	2	1
12.461	123	2	1
12.461	124	3	1
12.605	125	1	1
12.605	126	4	1
12.749	127	2	1
12.749	128	3	1
12.893	129	4	1
12.965	130	4	1
13.038	131	1	1
13.038	132	2	1
13.182	133	2	1
13.182	134	3	1
13.326	135	1	1
13.326	136	4	1
13.470	137	3	1
13.542	138	3	1
13.615	139	1	1
13.615	140	2	1
13.759	141	3	1
13.831	142	4	1
13.903	143	1	1
13.975	144	2	1
14.047	145	1	1
14.047	146	3	1
14.047	147	4	1
14.191	148	2	1
14.336	149	3	1
14.480	150	4	1
14.768	151	1	1
14.913	152	3	1
14.913	153	4	1
15.057	154	2	1
15.201	155	3	1
15.345	156	4	1
15.490	157	1	1
15.490	158	2	1
15.634	159	2	1
15.778	160	1	1
15.778	161	3	1
15.922	162	3	1
16.066	163	1	1
16.066	164	4	1
16.211	165	4	1
16.355	166	1	2
16.355	167	2	1
16.355	168	3	1
16.643	169	1	3
16.788	170	1	1
16.788	171	3	2
16.788	172	4	1
17.076	173	3	3
17.220	174	2	2
17.220	175	3	1
17.220	176	4	1
17.653	177	1	1
17.797	178	3	1
17.941	179	1	1
17.941	180	2	3
18.086	181	2	2
18.086	182	4	1
18.230	183	3	1
18.374	184	4	1
18.518	185	3	1
18.663	186	1	1
18.663	187	4	1
18.663	188	2	3
18.735	189	3	1
18.771	190	2	1
18.807	191	1	1
18.951	192	2	1
19.095	193	3	1
19.240	194	2	1
19.240	195	4	1
19.384	196	1	1
19.528	197	2	1
19.528	198	4	1
19.672	199	1	1
19.672	200	3	1
19.816	201	4	1
19.961	202	3	1
20.105	203	2	1
20.105	204	4	1
20.249	205	1	1
20.393	206	3	1
20.393	207	4	1
20.538	208	1	1
20.682	209	2	1
20.826	210	3	1
20.970	211	1	1
20.970	212	4	1
21.042	213	2	1
21.078	214	3	1
21.115	215	4	1
21.259	216	3	1
21.403	217	2	1
21.547	218	1	1
21.547	219	3	1
21.691	220	2	1
21.836	221	3	1
21.836	222	4	1
21.980	223	1	1
22.124	224	2	1
22.124	225	4	1
22.268	226	3	1
22.413	227	1	1
22.413	228	2	1
22.557	229	4	1
22.701	230	1	1
22.701	231	3	1
22.845	232	2	1
22.990	233	3	1
22.990	234	4	1
23.134	235	2	1
23.278	236	1	1
23.278	237	4	1
23.350	238	3	1
23.386	239	2	1
23.422	240	1	1
23.566	241	2	1
23.711	242	3	1
23.711	243	4	1
23.855	244	1	1
23.855	245	2	1
23.999	246	3	1
23.999	247	4	1
24.143	248	1	1
24.288	249	2	1
24.288	250	4	1
24.432	251	3	1
24.576	252	1	1
24.576	253	2	1
24.720	254	3	1
24.720	255	4	1
24.865	256	1	1
24.865	257	3	1
25.009	258	2	1
25.009	259	4	1
25.153	260	1	1
25.153	261	2	1
25.297	262	4	1
25.441	263	2	1
25.441	264	3	1
25.586	265	1	1
25.586	266	4	1
25.658	267	2	1
25.694	268	3	1
25.730	269	4	1
26.235	270	1	1
26.307	271	2	1
26.379	272	3	2
26.740	273	1	1
26.740	274	3	3
26.812	275	2	1
26.848	276	4	1
26.884	277	3	1
27.028	278	1	1
27.028	279	4	1
27.172	280	2	1
27.172	281	3	1
27.316	282	1	1
27.316	283	4	1
27.461	284	3	1
27.605	285	1	1
27.605	286	2	1
27.605	287	4	1
27.749	288	1	1
27.749	289	2	1
27.893	290	1	1
27.893	291	3	1
27.893	292	4	1
28.038	293	2	1
28.182	294	3	1
28.326	295	2	2
28.326	296	4	1
28.470	297	1	1
28.470	298	3	1
28.470	299	4	1
28.615	300	3	2
28.615	301	2	3
28.759	302	1	1
28.759	303	4	1
28.831	304	2	1
28.903	305	1	2
28.903	306	4	1
28.903	307	3	3
29.047	308	2	1
29.047	309	3	1
29.191	310	4	1
29.191	311	1	3
29.336	312	1	1
29.336	313	4	2
29.480	314	4	3
29.624	315	1	1
29.624	316	2	1
29.624	317	3	2
29.768	318	1	1
29.768	319	4	1
29.768	320	3	3
29.913	321	2	2
30.057	322	3	1
30.057	323	2	3
30.201	324	1	2
30.201	325	2	1
30.201	326	4	1
30.345	327	1	3
30.490	328	3	1
30.562	329	2	1
30.634	330	1	1
30.634	331	4	1
30.778	332	1	1
30.778	333	2	1
30.778	334	4	1
31.066	335	3	1
31.066	336	4	1
31.355	337	1	1
31.355	338	2	1
31.643	339	3	1
31.643	340	4	1
31.788	341	1	1
31.788	342	2	1
31.932	343	2	1
31.932	344	3	1
31.932	345	4	1
32.076	346	3	1
32.076	347	4	1
32.220	348	1	1
32.220	349	2	1
32.509	350	1	1
32.509	351	3	1
32.509	352	4	1
32.797	353	2	1
32.941	354	1	1
32.941	355	3	1
32.941	356	4	1
33.086	357	1	1
33.086	358	2	1
33.086	359	4	1
33.374	360	2	1
33.374	361	3	1
33.374	362	4	1
33.663	363	1	1
33.663	364	2	1
33.807	365	3	1
33.951	366	1	1
33.951	367	2	1
33.987	368	4	1
34.095	369	3	1
34.240	370	1	1
34.240	371	2	1
34.240	372	4	1
34.384	373	1	1
34.384	374	3	1
34.528	375	2	1
34.672	376	1	1
34.816	377	3	1
34.816	378	4	1
34.961	379	2	1
35.105	380	1	1
35.105	381	4	1
35.249	382	2	1
35.249	383	3	1
35.393	384	1	1
35.393	385	3	1
35.393	386	4	1
35.538	387	2	1
35.574	388	1	1
35.682	389	3	1
35.682	390	4	1
35.826	391	1	1
35.826	392	2	1
35.970	393	3	1
36.115	394	2	1
36.115	395	4	1
36.259	396	1	1
36.259	397	3	1
36.403	398	1	1
36.403	399	2	1
36.403	400	4	1
36.547	401	3	1
36.619	402	3	1
36.691	403	2	1
36.764	404	2	1
36.836	405	1	1
36.836	406	4	1
36.980	407	2	1
36.980	408	3	1
37.124	409	1	1
37.124	410	3	1
37.124	411	4	1
37.268	412	2	1
37.413	413	4	1
37.557	414	1	1
37.557	415	3	2
37.701	416	1	1
37.701	417	2	1
37.701	418	4	1
37.845	419	2	2
37.845	420	3	3
37.990	421	1	1
37.990	422	4	1
38.062	423	3	1
38.134	424	1	2
38.134	425	4	1
38.134	426	2	3
38.278	427	2	1
38.278	428	3	1
38.422	429	4	1
38.422	430	1	3
38.566	431	1	1
38.566	432	4	2
38.711	433	4	3
38.855	434	1	1
38.855	435	2	1
38.855	436	3	2
38.999	437	1	1
38.999	438	4	1
38.999	439	3	3
39.143	440	2	2
39.288	441	3	1
39.288	442	2	3
39.432	443	1	2
39.432	444	2	1
39.432	445	4	1
39.576	446	1	3
39.720	447	3	1
39.792	448	4	1
39.865	449	1	1
39.865	450	2	1
40.009	451	1	1
40.009	452	3	1
40.009	453	4	1
40.297	454	1	1
40.297	455	2	1
40.586	456	3	1
40.586	457	4	1
40.874	458	1	1
40.874	459	2	1
41.018	460	3	1
41.018	461	4	1
41.163	462	1	1
41.163	463	2	1
41.163	464	4	1
41.307	465	1	1
41.307	466	2	1
41.451	467	1	1
41.451	468	3	1
41.451	469	4	1
41.740	470	1	1
41.740	471	3	1
41.740	472	4	1
42.028	473	3	1
42.172	474	1	1
42.172	475	2	1
42.172	476	4	1
42.316	477	1	1
42.316	478	3	1
42.316	479	4	1
42.605	480	1	1
42.605	481	2	1
42.605	482	3	1
42.893	483	2	1
42.893	484	4	1
43.038	485	3	1
43.182	486	1	1
43.182	487	2	1
43.218	488	3	1
43.326	489	4	1
43.470	490	1	1
43.470	491	2	1
43.470	492	3	1
43.615	493	2	1
43.615	494	4	1
43.759	495	3	1
43.903	496	4	1
44.047	497	1	1
44.047	498	3	1
44.191	499	2	1
44.336	500	1	1
44.336	501	4	1
44.480	502	2	1
44.480	503	3	1
44.624	504	1	1
44.624	505	2	1
44.624	506	4	1
44.768	507	3	1
44.804	508	4	1
44.913	509	1	1
44.913	510	2	1
45.057	511	3	1
45.057	512	4	1
45.201	513	1	1
45.345	514	2	1
45.345	515	4	1
45.490	516	1	1
45.490	517	3	1
45.634	518	1	1
45.634	519	2	1
45.634	520	4	1
45.778	521	3	1
45.850	522	3	1
45.922	523	2	1
45.994	524	2	1
46.066	525	1	1
46.066	526	4	1
46.211	527	2	1
46.211	528	3	1
46.355	529	1	1
46.355	530	4	1
46.427	531	2	1
46.499	532	3	1
46.571	533	4	1
46.643	534	3	1
46.715	535	2	1
46.788	536	1	1
46.860	537	2	1
46.932	538	3	2
47.797	539	1	2
47.797	540	3	3
48.086	541	4	2
48.086	542	1	3
48.230	543	3	2
48.230	544	4	3
48.663	545	1	1
48.663	546	3	3
48.735	547	2	1
48.807	548	3	1
48.879	549	2	1
48.951	550	1	1
49.023	551	4	1
49.095	552	3	1
49.167	553	2	1
49.240	554	1	2
49.528	555	4	2
49.528	556	1	3
49.816	557	1	1
49.816	558	3	2
50.393	559	1	2
50.393	560	3	3
50.393	561	4	3
50.970	562	2	1
50.970	563	4	2
50.970	564	1	3
51.259	565	1	2
51.259	566	4	3
51.547	567	3	1
51.547	568	1	3
51.619	569	2	1
51.764	570	3	1
51.836	571	4	1
51.908	572	1	1
52.052	573	3	1
52.124	574	2	2
52.413	575	4	2
52.413	576	2	3
52.701	577	1	1
52.701	578	4	3
52.773	579	2	1
52.845	580	3	1
52.917	581	4	1
52.990	582	2	1
53.062	583	3	1
53.134	584	4	1
53.206	585	2	1
53.278	586	3	2
53.278	587	4	1
53.711	588	2	2
53.711	589	3	3
53.855	590	1	1
53.855	591	2	3
53.927	592	4	1
53.999	593	1	1
54.071	594	4	1
54.143	595	2	2
54.432	596	1	2
54.432	597	3	1
54.720	598	4	2
54.720	599	1	3
54.720	600	2	3
55.009	601	3	2
55.009	602	4	3
55.153	603	1	1
55.297	604	2	2
55.297	605	3	3
55.441	606	4	1
55.586	607	1	1
55.586	608	3	1
55.586	609	2	3
55.658	610	4	1
55.730	611	3	1
55.802	612	2	1
55.874	613	1	1
55.946	614	2	1
56.018	615	3	1
56.090	616	2	1
56.163	617	1	2
56.307	618	2	2
56.307	619	1	3
56.379	620	2	3
56.451	621	3	2
56.523	622	3	3
56.595	623	1	1
56.631	624	4	2
56.884	625	1	2
56.884	626	4	3
57.028	627	2	2
57.028	628	1	3
57.100	629	2	3
57.172	630	3	1
57.244	631	3	1
57.316	632	2	1
57.389	633	2	1
57.461	634	1	2
57.605	635	4	2
57.605	636	1	3
57.677	637	4	3
57.749	638	3	2
57.893	639	1	1
57.893	640	4	1
57.893	641	3	3
57.965	642	2	1
58.038	643	3	1
58.110	644	2	1
58.182	645	3	1
58.254	646	4	1
58.326	647	2	2
58.470	648	1	2
58.470	649	2	3
58.759	650	4	2
58.759	651	1	3
58.903	652	3	1
59.047	653	2	1
59.047	654	4	3
59.119	655	2	1
59.191	656	3	1
59.336	657	4	2
59.480	658	2	1
59.624	659	1	1
59.624	660	4	3
59.696	661	1	1
59.768	662	3	1
59.913	663	2	2
60.057	664	1	1
60.201	665	3	2
60.201	666	4	1
60.201	667	2	3
60.345	668	1	2
60.345	669	3	3
60.490	670	3	2
60.490	671	1	3
60.634	672	2	2
60.634	673	3	3
60.922	674	3	1
61.066	675	1	2
61.066	676	2	3
61.211	677	3	1
61.355	678	4	1
61.355	679	1	3
61.427	680	3	1
61.499	681	2	1
61.571	682	1	1
61.643	683	3	1
61.715	684	1	1
61.788	685	4	1
61.860	686	4	1
61.932	687	2	1
62.004	688	2	1
62.076	689	3	1
62.220	690	1	1
62.365	691	2	1
62.509	692	3	1
62.509	693	4	1
62.653	694	1	2
62.797	695	2	2
62.797	696	1	3
62.941	697	3	2
62.941	698	2	3
63.086	699	1	2
63.086	700	3	3
63.230	701	3	2
63.230	702	1	3
63.518	703	2	2
63.518	704	3	3
63.663	705	1	1
63.663	706	2	3
63.735	707	1	1
63.807	708	4	2
63.951	709	2	1
64.095	710	1	1
64.095	711	3	2
64.095	712	4	3
64.240	713	4	1
64.240	714	3	3
64.312	715	4	1
64.384	716	1	2
64.528	717	2	1
64.528	718	3	1
64.528	719	4	1
64.672	720	2	1
64.672	721	1	3
64.816	722	1	1
64.816	723	3	1
64.816	724	4	1
64.889	725	2	1
64.961	726	3	1
65.033	727	4	1
65.105	728	3	1
65.177	729	2	1
65.249	730	1	1
65.249	731	4	1
65.321	732	2	1
65.393	733	1	1
65.393	734	3	2
65.393	735	4	1
65.682	736	1	1
65.682	737	2	1
65.970	738	1	1
65.970	739	4	1
66.259	740	1	2
66.259	741	2	1
66.259	742	3	3
66.547	743	2	1
66.547	744	3	1
66.547	745	4	2
66.547	746	1	3
66.691	747	1	1
66.691	748	3	2
66.691	749	4	3
66.980	750	3	3
67.124	751	1	1
67.124	752	3	1
67.124	753	4	1
67.196	754	2	1
67.268	755	3	1
67.340	756	2	1
67.413	757	1	1
67.485	758	4	1
67.557	759	1	1
67.557	760	3	1
67.629	761	2	1
67.701	762	1	2
67.701	763	3	1
67.701	764	4	1
67.990	765	3	1
67.990	766	4	2
67.990	767	1	3
68.278	768	1	1
68.278	769	3	2
68.566	770	1	1
68.566	771	2	1
68.711	772	3	3
68.711	773	4	3
68.855	774	1	2
68.855	775	3	1
68.855	776	4	1
68.999	777	2	1
68.999	778	4	1
69.143	779	3	1
69.432	780	2	1
69.432	781	3	1
69.432	782	4	2
69.432	783	1	3
69.720	784	1	2
69.720	785	4	3
69.865	786	2	1
69.865	787	4	1
69.865	788	1	3
70.009	789	1	1
70.009	790	3	1
70.009	791	4	1
70.081	792	2	1
70.225	793	3	1
70.297	794	2	1
70.297	795	4	1
70.369	796	1	1
70.514	797	3	1
70.586	798	1	1
70.586	799	2	2
70.874	800	3	1
70.874	801	4	2
70.874	802	2	3
71.018	803	4	3
71.163	804	1	1
71.163	805	3	1
71.163	806	4	1
71.235	807	2	1
71.307	808	1	1
71.307	809	3	1
71.379	810	4	1
71.451	811	2	1
71.523	812	3	1
71.595	813	4	1
71.667	814	2	1
71.740	815	1	1
71.740	816	3	2
71.740	817	4	1
72.172	818	2	1
72.172	819	4	1
72.172	820	3	3
72.316	821	1	1
72.316	822	2	1
72.316	823	3	1
72.389	824	4	1
72.461	825	1	1
72.533	826	4	1
72.605	827	2	2
72.605	828	3	1
72.893	829	1	2
72.893	830	4	1
73.182	831	4	2
73.182	832	1	3
73.182	833	2	3
73.470	834	1	1
73.470	835	2	1
73.470	836	3	2
73.470	837	4	3
73.759	838	2	2
73.759	839	3	3
73.903	840	2	3
74.047	841	1	1
74.047	842	2	1
74.047	843	3	1
74.119	844	4	1
74.191	845	3	1
74.264	846	2	1
74.336	847	1	1
74.408	848	2	1
74.480	849	3	1
74.480	850	4	1
74.552	851	2	1
74.624	852	1	2
74.624	853	3	1
74.624	854	4	1
74.768	855	2	2
74.768	856	1	3
74.840	857	2	3
74.913	858	3	2
74.913	859	4	1
74.985	860	3	3
75.057	861	1	1
75.093	862	4	2
75.201	863	2	1
75.201	864	3	1
75.345	865	1	2
75.345	866	4	3
75.490	867	2	2
75.490	868	4	1
75.490	869	1	3
75.562	870	2	3
75.634	871	3	2
75.706	872	3	3
75.778	873	1	1
75.778	874	2	1
75.778	875	4	2
75.922	876	1	2
75.922	877	3	1
75.922	878	4	3
76.066	879	2	2
76.066	880	1	3
76.139	881	2	3
76.211	882	3	2
76.355	883	1	1
76.355	884	4	1
76.355	885	3	3
76.427	886	2	1
76.499	887	3	1
76.571	888	2	1
76.643	889	3	1
76.715	890	4	1
76.788	891	1	1
76.788	892	2	2
76.932	893	1	1
76.932	894	3	1
76.932	895	4	1
77.220	896	1	1
77.220	897	4	2
77.220	898	2	3
77.509	899	1	1
77.509	900	3	1
77.509	901	4	3
77.581	902	2	1
77.653	903	3	1
77.725	904	2	1
77.797	905	1	1
77.797	906	4	2
78.086	907	1	1
78.086	908	2	1
78.086	909	3	2
78.086	910	4	3
78.230	911	1	1
78.230	912	4	1
78.374	913	2	2
78.374	914	4	1
78.374	915	3	3
78.663	916	3	2
78.663	917	4	1
78.663	918	2	3
78.807	919	1	2
78.807	920	3	3
78.951	921	3	2
78.951	922	1	3
79.095	923	1	1
79.095	924	2	2
79.095	925	3	3
79.240	926	1	1
79.240	927	3	1
79.240	928	4	1
79.528	929	1	2
79.528	930	3	1
79.528	931	2	3
79.816	932	2	1
79.816	933	4	1
79.816	934	1	3
79.889	935	3	1
79.961	936	2	1
80.033	937	1	1
80.105	938	3	1
80.105	939	4	1
80.177	940	1	1
80.249	941	2	1
80.321	942	3	1
80.393	943	1	1
80.393	944	2	1
80.393	945	4	1
80.538	946	1	2
80.538	947	3	1
80.970	948	2	1
80.970	949	3	2
80.970	950	4	1
80.970	951	1	3
81.115	952	1	2
81.115	953	3	3
81.187	954	1	3
81.259	955	2	2
81.331	956	2	3
81.403	957	1	1
81.403	958	4	1
81.439	959	3	2
81.547	960	1	1
81.547	961	2	1
81.547	962	4	1
81.547	963	3	3
81.691	964	3	2
81.836	965	1	1
81.836	966	4	1
81.980	967	2	2
81.980	968	3	3
82.124	969	1	1
82.124	970	3	1
82.268	971	4	2
82.268	972	2	3
82.413	973	1	1
82.557	974	2	1
82.557	975	3	2
82.557	976	4	3
82.701	977	1	1
82.701	978	4	1
82.845	979	1	2
82.845	980	3	3
82.990	981	2	1
83.134	982	3	1
83.134	983	1	3
83.278	984	1	1
83.278	985	2	1
83.278	986	4	1
83.566	987	3	1
83.639	988	3	1
83.711	989	1	1
83.711	990	2	1
83.855	991	3	1
83.855	992	4	1
83.999	993	1	1
83.999	994	4	1
84.143	995	2	1
84.288	996	3	1
84.432	997	2	1
84.504	998	2	1
84.576	999	3	1
84.576	1000	4	1
84.720	1001	1	1
84.720	1002	2	1
84.865	1003	1	1
84.865	1004	3	1
85.009	1005	4	1
85.081	1006	4	1
85.153	1007	1	1
85.297	1008	2	1
85.297	1009	4	1
85.441	1010	3	1
85.586	1011	1	1
85.586	1012	4	1
85.622	1013	2	1
86.740	1014	4	1
86.776	1015	3	1
86.812	1016	1	1
87.893	1017	1	1
87.893	1018	4	1
87.965	1019	3	1
88.002	1020	2	1
88.038	1021	1	1
88.615	1022	1	1
88.759	1023	2	1
88.903	1024	3	1
89.047	1025	4	1
89.191	1026	3	1
89.336	1027	2	1
89.480	1028	1	1
89.624	1029	4	1
89.768	1030	1	1
89.913	1031	2	1
90.057	1032	3	1
90.201	1033	1	1
90.201	1034	4	1
90.273	1035	2	1
90.309	1036	3	1
90.345	1037	4	1
90.778	1038	1	1
90.922	1039	2	1
91.066	1040	3	1
91.066	1041	4	1
91.211	1042	1	1
91.355	1043	2	1
91.355	1044	4	1
91.499	1045	3	1
91.643	1046	1	1
91.643	1047	2	1
91.788	1048	4	1
91.932	1049	1	1
91.932	1050	3	1
92.076	1051	2	1
92.220	1052	3	1
92.220	1053	4	1
92.365	1054	2	1
92.509	1055	1	1
92.509	1056	4	1
92.581	1057	3	1
92.617	1058	2	1
92.653	1059	1	1
92.797	1060	2	1
92.941	1061	3	1
92.941	1062	4	1
93.230	1063	2	1
93.230	1064	4	1
93.518	1065	1	1
93.518	1066	4	1
93.807	1067	1	1
93.807	1068	2	1
94.095	1069	1	1
94.095	1070	3	1
94.384	1071	2	1
94.384	1072	3	1
94.672	1073	2	1
94.672	1074	3	1
94.816	1075	1	1
94.816	1076	4	1
94.889	1077	2	1
94.925	1078	3	1
94.961	1079	4	1
95.465	1080	1	1
95.538	1081	2	1
95.610	1082	3	2
95.970	1083	1	1
95.970	1084	3	3
96.042	1085	2	1
96.078	1086	4	1
96.115	1087	3	1
96.259	1088	1	1
96.259	1089	4	1
96.547	1090	2	1
96.547	1091	4	1
96.836	1092	1	1
96.836	1093	3	1
96.836	1094	4	1
97.124	1095	1	1
97.124	1096	3	1
97.124	1097	4	1
97.268	1098	2	1
97.413	1099	3	1
97.557	1100	2	2
97.557	1101	4	1
97.701	1102	1	1
97.701	1103	3	1
97.701	1104	4	1
97.845	1105	3	2
97.845	1106	2	3
97.990	1107	1	1
97.990	1108	4	1
98.062	1109	2	1
98.134	1110	1	2
98.134	1111	4	1
98.134	1112	3	3
98.278	1113	2	1
98.278	1114	3	1
98.422	1115	4	1
98.422	1116	1	3
98.566	1117	1	1
98.566	1118	4	2
98.711	1119	4	3
98.855	1120	1	1
98.855	1121	2	1
98.855	1122	3	2
98.999	1123	1	1
98.999	1124	4	1
98.999	1125	3	3
99.143	1126	2	2
99.288	1127	3	1
99.288	1128	2	3
99.432	1129	1	2
99.432	1130	2	1
99.432	1131	4	1
99.576	1132	1	3
99.720	1133	3	1
99.792	1134	2	1
99.865	1135	1	1
99.865	1136	4	1
100.009	1137	1	1
100.009	1138	2	1
100.009	1139	4	1
100.297	1140	3	1
100.297	1141	4	1
100.586	1142	1	1
100.586	1143	2	1
100.874	1144	3	1
100.874	1145	4	1
101.018	1146	1	1
101.018	1147	2	1
101.163	1148	2	1
101.163	1149	3	1
101.163	1150	4	1
101.307	1151	3	1
101.307	1152	4	1
101.451	1153	1	1
101.451	1154	2	1
101.740	1155	1	1
101.740	1156	3	1
101.740	1157	4	1
102.028	1158	2	1
102.172	1159	1	1
102.172	1160	3	1
102.172	1161	4	1
102.316	1162	1	1
102.316	1163	2	1
102.316	1164	3	1
102.605	1165	2	1
102.605	1166	3	1
102.605	1167	4	1
102.893	1168	1	1
102.893	1169	2	1
103.038	1170	3	1
103.182	1171	1	1
103.182	1172	2	1
103.218	1173	4	1
103.326	1174	3	1
103.470	1175	1	1
103.470	1176	2	1
103.470	1177	4	1
103.615	1178	1	1
103.615	1179	3	1
103.759	1180	2	1
103.903	1181	1	1
104.047	1182	3	1
104.047	1183	4	1
104.191	1184	2	1
104.336	1185	1	1
104.336	1186	4	1
104.480	1187	2	1
104.480	1188	3	1
104.624	1189	1	1
104.624	1190	3	1
104.624	1191	4	1
104.768	1192	2	1
104.804	1193	1	1
104.913	1194	3	1
104.913	1195	4	1
105.057	1196	1	1
105.057	1197	2	1
105.201	1198	3	1
105.345	1199	2	1
105.345	1200	4	1
105.490	1201	1	1
105.490	1202	3	1
105.634	1203	1	1
105.634	1204	2	1
105.634	1205	4	1
105.778	1206	3	1
105.850	1207	3	1
105.922	1208	2	1
105.994	1209	2	1
106.066	1210	1	1
106.066	1211	4	1
106.211	1212	2	1
106.211	1213	3	1
106.355	1214	1	1
106.355	1215	3	1
106.355	1216	4	1
106.499	1217	2	1
106.643	1218	4	1
106.788	1219	1	1
106.788	1220	3	2
106.932	1221	1	1
106.932	1222	2	1
106.932	1223	4	1
107.076	1224	2	2
107.076	1225	3	3
107.220	1226	1	1
107.220	1227	4	1
107.292	1228	3	1
107.365	1229	1	2
107.365	1230	4	1
107.365	1231	2	3
107.509	1232	2	1
107.509	1233	3	1
107.653	1234	4	1
107.653	1235	1	3
107.797	1236	1	1
107.797	1237	4	2
107.941	1238	4	3
108.086	1239	1	1
108.086	1240	2	1
108.086	1241	3	2
108.230	1242	1	1
108.230	1243	4	1
108.230	1244	3	3
108.374	1245	2	2
108.518	1246	3	1
108.518	1247	2	3
108.663	1248	1	2
108.663	1249	2	1
108.663	1250	4	1
108.807	1251	1	3
108.951	1252	3	1
109.023	1253	4	1
109.095	1254	1	1
109.095	1255	2	1
109.240	1256	1	1
109.240	1257	3	1
109.240	1258	4	1
109.528	1259	1	1
109.528	1260	2	1
109.816	1261	3	1
109.816	1262	4	1
110.105	1263	1	1
110.105	1264	2	1
110.249	1265	3	1
110.249	1266	4	1
110.393	1267	1	1
110.393	1268	2	1
110.393	1269	4	1
110.538	1270	1	1
110.538	1271	2	1
110.682	1272	1	1
110.682	1273	3	1
110.682	1274	4	1
110.970	1275	1	1
110.970	1276	3	1
110.970	1277	4	1
111.259	1278	3	1
111.403	1279	1	1
111.403	1280	2	1
111.403	1281	4	1
111.547	1282	1	1
111.547	1283	3	1
111.547	1284	4	1
111.836	1285	1	1
111.836	1286	2	1
111.836	1287	3	1
112.124	1288	2	1
112.124	1289	4	1
112.268	1290	3	1
112.413	1291	1	1
112.413	1292	2	1
112.449	1293	3	1
112.557	1294	4	1
112.701	1295	1	1
112.701	1296	2	1
112.701	1297	3	1
112.845	1298	2	1
112.845	1299	4	1
112.990	1300	3	1
113.134	1301	4	1
113.278	1302	1	1
113.278	1303	3	1
113.422	1304	2	1
113.566	1305	1	1
113.566	1306	4	1
113.711	1307	2	1
113.711	1308	3	1
113.855	1309	1	1
113.855	1310	2	1
113.855	1311	4	1
113.999	1312	3	1
114.035	1313	4	1
114.143	1314	1	1
114.143	1315	2	1
114.288	1316	3	1
114.288	1317	4	1
114.432	1318	1	1
114.576	1319	2	1
114.576	1320	4	1
114.720	1321	1	1
114.720	1322	3	1
114.865	1323	1	1
114.865	1324	2	1
114.865	1325	4	1
115.009	1326	3	1
115.081	1327	3	1
115.153	1328	2	1
115.225	1329	2	1
115.297	1330	1	1
115.297	1331	4	1
115.441	1332	2	1
115.441	1333	3	1
115.586	1334	1	1
115.586	1335	3	2
115.586	1336	4	2
115.730	1337	2	1
115.730	1338	3	3
115.730	1339	4	3
115.874	1340	1	1
116.018	1341	2	2
116.018	1342	4	1
116.163	1343	1	1
116.163	1344	3	1
116.163	1345	4	1
116.307	1346	3	2
116.307	1347	2	3
116.451	1348	1	1
116.451	1349	4	1
116.523	1350	2	1
116.595	1351	1	1
116.595	1352	4	2
116.595	1353	3	3
116.740	1354	2	1
116.740	1355	3	1
116.884	1356	1	1
116.884	1357	4	3
117.028	1358	1	1
117.028	1359	4	2
117.172	1360	4	3
117.316	1361	1	1
117.316	1362	2	1
117.316	1363	3	2
117.461	1364	1	1
117.461	1365	4	1
117.461	1366	3	3
117.605	1367	2	2
117.749	1368	3	1
117.749	1369	2	3
117.893	1370	1	2
117.893	1371	2	1
117.893	1372	4	2
118.038	1373	1	3
118.038	1374	4	3
118.182	1375	2	1
118.254	1376	3	1
118.326	1377	1	1
118.326	1378	4	1
118.470	1379	1	1
118.470	1380	3	1
118.470	1381	4	1
118.759	1382	3	1
118.759	1383	4	1
119.047	1384	1	2
119.047	1385	2	2
119.191	1386	1	3
119.191	1387	2	3
119.336	1388	3	1
119.336	1389	4	1
119.480	1390	1	1
119.480	1391	2	1
119.624	1392	2	2
119.624	1393	3	2
119.624	1394	4	1
119.768	1395	1	1
119.768	1396	4	1
119.768	1397	2	3
119.768	1398	3	3
119.913	1399	1	1
119.913	1400	2	1
120.201	1401	2	2
120.201	1402	3	1
120.201	1403	4	2
120.345	1404	2	3
120.345	1405	4	3
120.490	1406	2	1
120.634	1407	1	1
120.634	1408	3	1
120.634	1409	4	1
120.778	1410	1	1
120.778	1411	2	1
120.778	1412	3	1
121.066	1413	2	1
121.066	1414	3	2
121.066	1415	4	2
121.211	1416	3	3
121.211	1417	4	3
121.355	1418	1	1
121.355	1419	2	1
121.499	1420	3	1
121.643	1421	1	1
121.643	1422	2	1
121.679	1423	4	1
121.788	1424	3	1
121.932	1425	1	1
121.932	1426	2	1
121.932	1427	4	1
122.076	1428	1	1
122.076	1429	3	1
122.220	1430	2	2
122.292	1431	2	3
122.365	1432	1	2
122.437	1433	1	3
122.509	1434	2	2
122.509	1435	4	1
122.653	1436	3	1
122.797	1437	1	1
122.797	1438	4	1
122.797	1439	2	3
122.941	1440	2	1
122.941	1441	3	2
123.014	1442	3	3
123.086	1443	1	1
123.086	1444	2	1
123.086	1445	4	1
123.230	1446	3	2
123.266	1447	1	1
123.302	1448	3	3
123.374	1449	2	1
123.374	1450	4	1
123.518	1451	1	1
123.518	1452	3	2
123.590	1453	3	3
123.663	1454	2	1
123.807	1455	3	1
123.807	1456	4	2
123.879	1457	4	3
123.951	1458	1	1
123.951	1459	2	1
124.095	1460	1	2
124.095	1461	3	1
124.095	1462	4	1
124.167	1463	1	3
124.240	1464	2	1
124.312	1465	2	1
124.384	1466	3	1
124.456	1467	3	1
124.528	1468	1	1
124.528	1469	4	2
124.600	1470	4	3
124.672	1471	2	2
124.672	1472	3	1
124.744	1473	2	3
124.816	1474	1	2
124.816	1475	3	1
124.816	1476	4	2
124.961	1477	2	1
124.961	1478	1	3
124.961	1479	4	3
125.105	1480	1	1
125.249	1481	3	2
125.249	1482	4	1
125.393	1483	1	1
125.393	1484	2	1
125.393	1485	4	1
125.538	1486	2	2
125.538	1487	3	3
125.682	1488	1	1
125.682	1489	4	1
125.754	1490	3	1
125.826	1491	1	1
125.826	1492	4	2
125.826	1493	2	3
125.970	1494	2	1
125.970	1495	3	1
126.115	1496	1	1
126.115	1497	4	3
126.259	1498	1	1
126.259	1499	4	2
126.403	1500	4	3
126.547	1501	1	1
126.547	1502	2	1
126.547	1503	3	2
126.691	1504	1	1
126.691	1505	4	1
126.691	1506	3	3
126.836	1507	2	2
126.980	1508	3	1
126.980	1509	2	3
127.124	1510	1	2
127.124	1511	2	2
127.124	1512	4	1
127.268	1513	1	3
127.268	1514	2	3
127.413	1515	3	1
127.485	1516	4	1
127.557	1517	1	1
127.557	1518	2	1
127.701	1519	1	1
127.701	1520	3	1
127.701	1521	4	1
127.990	1522	1	1
127.990	1523	2	1
128.278	1524	3	2
128.278	1525	4	2
128.422	1526	3	3
128.422	1527	4	3
128.566	1528	1	1
128.566	1529	2	1
128.711	1530	3	1
128.711	1531	4	1
128.855	1532	1	2
128.855	1533	2	1
128.855	1534	4	2
128.999	1535	2	1
128.999	1536	3	1
128.999	1537	1	3
128.999	1538	4	3
129.143	1539	1	1
129.143	1540	3	1
129.143	1541	4	1
129.432	1542	1	2
129.432	1543	3	2
129.432	1544	4	1
129.576	1545	1	3
129.576	1546	3	3
129.720	1547	3	1
129.865	1548	1	1
129.865	1549	2	1
129.865	1550	4	1
130.009	1551	1	1
130.009	1552	3	1
130.009	1553	4	1
130.297	1554	1	2
130.297	1555	2	2
130.297	1556	3	1
130.441	1557	1	3
130.441	1558	2	3
130.586	1559	2	1
130.586	1560	4	1
130.730	1561	3	1
130.874	1562	1	1
130.874	1563	2	1
130.910	1564	3	1
131.018	1565	4	1
131.163	1566	1	1
131.163	1567	2	1
131.163	1568	3	1
131.307	1569	2	1
131.307	1570	4	2
131.379	1571	4	3
131.451	1572	3	2
131.523	1573	3	3
131.595	1574	4	2
131.667	1575	4	3
131.740	1576	1	1
131.740	1577	2	2
131.812	1578	2	3
131.884	1579	3	2
131.956	1580	3	3
132.028	1581	1	2
132.028	1582	4	1
132.100	1583	1	3
132.172	1584	2	2
132.172	1585	3	1
132.244	1586	2	3
132.316	1587	1	1
132.316	1588	3	1
132.316	1589	4	1
132.461	1590	2	2
132.497	1591	4	1
132.533	1592	2	3
132.605	1593	1	1
132.605	1594	3	1
132.749	1595	2	1
132.749	1596	4	2
132.821	1597	4	3
132.893	1598	1	1
133.038	1599	2	2
133.038	1600	4	1
133.110	1601	2	3
133.182	1602	1	1
133.182	1603	3	1
133.326	1604	1	2
133.326	1605	2	1
133.326	1606	4	1
133.398	1607	1	3
133.470	1608	3	1
133.542	1609	3	1
133.615	1610	2	1
133.687	1611	2	1
133.759	1612	1	1
133.759	1613	4	2
133.831	1614	4	3
133.903	1615	2	1
133.903	1616	3	2
133.975	1617	3	3
134.047	1618	1	1
134.047	1619	4	1
134.119	1620	2	1
134.155	1621	3	1
134.191	1622	4	1