Song Name	Retaliation (Hard) by Juggernaut
Difficulty	31
Primary Color	Beat
Secondary Color	Vibe
Last Note Time	165.065
Total Notes	2868
Fever Fill	715
Fever Time	24.759750
Long Notes	721
BPM	200
Song Length	165.683038549

Timing Points
0.665	300.0000


Song Data
0.665	1	1	2
0.665	2	2	2
0.665	3	4	2
0.965	4	1	3
0.965	5	2	3
0.965	6	4	3
3.065	7	2	2
3.065	8	3	2
3.065	9	4	2
3.140	10	2	3
3.140	11	3	3
3.140	12	4	3
3.215	13	2	2
3.215	14	3	2
3.215	15	4	2
3.365	16	2	3
3.365	17	3	3
3.365	18	4	3
4.265	19	1	2
4.265	20	2	2
4.265	21	3	2
4.565	22	1	3
4.565	23	2	3
4.565	24	3	3
4.715	25	1	2
4.715	26	2	2
4.715	27	3	2
5.015	28	1	3
5.015	29	2	3
5.015	30	3	3
5.165	31	1	2
5.165	32	2	2
5.165	33	3	2
5.315	34	1	3
5.315	35	2	3
5.465	36	1	2
5.465	37	2	2
5.465	38	4	2
5.465	39	3	3
5.540	40	1	3
5.540	41	2	3
5.540	42	4	3
5.615	43	1	2
5.615	44	2	2
5.615	45	4	2
5.765	46	3	1
5.765	47	1	3
5.765	48	2	3
5.765	49	4	3
6.065	50	3	1
6.365	51	3	1
6.665	52	1	1
6.965	53	1	1
7.265	54	1	1
7.565	55	1	1
7.865	56	2	2
7.865	57	3	2
7.865	58	4	2
7.940	59	2	3
7.940	60	3	3
7.940	61	4	3
8.015	62	2	2
8.015	63	3	2
8.015	64	4	2
8.165	65	1	1
8.165	66	2	3
8.165	67	3	3
8.165	68	4	3
8.465	69	4	1
8.765	70	4	1
9.065	71	1	2
9.065	72	2	2
9.065	73	3	2
9.215	74	4	1
9.215	75	1	3
9.215	76	2	3
9.215	77	3	3
9.290	78	1	1
9.365	79	3	1
9.365	80	4	1
9.515	81	1	2
9.515	82	2	2
9.515	83	3	2
9.665	84	4	1
9.665	85	1	3
9.665	86	2	3
9.665	87	3	3
9.740	88	1	1
9.815	89	3	1
9.815	90	4	1
9.965	91	1	2
9.965	92	2	2
9.965	93	3	2
10.115	94	4	1
10.115	95	1	3
10.115	96	2	3
10.115	97	3	3
10.190	98	1	1
10.265	99	2	2
10.265	100	3	1
10.265	101	4	1
10.565	102	1	1
10.565	103	2	3
10.640	104	3	1
10.715	105	1	1
10.790	106	3	1
10.865	107	4	2
11.015	108	2	1
11.015	109	4	3
11.090	110	1	1
11.165	111	3	2
11.315	112	2	2
11.315	113	3	3
11.615	114	1	1
11.615	115	2	3
11.690	116	3	1
11.765	117	1	1
11.840	118	3	1
11.915	119	1	1
11.990	120	3	1
12.065	121	4	2
12.215	122	2	1
12.215	123	4	3
12.290	124	1	1
12.365	125	3	2
12.515	126	4	1
12.515	127	3	3
12.590	128	1	1
12.665	129	2	2
12.965	130	1	1
12.965	131	2	3
13.040	132	3	1
13.115	133	1	1
13.190	134	3	1
13.265	135	4	2
13.415	136	1	1
13.415	137	4	3
13.490	138	2	1
13.565	139	3	2
13.715	140	1	2
13.715	141	3	3
14.015	142	3	1
14.015	143	1	3
14.090	144	2	1
14.165	145	3	1
14.240	146	2	1
14.315	147	3	1
14.390	148	2	1
14.465	149	4	2
14.615	150	3	1
14.615	151	4	3
14.690	152	1	1
14.765	153	4	1
14.815	154	2	1
14.865	155	3	1
14.915	156	1	1
14.915	157	4	1
14.990	158	3	1
15.065	159	1	1
15.065	160	2	2
15.365	161	1	1
15.365	162	2	3
15.440	163	3	1
15.515	164	1	1
15.590	165	3	1
15.665	166	4	2
15.815	167	2	1
15.815	168	4	3
15.890	169	1	1
15.965	170	3	2
16.115	171	2	2
16.115	172	3	3
16.415	173	1	1
16.415	174	2	3
16.490	175	3	1
16.565	176	1	1
16.640	177	3	1
16.715	178	1	1
16.790	179	3	1
16.865	180	4	2
17.015	181	2	1
17.015	182	4	3
17.090	183	1	1
17.165	184	3	2
17.315	185	1	1
17.315	186	4	1
17.315	187	3	3
17.390	188	2	1
17.465	189	1	1
17.465	190	3	1
17.465	191	4	2
17.765	192	1	1
17.765	193	4	3
17.840	194	3	1
17.915	195	1	1
17.990	196	3	1
18.065	197	4	2
18.215	198	2	1
18.215	199	4	3
18.290	200	1	1
18.365	201	3	2
18.515	202	1	1
18.515	203	2	1
18.515	204	3	3
18.590	205	4	1
18.665	206	1	1
18.665	207	2	1
18.665	208	3	1
18.815	209	3	1
18.815	210	4	1
18.890	211	2	1
18.965	212	1	1
18.965	213	4	1
19.040	214	3	1
19.115	215	1	1
19.115	216	2	1
19.115	217	4	1
19.265	218	2	1
19.265	219	3	1
19.415	220	1	1
19.415	221	4	1
19.490	222	2	1
19.565	223	1	1
19.565	224	3	1
19.565	225	4	1
19.640	226	2	1
19.715	227	3	1
19.715	228	4	1
19.790	229	1	1
19.865	230	2	1
19.865	231	3	1
19.865	232	4	2
20.165	233	1	1
20.165	234	4	3
20.240	235	3	1
20.315	236	1	1
20.390	237	3	1
20.465	238	1	1
20.465	239	2	1
20.465	240	4	2
20.615	241	2	1
20.615	242	4	3
20.690	243	1	1
20.765	244	3	2
20.915	245	2	2
20.915	246	3	3
21.215	247	1	1
21.215	248	2	3
21.290	249	3	1
21.365	250	1	1
21.365	251	2	1
21.440	252	3	1
21.515	253	1	1
21.590	254	3	1
21.665	255	1	1
21.665	256	2	1
21.665	257	4	2
21.815	258	2	1
21.815	259	4	3
21.890	260	1	1
21.965	261	3	2
22.115	262	4	1
22.115	263	3	3
22.190	264	1	1
22.265	265	2	2
22.265	266	3	1
22.565	267	1	1
22.565	268	2	3
22.640	269	3	1
22.715	270	1	1
22.790	271	3	1
22.865	272	1	1
22.865	273	2	1
22.865	274	4	2
23.015	275	2	1
23.015	276	4	3
23.090	277	1	1
23.165	278	3	2
23.315	279	1	2
23.315	280	3	3
23.615	281	3	1
23.615	282	1	3
23.690	283	2	1
23.765	284	3	1
23.765	285	4	1
23.840	286	2	1
23.915	287	3	1
23.990	288	2	1
24.065	289	1	1
24.065	290	3	1
24.065	291	4	2
24.215	292	2	1
24.215	293	4	3
24.290	294	3	1
24.365	295	4	1
24.415	296	1	1
24.465	297	3	1
24.515	298	2	1
24.590	299	4	1
24.665	300	1	1
24.665	301	2	2
24.665	302	3	1
24.965	303	1	1
24.965	304	2	3
25.040	305	3	1
25.115	306	1	1
25.190	307	3	1
25.265	308	1	1
25.265	309	2	1
25.265	310	4	2
25.415	311	2	1
25.415	312	4	3
25.490	313	1	1
25.565	314	3	2
25.715	315	2	2
25.715	316	3	3
26.015	317	1	1
26.015	318	2	3
26.090	319	3	1
26.165	320	1	1
26.165	321	2	1
26.240	322	3	1
26.315	323	1	1
26.390	324	3	1
26.465	325	1	1
26.465	326	2	1
26.465	327	4	2
26.615	328	2	1
26.615	329	4	3
26.690	330	1	1
26.765	331	3	2
26.915	332	1	1
26.915	333	3	3
26.990	334	2	1
27.065	335	1	1
27.065	336	3	1
27.065	337	4	2
27.365	338	1	1
27.365	339	4	3
27.440	340	3	1
27.515	341	1	1
27.590	342	3	1
27.665	343	1	1
27.665	344	2	1
27.665	345	4	2
27.815	346	2	1
27.815	347	4	3
27.890	348	1	1
27.965	349	3	2
28.115	350	2	1
28.115	351	3	3
28.190	352	4	1
28.265	353	1	1
28.265	354	2	1
28.265	355	3	1
28.415	356	3	1
28.415	357	4	1
28.490	358	2	1
28.565	359	1	1
28.565	360	4	1
28.640	361	3	1
28.715	362	1	1
28.715	363	2	1
28.715	364	4	1
28.865	365	2	1
28.865	366	3	1
29.015	367	1	1
29.015	368	4	1
29.090	369	2	1
29.165	370	1	1
29.165	371	3	1
29.165	372	4	1
29.240	373	2	1
29.315	374	3	1
29.315	375	4	1
29.390	376	1	1
29.465	377	2	1
29.465	378	3	2
29.465	379	4	2
29.765	380	1	1
29.765	381	2	1
29.765	382	3	3
29.765	383	4	3
29.915	384	4	2
29.990	385	4	3
30.065	386	1	1
30.065	387	4	2
30.215	388	1	2
30.215	389	4	3
30.365	390	2	2
30.365	391	4	2
30.365	392	1	3
30.515	393	3	2
30.515	394	2	3
30.665	395	1	2
30.665	396	2	2
30.665	397	3	3
30.665	398	4	3
30.965	399	3	1
30.965	400	4	1
30.965	401	1	3
30.965	402	2	3
31.115	403	1	2
31.190	404	1	3
31.265	405	1	2
31.265	406	4	1
31.415	407	4	2
31.415	408	1	3
31.565	409	1	2
31.565	410	3	2
31.565	411	4	3
31.715	412	2	2
31.715	413	3	3
31.865	414	3	2
31.865	415	4	2
31.865	416	1	3
31.865	417	2	3
32.165	418	1	1
32.165	419	2	1
32.165	420	3	3
32.165	421	4	3
32.315	422	4	2
32.390	423	4	3
32.465	424	1	1
32.465	425	4	2
32.615	426	1	2
32.615	427	4	3
32.765	428	2	2
32.765	429	4	2
32.765	430	1	3
32.915	431	3	2
32.915	432	2	3
33.065	433	1	2
33.065	434	2	2
33.065	435	3	3
33.065	436	4	3
33.365	437	3	1
33.365	438	4	1
33.365	439	1	3
33.365	440	2	3
33.515	441	2	2
33.590	442	2	3
33.665	443	2	2
33.665	444	4	1
33.815	445	4	2
33.815	446	2	3
33.965	447	1	2
33.965	448	2	2
33.965	449	3	2
33.965	450	4	3
34.040	451	3	3
34.115	452	3	2
34.115	453	2	3
34.190	454	1	3
34.265	455	1	2
34.265	456	2	1
34.265	457	4	2
34.265	458	3	3
34.565	459	2	1
34.565	460	3	1
34.565	461	1	3
34.565	462	4	3
34.715	463	4	2
34.790	464	4	3
34.865	465	2	1
34.865	466	4	2
35.015	467	2	2
35.015	468	4	3
35.165	469	1	2
35.165	470	3	2
35.165	471	2	3
35.315	472	4	2
35.315	473	3	3
35.465	474	2	2
35.465	475	3	2
35.465	476	1	3
35.465	477	4	3
35.765	478	1	1
35.765	479	4	1
35.765	480	2	3
35.765	481	3	3
35.915	482	2	2
35.990	483	2	3
36.065	484	2	2
36.065	485	4	1
36.215	486	4	2
36.215	487	2	3
36.365	488	1	2
36.365	489	3	2
36.365	490	4	3
36.515	491	2	2
36.515	492	1	3
36.665	493	1	2
36.665	494	4	2
36.665	495	2	3
36.665	496	3	3
36.965	497	2	1
36.965	498	3	1
36.965	499	1	3
36.965	500	4	3
37.115	501	1	2
37.190	502	1	3
37.265	503	1	2
37.265	504	3	1
37.415	505	3	2
37.415	506	1	3
37.565	507	2	2
37.565	508	4	2
37.565	509	3	3
37.715	510	1	2
37.715	511	2	3
37.865	512	2	2
37.865	513	3	2
37.865	514	1	3
37.865	515	4	3
38.165	516	1	1
38.165	517	4	1
38.165	518	2	3
38.165	519	3	3
38.315	520	3	2
38.390	521	3	3
38.465	522	1	1
38.465	523	3	2
38.615	524	1	2
38.615	525	3	3
38.765	526	2	2
38.765	527	3	2
38.765	528	4	2
38.765	529	1	3
38.840	530	2	3
38.915	531	2	2
38.915	532	3	3
38.990	533	4	3
39.065	534	1	2
39.065	535	3	2
39.065	536	4	2
39.065	537	2	3
39.140	538	3	3
39.215	539	3	1
39.215	540	1	3
39.365	541	1	2
39.365	542	2	1
39.365	543	4	3
39.515	544	2	2
39.515	545	3	2
39.515	546	4	2
39.515	547	1	3
39.590	548	3	3
39.665	549	3	1
39.665	550	2	3
39.815	551	1	1
39.815	552	2	2
39.815	553	4	3
39.965	554	1	2
39.965	555	3	1
39.965	556	4	2
39.965	557	2	3
40.115	558	3	2
40.115	559	1	3
40.115	560	4	3
40.265	561	1	2
40.265	562	2	2
40.265	563	4	2
40.265	564	3	3
40.340	565	2	3
40.415	566	2	1
40.415	567	4	3
40.565	568	3	1
40.565	569	4	2
40.565	570	1	3
40.715	571	1	2
40.715	572	2	2
40.715	573	3	2
40.715	574	4	3
40.790	575	2	3
40.865	576	2	1
40.865	577	3	3
41.015	578	3	2
41.015	579	4	1
41.015	580	1	3
41.165	581	1	2
41.165	582	2	1
41.165	583	4	2
41.165	584	3	3
41.315	585	2	2
41.315	586	1	3
41.315	587	4	3
41.465	588	1	2
41.465	589	3	2
41.465	590	4	2
41.465	591	2	3
41.540	592	3	3
41.615	593	3	1
41.615	594	1	3
41.765	595	1	2
41.765	596	2	1
41.765	597	4	3
41.915	598	2	2
41.915	599	3	2
41.915	600	4	2
41.915	601	1	3
41.990	602	3	3
42.065	603	3	1
42.065	604	2	3
42.215	605	1	1
42.215	606	2	2
42.215	607	4	3
42.365	608	1	2
42.365	609	3	1
42.365	610	4	2
42.365	611	2	3
42.515	612	3	2
42.515	613	1	3
42.515	614	4	3
42.665	615	1	2
42.665	616	2	2
42.665	617	4	2
42.665	618	3	3
42.740	619	4	3
42.815	620	4	1
42.815	621	2	3
42.965	622	2	2
42.965	623	3	1
42.965	624	1	3
43.115	625	1	2
43.115	626	3	2
43.115	627	4	2
43.115	628	2	3
43.190	629	1	3
43.265	630	1	1
43.265	631	3	3
43.415	632	2	1
43.415	633	3	2
43.415	634	4	3
43.565	635	1	2
43.565	636	2	2
43.565	637	4	2
43.565	638	3	3
43.640	639	4	3
43.715	640	4	2
43.715	641	2	3
43.790	642	1	3
43.865	643	1	1
43.865	644	2	1
43.865	645	3	1
43.865	646	4	3
43.940	647	4	1
44.015	648	1	1
44.090	649	4	1
44.165	650	2	1
44.165	651	3	1
44.240	652	1	1
44.315	653	2	1
44.315	654	3	1
44.315	655	4	1
44.390	656	1	1
44.465	657	4	1
44.540	658	1	1
44.615	659	2	1
44.615	660	3	1
44.690	661	4	1
44.765	662	1	1
44.765	663	2	1
44.765	664	3	1
44.840	665	4	1
44.915	666	1	1
44.915	667	2	1
44.990	668	3	1
45.065	669	1	1
45.065	670	2	1
45.065	671	4	1
45.140	672	3	1
45.215	673	1	1
45.290	674	3	1
45.365	675	1	1
45.365	676	4	1
45.440	677	2	1
45.515	678	1	1
45.515	679	3	1
45.515	680	4	1
45.590	681	2	1
45.665	682	4	1
45.740	683	2	1
45.815	684	1	1
45.815	685	4	1
45.890	686	3	1
45.965	687	1	1
45.965	688	2	1
45.965	689	4	1
46.040	690	3	1
46.115	691	1	1
46.115	692	2	1
46.190	693	4	1
46.265	694	1	1
46.265	695	2	1
46.265	696	3	1
46.340	697	4	1
46.415	698	3	1
46.490	699	4	1
46.565	700	1	1
46.565	701	2	1
46.640	702	3	1
46.715	703	1	1
46.715	704	2	1
46.715	705	4	1
46.790	706	3	1
46.865	707	2	1
46.940	708	3	1
47.015	709	1	1
47.015	710	4	1
47.090	711	2	1
47.165	712	1	1
47.165	713	3	1
47.165	714	4	1
47.240	715	2	1
47.315	716	3	1
47.315	717	4	1
47.390	718	2	1
47.465	719	1	2
47.465	720	3	1
47.465	721	4	1
48.215	722	2	1
48.290	723	3	1
48.365	724	2	2
48.365	725	4	1
48.515	726	1	3
48.665	727	1	2
48.665	728	3	1
48.665	729	4	2
48.665	730	2	3
48.815	731	4	3
48.965	732	2	1
48.965	733	3	1
48.965	734	4	1
48.965	735	1	3
49.115	736	2	1
49.190	737	4	1
49.227	738	1	1
49.265	739	2	1
49.265	740	3	1
49.340	741	4	1
49.415	742	1	1
49.490	743	3	1
49.565	744	1	1
49.565	745	2	1
49.565	746	4	1
49.715	747	3	1
49.765	748	1	1
49.815	749	4	1
49.865	750	2	1
49.865	751	3	1
49.940	752	1	1
50.015	753	4	1
50.090	754	2	1
50.165	755	1	1
50.165	756	3	1
50.165	757	4	1
50.315	758	2	1
50.365	759	4	1
50.415	760	1	1
50.465	761	2	1
50.465	762	3	1
50.540	763	4	1
50.615	764	1	1
50.690	765	3	1
50.765	766	1	2
50.765	767	4	1
50.815	768	3	1
50.865	769	2	1
50.915	770	4	2
51.065	771	2	2
51.065	772	3	1
51.065	773	1	3
51.065	774	4	3
51.215	775	4	2
51.290	776	4	3
51.365	777	1	1
51.365	778	3	1
51.365	779	4	1
51.365	780	2	3
51.515	781	3	1
51.590	782	1	1
51.627	783	4	1
51.665	784	2	1
51.665	785	3	1
51.740	786	1	1
51.815	787	4	1
51.890	788	2	1
51.965	789	1	1
51.965	790	3	1
51.965	791	4	1
52.115	792	2	1
52.165	793	4	1
52.215	794	1	1
52.265	795	2	1
52.265	796	3	1
52.340	797	4	1
52.415	798	1	1
52.490	799	3	1
52.565	800	1	1
52.565	801	2	1
52.565	802	4	1
52.715	803	3	1
52.765	804	1	1
52.815	805	4	1
52.865	806	2	1
52.865	807	3	1
53.015	808	1	1
53.015	809	4	1
53.090	810	1	1
53.165	811	2	2
53.165	812	3	2
53.165	813	4	2
53.315	814	2	3
53.390	815	3	3
53.465	816	1	2
53.465	817	2	2
53.465	818	3	1
53.465	819	4	3
53.615	820	2	3
53.765	821	2	1
53.765	822	3	1
53.765	823	4	1
53.765	824	1	3
53.915	825	4	1
53.990	826	1	1
54.027	827	3	1
54.065	828	2	1
54.065	829	4	1
54.140	830	1	1
54.215	831	4	1
54.290	832	1	1
54.365	833	2	1
54.365	834	3	1
54.365	835	4	1
54.515	836	1	1
54.565	837	4	1
54.615	838	2	1
54.665	839	1	1
54.665	840	3	1
54.740	841	4	1
54.815	842	1	1
54.890	843	4	1
54.965	844	1	1
54.965	845	2	1
54.965	846	3	1
55.115	847	4	1
55.165	848	2	1
55.215	849	3	1
55.265	850	1	1
55.265	851	4	1
55.340	852	2	1
55.415	853	3	1
55.490	854	4	1
55.565	855	2	1
55.565	856	3	2
55.615	857	1	1
55.665	858	4	1
55.715	859	2	2
55.715	860	3	3
55.865	861	1	1
55.865	862	4	2
55.865	863	2	3
56.015	864	2	2
56.090	865	2	3
56.165	866	1	1
56.165	867	2	1
56.165	868	3	1
56.165	869	4	3
56.315	870	1	1
56.390	871	4	1
56.427	872	2	1
56.465	873	1	1
56.465	874	3	1
56.540	875	4	1
56.615	876	1	1
56.690	877	4	1
56.765	878	1	1
56.765	879	2	1
56.765	880	3	1
56.915	881	4	1
56.965	882	1	1
57.015	883	3	1
57.065	884	2	1
57.065	885	4	1
57.140	886	1	1
57.215	887	4	1
57.290	888	1	1
57.365	889	2	1
57.365	890	3	1
57.365	891	4	1
57.515	892	1	1
57.565	893	4	1
57.615	894	2	1
57.665	895	1	1
57.665	896	3	1
57.815	897	4	1
57.890	898	1	1
57.965	899	2	2
57.965	900	3	2
57.965	901	4	2
58.115	902	2	3
58.190	903	4	3
58.265	904	1	2
58.265	905	2	1
58.265	906	4	2
58.265	907	3	3
58.415	908	4	3
58.565	909	2	1
58.565	910	3	1
58.565	911	4	1
58.565	912	1	3
58.715	913	2	1
58.790	914	4	1
58.827	915	1	1
58.865	916	2	1
58.865	917	3	1
58.940	918	4	1
59.015	919	1	1
59.090	920	3	1
59.165	921	1	1
59.165	922	2	1
59.165	923	4	1
59.315	924	3	1
59.365	925	1	1
59.415	926	4	1
59.465	927	2	1
59.465	928	3	1
59.540	929	1	1
59.615	930	4	1
59.690	931	2	1
59.765	932	1	1
59.765	933	3	1
59.765	934	4	1
59.915	935	2	1
59.965	936	4	1
60.015	937	1	1
60.065	938	2	1
60.065	939	3	1
60.140	940	4	1
60.215	941	1	1
60.290	942	3	1
60.365	943	1	2
60.365	944	4	1
60.415	945	3	1
60.465	946	2	1
60.515	947	4	2
60.665	948	2	2
60.665	949	3	1
60.665	950	1	3
60.665	951	4	3
60.815	952	4	2
60.890	953	4	3
60.965	954	1	1
60.965	955	3	1
60.965	956	4	1
60.965	957	2	3
61.115	958	3	1
61.190	959	1	1
61.227	960	4	1
61.265	961	2	1
61.265	962	3	1
61.340	963	1	1
61.415	964	4	1
61.490	965	2	1
61.565	966	1	1
61.565	967	3	1
61.565	968	4	1
61.715	969	2	1
61.765	970	4	1
61.815	971	1	1
61.865	972	2	1
61.865	973	3	1
61.940	974	4	1
62.015	975	1	1
62.090	976	3	1
62.165	977	1	1
62.165	978	2	1
62.165	979	4	1
62.315	980	3	1
62.365	981	1	1
62.415	982	4	1
62.465	983	2	1
62.465	984	3	1
62.615	985	1	1
62.615	986	4	1
62.690	987	1	1
62.765	988	2	2
62.765	989	3	2
62.765	990	4	2
62.915	991	2	3
62.990	992	3	3
63.065	993	1	2
63.065	994	2	2
63.065	995	3	1
63.065	996	4	3
63.215	997	2	3
63.365	998	2	1
63.365	999	3	1
63.365	1000	4	1
63.365	1001	1	3
63.515	1002	4	1
63.590	1003	1	1
63.627	1004	3	1
63.665	1005	2	1
63.665	1006	4	1
63.740	1007	1	1
63.815	1008	4	1
63.890	1009	1	1
63.965	1010	2	1
63.965	1011	3	1
63.965	1012	4	1
64.115	1013	1	1
64.165	1014	4	1
64.215	1015	2	1
64.265	1016	1	1
64.265	1017	3	1
64.340	1018	4	1
64.415	1019	1	1
64.490	1020	4	1
64.565	1021	1	1
64.565	1022	2	1
64.565	1023	3	1
64.715	1024	4	1
64.765	1025	2	1
64.815	1026	3	1
64.865	1027	1	1
64.865	1028	4	1
64.940	1029	2	1
65.015	1030	3	1
65.090	1031	4	1
65.165	1032	2	1
65.165	1033	3	2
65.215	1034	1	1
65.265	1035	4	1
65.315	1036	2	2
65.315	1037	3	3
65.465	1038	1	1
65.465	1039	4	2
65.465	1040	2	3
65.615	1041	2	2
65.690	1042	2	3
65.765	1043	1	1
65.765	1044	2	1
65.765	1045	3	1
65.765	1046	4	3
65.915	1047	1	1
65.990	1048	4	1
66.027	1049	2	1
66.065	1050	1	1
66.065	1051	3	1
66.140	1052	4	1
66.215	1053	1	1
66.290	1054	4	1
66.365	1055	1	1
66.365	1056	2	1
66.365	1057	3	1
66.465	1058	4	1
66.565	1059	4	1
66.665	1060	1	2
66.665	1061	2	2
66.665	1062	3	1
66.815	1063	2	3
66.965	1064	2	1
66.965	1065	3	1
66.965	1066	4	1
66.965	1067	1	3
67.115	1068	1	2
67.115	1069	4	2
67.190	1070	1	3
67.265	1071	1	1
67.265	1072	3	1
67.265	1073	4	3
67.415	1074	3	2
67.565	1075	1	2
67.565	1076	2	2
67.565	1077	4	1
67.565	1078	3	3
67.640	1079	1	3
67.715	1080	1	2
67.865	1081	3	2
67.865	1082	4	2
67.865	1083	1	3
67.865	1084	2	3
68.015	1085	3	3
68.165	1086	1	1
68.165	1087	2	1
68.165	1088	3	1
68.165	1089	4	3
68.315	1090	3	1
68.390	1091	1	1
68.427	1092	4	1
68.465	1093	2	1
68.465	1094	3	1
68.540	1095	1	1
68.615	1096	4	1
68.690	1097	2	1
68.765	1098	1	1
68.765	1099	3	1
68.765	1100	4	1
68.915	1101	2	1
68.965	1102	4	1
69.015	1103	1	1
69.065	1104	2	1
69.065	1105	3	1
69.140	1106	4	1
69.215	1107	1	1
69.290	1108	3	1
69.365	1109	1	1
69.365	1110	2	1
69.365	1111	4	1
69.515	1112	3	1
69.565	1113	1	1
69.615	1114	4	1
69.665	1115	2	1
69.665	1116	3	1
69.740	1117	1	1
69.815	1118	4	1
69.890	1119	2	1
69.965	1120	1	1
69.965	1121	4	2
70.015	1122	2	1
70.065	1123	3	1
70.115	1124	1	2
70.265	1125	2	1
70.265	1126	3	2
70.265	1127	1	3
70.265	1128	4	3
70.415	1129	1	1
70.415	1130	4	1
70.415	1131	3	3
70.490	1132	2	1
70.565	1133	1	1
70.565	1134	3	2
70.565	1135	4	2
70.715	1136	2	1
70.715	1137	3	3
70.715	1138	4	3
70.790	1139	4	1
70.827	1140	1	1
70.865	1141	2	1
70.865	1142	3	1
70.940	1143	4	1
71.015	1144	1	1
71.090	1145	3	1
71.165	1146	1	1
71.165	1147	2	1
71.165	1148	4	1
71.315	1149	3	1
71.365	1150	1	1
71.415	1151	4	1
71.465	1152	2	1
71.465	1153	3	1
71.540	1154	1	1
71.615	1155	4	1
71.690	1156	2	1
71.765	1157	1	1
71.765	1158	3	1
71.765	1159	4	1
71.915	1160	2	1
71.965	1161	4	1
72.015	1162	1	1
72.065	1163	2	1
72.065	1164	3	1
72.215	1165	1	1
72.215	1166	4	1
72.290	1167	4	1
72.365	1168	1	2
72.365	1169	2	2
72.365	1170	3	2
72.515	1171	3	3
72.590	1172	2	3
72.665	1173	2	1
72.665	1174	3	2
72.665	1175	4	2
72.665	1176	1	3
72.815	1177	3	3
72.965	1178	1	1
72.965	1179	2	1
72.965	1180	3	1
72.965	1181	4	3
73.115	1182	1	1
73.190	1183	4	1
73.227	1184	2	1
73.265	1185	1	1
73.265	1186	3	1
73.340	1187	4	1
73.415	1188	1	1
73.490	1189	4	1
73.565	1190	1	1
73.565	1191	2	1
73.565	1192	3	1
73.715	1193	4	1
73.765	1194	1	1
73.815	1195	3	1
73.865	1196	2	1
73.865	1197	4	1
73.940	1198	1	1
74.015	1199	4	1
74.090	1200	1	1
74.165	1201	2	1
74.165	1202	3	1
74.165	1203	4	1
74.315	1204	1	1
74.365	1205	3	1
74.415	1206	2	1
74.465	1207	1	1
74.465	1208	4	1
74.540	1209	3	1
74.615	1210	2	1
74.690	1211	1	1
74.765	1212	2	2
74.765	1213	3	1
74.815	1214	4	1
74.865	1215	1	1
74.915	1216	3	2
74.915	1217	2	3
75.065	1218	1	2
75.065	1219	4	1
75.065	1220	3	3
75.215	1221	2	1
75.215	1222	3	1
75.215	1223	1	3
75.290	1224	4	1
75.365	1225	1	2
75.365	1226	2	2
75.365	1227	3	1
75.515	1228	4	1
75.515	1229	1	3
75.515	1230	2	3
75.590	1231	1	1
75.627	1232	3	1
75.665	1233	2	1
75.665	1234	4	1
75.740	1235	1	1
75.815	1236	4	1
75.890	1237	1	1
75.965	1238	2	1
75.965	1239	3	1
75.965	1240	4	1
76.115	1241	1	1
76.165	1242	4	1
76.215	1243	2	1
76.265	1244	1	1
76.265	1245	3	1
76.340	1246	4	1
76.415	1247	1	1
76.490	1248	4	1
76.565	1249	1	1
76.565	1250	2	1
76.565	1251	3	1
76.715	1252	4	1
76.765	1253	1	1
76.815	1254	3	1
76.865	1255	2	1
76.865	1256	4	1
77.015	1257	1	1
77.090	1258	4	1
77.165	1259	1	2
77.165	1260	2	2
77.165	1261	3	2
77.315	1262	3	3
77.390	1263	1	3
77.465	1264	1	2
77.465	1265	3	1
77.465	1266	4	2
77.465	1267	2	3
77.615	1268	1	3
77.765	1269	1	1
77.765	1270	2	2
77.765	1271	4	3
77.915	1272	3	2
78.065	1273	1	1
78.065	1274	4	1
78.065	1275	2	3
78.065	1276	3	3
78.140	1277	2	1
78.215	1278	4	1
78.290	1279	2	1
78.365	1280	3	1
78.440	1281	2	1
78.515	1282	4	1
78.565	1283	3	1
78.615	1284	2	1
78.665	1285	1	1
78.665	1286	4	1
78.740	1287	3	1
78.815	1288	1	1
78.890	1289	3	1
78.965	1290	2	1
79.040	1291	3	1
79.115	1292	1	1
79.165	1293	2	1
79.215	1294	3	1
79.265	1295	1	1
79.265	1296	4	1
79.415	1297	1	1
79.490	1298	1	1
79.565	1299	2	2
79.565	1300	3	2
79.715	1301	2	3
79.865	1302	1	2
79.865	1303	2	1
79.865	1304	4	2
79.865	1305	3	3
80.015	1306	3	1
80.015	1307	1	3
80.015	1308	4	3
80.090	1309	2	1
80.165	1310	3	2
80.165	1311	4	2
80.315	1312	3	3
80.465	1313	2	1
80.465	1314	3	1
80.465	1315	4	3
80.540	1316	1	1
80.615	1317	3	1
80.690	1318	1	1
80.765	1319	3	1
80.840	1320	2	1
80.915	1321	3	1
80.965	1322	4	1
81.015	1323	1	1
81.065	1324	2	1
81.065	1325	3	1
81.140	1326	4	1
81.215	1327	2	1
81.290	1328	4	1
81.365	1329	2	1
81.440	1330	3	1
81.515	1331	2	1
81.565	1332	1	1
81.615	1333	4	1
81.665	1334	2	1
81.665	1335	3	1
81.815	1336	1	1
81.815	1337	4	1
81.890	1338	1	1
81.965	1339	3	2
81.965	1340	4	2
82.115	1341	3	3
82.265	1342	1	2
82.265	1343	2	2
82.265	1344	3	1
82.265	1345	4	3
82.415	1346	2	3
82.565	1347	2	1
82.565	1348	3	1
82.565	1349	4	1
82.565	1350	1	3
82.715	1351	4	1
82.790	1352	1	1
82.827	1353	3	1
82.865	1354	2	1
82.865	1355	4	1
82.940	1356	1	1
83.015	1357	4	1
83.090	1358	1	1
83.165	1359	2	1
83.165	1360	3	1
83.165	1361	4	1
83.315	1362	1	1
83.365	1363	4	1
83.415	1364	2	1
83.465	1365	1	1
83.465	1366	3	1
83.540	1367	4	1
83.615	1368	1	1
83.690	1369	4	1
83.765	1370	1	1
83.765	1371	2	1
83.765	1372	3	1
83.915	1373	4	1
83.965	1374	2	1
84.015	1375	3	1
84.065	1376	1	1
84.065	1377	4	1
84.140	1378	2	1
84.215	1379	3	1
84.290	1380	4	1
84.365	1381	2	1
84.365	1382	3	2
84.415	1383	1	1
84.465	1384	4	1
84.515	1385	2	2
84.515	1386	3	3
84.665	1387	1	1
84.665	1388	4	2
84.665	1389	2	3
84.815	1390	2	1
84.815	1391	3	1
84.815	1392	4	3
84.890	1393	1	1
84.965	1394	2	1
84.965	1395	3	2
84.965	1396	4	2
85.115	1397	1	1
85.115	1398	3	3
85.115	1399	4	3
85.190	1400	4	1
85.227	1401	2	1
85.265	1402	1	1
85.265	1403	3	1
85.340	1404	4	1
85.415	1405	1	1
85.490	1406	4	1
85.565	1407	1	1
85.565	1408	2	1
85.565	1409	3	1
85.665	1410	4	1
85.765	1411	4	1
85.865	1412	1	2
85.865	1413	2	2
85.865	1414	3	2
86.015	1415	3	3
86.165	1416	3	1
86.165	1417	4	2
86.165	1418	1	3
86.165	1419	2	3
86.240	1420	4	3
86.315	1421	1	2
86.315	1422	3	2
86.315	1423	4	2
86.465	1424	1	3
86.615	1425	1	1
86.615	1426	2	2
86.615	1427	3	3
86.615	1428	4	3
86.690	1429	2	3
86.765	1430	1	1
86.765	1431	3	1
86.765	1432	4	2
86.915	1433	2	2
86.915	1434	4	3
87.065	1435	1	1
87.065	1436	3	2
87.065	1437	4	2
87.065	1438	2	3
87.140	1439	3	3
87.140	1440	4	3
87.215	1441	3	2
87.215	1442	4	2
87.365	1443	3	3
87.365	1444	4	3
87.515	1445	1	1
87.515	1446	3	2
87.515	1447	4	2
87.590	1448	3	3
87.590	1449	4	3
87.665	1450	3	2
87.665	1451	4	2
87.815	1452	3	3
87.815	1453	4	3
87.965	1454	1	1
87.965	1455	3	2
87.965	1456	4	2
88.040	1457	3	3
88.040	1458	4	3
88.115	1459	3	2
88.115	1460	4	2
88.265	1461	3	3
88.265	1462	4	3
88.415	1463	1	1
88.415	1464	3	2
88.415	1465	4	2
88.490	1466	3	3
88.490	1467	4	3
88.565	1468	3	2
88.565	1469	4	2
88.715	1470	3	3
88.715	1471	4	3
88.865	1472	2	1
88.865	1473	3	1
88.865	1474	4	1
88.925	1475	1	1
88.985	1476	4	1
89.045	1477	2	1
89.105	1478	3	1
89.165	1479	4	1
89.240	1480	1	1
89.315	1481	3	2
89.465	1482	1	2
89.465	1483	2	2
89.465	1484	4	1
89.465	1485	3	3
89.540	1486	1	3
89.540	1487	2	3
89.615	1488	1	2
89.615	1489	2	2
89.765	1490	1	3
89.765	1491	2	3
89.915	1492	1	2
89.915	1493	2	2
89.915	1494	4	1
89.990	1495	1	3
89.990	1496	2	3
90.065	1497	1	2
90.065	1498	2	2
90.215	1499	1	3
90.215	1500	2	3
90.365	1501	1	2
90.365	1502	2	2
90.365	1503	4	1
90.440	1504	1	3
90.515	1505	1	2
90.515	1506	4	2
90.515	1507	2	3
90.590	1508	4	3
90.665	1509	2	2
90.665	1510	3	2
90.665	1511	4	1
90.665	1512	1	3
90.740	1513	2	3
90.740	1514	3	3
90.815	1515	2	2
90.815	1516	3	2
90.965	1517	2	3
90.965	1518	3	3
91.115	1519	1	1
91.115	1520	2	2
91.115	1521	3	2
91.190	1522	2	3
91.190	1523	3	3
91.265	1524	2	2
91.265	1525	3	2
91.415	1526	2	3
91.415	1527	3	3
91.565	1528	2	2
91.565	1529	3	2
91.565	1530	4	1
91.640	1531	3	3
91.715	1532	1	2
91.715	1533	3	2
91.715	1534	2	3
91.790	1535	1	3
91.865	1536	1	2
91.865	1537	2	1
91.865	1538	4	2
91.865	1539	3	3
91.940	1540	1	3
91.940	1541	4	3
92.015	1542	1	2
92.015	1543	4	2
92.165	1544	1	3
92.165	1545	4	3
92.315	1546	1	2
92.315	1547	3	1
92.315	1548	4	2
92.390	1549	1	3
92.390	1550	4	3
92.465	1551	1	2
92.465	1552	4	2
92.615	1553	1	3
92.615	1554	4	3
92.765	1555	1	2
92.765	1556	2	1
92.765	1557	4	2
92.840	1558	1	3
92.840	1559	4	3
92.915	1560	1	2
92.915	1561	4	2
93.065	1562	1	3
93.065	1563	4	3
93.215	1564	1	2
93.215	1565	3	1
93.215	1566	4	2
93.290	1567	1	3
93.290	1568	4	3
93.365	1569	1	2
93.365	1570	4	2
93.515	1571	1	3
93.515	1572	4	3
93.665	1573	1	1
93.665	1574	2	1
93.665	1575	3	1
93.725	1576	4	1
93.785	1577	1	1
93.845	1578	3	1
93.905	1579	2	1
93.965	1580	1	1
94.040	1581	4	1
94.115	1582	2	2
94.265	1583	1	1
94.265	1584	3	2
94.265	1585	4	2
94.265	1586	2	3
94.340	1587	3	3
94.340	1588	4	3
94.415	1589	3	2
94.415	1590	4	2
94.565	1591	3	3
94.565	1592	4	3
94.715	1593	1	1
94.715	1594	3	2
94.715	1595	4	2
94.790	1596	3	3
94.790	1597	4	3
94.865	1598	3	2
94.865	1599	4	2
95.015	1600	3	3
95.015	1601	4	3
95.165	1602	1	1
95.165	1603	3	2
95.165	1604	4	2
95.240	1605	4	3
95.315	1606	2	2
95.315	1607	4	2
95.315	1608	3	3
95.390	1609	2	3
95.465	1610	1	2
95.465	1611	2	2
95.465	1612	3	1
95.465	1613	4	3
95.540	1614	1	3
95.540	1615	2	3
95.615	1616	1	2
95.615	1617	2	2
95.765	1618	1	3
95.765	1619	2	3
95.915	1620	1	2
95.915	1621	2	2
95.915	1622	3	1
95.990	1623	1	3
95.990	1624	2	3
96.065	1625	1	1
96.065	1626	2	1
96.140	1627	4	1
96.215	1628	2	1
96.215	1629	3	1
96.290	1630	1	1
96.365	1631	2	1
96.365	1632	3	1
96.365	1633	4	1
96.665	1634	1	1
96.665	1635	2	2
96.665	1636	3	1
96.965	1637	1	1
96.965	1638	2	3
97.040	1639	3	1
97.115	1640	1	1
97.190	1641	3	1
97.265	1642	4	2
97.415	1643	2	1
97.415	1644	4	3
97.490	1645	1	1
97.565	1646	3	2
97.715	1647	2	2
97.715	1648	3	3
98.015	1649	1	1
98.015	1650	2	3
98.090	1651	3	1
98.165	1652	1	1
98.240	1653	3	1
98.315	1654	1	1
98.390	1655	3	1
98.465	1656	4	2
98.615	1657	2	1
98.615	1658	4	3
98.690	1659	1	1
98.765	1660	3	2
98.915	1661	4	1
98.915	1662	3	3
98.990	1663	1	1
99.065	1664	2	2
99.365	1665	1	1
99.365	1666	2	3
99.440	1667	3	1
99.515	1668	1	1
99.590	1669	3	1
99.665	1670	4	2
99.815	1671	1	1
99.815	1672	4	3
99.890	1673	2	1
99.965	1674	3	2
100.115	1675	1	2
100.115	1676	3	3
100.415	1677	3	1
100.415	1678	1	3
100.490	1679	2	1
100.565	1680	3	1
100.640	1681	2	1
100.715	1682	3	1
100.790	1683	2	1
100.865	1684	4	2
101.015	1685	3	1
101.015	1686	4	3
101.090	1687	1	1
101.165	1688	4	1
101.215	1689	2	1
101.265	1690	3	1
101.315	1691	1	1
101.315	1692	4	1
101.390	1693	3	1
101.465	1694	1	1
101.465	1695	2	2
101.765	1696	1	1
101.765	1697	2	3
101.840	1698	3	1
101.915	1699	1	1
101.990	1700	3	1
102.065	1701	4	2
102.215	1702	2	1
102.215	1703	4	3
102.290	1704	1	1
102.365	1705	3	2
102.515	1706	2	2
102.515	1707	3	3
102.815	1708	1	1
102.815	1709	2	3
102.890	1710	3	1
102.965	1711	1	1
103.040	1712	3	1
103.115	1713	1	1
103.190	1714	3	1
103.265	1715	4	2
103.415	1716	2	1
103.415	1717	4	3
103.490	1718	1	1
103.565	1719	3	2
103.715	1720	1	1
103.715	1721	4	1
103.715	1722	3	3
103.790	1723	2	1
103.865	1724	1	1
103.865	1725	3	1
103.865	1726	4	2
104.165	1727	1	1
104.165	1728	4	3
104.240	1729	3	1
104.315	1730	1	1
104.390	1731	3	1
104.465	1732	4	2
104.615	1733	2	1
104.615	1734	4	3
104.690	1735	1	1
104.765	1736	3	2
104.915	1737	1	1
104.915	1738	2	1
104.915	1739	3	3
104.990	1740	4	1
105.065	1741	1	1
105.065	1742	2	1
105.065	1743	3	1
105.215	1744	3	1
105.215	1745	4	1
105.290	1746	2	1
105.365	1747	1	1
105.365	1748	4	1
105.440	1749	3	1
105.515	1750	1	1
105.515	1751	2	1
105.515	1752	4	1
105.665	1753	2	1
105.665	1754	3	1
105.815	1755	1	1
105.815	1756	4	1
105.890	1757	2	1
105.965	1758	1	1
105.965	1759	3	1
105.965	1760	4	1
106.040	1761	2	1
106.115	1762	3	1
106.115	1763	4	1
106.190	1764	1	1
106.265	1765	2	1
106.265	1766	3	1
106.265	1767	4	2
106.565	1768	1	1
106.565	1769	2	1
106.565	1770	4	3
106.640	1771	3	1
106.715	1772	1	1
106.790	1773	3	1
106.865	1774	2	1
106.865	1775	4	2
107.015	1776	2	1
107.015	1777	4	3
107.090	1778	1	1
107.165	1779	3	2
107.165	1780	4	1
107.315	1781	2	2
107.315	1782	3	3
107.465	1783	3	1
107.465	1784	4	1
107.615	1785	1	1
107.615	1786	2	3
107.690	1787	3	1
107.765	1788	1	1
107.765	1789	2	1
107.840	1790	3	1
107.915	1791	1	1
107.990	1792	3	1
108.065	1793	2	1
108.065	1794	4	2
108.215	1795	2	1
108.215	1796	4	3
108.290	1797	1	1
108.365	1798	3	2
108.515	1799	4	1
108.515	1800	3	3
108.590	1801	1	1
108.665	1802	2	2
108.665	1803	3	1
108.965	1804	1	1
108.965	1805	4	1
108.965	1806	2	3
109.040	1807	3	1
109.115	1808	1	1
109.190	1809	3	1
109.265	1810	2	1
109.265	1811	4	2
109.415	1812	2	1
109.415	1813	4	3
109.490	1814	1	1
109.565	1815	3	2
109.565	1816	4	1
109.715	1817	1	2
109.715	1818	3	3
109.865	1819	3	1
109.865	1820	4	1
110.015	1821	2	1
110.015	1822	1	3
110.090	1823	3	1
110.165	1824	1	1
110.165	1825	2	1
110.240	1826	3	1
110.315	1827	2	1
110.390	1828	3	1
110.465	1829	1	1
110.465	1830	4	2
110.615	1831	1	1
110.615	1832	4	3
110.690	1833	4	1
110.765	1834	2	1
110.765	1835	3	1
110.840	1836	1	1
110.915	1837	4	1
110.990	1838	1	1
111.065	1839	2	1
111.065	1840	3	1
111.065	1841	4	1
111.140	1842	1	1
111.215	1843	3	1
111.290	1844	4	1
111.365	1845	1	1
111.365	1846	2	1
111.440	1847	3	1
111.515	1848	1	1
111.590	1849	3	1
111.665	1850	2	1
111.665	1851	4	1
111.740	1852	1	1
111.815	1853	2	1
111.815	1854	3	1
111.890	1855	4	1
111.965	1856	1	1
111.965	1857	3	1
112.040	1858	2	1
112.115	1859	1	1
112.115	1860	4	1
112.190	1861	2	1
112.265	1862	3	1
112.265	1863	4	1
112.340	1864	1	1
112.415	1865	3	1
112.490	1866	2	1
112.565	1867	1	1
112.565	1868	4	1
112.640	1869	3	1
112.715	1870	1	1
112.790	1871	3	1
112.865	1872	2	1
112.865	1873	4	1
112.940	1874	1	1
113.015	1875	2	1
113.015	1876	3	1
113.090	1877	4	1
113.165	1878	1	1
113.165	1879	3	1
113.240	1880	2	1
113.315	1881	1	1
113.315	1882	4	1
113.390	1883	2	1
113.465	1884	1	1
113.465	1885	3	1
113.465	1886	4	1
113.540	1887	2	1
113.615	1888	3	1
113.690	1889	4	1
113.765	1890	1	1
113.765	1891	2	1
113.840	1892	3	1
113.915	1893	2	1
113.990	1894	3	1
114.065	1895	1	1
114.065	1896	4	1
114.140	1897	2	1
114.215	1898	4	1
114.290	1899	2	1
114.365	1900	1	1
114.365	1901	3	1
114.440	1902	4	1
114.515	1903	1	1
114.590	1904	4	1
114.665	1905	1	1
114.665	1906	2	1
114.665	1907	3	1
114.740	1908	4	1
114.815	1909	1	1
114.815	1910	2	1
114.965	1911	3	1
114.965	1912	4	1
115.040	1913	2	1
115.115	1914	1	1
115.115	1915	4	1
115.265	1916	1	1
115.265	1917	2	1
115.415	1918	3	1
115.415	1919	4	1
115.490	1920	2	1
115.565	1921	1	1
115.565	1922	3	1
115.565	1923	4	2
115.715	1924	1	2
115.715	1925	4	3
115.865	1926	2	1
115.865	1927	3	2
115.865	1928	4	2
115.865	1929	1	3
116.015	1930	2	1
116.015	1931	3	3
116.015	1932	4	3
116.090	1933	1	1
116.165	1934	3	2
116.165	1935	4	2
116.315	1936	2	1
116.315	1937	3	3
116.315	1938	4	3
116.390	1939	3	1
116.465	1940	1	2
116.465	1941	4	2
116.615	1942	2	1
116.615	1943	1	3
116.615	1944	4	3
116.690	1945	3	1
116.765	1946	1	2
116.765	1947	2	2
116.840	1948	1	3
116.915	1949	1	2
116.915	1950	4	2
116.915	1951	2	3
117.065	1952	2	1
117.065	1953	3	1
117.065	1954	1	3
117.065	1955	4	3
117.140	1956	1	1
117.215	1957	3	2
117.215	1958	4	2
117.365	1959	1	1
117.365	1960	2	1
117.365	1961	3	3
117.365	1962	4	3
117.440	1963	4	1
117.515	1964	2	2
117.515	1965	3	2
117.665	1966	1	1
117.665	1967	4	1
117.665	1968	2	3
117.665	1969	3	3
117.740	1970	3	1
117.815	1971	1	2
117.965	1972	2	2
117.965	1973	4	2
117.965	1974	1	3
118.040	1975	2	3
118.115	1976	2	2
118.190	1977	4	3
118.265	1978	1	2
118.265	1979	4	2
118.265	1980	2	3
118.415	1981	3	1
118.415	1982	1	3
118.415	1983	4	3
118.490	1984	2	1
118.565	1985	1	2
118.565	1986	4	2
118.715	1987	3	1
118.715	1988	1	3
118.715	1989	4	3
118.790	1990	1	1
118.865	1991	2	2
118.865	1992	3	2
119.015	1993	4	1
119.015	1994	2	3
119.015	1995	3	3
119.090	1996	1	1
119.165	1997	3	2
119.165	1998	4	2
119.240	1999	3	3
119.315	2000	2	2
119.315	2001	3	2
119.315	2002	4	3
119.465	2003	1	1
119.465	2004	4	1
119.465	2005	2	3
119.465	2006	3	3
119.540	2007	3	1
119.615	2008	1	2
119.615	2009	2	2
119.765	2010	3	1
119.765	2011	4	1
119.765	2012	1	3
119.765	2013	2	3
119.840	2014	1	1
119.915	2015	3	2
119.915	2016	4	2
120.065	2017	1	1
120.065	2018	2	1
120.065	2019	3	3
120.065	2020	4	3
120.215	2021	1	2
120.365	2022	2	2
120.365	2023	4	2
120.365	2024	1	3
120.440	2025	3	1
120.440	2026	2	3
120.515	2027	2	2
120.590	2028	4	3
120.665	2029	3	2
120.665	2030	4	2
120.665	2031	2	3
120.815	2032	2	1
120.815	2033	3	3
120.815	2034	4	3
120.890	2035	3	1
120.965	2036	1	2
120.965	2037	4	2
121.115	2038	3	1
121.115	2039	1	3
121.115	2040	4	3
121.190	2041	1	1
121.265	2042	2	2
121.265	2043	3	2
121.415	2044	4	1
121.415	2045	2	3
121.415	2046	3	3
121.490	2047	1	1
121.565	2048	3	2
121.565	2049	4	2
121.640	2050	3	3
121.715	2051	2	2
121.715	2052	3	2
121.715	2053	4	3
121.865	2054	1	1
121.865	2055	4	1
121.865	2056	2	3
121.865	2057	3	3
121.940	2058	3	1
122.015	2059	1	2
122.015	2060	2	2
122.165	2061	3	1
122.165	2062	4	1
122.165	2063	1	3
122.165	2064	2	3
122.240	2065	1	1
122.315	2066	3	2
122.315	2067	4	2
122.465	2068	1	1
122.465	2069	2	1
122.465	2070	3	3
122.465	2071	4	3
122.615	2072	1	2
122.765	2073	2	1
122.765	2074	4	2
122.765	2075	1	3
122.840	2076	3	1
122.915	2077	2	2
122.915	2078	4	3
123.065	2079	3	2
123.065	2080	4	2
123.065	2081	2	3
123.215	2082	2	1
123.215	2083	3	3
123.215	2084	4	3
123.290	2085	3	1
123.365	2086	1	2
123.365	2087	4	2
123.515	2088	3	1
123.515	2089	1	3
123.515	2090	4	3
123.590	2091	1	1
123.665	2092	2	2
123.665	2093	3	2
123.815	2094	4	1
123.815	2095	2	3
123.815	2096	3	3
123.890	2097	1	1
123.965	2098	3	2
123.965	2099	4	2
124.040	2100	3	3
124.115	2101	2	2
124.115	2102	3	2
124.115	2103	4	3
124.265	2104	1	1
124.265	2105	4	1
124.265	2106	2	3
124.265	2107	3	3
124.340	2108	3	1
124.415	2109	1	2
124.415	2110	2	2
124.565	2111	3	1
124.565	2112	4	1
124.565	2113	1	3
124.565	2114	2	3
124.640	2115	1	1
124.715	2116	3	2
124.715	2117	4	2
124.865	2118	1	1
124.865	2119	2	1
124.865	2120	3	3
124.865	2121	4	3
125.015	2122	2	2
125.165	2123	1	2
125.165	2124	4	2
125.165	2125	2	3
125.240	2126	3	1
125.240	2127	1	3
125.315	2128	1	2
125.315	2129	2	2
125.390	2130	4	3
125.465	2131	3	2
125.465	2132	4	2
125.465	2133	1	3
125.465	2134	2	3
125.615	2135	2	1
125.615	2136	3	3
125.615	2137	4	3
125.690	2138	1	1
125.765	2139	3	2
125.765	2140	4	2
125.915	2141	2	1
125.915	2142	3	3
125.915	2143	4	3
125.990	2144	3	1
126.065	2145	1	2
126.065	2146	4	2
126.215	2147	2	1
126.215	2148	1	3
126.215	2149	4	3
126.290	2150	3	1
126.365	2151	1	2
126.365	2152	2	2
126.440	2153	1	3
126.515	2154	1	2
126.515	2155	4	2
126.515	2156	2	3
126.665	2157	2	1
126.665	2158	3	1
126.665	2159	1	3
126.665	2160	4	3
126.740	2161	1	1
126.815	2162	3	2
126.815	2163	4	2
126.965	2164	1	1
126.965	2165	2	1
126.965	2166	3	3
126.965	2167	4	3
127.040	2168	4	1
127.115	2169	2	2
127.115	2170	3	2
127.265	2171	1	1
127.265	2172	4	1
127.265	2173	2	3
127.265	2174	3	3
127.340	2175	3	1
127.415	2176	1	2
127.565	2177	2	2
127.565	2178	4	2
127.565	2179	1	3
127.640	2180	2	3
127.715	2181	2	2
127.790	2182	4	3
127.865	2183	1	2
127.865	2184	4	2
127.865	2185	2	3
128.015	2186	3	1
128.015	2187	1	3
128.015	2188	4	3
128.090	2189	2	1
128.165	2190	1	2
128.165	2191	4	2
128.315	2192	3	1
128.315	2193	1	3
128.315	2194	4	3
128.390	2195	1	1
128.465	2196	2	2
128.465	2197	3	2
128.615	2198	4	1
128.615	2199	2	3
128.615	2200	3	3
128.690	2201	1	1
128.765	2202	3	2
128.765	2203	4	2
128.840	2204	3	3
128.915	2205	2	2
128.915	2206	3	2
128.915	2207	4	3
129.065	2208	1	1
129.065	2209	4	1
129.065	2210	2	3
129.065	2211	3	3
129.140	2212	3	1
129.215	2213	1	2
129.215	2214	2	2
129.365	2215	3	1
129.365	2216	4	1
129.365	2217	1	3
129.365	2218	2	3
129.440	2219	1	1
129.515	2220	3	2
129.515	2221	4	2
129.665	2222	1	1
129.665	2223	2	1
129.665	2224	3	3
129.665	2225	4	3
129.815	2226	1	2
129.965	2227	2	2
129.965	2228	4	2
129.965	2229	1	3
130.040	2230	3	1
130.040	2231	2	3
130.115	2232	2	2
130.190	2233	4	3
130.265	2234	1	1
130.265	2235	3	2
130.265	2236	4	2
130.265	2237	2	3
130.415	2238	2	1
130.415	2239	3	3
130.415	2240	4	3
130.490	2241	3	1
130.565	2242	1	2
130.565	2243	2	1
130.565	2244	4	2
130.715	2245	3	1
130.715	2246	1	3
130.715	2247	4	3
130.790	2248	1	1
130.865	2249	2	2
130.865	2250	3	2
130.865	2251	4	1
131.015	2252	1	1
131.015	2253	2	3
131.015	2254	3	3
131.090	2255	2	1
131.165	2256	3	2
131.165	2257	4	2
131.240	2258	3	3
131.315	2259	2	2
131.315	2260	3	2
131.315	2261	4	3
131.465	2262	1	1
131.465	2263	4	1
131.465	2264	2	3
131.465	2265	3	3
131.540	2266	3	1
131.615	2267	1	2
131.615	2268	2	2
131.765	2269	3	1
131.765	2270	4	1
131.765	2271	1	3
131.765	2272	2	3
131.840	2273	1	1
131.915	2274	3	2
131.915	2275	4	2
132.065	2276	1	1
132.065	2277	2	1
132.065	2278	3	3
132.065	2279	4	3
132.215	2280	1	2
132.365	2281	2	1
132.365	2282	4	2
132.365	2283	1	3
132.440	2284	3	1
132.515	2285	2	2
132.515	2286	4	3
132.665	2287	1	1
132.665	2288	3	2
132.665	2289	4	2
132.665	2290	2	3
132.815	2291	2	1
132.815	2292	3	3
132.815	2293	4	3
132.890	2294	3	1
132.965	2295	1	2
132.965	2296	2	1
132.965	2297	4	2
133.115	2298	3	1
133.115	2299	1	3
133.115	2300	4	3
133.190	2301	1	1
133.265	2302	2	2
133.265	2303	3	2
133.265	2304	4	1
133.415	2305	1	1
133.415	2306	2	3
133.415	2307	3	3
133.490	2308	2	1
133.565	2309	3	2
133.565	2310	4	2
133.640	2311	3	3
133.715	2312	2	2
133.715	2313	3	2
133.715	2314	4	3
133.865	2315	1	1
133.865	2316	4	1
133.865	2317	2	3
133.865	2318	3	3
133.940	2319	3	1
134.015	2320	1	2
134.015	2321	2	2
134.165	2322	3	1
134.165	2323	4	1
134.165	2324	1	3
134.165	2325	2	3
134.240	2326	1	1
134.315	2327	3	2
134.315	2328	4	2
134.465	2329	1	1
134.465	2330	2	1
134.465	2331	3	3
134.465	2332	4	3
134.615	2333	2	2
134.765	2334	1	2
134.765	2335	4	2
134.765	2336	2	3
134.840	2337	2	1
134.840	2338	4	3
134.915	2339	3	2
134.915	2340	4	2
134.990	2341	1	3
135.065	2342	1	2
135.065	2343	2	2
135.065	2344	3	3
135.065	2345	4	3
135.215	2346	3	1
135.215	2347	1	3
135.215	2348	2	3
135.290	2349	4	1
135.365	2350	1	2
135.365	2351	2	2
135.515	2352	3	1
135.515	2353	1	3
135.515	2354	2	3
135.590	2355	2	1
135.665	2356	1	2
135.665	2357	4	2
135.815	2358	3	1
135.815	2359	1	3
135.815	2360	4	3
135.890	2361	2	1
135.965	2362	3	2
135.965	2363	4	2
136.040	2364	4	3
136.115	2365	1	2
136.115	2366	4	2
136.115	2367	3	3
136.265	2368	2	1
136.265	2369	3	1
136.265	2370	1	3
136.265	2371	4	3
136.340	2372	4	1
136.415	2373	1	2
136.415	2374	2	2
136.565	2375	3	1
136.565	2376	4	1
136.565	2377	1	3
136.565	2378	2	3
136.640	2379	1	1
136.715	2380	2	2
136.715	2381	3	2
136.865	2382	1	1
136.865	2383	4	1
136.865	2384	2	3
136.865	2385	3	3
136.940	2386	2	1
137.015	2387	4	2
137.165	2388	1	2
137.165	2389	3	2
137.165	2390	4	3
137.240	2391	3	3
137.315	2392	3	2
137.390	2393	1	3
137.465	2394	1	2
137.465	2395	4	2
137.465	2396	3	3
137.615	2397	2	1
137.615	2398	1	3
137.615	2399	4	3
137.690	2400	3	1
137.765	2401	1	2
137.765	2402	4	2
137.915	2403	2	1
137.915	2404	1	3
137.915	2405	4	3
137.990	2406	4	1
138.065	2407	2	2
138.065	2408	3	2
138.215	2409	1	1
138.215	2410	2	3
138.215	2411	3	3
138.290	2412	4	1
138.365	2413	1	2
138.365	2414	2	2
138.440	2415	2	3
138.515	2416	2	2
138.515	2417	3	2
138.515	2418	1	3
138.665	2419	1	1
138.665	2420	4	1
138.665	2421	2	3
138.665	2422	3	3
138.740	2423	2	1
138.815	2424	3	2
138.815	2425	4	2
138.965	2426	1	1
138.965	2427	2	1
138.965	2428	3	3
138.965	2429	4	3
139.040	2430	4	1
139.115	2431	1	2
139.115	2432	2	2
139.265	2433	3	1
139.265	2434	4	1
139.265	2435	1	3
139.265	2436	2	3
139.415	2437	4	2
139.565	2438	1	2
139.565	2439	3	1
139.565	2440	4	3
139.640	2441	2	1
139.715	2442	3	2
139.715	2443	1	3
139.865	2444	1	2
139.865	2445	2	2
139.865	2446	3	3
140.015	2447	3	1
140.015	2448	1	3
140.015	2449	2	3
140.090	2450	2	1
140.165	2451	1	2
140.165	2452	4	2
140.315	2453	2	1
140.315	2454	1	3
140.315	2455	4	3
140.390	2456	4	1
140.465	2457	2	2
140.465	2458	3	2
140.615	2459	1	1
140.615	2460	2	3
140.615	2461	3	3
140.690	2462	4	1
140.765	2463	1	2
140.765	2464	2	2
140.840	2465	2	3
140.915	2466	2	2
140.915	2467	3	2
140.915	2468	1	3
141.065	2469	1	1
141.065	2470	4	1
141.065	2471	2	3
141.065	2472	3	3
141.140	2473	2	1
141.215	2474	3	2
141.215	2475	4	2
141.365	2476	1	1
141.365	2477	2	1
141.365	2478	3	3
141.365	2479	4	3
141.440	2480	4	1
141.515	2481	1	2
141.515	2482	2	2
141.665	2483	3	1
141.665	2484	4	1
141.665	2485	1	3
141.665	2486	2	3
141.815	2487	4	2
141.965	2488	1	2
141.965	2489	3	1
141.965	2490	4	3
142.040	2491	2	1
142.115	2492	3	2
142.115	2493	1	3
142.265	2494	1	2
142.265	2495	2	2
142.265	2496	3	3
142.415	2497	3	1
142.415	2498	1	3
142.415	2499	2	3
142.490	2500	2	1
142.565	2501	1	2
142.565	2502	4	2
142.715	2503	2	1
142.715	2504	1	3
142.715	2505	4	3
142.790	2506	4	1
142.865	2507	2	2
142.865	2508	3	2
143.015	2509	1	1
143.015	2510	2	3
143.015	2511	3	3
143.090	2512	4	1
143.165	2513	1	2
143.165	2514	2	2
143.240	2515	2	3
143.315	2516	2	2
143.315	2517	3	2
143.315	2518	1	3
143.465	2519	1	1
143.465	2520	4	1
143.465	2521	2	3
143.465	2522	3	3
143.540	2523	2	1
143.615	2524	3	2
143.615	2525	4	2
143.765	2526	1	1
143.765	2527	2	1
143.765	2528	3	3
143.765	2529	4	3
143.840	2530	4	1
143.915	2531	1	2
143.915	2532	2	2
144.065	2533	3	1
144.065	2534	4	1
144.065	2535	1	3
144.065	2536	2	3
144.215	2537	3	2
144.365	2538	1	2
144.365	2539	4	2
144.365	2540	3	3
144.440	2541	2	1
144.440	2542	4	3
144.515	2543	3	2
144.515	2544	4	2
144.590	2545	1	3
144.665	2546	1	2
144.665	2547	2	2
144.665	2548	3	3
144.665	2549	4	3
144.815	2550	3	1
144.815	2551	1	3
144.815	2552	2	3
144.890	2553	4	1
144.965	2554	1	2
144.965	2555	2	2
145.115	2556	3	1
145.115	2557	1	3
145.115	2558	2	3
145.190	2559	2	1
145.265	2560	1	2
145.265	2561	4	2
145.415	2562	3	1
145.415	2563	1	3
145.415	2564	4	3
145.490	2565	2	1
145.565	2566	3	2
145.565	2567	4	2
145.640	2568	4	3
145.715	2569	1	2
145.715	2570	4	2
145.715	2571	3	3
145.865	2572	2	1
145.865	2573	3	1
145.865	2574	1	3
145.865	2575	4	3
145.940	2576	4	1
146.015	2577	1	2
146.015	2578	2	2
146.165	2579	3	1
146.165	2580	4	1
146.165	2581	1	3
146.165	2582	2	3
146.240	2583	1	1
146.315	2584	2	2
146.315	2585	3	2
146.465	2586	1	1
146.465	2587	4	1
146.465	2588	2	3
146.465	2589	3	3
146.540	2590	2	1
146.615	2591	4	2
146.765	2592	1	2
146.765	2593	3	2
146.765	2594	4	3
146.840	2595	3	3
146.915	2596	3	2
146.990	2597	1	3
147.065	2598	1	2
147.065	2599	4	2
147.065	2600	3	3
147.215	2601	2	1
147.215	2602	1	3
147.215	2603	4	3
147.290	2604	3	1
147.365	2605	1	2
147.365	2606	4	2
147.515	2607	2	1
147.515	2608	1	3
147.515	2609	4	3
147.590	2610	4	1
147.665	2611	2	2
147.665	2612	3	2
147.815	2613	1	1
147.815	2614	2	3
147.815	2615	3	3
147.890	2616	4	1
147.965	2617	1	2
147.965	2618	2	2
148.040	2619	2	3
148.115	2620	2	2
148.115	2621	3	2
148.115	2622	1	3
148.265	2623	1	1
148.265	2624	4	1
148.265	2625	2	3
148.265	2626	3	3
148.340	2627	2	1
148.415	2628	3	2
148.415	2629	4	2
148.565	2630	1	1
148.565	2631	2	1
148.565	2632	3	3
148.565	2633	4	3
148.640	2634	4	1
148.715	2635	1	2
148.715	2636	2	2
148.865	2637	3	1
148.865	2638	4	1
148.865	2639	1	3
148.865	2640	2	3
149.015	2641	4	2
149.165	2642	1	2
149.165	2643	3	1
149.165	2644	4	3
149.240	2645	2	1
149.315	2646	3	2
149.315	2647	1	3
149.465	2648	1	2
149.465	2649	2	2
149.465	2650	4	1
149.465	2651	3	3
149.615	2652	3	1
149.615	2653	1	3
149.615	2654	2	3
149.690	2655	2	1
149.765	2656	1	2
149.765	2657	3	1
149.765	2658	4	2
149.915	2659	2	1
149.915	2660	1	3
149.915	2661	4	3
149.990	2662	4	1
150.065	2663	1	1
150.065	2664	2	2
150.065	2665	3	2
150.215	2666	4	1
150.215	2667	2	3
150.215	2668	3	3
150.290	2669	3	1
150.365	2670	1	2
150.365	2671	2	2
150.440	2672	2	3
150.515	2673	2	2
150.515	2674	3	2
150.515	2675	1	3
150.665	2676	1	1
150.665	2677	4	1
150.665	2678	2	3
150.665	2679	3	3
150.740	2680	2	1
150.815	2681	3	2
150.815	2682	4	2
150.965	2683	1	1
150.965	2684	2	1
150.965	2685	3	3
150.965	2686	4	3
151.040	2687	4	1
151.115	2688	1	2
151.115	2689	2	2
151.265	2690	3	1
151.265	2691	4	1
151.265	2692	1	3
151.265	2693	2	3
151.415	2694	4	2
151.565	2695	1	2
151.565	2696	3	1
151.565	2697	4	3
151.640	2698	2	1
151.715	2699	3	2
151.715	2700	1	3
151.865	2701	1	2
151.865	2702	2	2
151.865	2703	4	1
151.865	2704	3	3
152.015	2705	3	1
152.015	2706	1	3
152.015	2707	2	3
152.090	2708	2	1
152.165	2709	1	2
152.165	2710	3	1
152.165	2711	4	2
152.315	2712	2	1
152.315	2713	1	3
152.315	2714	4	3
152.390	2715	4	1
152.465	2716	1	1
152.465	2717	2	2
152.465	2718	3	2
152.615	2719	4	1
152.615	2720	2	3
152.615	2721	3	3
152.690	2722	3	1
152.765	2723	1	2
152.765	2724	2	2
152.840	2725	2	3
152.915	2726	2	2
152.915	2727	3	2
152.915	2728	1	3
153.065	2729	1	1
153.065	2730	4	1
153.065	2731	2	3
153.065	2732	3	3
153.140	2733	2	1
153.215	2734	3	2
153.215	2735	4	2
153.365	2736	1	1
153.365	2737	2	1
153.365	2738	3	3
153.365	2739	4	3
153.440	2740	4	1
153.515	2741	1	2
153.515	2742	2	2
153.665	2743	3	1
153.665	2744	4	1
153.665	2745	1	3
153.665	2746	2	3
153.815	2747	3	2
153.965	2748	1	2
153.965	2749	4	2
153.965	2750	3	3
154.040	2751	2	1
154.115	2752	3	2
154.115	2753	4	3
154.190	2754	1	3
154.265	2755	1	2
154.265	2756	2	2
154.265	2757	4	2
154.265	2758	3	3
154.565	2759	1	3
154.565	2760	2	3
154.565	2761	4	3
156.665	2762	2	2
156.665	2763	3	2
156.665	2764	4	2
156.740	2765	2	3
156.740	2766	3	3
156.740	2767	4	3
156.815	2768	2	2
156.815	2769	3	2
156.815	2770	4	2
156.965	2771	2	3
156.965	2772	3	3
156.965	2773	4	3
157.865	2774	1	2
157.865	2775	2	2
157.865	2776	3	2
158.165	2777	1	3
158.165	2778	2	3
158.165	2779	3	3
158.315	2780	1	2
158.315	2781	2	2
158.315	2782	3	2
158.615	2783	1	3
158.615	2784	2	3
158.615	2785	3	3
158.765	2786	1	2
158.765	2787	2	2
158.765	2788	3	2
158.915	2789	1	3
158.915	2790	2	3
159.065	2791	1	2
159.065	2792	2	2
159.065	2793	4	2
159.065	2794	3	3
159.140	2795	1	3
159.140	2796	2	3
159.140	2797	4	3
159.215	2798	1	2
159.215	2799	2	2
159.215	2800	4	2
159.365	2801	3	1
159.365	2802	1	3
159.365	2803	2	3
159.365	2804	4	3
159.665	2805	3	1
159.965	2806	3	1
160.265	2807	1	1
160.565	2808	1	1
160.865	2809	1	1
161.165	2810	1	1
161.465	2811	2	2
161.465	2812	3	2
161.465	2813	4	2
161.540	2814	2	3
161.540	2815	3	3
161.540	2816	4	3
161.615	2817	2	2
161.615	2818	3	2
161.615	2819	4	2
161.765	2820	1	1
161.765	2821	2	3
161.765	2822	3	3
161.765	2823	4	3
162.065	2824	4	1
162.365	2825	4	1
162.665	2826	1	2
162.665	2827	2	2
162.665	2828	3	2
162.815	2829	4	1
162.815	2830	1	3
162.815	2831	2	3
162.815	2832	3	3
162.890	2833	1	1
162.965	2834	3	1
162.965	2835	4	1
163.115	2836	1	2
163.115	2837	2	2
163.115	2838	3	2
163.265	2839	4	1
163.265	2840	1	3
163.265	2841	2	3
163.265	2842	3	3
163.340	2843	1	1
163.415	2844	3	1
163.415	2845	4	1
163.565	2846	1	2
163.565	2847	2	2
163.565	2848	3	2
163.715	2849	4	1
163.715	2850	1	3
163.715	2851	2	3
163.715	2852	3	3
163.790	2853	1	1
163.865	2854	2	1
163.865	2855	3	2
163.865	2856	4	2
164.165	2857	3	3
164.165	2858	4	3
164.315	2859	1	2
164.315	2860	2	2
164.315	2861	3	1
164.615	2862	1	3
164.615	2863	2	3
164.765	2864	1	2
164.765	2865	3	1
164.765	2866	4	2
165.065	2867	1	3
165.065	2868	4	3