Song Name	Rikka (Make you go) (Hard) by Project Skylate
Difficulty	26
Primary Color	Rush
Secondary Color	Rush
Last Note Time	142.892
Total Notes	1873
Fever Fill	409
Fever Time	21.433800
Long Notes	646
BPM	132
Song Length	146.583446712

Timing Points
1.074	454.545455


Song Data
0.164	1	2	1
0.221	2	3	1
0.846	3	1	1
1.074	4	1	2
1.074	5	4	2
1.301	6	3	2
1.301	7	1	3
1.301	8	4	3
1.414	9	1	1
1.528	10	4	2
1.528	11	3	3
1.755	12	2	2
1.755	13	3	2
1.755	14	4	3
1.983	15	1	2
1.983	16	2	3
1.983	17	3	3
2.096	18	1	3
2.210	19	1	2
2.437	20	3	2
2.437	21	1	3
2.551	22	3	3
2.664	23	2	2
2.664	24	3	2
2.892	25	1	2
2.892	26	4	2
2.892	27	2	3
2.892	28	3	3
3.119	29	2	2
3.119	30	1	3
3.119	31	4	3
3.233	32	4	1
3.346	33	1	2
3.346	34	2	3
3.574	35	2	2
3.574	36	3	2
3.574	37	1	3
3.801	38	4	2
3.801	39	2	3
3.801	40	3	3
3.914	41	4	3
4.028	42	4	2
4.255	43	4	3
4.483	44	2	2
4.596	45	2	3
4.710	46	2	2
4.710	47	3	2
4.937	48	1	2
4.937	49	2	3
4.937	50	3	3
5.051	51	3	1
5.164	52	2	2
5.164	53	1	3
5.392	54	1	2
5.392	55	4	2
5.392	56	2	3
5.619	57	3	2
5.619	58	1	3
5.619	59	4	3
5.733	60	3	3
5.846	61	3	2
6.074	62	1	2
6.074	63	2	2
6.074	64	3	3
6.187	65	1	3
6.301	66	1	2
6.301	67	4	2
6.301	68	2	3
6.528	69	2	2
6.528	70	3	2
6.528	71	1	3
6.528	72	4	3
6.755	73	4	2
6.755	74	2	3
6.755	75	3	3
6.869	76	2	1
6.983	77	3	2
6.983	78	4	3
7.210	79	1	2
7.210	80	4	2
7.210	81	3	3
7.437	82	2	2
7.437	83	3	2
7.437	84	1	3
7.437	85	4	3
7.551	86	2	3
7.664	87	2	2
7.664	88	3	3
7.892	89	1	2
7.892	90	4	2
7.892	91	2	3
8.005	92	1	3
8.119	93	1	1
8.119	94	4	3
8.233	95	2	1
8.346	96	1	2
8.346	97	4	2
8.574	98	3	2
8.574	99	1	3
8.574	100	4	3
8.687	101	1	1
8.801	102	2	1
8.801	103	4	2
8.801	104	3	3
9.028	105	2	2
9.028	106	3	2
9.028	107	4	3
9.142	108	3	3
9.255	109	1	2
9.255	110	3	1
9.255	111	2	3
9.369	112	1	3
9.483	113	1	2
9.710	114	3	2
9.710	115	4	1
9.710	116	1	3
9.824	117	3	3
9.937	118	2	2
9.937	119	3	2
10.164	120	1	2
10.164	121	4	2
10.164	122	2	3
10.164	123	3	3
10.392	124	2	2
10.392	125	1	3
10.392	126	4	3
10.505	127	4	1
10.619	128	1	2
10.619	129	3	1
10.619	130	2	3
10.846	131	2	2
10.846	132	3	2
10.846	133	1	3
10.960	134	2	3
11.074	135	2	2
11.074	136	4	2
11.074	137	3	3
11.187	138	4	3
11.301	139	4	2
11.301	140	2	3
11.414	141	2	1
11.528	142	1	1
11.528	143	3	1
11.528	144	4	3
11.755	145	2	2
11.869	146	4	1
11.869	147	2	3
11.983	148	2	2
11.983	149	3	2
12.210	150	1	2
12.210	151	2	3
12.210	152	3	3
12.324	153	3	1
12.437	154	2	2
12.437	155	4	1
12.437	156	1	3
12.664	157	1	2
12.664	158	4	2
12.664	159	2	3
12.892	160	2	1
12.892	161	3	2
12.892	162	1	3
12.892	163	4	3
13.005	164	3	3
13.119	165	3	2
13.346	166	1	2
13.346	167	2	2
13.346	168	3	3
13.460	169	1	3
13.574	170	1	2
13.574	171	4	2
13.574	172	2	3
13.801	173	2	2
13.801	174	3	2
13.801	175	1	3
13.801	176	4	3
14.028	177	4	2
14.028	178	2	3
14.028	179	3	3
14.142	180	2	1
14.255	181	1	1
14.255	182	3	2
14.255	183	4	3
14.483	184	1	2
14.483	185	4	2
14.483	186	3	3
14.710	187	2	2
14.710	188	3	2
14.710	189	1	3
14.710	190	4	3
14.824	191	2	3
14.937	192	2	2
14.937	193	3	3
15.164	194	1	1
15.164	195	4	1
15.164	196	2	3
15.221	197	3	1
15.278	198	2	1
15.392	199	4	1
15.449	200	1	1
15.505	201	3	1
15.619	202	1	2
15.619	203	2	1
15.619	204	4	2
15.846	205	2	2
15.846	206	1	3
15.846	207	4	3
15.960	208	4	2
16.074	209	1	2
16.074	210	2	3
16.074	211	4	3
16.301	212	2	2
16.301	213	4	1
16.301	214	1	3
16.414	215	4	1
16.528	216	3	2
16.528	217	2	3
16.642	218	3	3
16.755	219	3	2
16.983	220	1	2
16.983	221	3	3
17.210	222	2	2
17.210	223	3	2
17.210	224	1	3
17.437	225	1	2
17.437	226	4	2
17.437	227	2	3
17.437	228	3	3
17.664	229	3	2
17.664	230	1	3
17.664	231	4	3
17.778	232	1	2
17.892	233	4	2
17.892	234	1	3
17.892	235	3	3
18.119	236	1	1
18.119	237	3	2
18.119	238	4	3
18.233	239	1	1
18.346	240	2	2
18.346	241	3	3
18.460	242	2	3
18.574	243	2	2
18.687	244	2	3
18.801	245	1	1
18.801	246	2	1
18.801	247	3	1
18.801	248	4	1
19.028	249	2	1
19.142	250	2	1
19.255	251	1	2
19.255	252	3	1
19.255	253	4	2
19.483	254	2	2
19.483	255	1	3
19.483	256	4	3
19.596	257	4	1
19.710	258	1	2
19.710	259	3	1
19.710	260	2	3
19.937	261	2	2
19.937	262	4	2
19.937	263	1	3
20.051	264	2	3
20.164	265	2	1
20.164	266	3	2
20.164	267	4	3
20.278	268	3	3
20.392	269	3	2
20.619	270	1	1
20.619	271	4	1
20.619	272	3	3
20.676	273	2	1
20.733	274	3	1
20.846	275	1	1
20.903	276	4	1
20.960	277	2	1
21.074	278	1	2
21.074	279	3	2
21.074	280	4	1
21.187	281	3	3
21.301	282	3	2
21.528	283	2	1
21.528	284	4	2
21.528	285	1	3
21.528	286	3	3
21.642	287	1	1
21.755	288	3	2
21.755	289	4	3
21.869	290	1	1
21.983	291	2	2
21.983	292	4	2
21.983	293	3	3
22.096	294	2	3
22.210	295	2	2
22.210	296	4	3
22.437	297	1	1
22.437	298	4	1
22.437	299	2	3
22.494	300	3	1
22.551	301	2	1
22.664	302	3	1
22.721	303	2	1
22.778	304	1	1
22.892	305	2	2
22.892	306	3	1
22.892	307	4	2
23.119	308	1	2
23.119	309	2	3
23.119	310	4	3
23.233	311	4	2
23.346	312	2	2
23.346	313	1	3
23.346	314	4	3
23.574	315	1	2
23.574	316	4	1
23.574	317	2	3
23.687	318	4	1
23.801	319	2	2
23.801	320	3	2
23.801	321	1	3
23.914	322	2	3
24.028	323	2	2
24.028	324	3	3
24.255	325	3	2
24.255	326	2	3
24.483	327	2	2
24.483	328	4	2
24.483	329	3	3
24.710	330	1	2
24.710	331	3	2
24.710	332	2	3
24.710	333	4	3
24.937	334	4	2
24.937	335	1	3
24.937	336	3	3
25.051	337	1	2
25.164	338	3	2
25.164	339	1	3
25.164	340	4	3
25.392	341	1	1
25.392	342	4	2
25.392	343	3	3
25.505	344	1	1
25.505	345	4	3
25.619	346	2	2
25.619	347	3	2
25.619	348	4	2
25.846	349	2	3
25.846	350	3	3
25.846	351	4	3
25.960	352	1	2
25.960	353	2	2
25.960	354	3	2
26.074	355	4	1
26.187	356	1	3
26.187	357	2	3
26.187	358	3	3
26.301	359	1	1
26.301	360	3	1
26.301	361	4	1
26.414	362	2	1
26.528	363	1	2
26.528	364	3	1
26.528	365	4	2
26.755	366	2	2
26.755	367	1	3
26.755	368	4	3
26.869	369	4	1
26.983	370	1	2
26.983	371	3	1
26.983	372	2	3
27.210	373	2	2
27.210	374	4	2
27.210	375	1	3
27.324	376	4	3
27.437	377	1	2
27.437	378	4	2
27.437	379	2	3
27.551	380	1	3
27.664	381	1	2
27.664	382	4	3
27.892	383	2	2
27.892	384	3	2
27.892	385	1	3
28.005	386	3	3
28.119	387	1	2
28.119	388	3	2
28.119	389	2	3
28.233	390	1	3
28.346	391	1	2
28.346	392	4	2
28.346	393	3	3
28.574	394	3	2
28.574	395	1	3
28.574	396	4	3
28.687	397	1	1
28.801	398	2	1
28.801	399	4	2
28.801	400	3	3
29.028	401	1	2
29.028	402	3	2
29.028	403	4	3
29.142	404	1	3
29.255	405	1	2
29.255	406	4	2
29.255	407	3	3
29.369	408	4	3
29.483	409	2	2
29.483	410	4	2
29.483	411	1	3
29.596	412	2	3
29.710	413	2	2
29.710	414	3	2
29.710	415	4	3
29.824	416	3	3
29.937	417	1	2
29.937	418	3	2
29.937	419	2	3
30.051	420	1	3
30.164	421	1	2
30.164	422	4	2
30.164	423	3	3
30.278	424	4	3
30.392	425	4	2
30.392	426	1	3
30.619	427	2	2
30.619	428	3	2
30.619	429	4	3
30.733	430	3	3
30.846	431	3	2
31.074	432	1	2
31.074	433	4	2
31.074	434	2	3
31.074	435	3	3
31.187	436	1	3
31.301	437	1	1
31.301	438	2	1
31.301	439	3	1
31.301	440	4	3
31.528	441	2	2
31.528	442	3	2
31.528	443	4	2
31.642	444	2	3
31.755	445	2	2
31.755	446	3	3
31.869	447	4	3
31.983	448	1	2
31.983	449	3	1
31.983	450	4	1
31.983	451	2	3
32.134	452	4	1
32.210	453	3	2
32.210	454	1	3
32.324	455	4	1
32.437	456	1	1
32.437	457	2	2
32.437	458	3	3
32.589	459	4	1
32.664	460	1	2
32.892	461	3	1
32.892	462	4	1
32.892	463	1	3
32.892	464	2	3
33.043	465	3	1
33.233	466	3	1
33.346	467	1	2
33.346	468	2	1
33.498	469	3	1
33.574	470	4	2
33.801	471	2	1
33.801	472	3	2
33.801	473	1	3
33.801	474	4	3
33.952	475	2	1
34.142	476	2	1
34.255	477	1	1
34.255	478	4	1
34.407	479	2	1
34.483	480	4	2
34.710	481	1	1
34.710	482	2	2
34.710	483	3	3
34.710	484	4	3
34.861	485	1	1
34.937	486	4	2
34.937	487	2	3
35.051	488	1	1
35.164	489	2	1
35.164	490	3	2
35.164	491	4	3
35.316	492	1	1
35.392	493	2	2
35.392	494	3	3
35.619	495	1	2
35.619	496	4	1
35.619	497	2	3
35.770	498	4	1
35.846	499	2	2
35.846	500	1	3
35.960	501	4	1
36.074	502	1	2
36.074	503	3	1
36.074	504	2	3
36.225	505	4	1
36.301	506	2	2
36.301	507	1	3
36.528	508	3	1
36.528	509	4	2
36.528	510	2	3
36.680	511	3	1
36.755	512	2	2
36.755	513	4	3
36.869	514	3	1
36.983	515	1	2
36.983	516	4	1
36.983	517	2	3
37.096	518	2	2
37.096	519	1	3
37.210	520	4	2
37.210	521	2	3
37.324	522	3	2
37.437	523	1	2
37.437	524	2	2
37.437	525	3	3
37.437	526	4	3
37.551	527	3	1
37.551	528	2	3
37.664	529	3	1
37.778	530	2	1
37.892	531	3	2
37.892	532	4	2
37.892	533	1	3
38.005	534	3	3
38.119	535	3	2
38.346	536	1	2
38.346	537	2	1
38.346	538	3	3
38.346	539	4	3
38.460	540	4	2
38.460	541	1	3
38.574	542	1	2
38.574	543	3	1
38.574	544	4	3
38.687	545	4	2
38.687	546	1	3
38.801	547	1	2
38.801	548	3	1
38.801	549	4	3
38.914	550	3	1
39.142	551	3	1
39.142	552	1	3
39.255	553	1	1
39.255	554	2	1
39.255	555	4	2
39.407	556	1	1
39.483	557	2	2
39.483	558	4	3
39.596	559	1	1
39.710	560	3	2
39.710	561	4	1
39.710	562	2	3
39.861	563	1	1
39.937	564	4	2
40.164	565	1	1
40.164	566	2	1
40.164	567	3	3
40.164	568	4	3
40.316	569	2	1
40.505	570	2	1
40.619	571	3	1
40.619	572	4	2
40.770	573	2	1
40.846	574	1	2
41.074	575	2	2
41.074	576	3	1
41.074	577	1	3
41.074	578	4	3
41.225	579	3	1
41.414	580	3	1
41.680	581	3	1
41.755	582	1	2
41.983	583	3	2
41.983	584	4	2
41.983	585	1	3
41.983	586	2	3
42.210	587	1	2
42.210	588	3	3
42.210	589	4	3
42.324	590	2	2
42.324	591	3	2
42.324	592	1	3
42.551	593	4	2
42.551	594	2	3
42.551	595	3	3
42.664	596	1	2
42.664	597	2	2
42.664	598	4	3
42.778	599	1	3
42.892	600	1	1
42.892	601	4	2
42.892	602	2	3
43.043	603	1	1
43.119	604	3	2
43.119	605	4	3
43.233	606	1	1
43.346	607	4	2
43.346	608	3	3
43.498	609	1	1
43.574	610	3	2
43.574	611	4	3
43.801	612	1	2
43.801	613	2	1
43.801	614	3	3
43.914	615	3	1
44.028	616	3	2
44.028	617	1	3
44.142	618	1	1
44.255	619	4	2
44.255	620	3	3
44.369	621	3	2
44.369	622	4	3
44.483	623	1	2
44.483	624	3	3
44.596	625	2	2
44.710	626	3	2
44.710	627	4	2
44.710	628	1	3
44.710	629	2	3
44.824	630	2	1
44.824	631	3	3
44.937	632	2	1
45.051	633	3	1
45.164	634	1	2
45.164	635	2	2
45.164	636	4	3
45.278	637	2	3
45.392	638	2	2
45.619	639	3	1
45.619	640	4	2
45.619	641	1	3
45.619	642	2	3
45.733	643	1	2
45.733	644	4	3
45.846	645	2	1
45.846	646	4	2
45.846	647	1	3
45.960	648	1	2
45.960	649	4	3
46.074	650	2	1
46.074	651	4	2
46.074	652	1	3
46.187	653	2	1
46.301	654	1	1
46.301	655	3	1
46.414	656	3	1
46.414	657	4	3
46.528	658	1	1
46.528	659	2	1
46.528	660	4	2
46.680	661	1	1
46.755	662	2	2
46.755	663	4	3
46.869	664	1	1
46.983	665	3	2
46.983	666	4	1
46.983	667	2	3
47.134	668	1	1
47.210	669	4	2
47.437	670	1	1
47.437	671	2	1
47.437	672	3	3
47.437	673	4	3
47.589	674	2	1
47.778	675	2	1
47.892	676	3	1
47.892	677	4	2
48.043	678	2	1
48.119	679	1	2
48.346	680	2	2
48.346	681	3	1
48.346	682	1	3
48.346	683	4	3
48.498	684	3	1
48.687	685	3	1
48.801	686	1	1
48.801	687	4	1
48.952	688	3	1
49.028	689	1	2
49.255	690	3	2
49.255	691	4	1
49.255	692	1	3
49.255	693	2	3
49.407	694	4	1
49.483	695	1	2
49.483	696	3	3
49.596	697	4	1
49.710	698	2	2
49.710	699	3	1
49.710	700	1	3
49.861	701	4	1
49.937	702	3	2
49.937	703	2	3
50.164	704	1	1
50.164	705	4	2
50.164	706	3	3
50.316	707	1	1
50.392	708	3	2
50.392	709	4	3
50.505	710	1	1
50.619	711	2	1
50.619	712	4	2
50.619	713	3	3
50.770	714	1	1
50.846	715	3	2
50.846	716	4	3
51.074	717	1	2
51.074	718	2	1
51.074	719	3	3
51.225	720	2	1
51.301	721	3	2
51.301	722	1	3
51.414	723	2	1
51.528	724	1	1
51.528	725	4	2
51.528	726	3	3
51.642	727	3	2
51.642	728	4	3
51.755	729	1	2
51.755	730	3	3
51.869	731	2	2
51.983	732	3	2
51.983	733	4	2
51.983	734	1	3
51.983	735	2	3
52.096	736	2	1
52.096	737	3	3
52.210	738	2	1
52.324	739	3	1
52.437	740	1	2
52.437	741	2	2
52.437	742	4	3
52.551	743	2	3
52.664	744	2	2
52.892	745	3	1
52.892	746	4	2
52.892	747	1	3
52.892	748	2	3
53.005	749	1	2
53.005	750	4	3
53.119	751	2	1
53.119	752	4	2
53.119	753	1	3
53.233	754	1	2
53.233	755	4	3
53.346	756	2	1
53.346	757	4	2
53.346	758	1	3
53.460	759	2	1
53.687	760	2	1
53.687	761	4	3
53.801	762	1	2
53.801	763	3	1
53.801	764	4	1
53.952	765	4	1
54.028	766	3	2
54.028	767	1	3
54.142	768	4	1
54.255	769	1	1
54.255	770	2	2
54.255	771	3	3
54.407	772	4	1
54.483	773	1	2
54.710	774	3	1
54.710	775	4	1
54.710	776	1	3
54.710	777	2	3
54.861	778	3	1
55.051	779	3	1
55.164	780	1	2
55.164	781	2	1
55.316	782	3	1
55.392	783	4	2
55.619	784	2	1
55.619	785	3	2
55.619	786	1	3
55.619	787	4	3
55.770	788	2	1
55.960	789	2	1
56.225	790	2	1
56.301	791	4	2
56.528	792	1	2
56.528	793	2	2
56.528	794	3	3
56.528	795	4	3
56.755	796	4	2
56.755	797	1	3
56.755	798	2	3
56.869	799	2	2
56.869	800	3	2
56.869	801	4	3
57.096	802	1	2
57.096	803	2	3
57.096	804	3	3
57.210	805	3	2
57.210	806	4	2
57.210	807	1	3
57.324	808	4	3
57.437	809	1	2
57.437	810	4	2
57.437	811	3	3
57.664	812	2	2
57.664	813	1	3
57.664	814	4	3
57.778	815	4	1
57.892	816	1	2
57.892	817	2	3
58.043	818	4	1
58.119	819	2	2
58.119	820	1	3
58.346	821	3	1
58.346	822	4	2
58.346	823	2	3
58.460	824	2	1
58.574	825	2	2
58.574	826	4	3
58.687	827	4	1
58.801	828	1	2
58.801	829	2	3
58.914	830	2	2
58.914	831	1	3
59.028	832	4	2
59.028	833	2	3
59.142	834	3	2
59.255	835	1	2
59.255	836	2	2
59.255	837	3	3
59.255	838	4	3
59.369	839	3	1
59.369	840	2	3
59.483	841	3	2
59.483	842	1	3
59.596	843	1	1
59.710	844	4	2
59.710	845	3	3
59.937	846	3	2
59.937	847	4	3
60.164	848	1	1
60.164	849	2	1
60.164	850	3	3
60.240	851	4	1
60.316	852	3	1
60.392	853	1	1
60.449	854	4	1
60.505	855	2	1
60.562	856	3	1
60.619	857	1	1
60.619	858	4	1
60.733	859	1	1
60.733	860	3	1
60.846	861	2	2
60.846	862	4	2
60.960	863	2	3
61.074	864	2	1
61.074	865	4	3
61.528	866	2	1
61.983	867	2	1
62.210	868	1	1
62.210	869	4	1
62.437	870	1	2
62.437	871	4	2
62.551	872	1	3
62.664	873	4	3
62.892	874	1	1
62.892	875	2	2
63.119	876	2	3
63.233	877	4	2
63.346	878	1	1
63.346	879	2	1
63.460	880	4	3
63.574	881	3	2
63.687	882	4	2
63.801	883	1	1
63.801	884	2	1
63.801	885	3	3
63.801	886	4	3
64.028	887	4	2
64.255	888	1	1
64.255	889	2	2
64.483	890	3	2
64.483	891	2	3
64.483	892	4	3
64.596	893	1	2
64.596	894	3	3
64.710	895	3	1
64.710	896	4	1
64.710	897	1	3
65.051	898	2	2
65.164	899	3	1
65.164	900	4	2
65.392	901	1	2
65.392	902	2	3
65.392	903	4	3
65.543	904	2	1
65.619	905	3	2
65.619	906	4	1
65.619	907	1	3
65.846	908	1	1
65.846	909	4	2
65.846	910	3	3
66.074	911	2	1
66.074	912	3	2
66.074	913	4	3
66.187	914	2	1
66.301	915	1	2
66.301	916	3	3
66.414	917	4	1
66.414	918	1	3
66.528	919	1	1
66.528	920	2	2
66.755	921	2	3
66.869	922	4	2
66.983	923	1	1
66.983	924	2	1
67.096	925	4	3
67.210	926	3	2
67.324	927	4	2
67.437	928	1	1
67.437	929	2	1
67.437	930	3	3
67.437	931	4	3
67.664	932	4	2
67.892	933	1	1
67.892	934	2	2
68.119	935	3	2
68.119	936	2	3
68.119	937	4	3
68.233	938	1	2
68.233	939	3	3
68.346	940	3	2
68.346	941	4	2
68.346	942	1	3
68.574	943	3	3
68.574	944	4	3
68.687	945	2	2
68.687	946	3	2
68.801	947	1	1
68.801	948	4	1
68.801	949	2	3
68.801	950	3	3
69.028	951	3	1
69.142	952	3	1
69.255	953	1	1
69.255	954	2	2
69.483	955	1	1
69.483	956	4	1
69.483	957	2	3
69.710	958	1	1
69.710	959	4	1
69.824	960	2	1
69.937	961	3	1
70.051	962	2	1
70.164	963	3	2
70.164	964	4	1
70.392	965	3	3
70.505	966	1	2
70.619	967	3	1
70.619	968	4	1
70.733	969	1	3
70.846	970	2	2
70.960	971	1	2
71.074	972	3	1
71.074	973	4	1
71.074	974	1	3
71.074	975	2	3
71.301	976	1	2
71.528	977	3	2
71.528	978	4	1
71.755	979	2	2
71.755	980	1	3
71.755	981	3	3
71.869	982	4	2
71.869	983	2	3
71.983	984	1	1
71.983	985	2	1
71.983	986	4	3
72.324	987	3	2
72.437	988	1	2
72.437	989	2	1
72.664	990	4	2
72.664	991	1	3
72.664	992	3	3
72.816	993	3	1
72.892	994	1	1
72.892	995	2	2
72.892	996	4	3
73.119	997	1	2
73.119	998	4	1
73.119	999	2	3
73.346	1000	2	1
73.346	1001	3	1
73.346	1002	1	3
73.460	1003	3	1
73.574	1004	4	1
73.687	1005	1	1
73.801	1006	3	2
73.801	1007	4	1
74.028	1008	3	3
74.142	1009	1	2
74.255	1010	3	1
74.255	1011	4	1
74.369	1012	1	3
74.483	1013	2	2
74.596	1014	1	2
74.710	1015	3	1
74.710	1016	4	1
74.710	1017	1	3
74.710	1018	2	3
74.937	1019	1	2
75.164	1020	3	2
75.164	1021	4	1
75.392	1022	2	2
75.392	1023	1	3
75.392	1024	3	3
75.505	1025	4	2
75.505	1026	2	3
75.619	1027	1	2
75.619	1028	2	2
75.619	1029	4	3
75.846	1030	4	2
75.846	1031	2	3
75.960	1032	2	2
75.960	1033	3	2
75.960	1034	1	3
75.960	1035	4	3
76.074	1036	1	1
76.074	1037	4	1
76.074	1038	2	3
76.074	1039	3	3
76.301	1040	2	1
76.414	1041	2	1
76.528	1042	1	1
76.528	1043	3	1
76.528	1044	4	1
76.680	1045	3	1
76.680	1046	4	1
76.831	1047	1	1
76.831	1048	3	1
76.831	1049	4	1
76.983	1050	1	1
76.983	1051	2	1
77.134	1052	1	1
77.134	1053	2	1
77.134	1054	4	1
77.286	1055	2	1
77.286	1056	4	1
77.437	1057	1	2
77.437	1058	3	1
77.437	1059	4	2
77.664	1060	3	2
77.664	1061	4	3
77.778	1062	2	2
77.778	1063	1	3
77.892	1064	1	1
77.892	1065	4	2
77.892	1066	2	3
77.892	1067	3	3
78.119	1068	1	2
78.119	1069	3	2
78.119	1070	4	3
78.233	1071	2	2
78.233	1072	3	3
78.346	1073	3	2
78.346	1074	4	2
78.346	1075	1	3
78.346	1076	2	3
78.460	1077	4	3
78.574	1078	1	2
78.574	1079	4	2
78.574	1080	3	3
78.801	1081	2	2
78.801	1082	3	2
78.801	1083	1	3
78.801	1084	4	3
78.914	1085	2	3
79.028	1086	1	2
79.028	1087	2	2
79.028	1088	3	3
79.255	1089	3	1
79.255	1090	4	2
79.255	1091	1	3
79.255	1092	2	3
79.483	1093	3	2
79.483	1094	4	3
79.596	1095	1	2
79.710	1096	2	2
79.710	1097	4	2
79.710	1098	1	3
79.710	1099	3	3
79.824	1100	2	3
79.937	1101	2	2
79.937	1102	3	1
79.937	1103	4	3
80.089	1104	4	1
80.164	1105	1	2
80.164	1106	3	2
80.164	1107	2	3
80.278	1108	1	3
80.392	1109	1	2
80.392	1110	4	1
80.392	1111	3	3
80.619	1112	2	1
80.619	1113	3	2
80.619	1114	1	3
80.733	1115	2	1
80.846	1116	1	2
80.846	1117	3	3
80.960	1118	3	1
80.960	1119	1	3
81.074	1120	1	2
81.074	1121	4	2
81.301	1122	2	2
81.301	1123	1	3
81.414	1124	3	2
81.414	1125	4	3
81.528	1126	1	2
81.528	1127	4	1
81.528	1128	2	3
81.528	1129	3	3
81.755	1130	2	2
81.755	1131	4	2
81.755	1132	1	3
81.869	1133	3	2
81.869	1134	2	3
81.983	1135	1	2
81.983	1136	2	2
81.983	1137	3	3
81.983	1138	4	3
82.096	1139	1	3
82.210	1140	1	2
82.210	1141	4	2
82.210	1142	2	3
82.437	1143	2	2
82.437	1144	3	2
82.437	1145	1	3
82.437	1146	4	3
82.551	1147	3	3
82.664	1148	3	2
82.664	1149	4	2
82.664	1150	2	3
82.892	1151	1	2
82.892	1152	2	2
82.892	1153	3	3
82.892	1154	4	3
83.005	1155	2	3
83.119	1156	2	2
83.119	1157	1	3
83.233	1158	1	2
83.233	1159	4	2
83.233	1160	2	3
83.346	1161	2	1
83.346	1162	3	2
83.346	1163	1	3
83.346	1164	4	3
83.460	1165	3	3
83.574	1166	3	2
83.574	1167	4	2
83.687	1168	4	3
83.801	1169	1	2
83.801	1170	4	2
83.801	1171	3	3
84.028	1172	2	2
84.028	1173	3	2
84.028	1174	1	3
84.028	1175	4	3
84.142	1176	2	3
84.142	1177	3	3
84.255	1178	2	2
84.255	1179	3	2
84.369	1180	1	1
84.369	1181	2	3
84.483	1182	4	1
84.483	1183	3	3
84.596	1184	3	1
84.710	1185	1	2
84.710	1186	2	1
84.710	1187	4	2
84.937	1188	2	2
84.937	1189	1	3
85.051	1190	3	2
85.051	1191	4	3
85.164	1192	1	2
85.164	1193	4	1
85.164	1194	2	3
85.164	1195	3	3
85.392	1196	2	2
85.392	1197	4	2
85.392	1198	1	3
85.505	1199	3	2
85.505	1200	2	3
85.619	1201	1	2
85.619	1202	2	2
85.619	1203	3	3
85.619	1204	4	3
85.733	1205	1	3
85.846	1206	1	2
85.846	1207	4	2
85.846	1208	2	3
86.074	1209	2	2
86.074	1210	3	2
86.074	1211	1	3
86.074	1212	4	3
86.187	1213	3	3
86.301	1214	3	2
86.301	1215	4	2
86.301	1216	2	3
86.528	1217	1	2
86.528	1218	2	1
86.528	1219	3	3
86.528	1220	4	3
86.755	1221	2	2
86.755	1222	1	3
86.869	1223	4	2
86.983	1224	1	2
86.983	1225	3	2
86.983	1226	2	3
86.983	1227	4	3
87.096	1228	3	3
87.210	1229	2	1
87.210	1230	3	2
87.210	1231	1	3
87.361	1232	1	1
87.437	1233	2	2
87.437	1234	4	2
87.437	1235	3	3
87.551	1236	4	3
87.664	1237	1	1
87.664	1238	4	2
87.664	1239	2	3
87.892	1240	2	2
87.892	1241	3	1
87.892	1242	4	3
88.005	1243	3	1
88.119	1244	4	2
88.119	1245	2	3
88.233	1246	2	1
88.233	1247	4	3
88.346	1248	1	2
88.346	1249	4	2
88.574	1250	3	2
88.574	1251	4	3
88.687	1252	2	2
88.687	1253	1	3
88.801	1254	1	1
88.801	1255	4	2
88.801	1256	2	3
88.801	1257	3	3
89.028	1258	1	2
89.028	1259	3	2
89.028	1260	4	3
89.142	1261	2	2
89.142	1262	3	3
89.255	1263	3	2
89.255	1264	4	2
89.255	1265	1	3
89.255	1266	2	3
89.369	1267	4	3
89.483	1268	1	2
89.483	1269	4	2
89.483	1270	3	3
89.710	1271	2	2
89.710	1272	3	2
89.710	1273	1	3
89.710	1274	4	3
89.824	1275	2	3
89.937	1276	1	2
89.937	1277	2	2
89.937	1278	3	3
90.164	1279	3	2
90.164	1280	4	2
90.164	1281	1	3
90.164	1282	2	3
90.278	1283	3	3
90.392	1284	3	2
90.392	1285	4	3
90.505	1286	1	2
90.505	1287	4	2
90.505	1288	3	3
90.619	1289	2	2
90.619	1290	3	1
90.619	1291	1	3
90.619	1292	4	3
90.733	1293	2	3
90.846	1294	1	1
90.846	1295	2	2
90.998	1296	3	1
91.074	1297	1	2
91.074	1298	4	2
91.074	1299	2	3
91.187	1300	3	1
91.301	1301	2	2
91.301	1302	1	3
91.301	1303	4	3
91.414	1304	3	1
91.414	1305	2	3
91.528	1306	2	1
91.528	1307	4	1
91.642	1308	1	1
91.755	1309	3	1
91.755	1310	4	1
91.869	1311	1	1
91.983	1312	2	2
91.983	1313	3	1
91.983	1314	4	2
92.096	1315	2	3
92.210	1316	1	2
92.324	1317	4	3
92.437	1318	2	2
92.437	1319	4	2
92.437	1320	1	3
92.551	1321	2	3
92.664	1322	1	2
92.778	1323	4	3
92.892	1324	4	2
92.892	1325	1	3
93.119	1326	2	2
93.119	1327	3	2
93.119	1328	4	3
93.233	1329	2	3
93.233	1330	3	3
93.346	1331	2	2
93.346	1332	3	2
93.574	1333	1	2
93.574	1334	2	3
93.687	1335	1	3
93.801	1336	1	2
93.801	1337	4	2
93.801	1338	3	3
93.914	1339	4	3
94.028	1340	3	2
94.142	1341	1	3
94.255	1342	1	2
94.255	1343	4	2
94.255	1344	3	3
94.369	1345	3	1
94.369	1346	4	3
94.483	1347	2	2
94.596	1348	3	1
94.596	1349	1	3
94.710	1350	1	2
94.710	1351	4	1
94.710	1352	2	3
94.937	1353	2	2
94.937	1354	4	1
94.937	1355	1	3
95.164	1356	1	1
95.164	1357	3	2
95.164	1358	2	3
95.392	1359	1	1
95.392	1360	4	2
95.392	1361	3	3
95.505	1362	4	3
95.619	1363	2	2
95.619	1364	3	1
95.619	1365	4	2
95.733	1366	2	3
95.846	1367	1	2
95.846	1368	4	3
96.074	1369	2	2
96.074	1370	4	2
96.074	1371	1	3
96.187	1372	2	3
96.301	1373	1	2
96.301	1374	4	3
96.528	1375	4	2
96.528	1376	1	3
96.642	1377	2	1
96.642	1378	4	3
96.755	1379	3	2
96.869	1380	2	1
96.869	1381	3	3
96.983	1382	1	1
96.983	1383	4	2
97.134	1384	1	2
97.286	1385	1	3
97.286	1386	4	3
97.437	1387	1	2
97.551	1388	1	3
97.664	1389	3	2
97.778	1390	3	3
97.892	1391	1	2
97.892	1392	2	2
98.005	1393	1	3
98.119	1394	1	1
98.119	1395	2	3
98.233	1396	4	1
98.346	1397	1	2
98.346	1398	2	2
98.346	1399	3	2
98.460	1400	1	3
98.574	1401	1	1
98.574	1402	4	1
98.574	1403	2	3
98.574	1404	3	3
98.801	1405	2	2
98.801	1406	3	2
98.801	1407	4	2
98.914	1408	2	3
99.028	1409	2	1
99.028	1410	3	3
99.142	1411	1	1
99.142	1412	4	3
99.255	1413	4	2
99.483	1414	2	2
99.483	1415	4	3
99.710	1416	3	2
99.710	1417	2	3
99.937	1418	1	2
99.937	1419	3	3
100.164	1420	1	3
100.619	1421	1	2
100.846	1422	2	2
100.846	1423	1	3
101.074	1424	3	2
101.074	1425	4	2
101.074	1426	2	3
101.869	1427	1	1
101.869	1428	3	3
101.869	1429	4	3
101.983	1430	1	2
101.983	1431	3	1
101.983	1432	4	1
102.210	1433	2	2
102.210	1434	3	1
102.210	1435	4	1
102.324	1436	1	3
102.324	1437	2	3
102.437	1438	1	1
102.437	1439	2	1
102.437	1440	3	2
102.664	1441	1	1
102.664	1442	2	1
102.664	1443	4	2
102.778	1444	3	3
102.778	1445	4	3
102.892	1446	1	2
102.892	1447	3	1
102.892	1448	4	1
103.043	1449	4	1
103.119	1450	2	2
103.119	1451	1	3
103.233	1452	4	1
103.346	1453	1	2
103.346	1454	3	1
103.346	1455	2	3
103.498	1456	4	1
103.574	1457	2	2
103.574	1458	1	3
103.801	1459	3	1
103.801	1460	4	2
103.801	1461	2	3
103.952	1462	3	1
104.028	1463	2	2
104.028	1464	4	3
104.142	1465	3	1
104.255	1466	1	2
104.255	1467	4	1
104.255	1468	2	3
104.369	1469	2	2
104.369	1470	1	3
104.483	1471	4	2
104.483	1472	2	3
104.596	1473	3	2
104.710	1474	1	2
104.710	1475	2	2
104.710	1476	3	3
104.710	1477	4	3
104.824	1478	3	1
104.824	1479	2	3
104.937	1480	3	1
105.051	1481	2	1
105.164	1482	3	2
105.164	1483	4	2
105.164	1484	1	3
105.278	1485	3	3
105.392	1486	3	2
105.619	1487	1	2
105.619	1488	2	1
105.619	1489	3	3
105.619	1490	4	3
105.733	1491	4	2
105.733	1492	1	3
105.846	1493	1	2
105.846	1494	3	1
105.846	1495	4	3
105.960	1496	4	2
105.960	1497	1	3
106.074	1498	1	2
106.074	1499	3	1
106.074	1500	4	3
106.187	1501	3	1
106.414	1502	3	1
106.414	1503	1	3
106.528	1504	1	1
106.528	1505	2	1
106.528	1506	4	2
106.680	1507	1	1
106.755	1508	2	2
106.755	1509	4	3
106.869	1510	1	1
106.983	1511	3	2
106.983	1512	4	1
106.983	1513	2	3
107.134	1514	1	1
107.210	1515	4	2
107.437	1516	1	1
107.437	1517	2	1
107.437	1518	3	3
107.437	1519	4	3
107.589	1520	2	1
107.778	1521	2	1
107.892	1522	3	1
107.892	1523	4	2
108.043	1524	2	1
108.119	1525	1	2
108.346	1526	2	2
108.346	1527	3	1
108.346	1528	1	3
108.346	1529	4	3
108.498	1530	3	1
108.687	1531	3	1
108.952	1532	3	1
109.028	1533	1	2
109.255	1534	3	2
109.255	1535	4	2
109.255	1536	1	3
109.255	1537	2	3
109.483	1538	1	2
109.483	1539	3	3
109.483	1540	4	3
109.596	1541	2	2
109.596	1542	3	2
109.596	1543	1	3
109.824	1544	4	2
109.824	1545	2	3
109.824	1546	3	3
109.937	1547	1	2
109.937	1548	2	2
109.937	1549	4	3
110.051	1550	1	3
110.164	1551	1	1
110.164	1552	4	2
110.164	1553	2	3
110.316	1554	1	1
110.392	1555	3	2
110.392	1556	4	3
110.505	1557	1	1
110.619	1558	4	2
110.619	1559	3	3
110.770	1560	1	1
110.846	1561	3	2
110.846	1562	4	3
111.074	1563	1	2
111.074	1564	2	1
111.074	1565	3	3
111.187	1566	3	1
111.301	1567	3	2
111.301	1568	1	3
111.414	1569	1	1
111.528	1570	4	2
111.528	1571	3	3
111.642	1572	3	2
111.642	1573	4	3
111.755	1574	1	2
111.755	1575	3	3
111.869	1576	2	2
111.983	1577	3	1
111.983	1578	4	1
111.983	1579	1	3
111.983	1580	2	3
112.096	1581	2	1
112.210	1582	2	1
112.324	1583	3	1
112.437	1584	1	2
112.892	1585	2	1
112.892	1586	3	1
112.892	1587	4	2
112.892	1588	1	3
113.005	1589	2	1
113.233	1590	2	1
113.233	1591	4	3
113.346	1592	1	1
113.346	1593	4	1
113.403	1594	3	1
113.460	1595	2	1
113.574	1596	4	1
113.630	1597	1	1
113.687	1598	3	1
113.801	1599	1	1
113.801	1600	2	1
113.801	1601	4	2
113.952	1602	1	1
114.028	1603	2	2
114.028	1604	4	3
114.142	1605	1	1
114.255	1606	3	2
114.255	1607	4	1
114.255	1608	2	3
114.407	1609	1	1
114.483	1610	4	2
114.710	1611	1	1
114.710	1612	2	1
114.710	1613	3	3
114.710	1614	4	3
114.861	1615	2	1
115.051	1616	2	1
115.164	1617	3	1
115.164	1618	4	2
115.316	1619	2	1
115.392	1620	1	2
115.619	1621	2	2
115.619	1622	3	1
115.619	1623	1	3
115.619	1624	4	3
115.770	1625	3	1
115.960	1626	3	1
116.074	1627	1	1
116.074	1628	4	1
116.225	1629	3	1
116.301	1630	1	2
116.528	1631	3	2
116.528	1632	4	1
116.528	1633	1	3
116.528	1634	2	3
116.680	1635	4	1
116.755	1636	1	2
116.755	1637	3	3
116.869	1638	4	1
116.983	1639	2	2
116.983	1640	3	1
116.983	1641	1	3
117.134	1642	4	1
117.210	1643	3	2
117.210	1644	2	3
117.437	1645	1	1
117.437	1646	4	2
117.437	1647	3	3
117.589	1648	1	1
117.664	1649	3	2
117.664	1650	4	3
117.778	1651	1	1
117.892	1652	2	1
117.892	1653	4	2
117.892	1654	3	3
118.043	1655	1	1
118.119	1656	3	2
118.119	1657	4	3
118.346	1658	1	2
118.346	1659	2	1
118.346	1660	3	3
118.498	1661	2	1
118.574	1662	3	2
118.574	1663	1	3
118.687	1664	2	1
118.801	1665	1	1
118.801	1666	4	2
118.801	1667	3	3
118.914	1668	3	2
118.914	1669	4	3
119.028	1670	1	2
119.028	1671	3	3
119.142	1672	2	2
119.255	1673	3	2
119.255	1674	4	2
119.255	1675	1	3
119.255	1676	2	3
119.369	1677	2	1
119.369	1678	3	3
119.483	1679	2	1
119.596	1680	3	1
119.710	1681	1	2
119.710	1682	2	2
119.710	1683	4	3
119.824	1684	2	3
119.937	1685	2	2
120.164	1686	3	1
120.164	1687	4	2
120.164	1688	1	3
120.164	1689	2	3
120.278	1690	1	2
120.278	1691	4	3
120.392	1692	2	1
120.392	1693	4	2
120.392	1694	1	3
120.505	1695	1	2
120.505	1696	4	3
120.619	1697	2	1
120.619	1698	4	2
120.619	1699	1	3
120.733	1700	2	1
120.960	1701	2	1
120.960	1702	4	3
121.074	1703	1	2
121.074	1704	3	1
121.074	1705	4	1
121.225	1706	4	1
121.301	1707	3	2
121.301	1708	1	3
121.414	1709	4	1
121.528	1710	1	1
121.528	1711	2	2
121.528	1712	3	3
121.680	1713	4	1
121.755	1714	1	2
121.983	1715	3	1
121.983	1716	4	1
121.983	1717	1	3
121.983	1718	2	3
122.134	1719	3	1
122.324	1720	3	1
122.437	1721	1	2
122.437	1722	2	1
122.589	1723	3	1
122.664	1724	4	2
122.892	1725	2	1
122.892	1726	3	2
122.892	1727	1	3
122.892	1728	4	3
123.043	1729	2	1
123.233	1730	2	1
123.498	1731	2	1
123.574	1732	4	2
123.687	1733	3	3
123.801	1734	1	2
123.801	1735	2	2
123.801	1736	3	2
123.801	1737	4	3
124.028	1738	1	3
124.028	1739	2	3
124.028	1740	3	3
124.142	1741	2	2
124.142	1742	3	2
124.142	1743	4	2
124.369	1744	2	3
124.369	1745	3	3
124.369	1746	4	3
124.483	1747	4	1
124.558	1748	1	1
124.634	1749	3	1
124.710	1750	1	2
124.710	1751	2	1
124.710	1752	4	2
124.937	1753	2	2
124.937	1754	1	3
124.937	1755	4	3
125.051	1756	4	1
125.164	1757	1	2
125.164	1758	2	3
125.392	1759	2	2
125.392	1760	1	3
125.619	1761	1	1
125.619	1762	3	2
125.619	1763	4	2
125.619	1764	2	3
125.733	1765	3	3
125.846	1766	2	2
125.846	1767	3	2
125.846	1768	4	3
126.074	1769	1	1
126.074	1770	4	1
126.074	1771	2	3
126.074	1772	3	3
126.130	1773	3	1
126.187	1774	2	1
126.301	1775	4	1
126.358	1776	1	1
126.414	1777	3	1
126.528	1778	1	2
126.528	1779	2	1
126.528	1780	4	1
126.642	1781	3	1
126.755	1782	3	2
126.755	1783	1	3
126.869	1784	2	1
126.983	1785	1	1
126.983	1786	2	1
126.983	1787	4	2
126.983	1788	3	3
127.210	1789	2	2
127.210	1790	4	3
127.437	1791	1	1
127.437	1792	3	1
127.437	1793	4	1
127.437	1794	2	3
127.551	1795	3	1
127.664	1796	1	1
127.721	1797	4	1
127.778	1798	2	1
127.835	1799	3	1
127.892	1800	1	1
127.892	1801	4	1
128.005	1802	2	1
128.005	1803	4	1
128.119	1804	1	2
128.119	1805	3	2
128.233	1806	4	1
128.233	1807	3	3
128.346	1808	2	1
128.346	1809	3	1
128.346	1810	1	3
128.574	1811	2	1
128.801	1812	3	1
129.028	1813	3	1
129.710	1814	1	1
129.937	1815	2	1
130.164	1816	4	1
130.960	1817	4	1
131.017	1818	1	1
131.074	1819	3	1
131.301	1820	2	1
131.528	1821	1	1
131.755	1822	2	1
131.983	1823	4	1
132.210	1824	3	1
132.437	1825	1	1
132.664	1826	4	1
132.892	1827	2	1
133.119	1828	1	1
133.346	1829	4	1
133.460	1830	3	1
133.574	1831	2	1
133.687	1832	1	1
133.801	1833	4	1
134.255	1834	3	1
134.710	1835	2	1
135.164	1836	1	1
135.619	1837	3	1
135.846	1838	3	1
136.074	1839	2	1
136.301	1840	2	1
136.983	1841	4	1
137.210	1842	3	1
137.437	1843	1	1
138.233	1844	1	1
138.289	1845	4	1
138.346	1846	2	1
138.687	1847	3	1
139.028	1848	4	1
139.142	1849	2	1
139.255	1850	1	1
139.483	1851	2	1
139.710	1852	4	1
139.937	1853	1	1
140.164	1854	3	1
140.392	1855	4	1
140.619	1856	1	1
140.733	1857	2	1
140.846	1858	3	1
140.960	1859	4	1
141.074	1860	2	1
141.187	1861	1	1
141.301	1862	2	1
141.414	1863	1	1
141.528	1864	3	1
141.755	1865	3	1
141.945	1866	2	1
141.983	1867	1	1
142.210	1868	1	1
142.437	1869	4	1
142.551	1870	2	1
142.664	1871	3	1
142.892	1872	1	1
142.892	1873	4	1