Song Name	RiraN Hardstyle Mashup [EXTENDED CUT] (Hard) by RiraN (Arranged by poscle & ZirconEscalus)
Title	RiraN Hardstyle Mashup [EXTENDED CUT] (Hard)
Artist	RiraN (Arranged by poscle & ZirconEscalus)
Description	A mashup of the most popular RiraN songs created by community members poscle and ZirconEscalus. Map by AdasiekCat.
Difficulty	28
Primary Color	Beat
Secondary Color	Beat
Cover Image ID	8136601784
Audio Asset ID	rbxassetid://9060625656
Audio File	9060625656.ogg
Last Note Time	366.879
Total Notes	4956
Fever Fill	1305
Fever Time	55.031850
Long Notes	1039
BPM	180
Song Length	367.879000000

Timing Points
0.285	333.333333
74.888	333.333333
138.853	333.333333
224.167	333.333333
310.845	333.333333
330.880	333.333333


Song Data
0.285	1	4	2
2.951	2	4	3
1.618	3	2	2
2.951	4	2	3
2.951	5	3	2
5.618	6	3	3
4.284	7	1	2
5.618	8	1	3
5.618	9	4	2
8.284	10	4	3
6.951	11	2	2
8.284	12	2	3
8.284	13	3	2
10.951	14	3	3
9.618	15	1	2
10.951	16	1	3
10.951	17	4	1
10.951	18	2	1
11.118	19	3	1
11.284	20	2	1
11.451	21	1	1
11.618	22	2	2
11.951	23	2	3
11.784	24	4	1
11.951	25	3	1
12.118	26	4	2
12.618	27	4	3
12.284	28	1	1
12.451	29	2	1
12.618	30	3	2
12.784	31	3	3
12.784	32	2	2
12.951	33	2	3
12.951	34	1	2
13.118	35	1	3
13.118	36	3	2
13.451	37	3	3
13.284	38	4	1
13.451	39	2	1
13.618	40	1	1
13.784	41	4	1
13.951	42	3	1
14.118	43	1	1
14.284	44	2	2
14.618	45	2	3
14.451	46	4	1
14.618	47	3	1
14.784	48	4	2
15.284	49	4	3
14.951	50	1	1
15.118	51	2	1
15.284	52	3	2
15.451	53	3	3
15.451	54	1	2
15.618	55	1	3
15.618	56	2	2
15.784	57	2	3
15.784	58	3	2
16.284	59	3	3
15.951	60	4	1
16.118	61	2	1
16.284	62	1	2
16.618	63	1	3
16.451	64	2	1
16.618	65	3	1
16.784	66	4	1
16.951	67	2	2
17.284	68	2	3
17.118	69	4	1
17.284	70	3	1
17.451	71	4	2
17.951	72	4	3
17.618	73	1	1
17.784	74	2	1
17.951	75	3	2
18.118	76	3	3
18.118	77	2	2
18.284	78	2	3
18.284	79	1	2
18.451	80	1	3
18.451	81	3	2
18.951	82	3	3
18.618	83	4	1
18.784	84	2	1
18.951	85	1	1
19.118	86	2	1
19.284	87	3	1
19.451	88	4	1
19.618	89	2	2
19.951	90	2	3
19.784	91	1	1
19.951	92	3	1
20.118	93	4	2
20.284	94	4	3
20.284	95	1	2
20.451	96	1	3
20.451	97	3	2
20.784	98	3	3
20.618	99	4	1
20.784	100	2	2
21.118	101	2	3
20.951	102	3	1
21.118	103	1	2
21.618	104	1	3
21.284	105	4	1
21.451	106	2	1
21.618	107	3	2
21.951	108	3	3
21.618	109	4	1
21.784	110	1	1
21.951	111	2	1
22.118	112	3	1
22.284	113	2	1
22.284	114	1	1
22.451	115	4	1
22.618	116	3	2
22.951	117	3	3
22.784	118	4	1
22.784	119	1	1
22.951	120	2	1
23.118	121	3	1
23.118	122	1	1
23.284	123	4	2
23.451	124	4	3
23.284	125	2	1
23.451	126	1	2
23.618	127	1	3
23.618	128	2	1
23.618	129	3	2
23.784	130	3	3
23.784	131	1	1
23.784	132	4	2
23.951	133	4	3
23.951	134	2	2
24.284	135	2	3
24.118	136	3	1
24.284	137	1	1
24.284	138	4	1
24.451	139	2	1
24.618	140	3	2
24.951	141	3	3
24.784	142	4	1
24.951	143	2	1
24.951	144	1	1
25.118	145	3	1
25.284	146	1	1
25.451	147	3	2
25.784	148	3	3
25.451	149	2	1
25.618	150	4	1
25.784	151	1	1
25.784	152	2	1
25.951	153	4	2
26.118	154	4	3
25.951	155	3	1
26.118	156	1	2
26.284	157	1	3
26.284	158	3	2
26.451	159	3	3
26.284	160	2	1
26.451	161	4	2
26.618	162	4	3
26.451	163	1	1
26.618	164	2	2
26.951	165	2	3
26.784	166	4	1
26.951	167	1	1
26.951	168	3	2
27.284	169	3	3
27.118	170	2	1
27.284	171	4	1
27.451	172	3	1
27.618	173	1	1
27.618	174	2	2
27.951	175	2	3
27.784	176	4	1
27.951	177	3	1
28.118	178	2	1
28.284	179	4	2
28.618	180	4	3
28.618	181	3	1
28.784	182	2	2
29.118	183	2	3
29.118	184	3	2
29.284	185	3	3
29.284	186	1	2
29.451	187	1	3
29.451	188	2	2
32.284	189	2	3
30.951	190	4	2
32.284	191	4	3
32.284	192	1	1
32.284	193	3	2
32.618	194	3	3
32.451	195	4	1
32.618	196	2	1
32.784	197	1	1
32.951	198	3	2
33.284	199	3	3
33.118	200	2	1
33.284	201	4	1
33.451	202	2	2
33.784	203	2	3
33.618	204	1	1
33.784	205	4	1
33.951	206	2	2
34.284	207	2	3
34.118	208	1	1
34.284	209	4	1
34.451	210	2	2
34.784	211	2	3
34.618	212	1	1
34.784	213	4	1
34.951	214	3	2
35.284	215	3	3
35.118	216	1	1
35.284	217	2	1
35.451	218	4	1
35.618	219	3	2
35.951	220	3	3
35.784	221	1	1
35.951	222	4	1
36.118	223	2	2
36.451	224	2	3
36.284	225	3	1
36.451	226	1	1
36.618	227	4	2
36.951	228	4	3
36.784	229	3	1
36.951	230	2	1
37.118	231	1	2
37.451	232	1	3
37.284	233	3	1
37.451	234	2	1
37.618	235	3	2
37.951	236	3	3
37.784	237	4	1
37.951	238	2	1
38.118	239	1	1
38.284	240	3	2
38.618	241	3	3
38.451	242	4	1
38.618	243	1	1
38.784	244	2	2
39.118	245	2	3
38.951	246	4	1
39.118	247	1	1
39.284	248	2	2
39.618	249	2	3
39.451	250	4	1
39.618	251	1	1
39.784	252	2	2
40.118	253	2	3
39.951	254	4	1
40.118	255	1	1
40.284	256	3	2
40.618	257	3	3
40.451	258	4	1
40.618	259	2	1
40.784	260	1	1
40.951	261	3	2
41.284	262	3	3
41.118	263	4	1
41.284	264	2	1
41.451	265	1	2
41.784	266	1	3
41.618	267	2	1
41.784	268	3	1
41.951	269	1	2
42.284	270	1	3
42.118	271	2	1
42.284	272	3	1
42.451	273	2	2
42.784	274	2	3
42.618	275	3	1
42.784	276	4	1
42.951	277	3	2
43.284	278	3	3
42.951	279	1	1
43.118	280	4	1
43.284	281	2	1
43.451	282	1	1
43.618	283	3	2
43.951	284	3	3
43.618	285	4	1
43.784	286	2	1
43.951	287	4	1
44.118	288	2	2
44.451	289	2	3
44.118	290	3	1
44.284	291	1	1
44.451	292	4	1
44.618	293	2	2
44.951	294	2	3
44.618	295	3	1
44.784	296	1	1
44.951	297	4	1
44.951	298	3	1
45.118	299	2	2
45.451	300	2	3
45.118	301	1	1
45.284	302	3	1
45.451	303	4	1
45.618	304	1	1
45.618	305	3	2
45.951	306	3	3
45.784	307	2	1
45.951	308	4	1
46.118	309	2	1
46.284	310	4	1
46.284	311	3	2
46.618	312	3	3
46.451	313	1	1
46.618	314	2	1
46.784	315	1	1
46.784	316	4	2
47.118	317	4	3
46.951	318	3	1
47.118	319	2	1
47.284	320	4	1
47.284	321	3	2
47.618	322	3	3
47.451	323	1	1
47.618	324	4	1
47.618	325	2	1
47.784	326	1	2
48.118	327	1	3
47.784	328	3	1
47.951	329	2	1
48.118	330	4	1
48.284	331	1	1
48.284	332	3	2
48.618	333	3	3
48.451	334	4	1
48.618	335	2	1
48.784	336	1	1
48.951	337	2	1
48.951	338	3	2
49.284	339	3	3
49.118	340	4	1
49.284	341	2	1
49.451	342	4	1
49.451	343	1	2
49.784	344	1	3
49.618	345	3	1
49.784	346	2	1
49.951	347	4	1
49.951	348	1	2
50.284	349	1	3
50.118	350	2	1
50.284	351	3	1
50.284	352	4	1
50.451	353	2	2
50.784	354	2	3
50.451	355	1	1
50.618	356	3	1
50.784	357	4	1
50.951	358	3	2
51.284	359	3	3
50.951	360	1	1
51.118	361	4	1
51.284	362	2	1
51.451	363	1	1
51.618	364	3	2
51.951	365	3	3
51.618	366	2	1
51.784	367	4	1
51.951	368	1	1
52.118	369	3	2
52.451	370	3	3
52.118	371	2	1
52.284	372	1	1
52.451	373	4	1
52.618	374	2	1
52.618	375	3	2
52.951	376	3	3
52.784	377	1	1
52.951	378	2	1
52.951	379	4	1
53.118	380	1	2
53.618	381	1	3
53.118	382	3	1
53.284	383	2	1
53.451	384	3	1
53.618	385	4	1
53.618	386	2	1
53.784	387	1	1
53.951	388	2	1
54.118	389	3	1
54.284	390	1	1
54.284	391	2	2
54.618	392	2	3
54.451	393	4	1
54.618	394	3	1
54.784	395	4	2
55.284	396	4	3
54.951	397	3	1
54.951	398	1	1
55.118	399	2	1
55.284	400	3	2
55.451	401	3	3
55.451	402	2	2
55.618	403	2	3
55.618	404	1	2
55.784	405	1	3
55.618	406	4	1
55.784	407	3	2
56.118	408	3	3
55.951	409	1	1
56.118	410	2	1
56.284	411	1	1
56.284	412	4	1
56.451	413	3	1
56.618	414	2	1
56.784	415	1	1
56.951	416	2	2
57.284	417	2	3
56.951	418	4	1
57.118	419	1	1
57.284	420	3	1
57.451	421	4	2
57.951	422	4	3
57.618	423	3	1
57.618	424	1	1
57.784	425	2	1
57.951	426	3	2
58.118	427	3	3
58.118	428	1	2
58.284	429	1	3
58.284	430	2	2
58.451	431	2	3
58.284	432	4	1
58.451	433	3	2
58.951	434	3	3
58.618	435	4	1
58.784	436	2	1
58.951	437	1	2
59.284	438	1	3
58.951	439	4	1
59.118	440	2	1
59.284	441	3	1
59.451	442	1	1
59.618	443	4	1
59.618	444	2	2
59.951	445	2	3
59.784	446	1	1
59.951	447	3	1
60.118	448	4	2
60.618	449	4	3
60.284	450	3	1
60.284	451	1	1
60.451	452	2	1
60.618	453	3	2
60.784	454	3	3
60.784	455	2	2
60.951	456	2	3
60.951	457	1	2
61.118	458	1	3
60.951	459	4	1
61.118	460	3	2
61.451	461	3	3
61.284	462	4	1
61.451	463	2	1
61.618	464	1	1
61.618	465	3	1
61.784	466	2	1
61.951	467	3	1
62.118	468	1	1
62.284	469	4	1
62.284	470	2	2
62.618	471	2	3
62.451	472	1	1
62.618	473	3	2
62.784	474	3	3
62.784	475	4	2
62.951	476	4	3
62.951	477	1	2
63.118	478	1	3
62.951	479	2	1
63.118	480	3	2
63.451	481	3	3
63.284	482	4	1
63.451	483	2	2
63.784	484	2	3
63.618	485	4	1
63.618	486	3	1
63.784	487	1	2
64.284	488	1	3
63.951	489	3	1
64.118	490	2	1
64.284	491	4	1
64.284	492	3	2
64.618	493	3	3
64.451	494	1	1
64.618	495	2	1
64.618	496	4	1
64.784	497	3	1
64.951	498	1	1
64.951	499	2	1
65.118	500	4	1
65.284	501	3	2
65.618	502	3	3
65.284	503	2	1
65.451	504	1	1
65.618	505	2	1
65.618	506	4	1
65.784	507	3	1
65.951	508	2	1
65.951	509	4	2
66.118	510	4	3
66.118	511	1	2
66.284	512	1	3
66.284	513	3	2
66.451	514	3	3
66.284	515	2	1
66.451	516	4	2
66.618	517	4	3
66.618	518	1	1
66.618	519	2	2
66.951	520	2	3
66.784	521	3	1
66.951	522	1	1
66.951	523	4	1
67.118	524	2	1
67.284	525	1	1
67.284	526	3	2
67.618	527	3	3
67.451	528	4	1
67.618	529	2	1
67.618	530	1	1
67.784	531	3	1
67.951	532	2	1
67.951	533	1	1
68.118	534	3	2
68.451	535	3	3
68.284	536	2	1
68.284	537	4	1
68.451	538	1	1
68.618	539	3	1
68.618	540	4	2
68.784	541	4	3
68.784	542	1	2
68.951	543	1	3
68.951	544	3	2
69.118	545	3	3
68.951	546	2	1
69.118	547	4	2
69.284	548	4	3
69.284	549	2	2
69.618	550	2	3
69.284	551	3	1
69.451	552	1	1
69.618	553	3	1
69.618	554	4	1
69.784	555	2	1
69.784	556	1	1
69.951	557	3	1
69.951	558	4	1
70.118	559	1	1
70.118	560	2	1
70.284	561	4	1
70.284	562	3	1
70.451	563	2	1
70.451	564	1	1
70.618	565	4	1
70.618	566	3	1
70.784	567	2	1
70.784	568	1	1
70.951	569	4	1
70.951	570	3	1
71.118	571	2	1
71.118	572	1	1
71.284	573	3	1
71.284	574	4	1
71.451	575	1	1
71.451	576	2	1
71.618	577	4	1
71.618	578	3	1
71.784	579	2	1
71.784	580	1	1
71.951	581	4	1
71.951	582	3	1
72.118	583	2	1
72.118	584	1	1
72.284	585	4	1
72.368	586	3	1
72.451	587	1	1
72.534	588	2	1
72.618	589	4	1
72.701	590	3	1
72.784	591	1	1
72.868	592	2	1
72.951	593	4	1
73.034	594	3	1
73.118	595	1	1
73.201	596	2	1
73.284	597	4	1
73.368	598	3	1
73.451	599	1	1
73.534	600	2	1
73.618	601	4	1
73.701	602	3	1
73.784	603	2	1
73.868	604	1	1
73.951	605	4	1
74.034	606	3	1
74.118	607	2	1
74.201	608	1	1
74.284	609	4	1
74.368	610	3	1
74.451	611	2	1
74.534	612	1	1
74.555	613	4	1
74.555	614	3	1
74.888	615	1	2
75.054	616	1	3
74.888	617	3	1
75.054	618	4	2
75.138	619	4	3
75.221	620	2	1
75.221	621	4	2
75.304	622	4	3
75.221	623	1	1
75.388	624	4	2
75.471	625	4	3
75.554	626	4	2
75.638	627	4	3
75.554	628	2	1
75.554	629	3	1
75.721	630	1	1
75.888	631	2	2
76.054	632	2	3
75.888	633	4	1
75.888	634	3	1
76.054	635	1	1
76.221	636	2	1
76.221	637	4	1
76.221	638	3	2
76.304	639	3	3
76.388	640	1	2
76.471	641	1	3
76.554	642	3	1
76.554	643	2	2
76.638	644	2	3
76.554	645	4	1
76.721	646	4	2
76.804	647	4	3
76.888	648	2	1
76.888	649	1	1
76.888	650	3	2
77.221	651	3	3
77.054	652	4	1
77.221	653	4	1
77.221	654	2	1
77.221	655	1	1
77.388	656	3	1
77.554	657	4	1
77.554	658	2	1
77.554	659	1	2
77.721	660	1	3
77.721	661	4	2
77.804	662	4	3
77.888	663	1	1
77.888	664	4	2
77.971	665	4	3
77.888	666	2	1
78.054	667	4	2
78.138	668	4	3
78.221	669	4	2
78.388	670	4	3
78.221	671	2	1
78.221	672	1	1
78.388	673	3	1
78.554	674	1	1
78.554	675	2	2
78.721	676	2	3
78.554	677	4	1
78.721	678	3	1
78.888	679	1	2
78.971	680	1	3
78.888	681	2	1
78.888	682	4	1
79.054	683	4	2
79.138	684	4	3
79.221	685	1	1
79.221	686	3	2
79.304	687	3	3
79.221	688	2	1
79.388	689	1	2
79.471	690	1	3
79.554	691	4	1
79.554	692	2	2
79.888	693	2	3
79.554	694	3	1
79.721	695	1	1
79.888	696	4	2
80.221	697	4	3
80.221	698	2	1
80.221	699	3	1
80.221	700	1	2
80.388	701	1	3
80.388	702	4	2
80.471	703	4	3
80.554	704	4	2
80.638	705	4	3
80.554	706	1	1
80.554	707	2	1
80.721	708	4	2
80.804	709	4	3
80.888	710	3	1
80.888	711	2	1
80.888	712	4	2
80.971	713	4	3
81.054	714	1	1
81.221	715	3	1
81.221	716	2	2
81.388	717	2	3
81.221	718	4	1
81.388	719	1	1
81.554	720	3	2
81.638	721	3	3
81.554	722	2	1
81.554	723	4	1
81.721	724	1	2
81.804	725	1	3
81.887	726	3	1
81.887	727	2	2
81.971	728	2	3
81.887	729	4	1
82.054	730	4	2
82.137	731	4	3
82.221	732	2	1
82.221	733	1	1
82.221	734	3	2
82.554	735	3	3
82.387	736	4	1
82.554	737	1	1
82.554	738	4	1
82.554	739	2	1
82.721	740	3	1
82.887	741	1	2
83.054	742	1	3
82.887	743	4	1
82.887	744	2	1
83.054	745	4	2
83.137	746	4	3
83.221	747	2	1
83.221	748	4	2
83.304	749	4	3
83.221	750	1	1
83.387	751	4	2
83.471	752	4	3
83.554	753	2	1
83.554	754	4	2
83.721	755	4	3
83.554	756	1	1
83.721	757	3	1
83.887	758	2	2
84.054	759	2	3
83.887	760	1	1
83.887	761	4	1
84.054	762	3	1
84.221	763	1	1
84.221	764	2	1
84.387	765	4	1
84.387	766	3	1
84.554	767	2	1
84.554	768	1	1
84.721	769	3	1
84.721	770	4	1
84.887	771	2	1
84.887	772	1	1
85.054	773	4	1
85.054	774	3	1
85.221	775	1	1
85.221	776	4	1
85.221	777	3	1
85.221	778	2	1
85.554	779	1	2
85.721	780	1	3
85.554	781	3	1
85.721	782	4	2
85.804	783	4	3
85.887	784	1	1
85.887	785	4	2
85.971	786	4	3
85.887	787	2	1
86.054	788	4	2
86.137	789	4	3
86.221	790	4	2
86.304	791	4	3
86.221	792	3	1
86.221	793	2	1
86.387	794	1	1
86.554	795	4	1
86.554	796	2	2
86.721	797	2	3
86.554	798	3	1
86.721	799	1	1
86.887	800	2	1
86.887	801	3	2
86.971	802	3	3
86.887	803	4	1
87.054	804	1	2
87.137	805	1	3
87.221	806	2	2
87.304	807	2	3
87.221	808	4	1
87.221	809	3	1
87.387	810	4	2
87.471	811	4	3
87.554	812	2	1
87.554	813	1	1
87.554	814	3	2
87.887	815	3	3
87.721	816	4	1
87.887	817	2	1
87.887	818	4	1
87.887	819	1	1
88.054	820	3	1
88.221	821	1	2
88.387	822	1	3
88.221	823	4	1
88.221	824	2	1
88.387	825	4	2
88.471	826	4	3
88.554	827	2	1
88.554	828	4	2
88.637	829	4	3
88.554	830	1	1
88.721	831	4	2
88.804	832	4	3
88.887	833	4	2
89.054	834	4	3
88.887	835	1	1
88.887	836	2	1
89.054	837	3	1
89.221	838	4	1
89.221	839	1	1
89.221	840	2	2
89.387	841	2	3
89.387	842	3	1
89.554	843	2	1
89.554	844	1	2
89.637	845	1	3
89.554	846	4	1
89.721	847	4	2
89.804	848	4	3
89.887	849	3	2
89.971	850	3	3
89.887	851	1	1
89.887	852	2	1
90.054	853	1	2
90.137	854	1	3
90.221	855	2	2
90.554	856	2	3
90.221	857	4	1
90.221	858	3	1
90.387	859	1	1
90.554	860	3	2
90.887	861	3	3
90.637	862	4	2
90.887	863	4	3
90.887	864	2	1
90.887	865	1	2
91.054	866	1	3
91.054	867	4	2
91.137	868	4	3
91.221	869	1	1
91.221	870	2	1
91.221	871	4	2
91.304	872	4	3
91.387	873	4	2
91.471	874	4	3
91.554	875	3	1
91.554	876	2	1
91.554	877	4	2
91.637	878	4	3
91.721	879	1	1
91.887	880	3	1
91.887	881	4	1
91.887	882	2	2
92.054	883	2	3
92.054	884	1	1
92.221	885	2	1
92.221	886	4	1
92.221	887	3	2
92.304	888	3	3
92.387	889	1	2
92.471	890	1	3
92.554	891	3	1
92.554	892	4	1
92.554	893	2	2
92.637	894	2	3
92.721	895	4	2
92.804	896	4	3
92.887	897	1	1
92.887	898	3	2
93.221	899	3	3
92.887	900	2	1
93.054	901	4	1
93.221	902	1	1
93.221	903	4	1
93.221	904	2	1
93.387	905	3	1
93.554	906	4	1
93.554	907	1	1
93.637	908	2	1
93.721	909	3	1
93.804	910	4	1
93.887	911	1	1
93.887	912	2	1
93.971	913	3	1
94.054	914	4	1
94.137	915	1	1
94.221	916	3	1
94.221	917	2	1
94.304	918	4	1
94.387	919	1	1
94.471	920	2	1
94.554	921	4	1
94.554	922	3	1
94.637	923	2	1
94.721	924	1	1
94.804	925	2	1
94.887	926	4	1
94.887	927	3	1
95.054	928	2	1
95.054	929	1	1
95.221	930	3	1
95.221	931	4	1
95.387	932	2	1
95.387	933	1	2
95.554	934	1	3
95.554	935	3	2
95.721	936	3	3
95.554	937	4	1
95.721	938	1	2
95.887	939	1	3
95.887	940	2	2
96.054	941	2	3
95.887	942	4	1
95.887	943	3	1
96.054	944	3	2
96.221	945	3	3
96.221	946	2	1
96.221	947	1	1
96.221	948	4	2
96.387	949	4	3
96.554	950	4	2
96.721	951	4	3
96.721	952	3	2
96.887	953	3	3
97.054	954	3	2
97.221	955	3	3
97.221	956	1	1
97.221	957	2	2
97.887	958	2	3
97.221	959	4	1
98.054	960	3	2
98.221	961	3	3
98.221	962	4	2
98.387	963	4	3
98.387	964	3	2
98.554	965	3	3
98.554	966	2	2
98.721	967	2	3
98.721	968	1	2
98.887	969	1	3
98.887	970	3	1
98.887	971	4	1
98.887	972	2	2
99.054	973	2	3
99.221	974	2	2
99.387	975	2	3
99.387	976	4	2
99.554	977	4	3
99.721	978	4	2
99.887	979	4	3
99.887	980	2	1
99.887	981	3	2
100.554	982	3	3
99.887	983	1	1
100.721	984	1	2
100.887	985	1	3
100.887	986	3	2
101.054	987	3	3
101.054	988	1	2
101.221	989	1	3
101.221	990	2	2
101.387	991	2	3
101.387	992	3	2
101.554	993	3	3
101.554	994	1	1
101.554	995	2	1
101.554	996	4	2
101.721	997	4	3
101.887	998	4	2
102.054	999	4	3
102.054	1000	3	2
102.221	1001	3	3
102.387	1002	3	2
102.554	1003	3	3
102.554	1004	4	1
102.554	1005	2	2
103.221	1006	2	3
102.554	1007	1	1
103.387	1008	3	2
103.554	1009	3	3
103.554	1010	4	2
103.721	1011	4	3
103.721	1012	3	2
103.887	1013	3	3
103.887	1014	2	2
104.054	1015	2	3
104.054	1016	1	2
104.221	1017	1	3
104.221	1018	2	1
104.221	1019	3	1
104.221	1020	4	2
104.387	1021	4	3
104.554	1022	3	2
104.721	1023	3	3
104.721	1024	2	2
104.887	1025	2	3
105.054	1026	3	2
105.221	1027	3	3
105.221	1028	1	2
106.054	1029	1	3
105.221	1030	2	1
105.221	1031	4	1
106.054	1032	2	2
106.221	1033	2	3
106.221	1034	3	2
106.387	1035	3	3
106.387	1036	1	2
106.554	1037	1	3
106.554	1038	2	2
106.721	1039	2	3
106.721	1040	3	2
106.887	1041	3	3
106.887	1042	4	2
107.054	1043	4	3
106.887	1044	1	1
107.221	1045	4	2
107.387	1046	4	3
107.221	1047	3	1
107.387	1048	2	2
107.554	1049	2	3
107.554	1050	3	1
107.554	1051	1	1
107.721	1052	2	2
107.887	1053	2	3
107.887	1054	3	1
107.887	1055	1	1
108.054	1056	2	2
108.221	1057	2	3
108.221	1058	3	1
108.221	1059	4	2
108.387	1060	4	3
108.554	1061	4	2
108.721	1062	4	3
108.554	1063	3	1
108.721	1064	2	2
108.887	1065	2	3
108.887	1066	3	1
108.887	1067	1	1
109.054	1068	2	2
109.221	1069	2	3
109.221	1070	1	1
109.221	1071	3	1
109.387	1072	2	2
109.554	1073	2	3
109.554	1074	4	2
109.721	1075	4	3
109.554	1076	3	1
109.887	1077	3	1
109.887	1078	4	2
110.054	1079	4	3
110.054	1080	2	2
110.221	1081	2	3
110.221	1082	3	1
110.221	1083	1	1
110.387	1084	2	2
110.554	1085	2	3
110.554	1086	1	1
110.554	1087	3	1
110.721	1088	2	2
110.887	1089	2	3
110.887	1090	4	2
111.054	1091	4	3
110.887	1092	3	1
111.221	1093	3	1
111.221	1094	4	2
111.387	1095	4	3
111.387	1096	2	2
111.554	1097	2	3
111.554	1098	3	1
111.554	1099	1	1
111.721	1100	2	2
111.887	1101	2	3
111.887	1102	3	1
111.887	1103	1	1
112.054	1104	2	2
112.221	1105	2	3
112.221	1106	1	1
112.221	1107	3	1
112.387	1108	4	1
112.387	1109	2	1
112.554	1110	3	1
112.554	1111	1	1
112.721	1112	4	1
112.721	1113	2	1
112.887	1114	3	1
112.887	1115	1	1
113.054	1116	4	1
113.054	1117	2	1
113.221	1118	1	1
113.221	1119	3	1
113.387	1120	4	1
113.387	1121	2	1
113.554	1122	1	1
113.554	1123	3	1
113.721	1124	2	1
113.721	1125	4	1
113.887	1126	1	1
113.887	1127	3	1
114.054	1128	2	1
114.054	1129	4	1
114.221	1130	1	1
114.221	1131	3	1
114.387	1132	2	1
114.387	1133	4	1
114.554	1134	1	1
114.554	1135	3	1
114.721	1136	2	1
114.721	1137	4	1
114.887	1138	2	1
114.887	1139	1	1
114.971	1140	3	1
114.971	1141	4	1
115.054	1142	2	1
115.054	1143	1	1
115.137	1144	3	1
115.137	1145	4	1
115.221	1146	2	1
115.221	1147	1	1
115.304	1148	3	1
115.304	1149	4	1
115.387	1150	2	1
115.387	1151	1	1
115.471	1152	3	1
115.471	1153	4	1
115.554	1154	1	1
115.596	1155	2	1
115.637	1156	3	1
115.679	1157	4	1
115.721	1158	1	1
115.762	1159	2	1
115.804	1160	3	1
115.846	1161	4	1
115.887	1162	1	1
115.929	1163	2	1
115.971	1164	3	1
116.012	1165	4	1
116.054	1166	1	1
116.096	1167	2	1
116.137	1168	3	1
116.179	1169	4	1
116.221	1170	2	1
116.221	1171	1	1
116.554	1172	3	1
116.554	1173	2	1
116.804	1174	1	1
116.887	1175	4	1
116.887	1176	3	1
117.054	1177	2	1
117.221	1178	4	1
117.221	1179	1	1
117.221	1180	3	1
117.554	1181	2	1
117.554	1182	3	1
117.554	1183	1	2
117.721	1184	1	3
117.887	1185	4	2
118.054	1186	4	3
117.887	1187	3	1
117.887	1188	2	1
118.221	1189	3	2
118.387	1190	3	3
118.221	1191	2	1
118.221	1192	1	1
118.471	1193	2	2
118.637	1194	2	3
118.554	1195	3	1
118.554	1196	1	1
118.554	1197	4	1
118.721	1198	2	2
118.887	1199	2	3
118.887	1200	4	1
118.887	1201	1	2
119.054	1202	1	3
118.887	1203	3	1
119.054	1204	4	2
119.137	1205	4	3
119.221	1206	2	1
119.221	1207	1	1
119.221	1208	4	2
119.304	1209	4	3
119.387	1210	3	2
119.554	1211	3	3
119.554	1212	2	2
119.721	1213	2	3
119.554	1214	4	1
119.554	1215	1	1
119.887	1216	1	2
119.971	1217	1	3
119.887	1218	4	1
119.887	1219	3	1
119.971	1220	2	2
120.054	1221	2	3
120.054	1222	3	2
120.137	1223	3	3
120.137	1224	4	2
120.221	1225	4	3
120.221	1226	1	2
120.387	1227	1	3
120.221	1228	3	1
120.221	1229	2	1
120.554	1230	2	1
120.554	1231	4	2
120.721	1232	4	3
120.554	1233	3	1
120.887	1234	3	2
121.054	1235	3	3
120.887	1236	1	1
120.887	1237	2	1
121.137	1238	4	2
121.304	1239	4	3
121.221	1240	3	1
121.221	1241	2	1
121.221	1242	1	1
121.387	1243	3	2
121.554	1244	3	3
121.554	1245	1	1
121.554	1246	4	1
121.554	1247	2	2
121.721	1248	2	3
121.721	1249	1	2
121.887	1250	1	3
121.887	1251	4	1
121.887	1252	3	1
121.887	1253	2	2
122.054	1254	2	3
122.054	1255	3	2
122.221	1256	3	3
122.221	1257	2	2
122.387	1258	2	3
122.221	1259	1	1
122.221	1260	4	1
122.387	1261	4	2
122.471	1262	4	3
122.471	1263	3	2
122.554	1264	3	3
122.554	1265	1	1
122.554	1266	2	2
122.887	1267	2	3
122.554	1268	4	1
122.721	1269	1	1
122.721	1270	4	1
122.721	1271	3	1
122.887	1272	1	2
123.054	1273	1	3
122.887	1274	3	1
122.887	1275	4	1
123.221	1276	2	1
123.221	1277	3	1
123.221	1278	4	2
123.387	1279	4	3
123.554	1280	2	1
123.554	1281	3	2
123.721	1282	3	3
123.554	1283	1	1
123.804	1284	2	2
123.971	1285	2	3
123.887	1286	3	1
123.887	1287	1	1
123.887	1288	4	1
124.054	1289	2	2
124.221	1290	2	3
124.221	1291	4	1
124.221	1292	3	1
124.221	1293	1	2
124.387	1294	1	3
124.387	1295	4	2
124.471	1296	4	3
124.554	1297	1	1
124.554	1298	2	1
124.554	1299	4	2
124.637	1300	4	3
124.721	1301	3	2
124.887	1302	3	3
124.887	1303	2	2
125.054	1304	2	3
124.887	1305	1	1
124.887	1306	4	1
125.221	1307	3	1
125.221	1308	4	1
125.221	1309	1	2
125.304	1310	1	3
125.304	1311	2	2
125.387	1312	2	3
125.387	1313	3	2
125.471	1314	3	3
125.471	1315	4	2
125.554	1316	4	3
125.554	1317	1	2
125.721	1318	1	3
125.554	1319	3	1
125.554	1320	2	1
125.887	1321	2	1
125.887	1322	3	1
125.887	1323	4	2
126.054	1324	4	3
126.054	1325	1	2
126.221	1326	1	3
126.221	1327	4	1
126.221	1328	3	2
126.387	1329	3	3
126.221	1330	2	1
126.387	1331	4	2
126.471	1332	4	3
126.471	1333	3	2
126.554	1334	3	3
126.554	1335	4	1
126.554	1336	1	1
126.554	1337	2	2
126.721	1338	2	3
126.721	1339	3	2
126.887	1340	3	3
126.887	1341	4	1
126.887	1342	2	2
127.054	1343	2	3
126.887	1344	1	1
127.054	1345	1	2
127.221	1346	1	3
127.221	1347	2	2
127.387	1348	2	3
127.221	1349	4	1
127.221	1350	3	1
127.387	1351	3	2
127.554	1352	3	3
127.554	1353	4	1
127.554	1354	1	1
127.554	1355	2	2
127.721	1356	2	3
127.721	1357	1	1
127.721	1358	3	2
127.804	1359	3	3
127.721	1360	4	1
127.804	1361	4	2
127.887	1362	4	3
127.887	1363	2	2
128.221	1364	2	3
128.221	1365	1	2
128.387	1366	1	3
128.554	1367	1	1
128.554	1368	2	1
128.554	1369	4	2
128.721	1370	4	3
128.721	1371	2	1
128.721	1372	1	1
128.721	1373	3	1
128.887	1374	1	1
128.887	1375	3	2
129.054	1376	3	3
128.887	1377	4	1
129.137	1378	2	2
129.304	1379	2	3
129.221	1380	3	1
129.221	1381	1	1
129.221	1382	4	1
129.387	1383	2	2
129.554	1384	2	3
129.554	1385	1	2
129.721	1386	1	3
129.554	1387	4	1
129.554	1388	3	1
129.721	1389	4	2
129.804	1390	4	3
129.887	1391	4	2
129.971	1392	4	3
129.887	1393	1	1
129.887	1394	2	1
130.054	1395	3	2
130.221	1396	3	3
130.221	1397	1	1
130.221	1398	2	2
130.387	1399	2	3
130.221	1400	4	1
130.554	1401	1	2
130.637	1402	1	3
130.554	1403	4	1
130.554	1404	3	1
130.637	1405	2	2
130.721	1406	2	3
130.721	1407	3	2
130.804	1408	3	3
130.721	1409	1	1
130.721	1410	4	1
130.804	1411	4	2
130.887	1412	4	3
130.887	1413	2	1
130.887	1414	1	2
131.054	1415	1	3
130.887	1416	3	1
131.221	1417	2	1
131.221	1418	4	2
131.387	1419	4	3
131.221	1420	3	1
131.554	1421	2	1
131.554	1422	1	1
131.554	1423	3	2
131.721	1424	3	3
131.804	1425	4	2
131.971	1426	4	3
131.804	1427	3	1
131.887	1428	2	1
131.887	1429	1	1
132.054	1430	3	2
132.221	1431	3	3
132.054	1432	1	1
132.221	1433	2	2
132.387	1434	2	3
132.221	1435	4	1
132.387	1436	3	1
132.387	1437	1	2
132.554	1438	1	3
132.554	1439	2	2
132.721	1440	2	3
132.554	1441	4	1
132.721	1442	4	2
132.887	1443	4	3
132.721	1444	1	1
132.887	1445	3	2
133.054	1446	3	3
132.887	1447	2	1
133.054	1448	4	2
133.137	1449	4	3
133.054	1450	2	1
133.137	1451	3	2
133.221	1452	3	3
133.137	1453	1	1
133.221	1454	2	2
133.554	1455	2	3
133.554	1456	3	1
133.554	1457	1	2
133.721	1458	1	3
133.554	1459	4	1
133.887	1460	2	1
133.887	1461	3	1
133.887	1462	4	2
134.054	1463	4	3
134.221	1464	2	1
134.221	1465	1	1
134.221	1466	3	2
134.387	1467	3	3
134.471	1468	2	2
134.637	1469	2	3
134.554	1470	4	1
134.554	1471	1	1
134.554	1472	3	1
134.721	1473	2	2
134.887	1474	2	3
134.887	1475	3	1
134.887	1476	4	1
134.887	1477	1	2
135.054	1478	1	3
135.054	1479	4	2
135.137	1480	4	3
135.221	1481	4	2
135.304	1482	4	3
135.221	1483	2	1
135.221	1484	1	1
135.387	1485	3	2
135.554	1486	3	3
135.554	1487	4	1
135.554	1488	2	2
135.721	1489	2	3
135.554	1490	1	1
135.804	1491	2	1
135.804	1492	4	1
135.887	1493	3	1
135.887	1494	1	2
135.971	1495	1	3
135.971	1496	2	2
136.054	1497	2	3
136.054	1498	1	1
136.054	1499	3	2
136.137	1500	3	3
136.137	1501	4	2
136.221	1502	4	3
136.221	1503	2	1
136.221	1504	1	2
136.387	1505	1	3
136.387	1506	3	1
136.387	1507	2	2
136.554	1508	2	3
136.554	1509	3	2
136.721	1510	3	3
136.554	1511	4	1
136.721	1512	2	1
136.721	1513	1	2
136.887	1514	1	3
136.887	1515	4	1
136.887	1516	3	1
136.971	1517	1	1
136.971	1518	2	1
137.054	1519	3	1
137.054	1520	4	1
137.137	1521	2	1
137.137	1522	1	1
137.221	1523	4	1
137.221	1524	3	1
137.304	1525	1	1
137.304	1526	2	1
137.387	1527	4	1
137.387	1528	3	1
137.471	1529	2	1
137.471	1530	1	1
137.554	1531	3	1
137.554	1532	4	2
137.721	1533	4	3
137.721	1534	2	2
137.887	1535	2	3
137.887	1536	3	2
138.054	1537	3	3
137.887	1538	4	1
138.054	1539	1	2
138.221	1540	1	3
138.221	1541	4	2
138.304	1542	4	3
138.221	1543	2	1
138.304	1544	3	2
138.387	1545	3	3
138.387	1546	2	2
138.471	1547	2	3
138.471	1548	3	2
138.554	1549	3	3
138.554	1550	2	1
138.554	1551	4	1
138.554	1552	1	2
138.853	1553	1	3
138.853	1554	3	1
138.853	1555	2	1
138.936	1556	4	1
139.019	1557	3	1
139.186	1558	2	1
139.186	1559	4	1
139.353	1560	3	2
139.519	1561	3	3
139.519	1562	1	1
139.519	1563	2	1
139.630	1564	3	1
139.741	1565	4	1
139.853	1566	2	2
140.019	1567	2	3
139.853	1568	1	1
140.186	1569	4	1
140.186	1570	1	1
140.269	1571	3	1
140.353	1572	2	2
140.519	1573	2	3
140.519	1574	4	1
140.519	1575	3	2
140.686	1576	3	3
140.686	1577	2	1
140.769	1578	1	1
140.853	1579	4	1
140.853	1580	3	1
140.936	1581	2	1
141.019	1582	1	1
141.103	1583	4	1
141.186	1584	2	1
141.186	1585	3	2
141.353	1586	3	3
141.519	1587	1	1
141.519	1588	4	2
141.686	1589	4	3
141.686	1590	3	2
141.853	1591	3	3
141.853	1592	2	2
142.019	1593	2	3
141.853	1594	4	1
142.019	1595	1	2
142.186	1596	1	3
142.186	1597	4	1
142.186	1598	2	1
142.269	1599	3	1
142.353	1600	2	1
142.436	1601	1	1
142.519	1602	4	1
142.519	1603	3	2
142.686	1604	3	3
142.853	1605	1	1
142.853	1606	2	1
142.936	1607	3	1
143.019	1608	4	2
143.186	1609	4	3
143.186	1610	2	2
143.353	1611	2	3
143.186	1612	1	1
143.353	1613	3	1
143.436	1614	4	1
143.519	1615	2	1
143.519	1616	1	1
143.603	1617	3	1
143.686	1618	4	1
143.769	1619	1	1
143.853	1620	4	1
143.853	1621	3	2
144.019	1622	3	3
144.186	1623	1	1
144.186	1624	4	1
144.269	1625	3	1
144.353	1626	2	1
144.353	1627	1	1
144.519	1628	3	1
144.519	1629	4	1
144.686	1630	1	1
144.686	1631	2	2
144.853	1632	2	3
144.853	1633	3	1
144.853	1634	4	1
144.964	1635	1	1
145.019	1636	2	1
145.019	1637	3	1
145.075	1638	4	1
145.186	1639	2	2
145.353	1640	2	3
145.186	1641	1	1
145.353	1642	3	1
145.353	1643	4	1
145.519	1644	1	1
145.519	1645	2	1
145.603	1646	3	1
145.686	1647	2	2
145.853	1648	2	3
145.686	1649	4	1
145.853	1650	1	1
145.853	1651	3	2
146.019	1652	3	3
146.019	1653	2	1
146.019	1654	4	1
146.103	1655	1	1
146.186	1656	4	1
146.186	1657	3	1
146.269	1658	2	1
146.353	1659	1	1
146.353	1660	3	1
146.436	1661	4	1
146.519	1662	3	2
146.686	1663	3	3
146.519	1664	2	1
146.686	1665	4	1
146.686	1666	1	1
146.853	1667	4	1
146.853	1668	3	1
146.936	1669	2	1
146.936	1670	1	1
147.019	1671	4	1
147.019	1672	3	1
147.103	1673	1	1
147.103	1674	2	1
147.186	1675	4	1
147.186	1676	3	1
147.269	1677	2	1
147.269	1678	1	1
147.353	1679	4	1
147.353	1680	3	1
147.436	1681	1	1
147.436	1682	2	1
147.519	1683	3	1
147.519	1684	4	1
147.603	1685	1	1
147.603	1686	2	1
147.686	1687	4	1
147.686	1688	3	1
147.769	1689	1	1
147.769	1690	2	1
147.853	1691	3	1
147.853	1692	4	1
147.936	1693	1	1
147.936	1694	2	1
148.019	1695	3	1
148.019	1696	4	1
148.103	1697	1	1
148.103	1698	2	1
148.186	1699	4	2
148.353	1700	4	3
148.186	1701	3	1
148.519	1702	2	1
148.519	1703	1	2
148.769	1704	1	3
148.769	1705	4	1
148.853	1706	2	1
148.853	1707	3	2
149.019	1708	3	3
149.186	1709	4	1
149.186	1710	3	1
149.186	1711	1	1
149.186	1712	2	1
149.519	1713	2	1
149.519	1714	3	1
149.853	1715	4	1
149.853	1716	1	2
149.936	1717	1	3
150.019	1718	1	2
150.103	1719	1	3
150.186	1720	1	2
150.269	1721	1	3
150.186	1722	4	1
150.353	1723	3	1
150.519	1724	2	2
150.686	1725	2	3
150.519	1726	1	1
150.603	1727	3	1
150.686	1728	4	1
150.769	1729	1	1
150.853	1730	3	2
151.019	1731	3	3
150.853	1732	4	1
150.936	1733	2	1
151.019	1734	1	1
151.103	1735	3	1
151.186	1736	2	1
151.186	1737	4	2
151.353	1738	4	3
151.269	1739	1	1
151.353	1740	3	1
151.519	1741	4	1
151.519	1742	2	2
151.686	1743	2	3
151.686	1744	1	1
151.853	1745	4	1
151.853	1746	3	1
151.936	1747	1	1
152.019	1748	2	2
152.186	1749	2	3
152.186	1750	4	2
152.353	1751	4	3
152.186	1752	3	1
152.353	1753	2	1
152.519	1754	4	2
152.603	1755	4	3
152.519	1756	1	1
152.686	1757	4	2
152.769	1758	4	3
152.853	1759	3	2
153.019	1760	3	3
152.853	1761	1	1
153.019	1762	2	1
153.186	1763	1	1
153.186	1764	3	2
153.269	1765	3	3
153.269	1766	2	1
153.352	1767	3	2
153.436	1768	3	3
153.519	1769	2	2
153.686	1770	2	3
153.519	1771	4	1
153.602	1772	1	1
153.686	1773	3	1
153.769	1774	4	1
153.852	1775	2	1
153.852	1776	1	2
154.019	1777	1	3
153.936	1778	3	1
154.019	1779	4	1
154.186	1780	3	2
154.352	1781	3	3
154.186	1782	1	1
154.352	1783	2	1
154.519	1784	1	1
154.519	1785	3	1
154.602	1786	2	1
154.686	1787	4	2
154.852	1788	4	3
154.852	1789	2	1
154.852	1790	3	1
155.186	1791	1	2
155.269	1792	1	3
155.186	1793	4	1
155.352	1794	1	2
155.436	1795	1	3
155.519	1796	4	1
155.519	1797	1	2
155.602	1798	1	3
155.686	1799	3	1
155.852	1800	1	1
155.852	1801	2	2
156.019	1802	2	3
155.936	1803	3	1
156.019	1804	4	1
156.102	1805	1	1
156.186	1806	4	1
156.186	1807	3	2
156.352	1808	3	3
156.269	1809	2	1
156.352	1810	1	1
156.436	1811	3	1
156.519	1812	2	1
156.519	1813	4	2
156.686	1814	4	3
156.602	1815	1	1
156.686	1816	3	1
156.852	1817	2	2
157.019	1818	2	3
156.852	1819	4	1
157.019	1820	1	1
157.186	1821	4	1
157.186	1822	3	1
157.269	1823	1	1
157.352	1824	2	2
157.519	1825	2	3
157.519	1826	3	1
157.519	1827	4	2
157.686	1828	4	3
157.686	1829	2	1
157.852	1830	1	1
157.852	1831	4	2
157.936	1832	4	3
158.019	1833	4	2
158.102	1834	4	3
158.186	1835	1	1
158.186	1836	3	2
158.352	1837	3	3
158.352	1838	2	1
158.519	1839	1	1
158.519	1840	3	2
158.602	1841	3	3
158.602	1842	2	1
158.686	1843	3	2
158.769	1844	3	3
158.852	1845	4	2
159.019	1846	4	3
158.852	1847	1	1
159.186	1848	1	2
159.436	1849	1	3
159.186	1850	2	1
159.436	1851	4	1
159.519	1852	2	1
159.519	1853	3	2
159.686	1854	3	3
159.852	1855	1	1
159.852	1856	2	1
159.852	1857	3	1
159.852	1858	4	1
160.186	1859	2	1
160.186	1860	3	1
160.519	1861	1	2
160.602	1862	1	3
160.519	1863	4	1
160.686	1864	1	2
160.769	1865	1	3
160.852	1866	4	1
160.852	1867	1	2
160.936	1868	1	3
161.019	1869	1	2
161.102	1870	1	3
161.186	1871	4	1
161.186	1872	2	2
161.352	1873	2	3
161.269	1874	3	1
161.352	1875	1	2
161.436	1876	1	3
161.436	1877	2	2
161.519	1878	2	3
161.519	1879	3	2
161.686	1880	3	3
161.519	1881	4	1
161.602	1882	2	1
161.686	1883	1	2
161.769	1884	1	3
161.769	1885	2	2
161.852	1886	2	3
161.852	1887	4	2
161.936	1888	4	3
161.852	1889	3	1
161.936	1890	1	1
162.019	1891	4	2
162.102	1892	4	3
162.186	1893	2	2
162.352	1894	2	3
162.186	1895	3	1
162.352	1896	1	1
162.519	1897	4	1
162.519	1898	2	1
162.602	1899	3	1
162.686	1900	2	2
162.852	1901	2	3
162.686	1902	1	1
162.852	1903	3	1
162.852	1904	4	2
163.019	1905	4	3
163.019	1906	2	1
163.186	1907	4	2
163.269	1908	4	3
163.186	1909	1	1
163.269	1910	3	2
163.352	1911	3	3
163.352	1912	2	2
163.436	1913	2	3
163.436	1914	1	2
163.519	1915	1	3
163.519	1916	4	1
163.519	1917	3	2
163.686	1918	3	3
163.686	1919	1	2
163.769	1920	1	3
163.769	1921	2	2
163.852	1922	2	3
163.852	1923	3	2
163.936	1924	3	3
163.852	1925	4	1
163.936	1926	1	1
164.019	1927	3	2
164.102	1928	3	3
164.186	1929	2	2
164.269	1930	2	3
164.186	1931	4	1
164.269	1932	1	1
164.352	1933	2	2
164.436	1934	2	3
164.436	1935	3	1
164.519	1936	4	1
164.519	1937	1	2
164.602	1938	1	3
164.602	1939	3	1
164.686	1940	1	2
164.769	1941	1	3
164.852	1942	3	1
164.852	1943	4	1
164.936	1944	2	1
164.936	1945	1	1
165.019	1946	3	1
165.019	1947	4	1
165.186	1948	1	2
165.519	1949	1	3
165.352	1950	4	2
165.519	1951	4	3
165.519	1952	3	1
165.519	1953	2	1
165.852	1954	4	1
165.852	1955	1	2
165.936	1956	1	3
166.019	1957	1	2
166.102	1958	1	3
166.186	1959	4	1
166.186	1960	1	2
166.269	1961	1	3
166.352	1962	1	2
166.436	1963	1	3
166.519	1964	2	2
166.686	1965	2	3
166.519	1966	4	1
166.602	1967	3	1
166.686	1968	1	2
166.769	1969	1	3
166.769	1970	2	2
166.852	1971	2	3
166.852	1972	3	2
167.019	1973	3	3
166.852	1974	4	1
166.936	1975	2	1
167.019	1976	1	2
167.102	1977	1	3
167.102	1978	2	2
167.186	1979	2	3
167.186	1980	3	1
167.186	1981	4	2
167.269	1982	4	3
167.269	1983	1	1
167.352	1984	4	2
167.436	1985	4	3
167.519	1986	3	1
167.519	1987	2	2
167.686	1988	2	3
167.686	1989	1	1
167.852	1990	4	1
167.852	1991	2	1
167.936	1992	3	1
168.019	1993	1	1
168.019	1994	2	2
168.186	1995	2	3
168.186	1996	3	1
168.186	1997	4	1
168.269	1998	2	1
168.269	1999	1	1
168.352	2000	4	1
168.352	2001	3	1
168.436	2002	2	1
168.436	2003	1	1
168.519	2004	4	1
168.519	2005	3	1
168.602	2006	2	1
168.602	2007	1	1
168.686	2008	3	1
168.686	2009	4	1
168.769	2010	1	1
168.769	2011	2	1
168.852	2012	4	1
168.852	2013	3	1
168.936	2014	2	1
168.936	2015	1	1
169.019	2016	4	1
169.019	2017	3	1
169.102	2018	1	1
169.102	2019	2	1
169.186	2020	3	1
169.186	2021	4	1
169.269	2022	2	1
169.269	2023	1	1
169.352	2024	3	1
169.352	2025	4	1
169.436	2026	2	1
169.436	2027	1	1
169.519	2028	3	1
169.519	2029	4	2
169.686	2030	4	3
169.852	2031	1	2
170.102	2032	1	3
169.852	2033	2	1
170.102	2034	4	1
170.186	2035	2	1
170.186	2036	3	2
170.352	2037	3	3
170.519	2038	2	1
170.519	2039	1	1
170.519	2040	3	1
170.519	2041	4	1
170.852	2042	2	1
170.852	2043	3	1
171.186	2044	1	1
171.186	2045	4	1
171.186	2046	3	1
171.352	2047	3	1
171.352	2048	4	1
171.519	2049	1	1
171.519	2050	4	2
171.852	2051	4	3
171.519	2052	3	2
171.852	2053	3	3
171.852	2054	1	1
171.852	2055	2	1
172.019	2056	1	1
172.019	2057	3	2
172.436	2058	3	3
172.019	2059	4	2
172.436	2060	4	3
172.186	2061	2	1
172.186	2062	1	1
172.519	2063	4	2
172.769	2064	4	3
172.519	2065	3	2
172.769	2066	3	3
172.519	2067	1	1
172.852	2068	4	2
173.352	2069	4	3
172.852	2070	3	2
173.352	2071	3	3
172.852	2072	1	1
173.186	2073	2	1
173.186	2074	1	1
173.352	2075	2	1
173.352	2076	1	1
173.519	2077	3	1
173.519	2078	2	1
173.852	2079	3	1
173.852	2080	1	1
173.852	2081	4	1
174.019	2082	4	1
174.019	2083	3	1
174.186	2084	3	2
174.519	2085	3	3
174.186	2086	4	2
174.519	2087	4	3
174.186	2088	1	1
174.519	2089	1	1
174.519	2090	2	1
174.686	2091	4	2
175.102	2092	4	3
174.686	2093	3	2
175.102	2094	3	3
174.686	2095	1	1
174.852	2096	2	1
174.852	2097	1	1
175.186	2098	3	1
175.186	2099	1	1
175.186	2100	4	1
175.352	2101	3	1
175.352	2102	4	1
175.519	2103	2	1
175.519	2104	1	1
175.602	2105	3	1
175.602	2106	4	1
175.686	2107	2	1
175.686	2108	1	1
175.852	2109	3	1
175.852	2110	2	1
176.019	2111	3	1
176.019	2112	4	1
176.186	2113	3	1
176.186	2114	2	1
176.519	2115	4	1
176.519	2116	3	1
176.519	2117	1	1
176.686	2118	4	1
176.686	2119	3	1
176.852	2120	1	1
176.852	2121	3	2
177.186	2122	3	3
176.852	2123	4	2
177.186	2124	4	3
177.186	2125	2	1
177.186	2126	1	1
177.352	2127	3	2
177.769	2128	3	3
177.352	2129	4	2
177.769	2130	4	3
177.352	2131	1	1
177.519	2132	2	1
177.519	2133	1	1
177.852	2134	3	2
178.019	2135	3	3
177.852	2136	1	1
177.852	2137	4	2
178.019	2138	4	3
178.019	2139	2	1
178.019	2140	1	1
178.186	2141	3	1
178.186	2142	4	1
178.269	2143	2	1
178.269	2144	1	1
178.352	2145	4	1
178.352	2146	3	1
178.436	2147	1	1
178.436	2148	2	1
178.519	2149	4	1
178.519	2150	3	1
178.686	2151	2	1
178.686	2152	1	1
178.852	2153	2	1
178.852	2154	3	1
179.019	2155	4	1
179.019	2156	3	1
179.186	2157	2	1
179.186	2158	1	1
179.352	2159	2	1
179.352	2160	3	1
179.519	2161	3	1
179.519	2162	4	1
179.602	2163	2	1
179.602	2164	1	1
179.686	2165	4	1
179.686	2166	3	1
179.769	2167	1	1
179.769	2168	2	1
179.852	2169	4	1
179.852	2170	3	1
179.936	2171	2	1
179.936	2172	1	1
180.019	2173	4	1
180.019	2174	3	1
180.102	2175	2	1
180.102	2176	1	1
180.186	2177	4	1
180.186	2178	3	1
180.519	2179	2	1
180.519	2180	1	1
180.852	2181	4	1
180.852	2182	3	1
181.019	2183	2	1
181.186	2184	4	1
181.186	2185	3	1
181.186	2186	1	1
181.519	2187	3	1
181.519	2188	1	1
181.686	2189	2	1
181.852	2190	1	1
181.852	2191	3	1
182.019	2192	4	1
182.186	2193	1	1
182.186	2194	3	1
182.352	2195	2	1
182.519	2196	1	2
182.686	2197	1	3
182.519	2198	3	1
182.686	2199	2	2
182.852	2200	2	3
182.852	2201	4	2
183.186	2202	4	3
182.852	2203	3	1
183.019	2204	1	1
183.186	2205	3	1
183.186	2206	2	2
183.519	2207	2	3
183.352	2208	4	1
183.519	2209	3	2
183.852	2210	3	3
183.519	2211	1	1
183.686	2212	2	1
183.852	2213	1	1
183.852	2214	4	2
184.019	2215	4	3
184.019	2216	2	2
184.186	2217	2	3
184.186	2218	3	1
184.186	2219	1	2
184.519	2220	1	3
184.352	2221	2	1
184.519	2222	3	1
184.519	2223	4	1
184.686	2224	1	1
184.852	2225	3	1
184.852	2226	2	1
185.019	2227	4	1
185.186	2228	1	1
185.186	2229	2	2
185.352	2230	2	3
185.352	2231	3	2
185.519	2232	3	3
185.519	2233	2	1
185.519	2234	4	2
185.852	2235	4	3
185.686	2236	3	1
185.852	2237	2	2
186.186	2238	2	3
185.852	2239	1	1
186.019	2240	4	1
186.186	2241	1	1
186.186	2242	3	2
186.519	2243	3	3
186.352	2244	2	1
186.519	2245	4	2
186.686	2246	4	3
186.519	2247	1	1
186.686	2248	3	2
186.852	2249	3	3
186.852	2250	4	1
186.852	2251	2	2
187.186	2252	2	3
187.019	2253	1	1
187.186	2254	3	1
187.186	2255	4	1
187.352	2256	1	1
187.519	2257	3	1
187.519	2258	2	1
187.686	2259	4	1
187.852	2260	1	2
188.019	2261	1	3
187.852	2262	3	1
188.019	2263	2	2
188.186	2264	2	3
188.186	2265	4	2
188.519	2266	4	3
188.186	2267	3	1
188.352	2268	1	1
188.519	2269	2	2
188.852	2270	2	3
188.519	2271	3	1
188.686	2272	4	1
188.852	2273	3	2
189.186	2274	3	3
188.852	2275	1	1
189.019	2276	2	1
189.186	2277	1	1
189.186	2278	4	2
189.352	2279	4	3
189.352	2280	2	2
189.519	2281	2	3
189.519	2282	1	2
189.852	2283	1	3
189.519	2284	3	1
189.686	2285	2	1
189.852	2286	3	1
189.852	2287	4	1
190.019	2288	1	1
190.186	2289	2	1
190.186	2290	3	1
190.352	2291	4	2
190.519	2292	4	3
190.519	2293	1	1
190.519	2294	3	2
190.686	2295	3	3
190.686	2296	2	2
190.852	2297	2	3
190.852	2298	1	2
191.186	2299	1	3
190.852	2300	3	1
191.019	2301	2	1
191.186	2302	3	1
191.186	2303	4	1
191.352	2304	1	1
191.519	2305	2	1
191.519	2306	3	1
191.686	2307	4	1
191.852	2308	1	1
191.852	2309	2	1
192.019	2310	3	1
192.186	2311	4	1
192.186	2312	1	1
192.352	2313	3	1
192.519	2314	2	1
192.686	2315	3	1
192.686	2316	4	2
192.852	2317	4	3
192.852	2318	2	2
193.019	2319	2	3
192.852	2320	1	1
193.019	2321	4	2
193.186	2322	4	3
193.186	2323	2	1
193.186	2324	3	1
193.352	2325	1	2
193.686	2326	1	3
193.519	2327	2	1
193.519	2328	4	1
193.686	2329	3	1
193.852	2330	2	1
194.019	2331	3	1
194.019	2332	4	2
194.186	2333	4	3
194.186	2334	2	2
194.352	2335	2	3
194.186	2336	1	1
194.352	2337	4	2
194.519	2338	4	3
194.436	2339	3	1
194.436	2340	1	1
194.519	2341	2	1
194.519	2342	1	1
194.686	2343	3	2
195.019	2344	3	3
194.686	2345	4	1
194.852	2346	1	1
194.852	2347	2	1
195.019	2348	4	1
195.186	2349	2	1
195.352	2350	4	2
195.519	2351	4	3
195.352	2352	3	1
195.519	2353	1	1
195.519	2354	2	2
195.686	2355	2	3
195.686	2356	4	2
195.852	2357	4	3
195.852	2358	1	2
196.019	2359	1	3
195.852	2360	3	1
196.019	2361	2	2
196.186	2362	2	3
196.186	2363	3	1
196.186	2364	4	2
196.519	2365	4	3
196.352	2366	1	1
196.519	2367	3	2
196.852	2368	3	3
196.686	2369	4	1
196.686	2370	2	1
196.852	2371	1	2
197.186	2372	1	3
196.852	2373	2	1
197.102	2374	2	1
197.102	2375	3	1
197.186	2376	2	1
197.186	2377	4	2
197.352	2378	4	3
197.352	2379	2	1
197.352	2380	3	2
197.519	2381	3	3
197.519	2382	4	1
197.519	2383	1	2
197.852	2384	1	3
197.686	2385	3	1
197.852	2386	2	1
198.019	2387	4	2
198.186	2388	4	3
198.019	2389	3	1
198.186	2390	2	2
198.352	2391	2	3
198.186	2392	1	1
198.352	2393	4	2
198.519	2394	4	3
198.519	2395	3	1
198.519	2396	2	1
198.686	2397	1	2
199.019	2398	1	3
198.852	2399	4	1
198.852	2400	2	1
199.019	2401	3	1
199.186	2402	2	1
199.352	2403	3	1
199.352	2404	4	2
199.519	2405	4	3
199.519	2406	2	2
199.686	2407	2	3
199.519	2408	1	1
199.686	2409	4	2
199.852	2410	4	3
199.769	2411	3	1
199.769	2412	1	1
199.852	2413	1	1
199.852	2414	2	1
200.019	2415	3	2
200.352	2416	3	3
200.019	2417	4	1
200.186	2418	1	1
200.186	2419	2	1
200.352	2420	2	1
200.352	2421	4	1
200.519	2422	2	1
200.519	2423	1	1
200.686	2424	4	2
200.852	2425	4	3
200.686	2426	3	1
200.852	2427	2	2
201.019	2428	2	3
200.852	2429	1	1
201.019	2430	3	1
201.019	2431	4	2
201.186	2432	4	3
201.186	2433	1	2
201.352	2434	1	3
201.186	2435	2	1
201.352	2436	4	1
201.352	2437	3	2
201.519	2438	3	3
201.519	2439	2	1
201.519	2440	1	1
201.602	2441	4	1
201.602	2442	3	1
201.686	2443	1	1
201.686	2444	2	1
201.769	2445	4	1
201.769	2446	3	1
201.852	2447	1	1
201.852	2448	2	1
201.936	2449	3	1
201.936	2450	4	1
202.019	2451	2	1
202.019	2452	1	1
202.102	2453	3	1
202.102	2454	4	1
202.186	2455	2	1
202.186	2456	1	1
202.269	2457	4	1
202.269	2458	3	1
202.352	2459	2	1
202.352	2460	1	1
202.436	2461	3	1
202.436	2462	4	1
202.519	2463	1	1
202.519	2464	2	1
202.602	2465	3	1
202.602	2466	4	1
202.686	2467	2	1
202.686	2468	1	1
202.769	2469	4	1
202.769	2470	3	1
202.852	2471	2	1
202.852	2472	1	2
203.019	2473	1	3
203.019	2474	4	1
203.186	2475	1	2
203.352	2476	1	3
203.352	2477	2	2
203.519	2478	2	3
203.519	2479	3	2
203.686	2480	3	3
203.686	2481	4	1
203.852	2482	3	2
204.019	2483	3	3
204.019	2484	1	2
204.186	2485	1	3
204.186	2486	3	2
204.352	2487	3	3
204.352	2488	2	1
204.519	2489	3	2
204.686	2490	3	3
204.686	2491	4	2
204.852	2492	4	3
204.852	2493	2	2
205.186	2494	2	3
205.019	2495	1	1
205.186	2496	3	1
205.352	2497	2	1
205.519	2498	4	2
205.686	2499	4	3
205.686	2500	1	1
205.852	2501	4	2
206.019	2502	4	3
206.019	2503	2	2
206.186	2504	2	3
206.186	2505	3	2
206.352	2506	3	3
206.352	2507	1	1
206.519	2508	3	2
206.686	2509	3	3
206.686	2510	2	2
206.852	2511	2	3
206.852	2512	1	2
207.019	2513	1	3
207.019	2514	3	1
207.186	2515	1	2
207.352	2516	1	3
207.352	2517	2	2
207.519	2518	2	3
207.519	2519	4	2
207.852	2520	4	3
207.686	2521	1	1
207.852	2522	2	1
208.019	2523	3	1
208.186	2524	1	2
208.352	2525	1	3
208.352	2526	4	1
208.519	2527	1	2
208.686	2528	1	3
208.686	2529	2	2
208.852	2530	2	3
208.852	2531	3	2
209.019	2532	3	3
209.019	2533	4	1
209.186	2534	3	2
209.352	2535	3	3
209.352	2536	1	2
209.519	2537	1	3
209.519	2538	3	2
209.686	2539	3	3
209.686	2540	2	1
209.852	2541	3	2
210.019	2542	3	3
210.019	2543	4	2
210.186	2544	4	3
210.186	2545	2	2
210.519	2546	2	3
210.352	2547	1	1
210.519	2548	3	1
210.686	2549	2	1
210.852	2550	4	2
211.019	2551	4	3
211.019	2552	1	1
211.186	2553	4	2
211.352	2554	4	3
211.352	2555	2	2
211.519	2556	2	3
211.519	2557	3	2
211.686	2558	3	3
211.686	2559	1	1
211.852	2560	3	2
212.019	2561	3	3
212.019	2562	2	2
212.186	2563	2	3
212.186	2564	1	2
212.352	2565	1	3
212.352	2566	2	1
212.519	2567	4	2
212.686	2568	4	3
212.686	2569	3	2
212.852	2570	3	3
212.852	2571	2	2
213.186	2572	2	3
213.019	2573	1	1
213.186	2574	3	1
213.352	2575	4	1
213.519	2576	2	1
213.519	2577	1	1
213.852	2578	2	1
213.852	2579	3	1
214.019	2580	4	2
214.186	2581	4	3
214.186	2582	1	1
214.186	2583	2	2
214.352	2584	2	3
214.352	2585	4	2
214.519	2586	4	3
214.519	2587	2	1
214.519	2588	3	1
214.686	2589	1	2
215.019	2590	1	3
214.852	2591	3	1
214.852	2592	4	1
215.186	2593	1	1
215.186	2594	2	1
215.352	2595	4	2
215.519	2596	4	3
215.519	2597	1	1
215.519	2598	2	2
215.686	2599	2	3
215.686	2600	4	2
215.852	2601	4	3
215.852	2602	1	1
215.852	2603	2	1
216.019	2604	3	2
216.352	2605	3	3
216.186	2606	2	1
216.186	2607	1	1
216.519	2608	2	1
216.519	2609	1	1
216.686	2610	4	2
216.852	2611	4	3
216.852	2612	2	2
217.019	2613	2	3
216.852	2614	1	1
217.019	2615	4	2
217.186	2616	4	3
217.186	2617	3	1
217.186	2618	1	2
217.352	2619	1	3
217.352	2620	2	2
217.519	2621	2	3
217.519	2622	4	2
217.852	2623	4	3
217.519	2624	3	1
217.852	2625	2	1
217.852	2626	3	2
218.186	2627	3	3
218.186	2628	1	2
218.519	2629	1	3
218.186	2630	2	1
218.519	2631	4	2
218.686	2632	4	3
218.519	2633	2	1
218.686	2634	3	2
218.852	2635	3	3
218.852	2636	2	1
218.852	2637	1	2
219.186	2638	1	3
219.019	2639	4	1
219.019	2640	3	1
219.186	2641	3	1
219.186	2642	2	1
219.352	2643	1	1
219.352	2644	4	2
219.519	2645	4	3
219.519	2646	3	1
219.519	2647	2	2
219.686	2648	2	3
219.686	2649	1	1
219.686	2650	4	2
219.852	2651	4	3
219.852	2652	3	1
219.852	2653	2	1
220.019	2654	2	1
220.019	2655	1	2
220.352	2656	1	3
220.186	2657	3	1
220.186	2658	4	1
220.352	2659	2	1
220.352	2660	3	1
220.519	2661	2	1
220.519	2662	1	1
220.686	2663	3	1
220.686	2664	4	2
220.852	2665	4	3
220.852	2666	2	2
221.019	2667	2	3
220.852	2668	1	1
221.019	2669	4	2
221.186	2670	4	3
221.019	2671	3	1
221.186	2672	1	1
221.186	2673	2	1
221.352	2674	4	1
221.352	2675	3	2
221.519	2676	3	3
221.519	2677	2	1
221.519	2678	1	1
221.602	2679	4	1
221.602	2680	3	1
221.686	2681	2	1
221.686	2682	1	1
221.769	2683	4	1
221.769	2684	3	1
221.852	2685	2	1
221.852	2686	1	1
221.936	2687	4	1
221.936	2688	3	1
222.019	2689	1	1
222.019	2690	2	1
222.102	2691	4	1
222.102	2692	3	1
222.186	2693	1	1
222.186	2694	2	1
222.269	2695	4	1
222.269	2696	3	1
222.352	2697	1	1
222.352	2698	2	1
222.436	2699	4	1
222.436	2700	3	1
222.519	2701	1	1
222.519	2702	2	1
222.602	2703	4	1
222.602	2704	3	1
222.686	2705	1	1
222.686	2706	2	1
222.769	2707	3	1
222.769	2708	4	1
222.852	2709	1	1
222.852	2710	2	2
223.186	2711	2	3
223.186	2712	3	2
223.519	2713	3	3
223.519	2714	4	2
223.852	2715	4	3
223.852	2716	3	2
224.019	2717	3	3
223.852	2718	2	1
223.852	2719	1	1
224.019	2720	2	2
224.167	2721	2	3
224.167	2722	3	1
224.167	2723	1	2
224.333	2724	1	3
224.167	2725	4	1
224.333	2726	3	2
224.500	2727	3	3
224.500	2728	1	1
224.500	2729	2	2
224.667	2730	2	3
224.500	2731	4	1
224.667	2732	1	2
224.833	2733	1	3
224.833	2734	2	1
224.833	2735	3	1
224.833	2736	4	2
225.000	2737	4	3
225.000	2738	3	2
225.167	2739	3	3
225.167	2740	1	1
225.167	2741	2	2
225.333	2742	2	3
225.167	2743	4	1
225.333	2744	1	2
225.667	2745	1	3
225.500	2746	3	1
225.500	2747	2	1
225.500	2748	4	1
225.667	2749	4	2
225.833	2750	4	3
225.833	2751	3	2
226.000	2752	3	3
225.833	2753	1	1
225.833	2754	2	1
226.000	2755	1	2
226.333	2756	1	3
226.167	2757	4	1
226.167	2758	3	1
226.167	2759	2	1
226.500	2760	3	1
226.500	2761	1	2
226.667	2762	1	3
226.500	2763	4	1
226.667	2764	2	2
226.833	2765	2	3
226.833	2766	4	1
226.833	2767	1	1
226.833	2768	3	2
227.000	2769	3	3
227.000	2770	4	2
227.167	2771	4	3
227.167	2772	2	1
227.167	2773	3	2
227.333	2774	3	3
227.167	2775	1	1
227.333	2776	1	2
227.500	2777	1	3
227.500	2778	4	2
227.667	2779	4	3
227.500	2780	2	1
227.500	2781	3	1
227.667	2782	3	2
227.833	2783	3	3
227.833	2784	1	1
227.833	2785	2	2
228.000	2786	2	3
227.833	2787	4	1
228.000	2788	1	2
228.333	2789	1	3
228.167	2790	2	1
228.167	2791	4	1
228.167	2792	3	1
228.333	2793	3	2
228.500	2794	3	3
228.500	2795	1	2
228.667	2796	1	3
228.500	2797	2	1
228.500	2798	4	1
228.667	2799	4	2
229.000	2800	4	3
228.833	2801	2	1
228.833	2802	3	1
228.833	2803	1	1
229.167	2804	4	1
229.167	2805	3	1
229.167	2806	1	2
229.333	2807	1	3
229.333	2808	4	1
229.333	2809	2	1
229.333	2810	3	2
229.500	2811	3	3
229.500	2812	4	1
229.500	2813	1	1
229.500	2814	2	2
229.667	2815	2	3
229.667	2816	1	2
229.833	2817	1	3
229.833	2818	4	1
229.833	2819	2	2
230.000	2820	2	3
229.833	2821	3	1
230.000	2822	3	2
230.333	2823	3	3
230.167	2824	1	1
230.167	2825	4	1
230.167	2826	2	1
230.333	2827	2	2
230.500	2828	2	3
230.500	2829	3	1
230.500	2830	4	1
230.500	2831	1	2
230.667	2832	1	3
230.667	2833	2	2
230.833	2834	2	3
230.833	2835	1	2
230.917	2836	1	3
230.833	2837	3	1
230.917	2838	4	2
231.167	2839	4	3
231.167	2840	3	2
231.333	2841	3	3
231.167	2842	1	1
231.167	2843	2	1
231.500	2844	2	1
231.500	2845	4	2
231.667	2846	4	3
231.500	2847	1	1
231.667	2848	3	2
231.833	2849	3	3
231.833	2850	2	2
232.000	2851	2	3
231.833	2852	4	1
231.833	2853	1	1
232.000	2854	1	2
232.167	2855	1	3
232.167	2856	4	1
232.167	2857	3	1
232.167	2858	2	2
232.333	2859	2	3
232.333	2860	3	2
232.500	2861	3	3
232.500	2862	4	1
232.500	2863	2	2
232.667	2864	2	3
232.500	2865	1	1
232.667	2866	1	2
232.833	2867	1	3
232.833	2868	2	1
232.833	2869	3	1
232.833	2870	4	2
233.000	2871	4	3
233.000	2872	3	2
233.167	2873	3	3
233.167	2874	2	2
233.333	2875	2	3
233.167	2876	4	1
233.167	2877	1	1
233.333	2878	1	2
233.667	2879	1	3
233.500	2880	3	1
233.500	2881	4	1
233.500	2882	2	1
233.667	2883	3	2
233.833	2884	3	3
233.833	2885	4	1
233.833	2886	2	1
233.833	2887	1	2
234.000	2888	1	3
234.000	2889	4	2
234.333	2890	4	3
234.167	2891	1	1
234.167	2892	3	1
234.167	2893	2	1
234.333	2894	3	2
234.500	2895	3	3
234.500	2896	4	1
234.500	2897	2	2
234.667	2898	2	3
234.500	2899	1	1
234.667	2900	3	2
234.833	2901	3	3
234.833	2902	2	1
234.833	2903	1	2
235.000	2904	1	3
234.833	2905	4	1
235.000	2906	3	2
235.167	2907	3	3
235.167	2908	1	1
235.167	2909	2	2
235.333	2910	2	3
235.167	2911	4	1
235.333	2912	1	2
235.500	2913	1	3
235.500	2914	2	1
235.500	2915	4	2
235.667	2916	4	3
235.500	2917	3	1
235.667	2918	3	2
235.833	2919	3	3
235.833	2920	2	2
236.000	2921	2	3
235.833	2922	1	1
235.833	2923	4	1
236.000	2924	1	2
236.333	2925	1	3
236.167	2926	2	1
236.167	2927	3	1
236.167	2928	4	1
236.333	2929	4	2
236.500	2930	4	3
236.500	2931	3	2
236.667	2932	3	3
236.500	2933	2	1
236.500	2934	1	1
236.667	2935	1	2
237.000	2936	1	3
236.833	2937	4	1
236.833	2938	3	1
236.833	2939	2	1
237.167	2940	1	2
237.333	2941	1	3
237.167	2942	4	1
237.167	2943	3	1
237.333	2944	2	2
237.500	2945	2	3
237.500	2946	3	2
237.667	2947	3	3
237.500	2948	1	1
237.500	2949	4	1
237.667	2950	4	2
237.833	2951	4	3
237.833	2952	3	2
238.000	2953	3	3
237.833	2954	2	1
237.833	2955	1	1
238.000	2956	1	2
238.166	2957	1	3
238.166	2958	4	2
238.333	2959	4	3
238.166	2960	2	1
238.166	2961	3	1
238.333	2962	3	2
238.500	2963	3	3
238.500	2964	4	1
238.500	2965	2	2
238.666	2966	2	3
238.500	2967	1	1
238.666	2968	4	1
238.666	2969	3	1
238.750	2970	1	1
238.750	2971	2	1
238.833	2972	4	2
239.000	2973	4	3
238.833	2974	3	1
239.000	2975	3	2
239.166	2976	3	3
239.166	2977	1	2
239.333	2978	1	3
239.166	2979	4	1
239.166	2980	2	1
239.333	2981	4	2
239.500	2982	4	3
239.500	2983	2	1
239.500	2984	1	1
239.583	2985	4	1
239.583	2986	3	1
239.666	2987	2	1
239.666	2988	1	1
239.833	2989	1	2
240.000	2990	1	3
239.833	2991	4	1
239.833	2992	2	1
240.000	2993	3	2
240.166	2994	3	3
240.166	2995	1	1
240.166	2996	4	1
240.166	2997	2	2
240.333	2998	2	3
240.333	2999	1	2
240.500	3000	1	3
240.500	3001	4	1
240.500	3002	2	2
240.666	3003	2	3
240.500	3004	3	1
240.666	3005	3	2
241.000	3006	3	3
240.833	3007	4	1
240.833	3008	1	1
240.833	3009	2	1
241.000	3010	2	2
241.166	3011	2	3
241.166	3012	1	2
241.333	3013	1	3
241.166	3014	4	1
241.166	3015	3	1
241.333	3016	2	2
241.500	3017	2	3
241.500	3018	1	2
241.583	3019	1	3
241.500	3020	3	1
241.583	3021	4	2
241.833	3022	4	3
241.833	3023	2	1
241.833	3024	3	2
242.000	3025	3	3
241.833	3026	1	1
242.166	3027	2	1
242.166	3028	4	2
242.333	3029	4	3
242.166	3030	1	1
242.333	3031	3	2
242.500	3032	3	3
242.500	3033	1	1
242.500	3034	2	2
242.666	3035	2	3
242.500	3036	4	1
242.666	3037	1	2
242.833	3038	1	3
242.833	3039	4	1
242.833	3040	2	2
243.000	3041	2	3
242.833	3042	3	1
243.000	3043	3	2
243.166	3044	3	3
243.166	3045	4	1
243.166	3046	1	1
243.166	3047	2	2
243.333	3048	2	3
243.333	3049	1	2
243.500	3050	1	3
243.333	3051	4	1
243.333	3052	3	1
243.500	3053	4	2
243.666	3054	4	3
243.666	3055	1	1
243.666	3056	2	1
243.666	3057	3	2
243.833	3058	3	3
243.833	3059	2	2
244.000	3060	2	3
244.000	3061	4	1
244.000	3062	1	2
244.333	3063	1	3
244.000	3064	3	1
244.333	3065	3	2
244.500	3066	3	3
244.333	3067	4	1
244.333	3068	2	1
244.500	3069	2	1
244.500	3070	1	2
244.666	3071	1	3
244.500	3072	4	1
244.666	3073	3	1
244.666	3074	2	1
244.666	3075	4	2
244.833	3076	4	3
244.833	3077	2	1
244.833	3078	1	1
244.916	3079	3	1
244.916	3080	4	1
245.000	3081	1	1
245.000	3082	2	1
245.166	3083	3	1
245.166	3084	4	1
245.333	3085	2	1
245.333	3086	3	1
245.500	3087	1	1
245.500	3088	4	2
245.722	3089	4	3
245.722	3090	2	1
245.833	3091	4	2
246.055	3092	4	3
246.055	3093	2	1
246.166	3094	4	2
246.389	3095	4	3
246.389	3096	2	1
246.500	3097	3	1
246.722	3098	4	1
246.833	3099	3	2
247.055	3100	3	3
247.166	3101	3	1
247.389	3102	4	1
247.500	3103	3	2
247.722	3104	3	3
247.833	3105	2	1
248.055	3106	1	1
248.166	3107	3	2
248.389	3108	3	3
248.389	3109	1	1
248.500	3110	3	2
248.722	3111	3	3
248.722	3112	1	1
248.833	3113	3	1
249.055	3114	1	2
249.166	3115	1	3
249.166	3116	2	1
249.389	3117	4	1
249.500	3118	3	2
249.722	3119	3	3
249.833	3120	3	1
250.055	3121	2	2
250.166	3122	2	3
250.166	3123	3	1
250.389	3124	4	2
250.500	3125	4	3
250.500	3126	3	1
250.722	3127	1	1
250.833	3128	4	2
251.055	3129	4	3
250.833	3130	3	1
251.055	3131	2	1
251.166	3132	3	1
251.166	3133	4	2
251.389	3134	4	3
251.389	3135	2	1
251.500	3136	3	1
251.500	3137	4	2
251.722	3138	4	3
251.722	3139	2	1
251.833	3140	3	1
251.833	3141	1	1
252.055	3142	4	1
252.166	3143	1	1
252.166	3144	3	2
252.389	3145	3	3
252.500	3146	2	1
252.500	3147	3	1
252.722	3148	4	1
252.833	3149	1	1
252.833	3150	3	2
253.055	3151	3	3
253.166	3152	4	1
253.166	3153	2	1
253.389	3154	1	1
253.500	3155	4	1
253.500	3156	3	2
253.722	3157	3	3
253.722	3158	1	1
253.833	3159	4	1
253.833	3160	3	2
254.055	3161	3	3
254.055	3162	1	1
254.166	3163	4	1
254.166	3164	3	1
254.389	3165	1	2
254.500	3166	1	3
254.500	3167	4	1
254.500	3168	2	1
254.722	3169	3	1
254.833	3170	4	2
255.055	3171	4	3
254.833	3172	2	1
255.166	3173	3	1
255.166	3174	1	2
255.278	3175	1	3
255.278	3176	2	2
255.389	3177	2	3
255.389	3178	4	2
255.500	3179	4	3
255.500	3180	1	1
255.500	3181	3	1
255.722	3182	2	2
255.833	3183	2	3
255.833	3184	4	1
255.833	3185	3	1
256.055	3186	1	1
256.166	3187	3	2
256.389	3188	3	3
256.166	3189	2	1
256.389	3190	1	1
256.500	3191	2	1
256.500	3192	3	2
256.722	3193	3	3
256.722	3194	1	1
256.833	3195	3	2
257.055	3196	3	3
256.833	3197	2	1
257.055	3198	1	1
257.166	3199	2	1
257.166	3200	3	1
257.389	3201	4	1
257.500	3202	2	1
257.500	3203	3	2
257.722	3204	3	3
257.722	3205	1	1
257.833	3206	3	2
258.055	3207	3	3
257.833	3208	2	1
258.055	3209	1	1
258.166	3210	3	2
258.389	3211	3	3
258.166	3212	2	1
258.389	3213	1	1
258.500	3214	3	1
258.500	3215	2	1
258.722	3216	4	1
258.833	3217	2	1
258.833	3218	3	2
259.055	3219	3	3
259.055	3220	1	1
259.166	3221	2	1
259.166	3222	3	2
259.389	3223	3	3
259.389	3224	1	1
259.500	3225	2	1
259.500	3226	3	2
259.722	3227	3	3
259.722	3228	1	1
259.833	3229	2	1
259.833	3230	3	1
260.055	3231	4	1
260.166	3232	2	1
260.166	3233	3	2
260.389	3234	3	3
260.389	3235	1	1
260.500	3236	3	2
260.722	3237	3	3
260.500	3238	2	1
260.722	3239	1	1
260.833	3240	2	1
260.833	3241	3	2
261.055	3242	3	3
261.055	3243	1	1
261.166	3244	3	1
261.166	3245	2	1
261.389	3246	4	1
261.500	3247	1	1
261.500	3248	3	1
261.666	3249	4	1
261.666	3250	2	1
261.833	3251	3	1
261.833	3252	1	1
262.000	3253	2	1
262.000	3254	4	1
262.166	3255	1	1
262.166	3256	3	1
262.333	3257	4	1
262.333	3258	2	1
262.500	3259	3	1
262.500	3260	1	1
262.666	3261	2	1
262.666	3262	4	1
262.833	3263	4	1
262.833	3264	1	1
263.000	3265	3	1
263.000	3266	2	1
263.166	3267	1	1
263.166	3268	4	1
263.333	3269	2	1
263.333	3270	3	1
263.500	3271	1	1
263.500	3272	4	1
263.666	3273	3	1
263.666	3274	2	1
263.833	3275	4	1
263.833	3276	1	1
264.000	3277	2	1
264.000	3278	3	1
264.166	3279	2	1
264.166	3280	1	1
264.250	3281	4	1
264.250	3282	3	1
264.333	3283	2	1
264.333	3284	1	1
264.416	3285	4	1
264.416	3286	3	1
264.500	3287	1	1
264.500	3288	2	1
264.583	3289	3	1
264.583	3290	4	1
264.666	3291	2	1
264.666	3292	1	1
264.750	3293	4	1
264.750	3294	3	1
264.833	3295	1	1
264.833	3296	2	1
264.916	3297	4	1
264.916	3298	3	1
265.000	3299	1	1
265.000	3300	2	1
265.083	3301	3	1
265.083	3302	4	1
265.166	3303	2	1
265.166	3304	1	1
265.250	3305	3	1
265.250	3306	4	1
265.333	3307	2	1
265.333	3308	1	1
265.416	3309	4	1
265.416	3310	3	1
265.500	3311	2	1
265.500	3312	1	1
265.611	3313	3	1
265.722	3314	4	1
265.833	3315	3	1
265.833	3316	2	1
265.944	3317	1	1
266.055	3318	2	1
266.166	3319	4	1
266.166	3320	3	1
266.278	3321	1	1
266.389	3322	2	1
266.500	3323	1	1
266.500	3324	4	1
266.500	3325	3	1
266.833	3326	3	1
266.833	3327	1	1
266.833	3328	4	1
266.944	3329	4	1
267.055	3330	4	1
267.166	3331	1	1
267.166	3332	2	1
267.166	3333	3	1
267.278	3334	2	1
267.389	3335	2	1
267.500	3336	4	1
267.500	3337	1	1
267.500	3338	3	1
267.611	3339	3	1
267.722	3340	3	1
267.833	3341	1	1
267.833	3342	4	1
267.833	3343	2	1
267.944	3344	1	1
268.055	3345	1	1
268.166	3346	3	1
268.166	3347	2	1
268.166	3348	4	1
268.278	3349	3	1
268.389	3350	3	1
268.500	3351	4	1
268.500	3352	2	1
268.500	3353	1	1
268.611	3354	2	1
268.722	3355	2	1
268.833	3356	4	1
268.833	3357	3	1
268.833	3358	1	1
268.944	3359	4	1
269.055	3360	4	1
269.166	3361	3	1
269.166	3362	1	1
269.166	3363	2	1
269.278	3364	1	1
269.389	3365	1	1
269.500	3366	2	1
269.500	3367	3	1
269.500	3368	4	1
269.611	3369	3	1
269.722	3370	3	1
269.833	3371	4	1
269.833	3372	2	1
269.833	3373	1	1
269.944	3374	1	1
270.055	3375	1	1
270.166	3376	2	1
270.166	3377	4	1
270.166	3378	3	1
270.278	3379	4	1
270.389	3380	4	1
270.500	3381	3	1
270.500	3382	2	1
270.500	3383	1	1
270.611	3384	2	1
270.722	3385	2	1
270.833	3386	1	1
270.833	3387	3	1
270.833	3388	4	1
270.944	3389	4	1
271.055	3390	4	1
271.166	3391	3	1
271.166	3392	1	1
271.166	3393	2	1
271.278	3394	1	1
271.389	3395	1	1
271.500	3396	3	1
271.500	3397	2	1
271.500	3398	4	1
271.611	3399	3	1
271.722	3400	3	1
271.833	3401	1	1
271.833	3402	4	1
271.833	3403	2	1
271.944	3404	2	1
272.055	3405	1	1
272.055	3406	2	1
272.055	3407	3	1
272.166	3408	2	1
272.166	3409	4	1
272.166	3410	3	1
272.278	3411	4	1
272.389	3412	4	1
272.500	3413	1	1
272.500	3414	2	1
272.500	3415	3	1
272.611	3416	3	1
272.722	3417	3	1
272.833	3418	4	1
272.833	3419	1	1
272.833	3420	2	1
272.944	3421	2	1
273.055	3422	2	1
273.166	3423	4	1
273.166	3424	3	1
273.166	3425	1	1
273.278	3426	1	1
273.389	3427	1	1
273.500	3428	2	1
273.500	3429	4	1
273.500	3430	3	1
273.611	3431	3	1
273.722	3432	3	1
273.833	3433	3	1
273.833	3434	2	1
273.833	3435	1	1
273.944	3436	2	1
274.055	3437	2	1
274.166	3438	1	1
274.166	3439	4	1
274.166	3440	3	1
274.278	3441	4	1
274.389	3442	4	1
274.500	3443	3	1
274.500	3444	2	1
274.500	3445	1	1
274.611	3446	1	1
274.611	3447	2	1
274.611	3448	3	1
274.722	3449	2	1
274.722	3450	1	1
274.722	3451	3	1
274.833	3452	1	1
274.833	3453	2	1
274.833	3454	3	1
274.944	3455	3	1
275.055	3456	3	1
275.166	3457	2	1
275.166	3458	4	1
275.166	3459	1	1
275.278	3460	1	1
275.389	3461	1	1
275.500	3462	4	1
275.500	3463	3	1
275.500	3464	2	1
275.611	3465	4	1
275.722	3466	4	1
275.833	3467	3	1
275.833	3468	1	1
275.833	3469	2	1
275.944	3470	2	1
276.055	3471	3	1
276.055	3472	1	1
276.055	3473	2	1
276.166	3474	3	1
276.166	3475	4	1
276.166	3476	2	2
276.500	3477	2	3
276.500	3478	4	1
276.500	3479	3	1
276.500	3480	1	2
276.722	3481	1	3
276.722	3482	2	1
276.833	3483	4	2
277.166	3484	4	3
276.833	3485	3	1
276.833	3486	1	1
277.166	3487	3	1
277.166	3488	1	1
277.166	3489	2	2
277.389	3490	2	3
277.389	3491	3	1
277.500	3492	1	1
277.500	3493	3	1
277.500	3494	4	1
277.611	3495	4	1
277.722	3496	4	1
277.833	3497	1	1
277.833	3498	3	1
277.833	3499	2	1
277.944	3500	2	1
278.055	3501	2	1
278.166	3502	4	1
278.166	3503	1	1
278.166	3504	3	1
278.278	3505	3	1
278.389	3506	3	1
278.500	3507	2	1
278.500	3508	1	1
278.500	3509	4	1
278.611	3510	1	1
278.722	3511	1	1
278.833	3512	3	1
278.833	3513	2	1
278.833	3514	4	1
278.944	3515	3	1
279.055	3516	3	1
279.166	3517	4	1
279.166	3518	2	1
279.166	3519	1	1
279.278	3520	2	1
279.389	3521	2	1
279.500	3522	1	1
279.500	3523	4	1
279.500	3524	3	1
279.611	3525	4	1
279.722	3526	4	1
279.833	3527	2	1
279.833	3528	3	1
279.833	3529	1	1
279.944	3530	1	1
280.055	3531	1	1
280.055	3532	3	1
280.055	3533	2	1
280.166	3534	4	1
280.166	3535	2	1
280.166	3536	3	1
280.278	3537	3	1
280.389	3538	3	1
280.500	3539	1	1
280.500	3540	2	1
280.500	3541	4	1
280.611	3542	1	1
280.722	3543	1	1
280.833	3544	2	1
280.833	3545	3	1
280.833	3546	4	1
280.944	3547	4	1
281.055	3548	4	1
281.166	3549	1	1
281.166	3550	3	1
281.166	3551	2	1
281.278	3552	2	1
281.389	3553	3	1
281.389	3554	1	1
281.389	3555	2	1
281.500	3556	4	1
281.500	3557	2	1
281.500	3558	3	1
281.611	3559	4	1
281.722	3560	4	1
281.833	3561	2	1
281.833	3562	1	1
281.833	3563	3	1
281.944	3564	1	1
282.055	3565	2	1
282.055	3566	3	1
282.055	3567	1	1
282.166	3568	2	1
282.166	3569	3	1
282.166	3570	4	1
282.278	3571	4	1
282.278	3572	3	1
282.278	3573	2	1
282.389	3574	2	1
282.389	3575	4	1
282.389	3576	3	1
282.500	3577	1	2
282.833	3578	1	3
282.833	3579	4	1
282.833	3580	3	1
282.833	3581	2	1
282.944	3582	4	1
283.055	3583	4	1
283.166	3584	3	1
283.166	3585	2	1
283.166	3586	1	1
283.278	3587	3	1
283.389	3588	3	1
283.500	3589	4	1
283.500	3590	2	1
283.500	3591	1	1
283.611	3592	2	1
283.722	3593	2	1
283.833	3594	1	1
283.833	3595	3	1
283.833	3596	4	1
283.944	3597	1	1
284.055	3598	1	1
284.166	3599	4	1
284.166	3600	2	1
284.166	3601	3	1
284.278	3602	3	1
284.389	3603	3	1
284.500	3604	2	1
284.500	3605	3	1
284.500	3606	1	1
284.611	3607	2	1
284.722	3608	2	1
284.833	3609	1	1
284.833	3610	3	1
284.833	3611	4	1
284.944	3612	4	1
285.055	3613	4	1
285.166	3614	1	1
285.166	3615	3	1
285.166	3616	2	1
285.278	3617	1	1
285.389	3618	3	1
285.389	3619	2	1
285.389	3620	1	1
285.500	3621	2	1
285.500	3622	4	1
285.500	3623	3	1
285.611	3624	3	1
285.722	3625	3	1
285.833	3626	4	1
285.833	3627	1	1
285.833	3628	2	1
285.944	3629	1	1
286.055	3630	1	1
286.166	3631	2	1
286.166	3632	3	1
286.166	3633	4	1
286.278	3634	4	1
286.389	3635	4	1
286.389	3636	2	1
286.389	3637	3	1
286.500	3638	3	1
286.500	3639	2	1
286.500	3640	1	1
286.611	3641	3	1
286.611	3642	2	1
286.611	3643	1	1
286.722	3644	1	1
286.722	3645	3	1
286.722	3646	2	1
286.833	3647	2	2
287.166	3648	2	3
286.833	3649	3	1
286.833	3650	4	1
287.166	3651	1	2
287.389	3652	1	3
287.166	3653	3	1
287.166	3654	4	1
287.389	3655	2	1
287.500	3656	1	1
287.500	3657	3	1
287.500	3658	4	2
287.833	3659	4	3
287.833	3660	2	2
288.055	3661	2	3
287.833	3662	1	1
287.833	3663	3	1
288.055	3664	3	1
288.166	3665	4	1
288.166	3666	1	1
288.250	3667	2	1
288.333	3668	3	1
288.416	3669	4	1
288.500	3670	1	1
288.500	3671	3	1
288.583	3672	2	1
288.666	3673	3	1
288.750	3674	2	1
288.833	3675	4	1
288.833	3676	1	1
288.916	3677	3	1
289.000	3678	2	1
289.083	3679	1	1
289.166	3680	4	1
289.166	3681	2	1
289.250	3682	3	1
289.333	3683	2	1
289.416	3684	3	1
289.500	3685	1	1
289.500	3686	4	1
289.583	3687	2	1
289.666	3688	3	1
289.750	3689	4	1
289.833	3690	2	1
289.833	3691	1	1
289.916	3692	3	1
290.000	3693	2	1
290.083	3694	1	1
290.166	3695	4	1
290.166	3696	2	1
290.250	3697	3	1
290.333	3698	2	1
290.416	3699	1	1
290.500	3700	3	1
290.500	3701	4	1
290.583	3702	2	1
290.666	3703	3	1
290.750	3704	4	1
290.833	3705	3	1
290.833	3706	1	1
290.916	3707	2	1
291.000	3708	3	1
291.083	3709	4	1
291.166	3710	1	1
291.166	3711	3	1
291.250	3712	2	1
291.333	3713	3	1
291.416	3714	2	1
291.500	3715	4	1
291.500	3716	1	1
291.583	3717	3	1
291.666	3718	2	1
291.750	3719	1	1
291.833	3720	2	1
291.833	3721	4	1
291.916	3722	3	1
292.000	3723	2	1
292.083	3724	3	1
292.166	3725	4	1
292.166	3726	1	1
292.250	3727	2	1
292.333	3728	3	1
292.416	3729	4	1
292.500	3730	1	1
292.500	3731	2	1
292.583	3732	3	1
292.666	3733	2	1
292.750	3734	1	1
292.833	3735	2	1
292.833	3736	4	1
292.916	3737	3	1
293.000	3738	2	1
293.083	3739	1	1
293.166	3740	4	1
293.166	3741	3	1
293.250	3742	2	1
293.333	3743	3	1
293.416	3744	4	1
293.500	3745	3	1
293.500	3746	1	1
293.583	3747	2	1
293.666	3748	3	1
293.750	3749	4	1
293.833	3750	3	1
293.833	3751	1	1
293.916	3752	2	1
294.000	3753	3	1
294.083	3754	2	1
294.166	3755	1	1
294.166	3756	4	1
294.250	3757	3	1
294.333	3758	2	1
294.416	3759	1	1
294.500	3760	2	1
294.500	3761	4	1
294.583	3762	3	1
294.666	3763	2	1
294.750	3764	3	1
294.833	3765	4	1
294.833	3766	1	1
294.916	3767	2	1
295.000	3768	3	1
295.083	3769	4	1
295.166	3770	1	1
295.166	3771	2	1
295.250	3772	3	1
295.333	3773	2	1
295.416	3774	1	1
295.500	3775	4	1
295.500	3776	2	1
295.583	3777	3	1
295.666	3778	2	1
295.750	3779	1	1
295.833	3780	3	1
295.833	3781	4	1
295.916	3782	2	1
296.000	3783	3	1
296.083	3784	4	1
296.166	3785	1	1
296.166	3786	3	1
296.250	3787	2	1
296.333	3788	3	1
296.416	3789	4	1
296.500	3790	3	1
296.500	3791	1	1
296.583	3792	2	1
296.666	3793	3	1
296.750	3794	2	1
296.833	3795	4	1
296.833	3796	1	1
296.916	3797	3	1
297.000	3798	2	1
297.083	3799	1	1
297.166	3800	4	1
297.166	3801	2	1
297.250	3802	3	1
297.333	3803	2	1
297.416	3804	3	1
297.500	3805	4	1
297.500	3806	1	1
297.583	3807	2	1
297.666	3808	3	1
297.750	3809	4	1
297.833	3810	1	1
297.833	3811	2	1
297.916	3812	3	1
298.000	3813	2	1
298.083	3814	1	1
298.166	3815	4	1
298.166	3816	2	1
298.250	3817	3	1
298.333	3818	2	1
298.416	3819	1	1
298.500	3820	4	1
298.500	3821	3	1
298.583	3822	2	1
298.666	3823	3	1
298.750	3824	4	1
298.833	3825	1	1
298.833	3826	2	1
298.916	3827	3	1
299.000	3828	4	1
299.083	3829	1	1
299.166	3830	3	1
299.166	3831	2	1
299.250	3832	4	1
299.333	3833	1	1
299.416	3834	2	1
299.500	3835	3	1
299.500	3836	4	1
299.583	3837	1	1
299.666	3838	2	1
299.750	3839	4	1
299.833	3840	3	1
299.833	3841	2	1
299.916	3842	1	1
300.000	3843	2	1
300.083	3844	3	1
300.166	3845	1	1
300.166	3846	2	1
300.250	3847	3	1
300.333	3848	4	1
300.416	3849	1	1
300.500	3850	3	1
300.500	3851	2	1
300.583	3852	4	1
300.666	3853	1	1
300.750	3854	2	1
300.833	3855	4	1
300.833	3856	3	1
300.916	3857	1	1
301.000	3858	2	1
301.083	3859	4	1
301.166	3860	2	1
301.166	3861	3	1
301.250	3862	1	1
301.333	3863	2	1
301.416	3864	3	1
301.500	3865	1	1
301.500	3866	2	1
301.583	3867	3	1
301.666	3868	4	1
301.750	3869	1	1
301.833	3870	2	1
301.833	3871	3	1
301.916	3872	4	1
302.000	3873	1	1
302.083	3874	2	1
302.166	3875	4	1
302.166	3876	3	1
302.250	3877	1	1
302.333	3878	2	1
302.416	3879	4	1
302.500	3880	2	1
302.500	3881	3	1
302.583	3882	1	1
302.666	3883	2	1
302.750	3884	3	1
302.833	3885	1	1
302.833	3886	2	1
302.916	3887	3	1
303.000	3888	4	1
303.083	3889	1	1
303.166	3890	2	1
303.166	3891	3	1
303.250	3892	4	1
303.333	3893	1	1
303.416	3894	2	1
303.500	3895	3	1
303.500	3896	4	1
303.583	3897	1	1
303.666	3898	2	1
303.750	3899	4	1
303.833	3900	2	1
303.833	3901	3	1
303.916	3902	1	1
304.000	3903	2	1
304.083	3904	3	1
304.166	3905	2	1
304.166	3906	1	1
304.250	3907	4	1
304.333	3908	3	1
304.333	3909	2	1
304.416	3910	1	1
304.500	3911	3	1
304.500	3912	4	1
304.583	3913	1	1
304.666	3914	3	1
304.666	3915	2	1
304.750	3916	4	1
304.833	3917	1	1
304.833	3918	2	1
304.916	3919	4	1
305.000	3920	3	1
305.000	3921	2	1
305.083	3922	1	1
305.166	3923	4	1
305.166	3924	3	1
305.250	3925	1	1
305.333	3926	2	1
305.333	3927	3	1
305.416	3928	4	1
305.500	3929	1	1
305.500	3930	2	1
305.583	3931	4	1
305.666	3932	3	1
305.666	3933	2	1
305.750	3934	1	1
305.833	3935	4	1
305.833	3936	3	1
305.916	3937	1	1
306.000	3938	3	1
306.000	3939	2	1
306.083	3940	4	1
306.166	3941	2	1
306.166	3942	1	1
306.250	3943	4	1
306.333	3944	3	1
306.333	3945	2	1
306.416	3946	1	1
306.500	3947	4	1
306.500	3948	3	1
306.583	3949	1	1
306.666	3950	2	1
306.666	3951	3	1
306.750	3952	4	1
306.833	3953	2	1
306.833	3954	1	1
306.916	3955	3	1
306.916	3956	4	1
307.000	3957	1	1
307.000	3958	2	1
307.083	3959	4	1
307.083	3960	3	1
307.166	3961	1	1
307.166	3962	2	1
307.250	3963	4	1
307.250	3964	3	1
307.333	3965	2	1
307.333	3966	1	1
307.416	3967	3	1
307.416	3968	4	1
307.500	3969	2	1
307.500	3970	1	1
307.583	3971	4	1
307.583	3972	3	1
307.666	3973	2	1
307.666	3974	1	1
307.750	3975	4	1
307.750	3976	3	1
307.833	3977	1	1
307.833	3978	2	1
307.916	3979	3	1
307.916	3980	4	1
308.000	3981	1	1
308.000	3982	2	1
308.083	3983	3	1
308.083	3984	4	1
308.166	3985	1	1
308.166	3986	2	1
309.500	3987	4	1
309.833	3988	3	1
309.833	3989	4	1
310.166	3990	1	1
310.166	3991	3	1
310.166	3992	4	1
310.333	3993	2	1
310.500	3994	3	1
310.500	3995	4	1
310.500	3996	2	1
310.500	3997	1	1
310.845	3998	2	1
310.845	3999	1	1
310.845	4000	4	2
311.011	4001	4	3
311.011	4002	3	2
311.095	4003	3	3
311.095	4004	2	2
311.178	4005	2	3
311.178	4006	1	1
311.178	4007	4	1
311.178	4008	3	1
311.345	4009	2	2
311.511	4010	2	3
311.511	4011	4	1
311.511	4012	3	2
311.678	4013	3	3
311.511	4014	1	1
311.678	4015	2	2
311.845	4016	2	3
311.845	4017	4	1
311.845	4018	3	2
312.011	4019	3	3
311.845	4020	1	1
312.011	4021	1	2
312.178	4022	1	3
312.178	4023	2	1
312.178	4024	3	1
312.178	4025	4	2
312.345	4026	4	3
312.345	4027	3	2
312.428	4028	3	3
312.428	4029	2	2
312.511	4030	2	3
312.511	4031	3	1
312.511	4032	4	1
312.511	4033	1	1
312.678	4034	4	2
312.845	4035	4	3
312.845	4036	1	1
312.845	4037	2	1
312.845	4038	3	2
313.011	4039	3	3
313.011	4040	1	2
313.178	4041	1	3
313.178	4042	4	1
313.178	4043	3	1
313.178	4044	2	2
313.345	4045	2	3
313.511	4046	1	1
313.511	4047	2	1
313.511	4048	4	2
313.678	4049	4	3
313.678	4050	3	2
313.761	4051	3	3
313.761	4052	2	2
313.845	4053	2	3
313.845	4054	3	1
313.845	4055	4	1
313.845	4056	1	1
314.011	4057	2	2
314.178	4058	2	3
314.178	4059	4	1
314.178	4060	3	2
314.345	4061	3	3
314.178	4062	1	1
314.345	4063	2	2
314.511	4064	2	3
314.511	4065	1	1
314.511	4066	4	1
314.511	4067	3	2
314.678	4068	3	3
314.678	4069	1	2
314.845	4070	1	3
314.845	4071	4	2
315.011	4072	4	3
314.845	4073	2	1
314.845	4074	3	1
315.011	4075	3	2
315.095	4076	3	3
315.095	4077	2	2
315.178	4078	2	3
315.178	4079	1	1
315.178	4080	3	1
315.178	4081	4	1
315.345	4082	2	2
315.511	4083	2	3
315.511	4084	3	1
315.511	4085	4	1
315.511	4086	1	2
315.678	4087	1	3
315.678	4088	2	1
315.678	4089	3	2
315.845	4090	3	3
315.845	4091	2	1
315.845	4092	1	1
315.845	4093	4	2
316.011	4094	4	3
316.178	4095	2	1
316.178	4096	4	2
316.345	4097	4	3
316.178	4098	1	1
316.345	4099	3	2
316.428	4100	3	3
316.428	4101	2	2
316.511	4102	2	3
316.511	4103	1	1
316.511	4104	3	1
316.511	4105	4	1
316.678	4106	2	2
316.845	4107	2	3
316.845	4108	4	1
316.845	4109	3	2
317.011	4110	3	3
316.845	4111	1	1
317.011	4112	2	2
317.178	4113	2	3
317.178	4114	4	1
317.178	4115	1	1
317.178	4116	3	2
317.345	4117	3	3
317.345	4118	1	2
317.511	4119	1	3
317.511	4120	3	1
317.511	4121	4	2
317.678	4122	4	3
317.511	4123	2	1
317.678	4124	3	2
317.761	4125	3	3
317.761	4126	2	2
317.845	4127	2	3
317.845	4128	3	1
317.845	4129	4	1
317.845	4130	1	1
318.011	4131	4	2
318.178	4132	4	3
318.178	4133	1	1
318.178	4134	2	1
318.178	4135	3	2
318.345	4136	3	3
318.345	4137	1	2
318.511	4138	1	3
318.511	4139	3	1
318.511	4140	2	2
318.678	4141	2	3
318.511	4142	4	1
318.845	4143	2	1
318.845	4144	4	2
319.011	4145	4	3
318.845	4146	1	1
319.011	4147	3	2
319.095	4148	3	3
319.095	4149	2	2
319.178	4150	2	3
319.178	4151	1	1
319.178	4152	4	1
319.178	4153	3	1
319.345	4154	2	2
319.511	4155	2	3
319.511	4156	4	1
319.511	4157	3	2
319.678	4158	3	3
319.511	4159	1	1
319.678	4160	2	2
319.845	4161	2	3
319.845	4162	1	1
319.845	4163	4	1
319.845	4164	3	2
320.011	4165	3	3
320.011	4166	1	2
320.178	4167	1	3
320.178	4168	4	1
320.178	4169	3	1
320.178	4170	2	1
320.428	4171	1	1
320.428	4172	2	1
320.511	4173	3	1
320.511	4174	4	1
320.678	4175	2	1
320.678	4176	3	1
320.845	4177	1	1
320.845	4178	2	1
320.928	4179	3	1
320.928	4180	4	1
321.011	4181	1	1
321.011	4182	2	1
321.178	4183	2	1
321.178	4184	1	1
321.178	4185	4	1
321.178	4186	3	1
321.511	4187	1	1
321.511	4188	2	1
321.511	4189	4	2
321.678	4190	4	3
321.678	4191	3	2
321.761	4192	3	3
321.761	4193	2	2
321.845	4194	2	3
321.845	4195	4	1
321.845	4196	3	1
321.845	4197	1	1
322.011	4198	2	2
322.178	4199	2	3
322.178	4200	1	1
322.178	4201	3	2
322.345	4202	3	3
322.178	4203	4	1
322.345	4204	2	2
322.511	4205	2	3
322.511	4206	4	1
322.511	4207	1	1
322.511	4208	3	2
322.678	4209	3	3
322.678	4210	1	2
322.845	4211	1	3
322.845	4212	4	2
323.011	4213	4	3
322.845	4214	3	1
322.845	4215	2	1
323.011	4216	3	2
323.095	4217	3	3
323.095	4218	2	2
323.178	4219	2	3
323.178	4220	4	1
323.178	4221	3	1
323.178	4222	1	1
323.345	4223	4	2
323.511	4224	4	3
323.511	4225	3	2
323.678	4226	3	3
323.511	4227	2	1
323.511	4228	1	1
323.678	4229	1	2
323.845	4230	1	3
323.845	4231	3	1
323.845	4232	2	2
324.011	4233	2	3
323.845	4234	4	1
324.178	4235	4	2
324.345	4236	4	3
324.178	4237	2	1
324.178	4238	1	1
324.345	4239	3	2
324.428	4240	3	3
324.428	4241	2	2
324.511	4242	2	3
324.511	4243	4	1
324.511	4244	3	1
324.511	4245	1	1
324.678	4246	2	2
324.845	4247	2	3
324.845	4248	4	1
324.845	4249	3	2
325.011	4250	3	3
324.845	4251	1	1
325.011	4252	2	2
325.178	4253	2	3
325.178	4254	4	1
325.178	4255	3	2
325.345	4256	3	3
325.178	4257	1	1
325.345	4258	1	2
325.511	4259	1	3
325.511	4260	4	2
325.678	4261	4	3
325.511	4262	2	1
325.511	4263	3	1
325.678	4264	3	2
325.761	4265	3	3
325.761	4266	2	2
325.845	4267	2	3
325.845	4268	1	1
325.845	4269	3	1
325.845	4270	4	1
326.011	4271	2	2
326.178	4272	2	3
326.178	4273	4	1
326.178	4274	3	1
326.178	4275	1	2
326.345	4276	1	3
326.345	4277	3	2
326.511	4278	3	3
326.345	4279	2	1
326.511	4280	4	2
326.678	4281	4	3
326.511	4282	2	1
326.511	4283	1	1
326.845	4284	2	1
326.845	4285	1	1
326.845	4286	4	2
327.011	4287	4	3
327.011	4288	3	2
327.095	4289	3	3
327.095	4290	2	2
327.178	4291	2	3
327.178	4292	4	1
327.178	4293	1	1
327.178	4294	3	1
327.345	4295	2	2
327.511	4296	2	3
327.511	4297	3	2
327.678	4298	3	3
327.511	4299	1	1
327.511	4300	4	1
327.678	4301	2	2
327.845	4302	2	3
327.845	4303	3	2
328.011	4304	3	3
327.845	4305	4	1
327.845	4306	1	1
328.011	4307	1	2
328.178	4308	1	3
328.178	4309	4	2
328.345	4310	4	3
328.178	4311	3	1
328.178	4312	2	1
328.345	4313	3	2
328.428	4314	3	3
328.428	4315	2	2
328.511	4316	2	3
328.511	4317	4	1
328.511	4318	3	1
328.511	4319	1	1
328.678	4320	4	2
328.845	4321	4	3
328.845	4322	3	2
329.011	4323	3	3
328.845	4324	2	1
328.845	4325	1	1
329.011	4326	1	2
329.178	4327	1	3
329.178	4328	4	1
329.178	4329	3	1
329.178	4330	2	2
329.345	4331	2	3
329.511	4332	1	1
329.511	4333	2	1
329.511	4334	4	2
329.678	4335	4	3
329.678	4336	3	2
329.761	4337	3	3
329.761	4338	2	2
329.845	4339	2	3
329.845	4340	1	1
329.845	4341	4	1
329.845	4342	3	1
330.011	4343	2	2
330.178	4344	2	3
330.178	4345	3	2
330.345	4346	3	3
330.178	4347	1	1
330.178	4348	4	1
330.345	4349	2	2
330.511	4350	2	3
330.511	4351	4	1
330.511	4352	1	1
330.511	4353	3	2
330.678	4354	3	3
330.678	4355	1	2
330.880	4356	1	3
330.880	4357	2	1
330.880	4358	4	1
331.046	4359	3	1
331.213	4360	1	1
331.380	4361	4	1
331.463	4362	3	1
331.546	4363	1	1
331.713	4364	2	1
331.796	4365	3	1
331.880	4366	2	1
331.880	4367	4	1
331.880	4368	1	1
332.046	4369	3	1
332.213	4370	1	1
332.213	4371	2	1
332.213	4372	4	2
332.380	4373	4	3
332.380	4374	3	2
332.546	4375	3	3
332.546	4376	2	1
332.546	4377	1	2
332.713	4378	1	3
332.546	4379	4	1
332.713	4380	4	2
332.880	4381	4	3
332.880	4382	3	2
333.046	4383	3	3
332.880	4384	2	1
332.880	4385	1	1
333.046	4386	2	2
333.213	4387	2	3
333.213	4388	1	2
333.380	4389	1	3
333.213	4390	4	1
333.213	4391	3	1
333.380	4392	4	2
333.713	4393	4	3
333.546	4394	2	1
333.546	4395	1	1
333.546	4396	3	1
333.713	4397	1	2
333.880	4398	1	3
333.880	4399	4	1
333.880	4400	3	1
333.880	4401	2	2
334.046	4402	2	3
334.046	4403	3	2
334.213	4404	3	3
334.213	4405	2	1
334.213	4406	4	2
334.380	4407	4	3
334.213	4408	1	1
334.380	4409	1	1
334.380	4410	3	1
334.380	4411	2	2
334.463	4412	2	3
334.463	4413	4	2
334.546	4414	4	3
334.546	4415	2	2
334.713	4416	2	3
334.546	4417	1	1
334.546	4418	3	1
334.713	4419	3	2
334.880	4420	3	3
334.880	4421	2	1
334.880	4422	4	2
335.046	4423	4	3
334.880	4424	1	1
335.046	4425	3	2
335.213	4426	3	3
335.213	4427	1	1
335.213	4428	2	2
335.380	4429	2	3
335.213	4430	4	1
335.380	4431	4	2
335.546	4432	4	3
335.546	4433	2	1
335.546	4434	1	1
335.546	4435	3	2
335.713	4436	3	3
335.713	4437	2	2
335.880	4438	2	3
335.880	4439	1	2
336.046	4440	1	3
335.880	4441	4	1
335.880	4442	3	1
336.046	4443	2	2
336.380	4444	2	3
336.213	4445	3	1
336.213	4446	4	1
336.213	4447	1	1
336.380	4448	3	2
336.546	4449	3	3
336.546	4450	1	1
336.546	4451	4	1
336.546	4452	2	2
336.713	4453	2	3
336.713	4454	1	2
336.880	4455	1	3
336.880	4456	4	1
336.880	4457	3	2
337.046	4458	3	3
336.880	4459	2	1
337.046	4460	1	1
337.046	4461	2	2
337.130	4462	2	3
337.046	4463	4	1
337.130	4464	3	2
337.213	4465	3	3
337.213	4466	1	2
337.380	4467	1	3
337.213	4468	2	1
337.213	4469	4	1
337.380	4470	3	1
337.380	4471	4	1
337.380	4472	2	2
337.546	4473	2	3
337.546	4474	4	2
337.713	4475	4	3
337.546	4476	1	1
337.546	4477	3	1
337.713	4478	3	2
337.880	4479	3	3
337.880	4480	4	1
337.880	4481	1	2
338.046	4482	1	3
337.880	4483	2	1
338.046	4484	4	2
338.213	4485	4	3
338.213	4486	3	2
338.380	4487	3	3
338.213	4488	2	1
338.213	4489	1	1
338.380	4490	2	2
338.546	4491	2	3
338.546	4492	3	1
338.546	4493	4	1
338.546	4494	1	2
338.713	4495	1	3
338.713	4496	2	2
339.046	4497	2	3
338.880	4498	4	1
338.880	4499	1	1
338.880	4500	3	1
339.046	4501	1	2
339.213	4502	1	3
339.213	4503	4	1
339.213	4504	3	2
339.380	4505	3	3
339.213	4506	2	1
339.380	4507	2	2
339.546	4508	2	3
339.546	4509	1	1
339.546	4510	3	2
339.713	4511	3	3
339.546	4512	4	1
339.713	4513	1	1
339.713	4514	4	1
339.713	4515	2	2
339.796	4516	2	3
339.796	4517	3	2
339.880	4518	3	3
339.880	4519	4	2
340.046	4520	4	3
339.880	4521	2	1
339.880	4522	1	1
340.046	4523	2	2
340.213	4524	2	3
340.213	4525	3	1
340.213	4526	1	1
340.213	4527	4	2
340.380	4528	4	3
340.380	4529	3	2
340.546	4530	3	3
340.546	4531	4	1
340.546	4532	2	1
340.546	4533	1	2
340.713	4534	1	3
340.713	4535	2	2
340.880	4536	2	3
340.880	4537	3	2
341.046	4538	3	3
340.880	4539	1	1
340.880	4540	4	1
341.046	4541	2	2
341.213	4542	2	3
341.213	4543	4	2
341.380	4544	4	3
341.213	4545	3	1
341.213	4546	1	1
341.380	4547	2	2
341.713	4548	2	3
341.546	4549	1	1
341.546	4550	3	1
341.546	4551	4	1
341.713	4552	3	2
341.880	4553	3	3
341.880	4554	1	1
341.880	4555	2	2
342.046	4556	2	3
341.880	4557	4	1
342.046	4558	1	2
342.213	4559	1	3
342.213	4560	3	1
342.213	4561	2	2
342.380	4562	2	3
342.213	4563	4	1
342.380	4564	4	1
342.380	4565	3	2
342.463	4566	3	3
342.463	4567	1	1
342.463	4568	2	2
342.546	4569	2	3
342.546	4570	4	2
342.713	4571	4	3
342.546	4572	3	1
342.713	4573	3	1
342.713	4574	2	2
342.880	4575	2	3
342.713	4576	1	1
342.880	4577	1	1
342.963	4578	2	1
343.046	4579	3	1
343.130	4580	4	1
343.213	4581	3	1
343.213	4582	1	2
343.380	4583	1	3
343.213	4584	2	1
343.380	4585	4	2
343.546	4586	4	3
343.380	4587	2	1
343.380	4588	3	1
343.546	4589	2	1
343.546	4590	3	2
343.713	4591	3	3
343.546	4592	1	1
343.713	4593	2	2
343.880	4594	2	3
343.880	4595	1	2
344.046	4596	1	3
344.046	4597	4	2
344.380	4598	4	3
344.213	4599	3	1
344.213	4600	1	1
344.213	4601	2	1
344.380	4602	1	2
344.546	4603	1	3
344.546	4604	2	2
344.713	4605	2	3
344.546	4606	4	1
344.546	4607	3	1
344.713	4608	3	2
344.880	4609	3	3
344.880	4610	2	1
344.880	4611	1	1
344.880	4612	4	2
345.046	4613	4	3
345.046	4614	2	2
345.130	4615	2	3
345.046	4616	1	1
345.130	4617	3	2
345.213	4618	3	3
345.130	4619	4	1
345.213	4620	1	1
345.213	4621	2	2
345.380	4622	2	3
345.380	4623	4	1
345.380	4624	1	1
345.380	4625	3	2
345.546	4626	3	3
345.546	4627	1	1
345.546	4628	4	2
345.713	4629	4	3
345.546	4630	2	1
345.713	4631	3	2
345.880	4632	3	3
345.880	4633	1	1
345.880	4634	2	2
346.046	4635	2	3
345.880	4636	4	1
346.046	4637	4	2
346.213	4638	4	3
346.213	4639	3	2
346.380	4640	3	3
346.213	4641	2	1
346.213	4642	1	1
346.380	4643	2	2
346.546	4644	2	3
346.546	4645	1	2
346.713	4646	1	3
346.546	4647	4	1
346.546	4648	3	1
346.713	4649	2	2
347.046	4650	2	3
346.880	4651	4	1
346.880	4652	1	1
346.880	4653	3	1
347.046	4654	4	1
347.046	4655	1	1
347.046	4656	3	2
347.213	4657	3	3
347.213	4658	2	2
347.380	4659	2	3
347.213	4660	4	1
347.213	4661	1	1
347.380	4662	1	2
347.546	4663	1	3
347.546	4664	4	1
347.546	4665	2	1
347.546	4666	3	2
347.713	4667	3	3
347.713	4668	2	2
347.796	4669	2	3
347.713	4670	1	1
347.796	4671	3	2
347.880	4672	3	3
347.796	4673	4	1
347.880	4674	2	1
347.880	4675	1	2
348.046	4676	1	3
348.046	4677	3	1
348.046	4678	2	2
348.213	4679	2	3
348.046	4680	4	1
348.213	4681	4	2
348.380	4682	4	3
348.213	4683	1	1
348.213	4684	3	1
348.380	4685	3	2
348.546	4686	3	3
348.546	4687	1	2
348.713	4688	1	3
348.546	4689	4	1
348.546	4690	2	1
348.713	4691	4	2
348.880	4692	4	3
348.880	4693	1	1
348.880	4694	2	1
348.880	4695	3	2
349.046	4696	3	3
349.046	4697	2	2
349.213	4698	2	3
349.213	4699	3	1
349.213	4700	1	2
349.380	4701	1	3
349.213	4702	4	1
349.380	4703	2	2
349.713	4704	2	3
349.546	4705	1	1
349.546	4706	3	1
349.546	4707	4	1
349.713	4708	3	1
349.713	4709	1	2
349.880	4710	1	3
349.713	4711	4	1
349.880	4712	2	1
349.880	4713	3	2
350.046	4714	3	3
349.880	4715	4	1
350.046	4716	1	2
350.213	4717	1	3
350.213	4718	4	1
350.213	4719	2	2
350.380	4720	2	3
350.213	4721	3	1
350.380	4722	4	1
350.380	4723	3	2
350.463	4724	3	3
350.463	4725	2	2
350.546	4726	2	3
350.463	4727	1	1
350.546	4728	3	1
350.546	4729	4	2
350.713	4730	4	3
350.713	4731	3	1
350.713	4732	1	1
350.713	4733	2	2
350.880	4734	2	3
350.880	4735	4	2
351.046	4736	4	3
350.880	4737	3	1
350.880	4738	1	1
351.046	4739	3	2
351.213	4740	3	3
351.213	4741	4	1
351.213	4742	1	2
351.380	4743	1	3
351.213	4744	2	1
351.380	4745	2	2
351.546	4746	2	3
351.546	4747	4	1
351.546	4748	3	2
351.713	4749	3	3
351.546	4750	1	1
351.713	4751	2	2
351.880	4752	2	3
351.880	4753	3	1
351.880	4754	4	2
352.046	4755	4	3
351.880	4756	1	1
352.046	4757	2	2
352.380	4758	2	3
352.213	4759	4	1
352.213	4760	1	1
352.213	4761	3	1
352.380	4762	4	1
352.380	4763	1	1
352.380	4764	3	2
352.546	4765	3	3
352.546	4766	2	2
352.713	4767	2	3
352.546	4768	1	1
352.546	4769	4	1
352.713	4770	1	2
352.880	4771	1	3
352.880	4772	2	2
353.046	4773	2	3
352.880	4774	3	1
352.880	4775	4	1
353.046	4776	3	2
353.130	4777	3	3
353.046	4778	4	1
353.130	4779	1	1
353.130	4780	2	2
353.213	4781	2	3
353.213	4782	4	2
353.380	4783	4	3
353.213	4784	3	1
353.380	4785	1	1
353.380	4786	3	1
353.380	4787	2	2
353.546	4788	2	3
353.546	4789	4	2
353.713	4790	4	3
353.713	4791	3	2
353.880	4792	3	3
353.880	4793	1	2
354.046	4794	1	3
353.880	4795	2	1
353.880	4796	4	1
354.046	4797	4	2
354.213	4798	4	3
354.046	4799	2	1
354.046	4800	3	1
354.213	4801	1	1
354.213	4802	3	2
354.380	4803	3	3
354.213	4804	2	1
354.380	4805	2	2
354.546	4806	2	3
354.546	4807	1	2
354.713	4808	1	3
354.713	4809	3	2
354.880	4810	3	3
354.880	4811	1	1
354.880	4812	2	1
354.880	4813	4	1
355.046	4814	3	1
355.213	4815	2	1
355.213	4816	1	1
355.213	4817	4	1
355.380	4818	3	1
355.546	4819	1	1
355.546	4820	2	1
355.546	4821	4	1
355.713	4822	2	1
355.713	4823	1	1
355.713	4824	4	1
355.880	4825	4	1
355.880	4826	1	1
355.880	4827	3	1
356.046	4828	2	1
356.213	4829	1	1
356.213	4830	3	1
356.213	4831	4	1
356.380	4832	2	1
356.546	4833	1	1
356.546	4834	4	1
356.546	4835	3	1
356.713	4836	2	1
356.713	4837	1	1
356.796	4838	3	1
356.796	4839	4	1
356.880	4840	1	1
356.880	4841	2	1
357.046	4842	3	1
357.213	4843	4	1
357.213	4844	1	1
357.213	4845	2	1
357.380	4846	4	1
357.380	4847	3	1
357.463	4848	2	1
357.463	4849	1	1
357.546	4850	4	1
357.546	4851	3	1
357.713	4852	1	1
357.713	4853	2	1
357.880	4854	4	1
357.880	4855	3	1
357.963	4856	1	1
357.963	4857	2	1
358.046	4858	3	1
358.046	4859	4	1
358.130	4860	1	1
358.130	4861	2	1
358.213	4862	3	1
358.213	4863	4	1
358.380	4864	2	1
358.546	4865	1	1
358.546	4866	4	1
358.546	4867	3	1
358.713	4868	4	1
358.713	4869	3	1
358.796	4870	2	1
358.796	4871	1	1
358.880	4872	4	2
359.046	4873	4	3
359.046	4874	3	2
359.213	4875	3	3
359.213	4876	4	1
359.213	4877	1	2
359.380	4878	1	3
359.213	4879	2	1
359.380	4880	4	2
359.546	4881	4	3
359.380	4882	2	1
359.380	4883	3	1
359.546	4884	1	1
359.546	4885	2	1
359.546	4886	3	2
359.713	4887	3	3
359.713	4888	2	2
359.879	4889	2	3
359.879	4890	1	2
360.046	4891	1	3
360.046	4892	3	2
360.213	4893	3	3
360.213	4894	4	1
360.213	4895	1	1
360.213	4896	2	1
360.379	4897	3	1
360.546	4898	4	1
360.546	4899	1	1
360.546	4900	2	1
360.713	4901	3	1
360.879	4902	2	1
360.879	4903	4	1
360.879	4904	1	1
361.046	4905	4	1
361.046	4906	1	1
361.046	4907	2	1
361.213	4908	4	1
361.213	4909	1	1
361.213	4910	3	1
361.379	4911	2	1
361.546	4912	4	1
361.546	4913	1	1
361.546	4914	3	1
361.713	4915	2	1
361.879	4916	1	1
361.879	4917	3	1
361.879	4918	4	1
362.046	4919	2	1
362.046	4920	1	1
362.129	4921	3	1
362.129	4922	4	1
362.213	4923	2	1
362.213	4924	1	1
362.379	4925	3	1
362.546	4926	4	1
362.546	4927	1	1
362.546	4928	2	1
362.713	4929	3	1
362.713	4930	4	1
362.796	4931	1	1
362.796	4932	2	1
362.879	4933	3	1
362.879	4934	4	1
363.046	4935	1	1
363.046	4936	2	1
363.213	4937	3	1
363.213	4938	4	1
363.296	4939	1	1
363.296	4940	2	1
363.379	4941	3	1
363.379	4942	4	1
363.463	4943	1	1
363.463	4944	2	1
363.546	4945	3	1
363.546	4946	4	1
363.713	4947	2	1
363.879	4948	1	1
363.879	4949	3	1
363.879	4950	4	1
364.046	4951	2	1
364.129	4952	3	1
364.213	4953	1	2
366.879	4954	1	3
364.213	4955	4	2
366.879	4956	4	3