Song Name	Shuwa*Shuwa Parfait (Hard) by Neko Hacker (feat. Nanahira)
Title	Shuwa*Shuwa Parfait (Hard)
Artist	Neko Hacker (feat. Nanahira)
Description	Shuwa parfait ? munch it up, fully satisfied! 2019 single released August 26, 2019, ahead of Nanahira's Aug 31 birthday live. Also Track 1 on 'ICONIC' (M3 Autumn 2024).
Difficulty	20
Primary Color	Chill
Secondary Color	Beat
Cover Image ID	138757519612706
Audio Asset ID	rbxassetid://91937012728993
Audio File	91937012728993.ogg
Last Note Time	147.070
Total Notes	1476
Fever Fill	363
Fever Time	22.060500
Long Notes	388
BPM	155
Song Length	148.070000000

Timing Points
1.522	387.096774
57.263	387.096774
80.489	387.096774
82.038	387.096774
92.876	387.096774
122.683	387.096774
145.521	387.096774


Song Data
1.522	1	4	1
1.522	2	3	1
1.715	3	2	1
1.909	4	1	1
2.102	5	4	1
2.296	6	2	1
2.489	7	3	1
2.586	8	2	1
2.683	9	4	1
2.876	10	2	1
3.070	11	1	1
3.263	12	4	1
3.457	13	2	1
3.651	14	3	1
3.844	15	1	1
4.038	16	4	1
4.231	17	1	1
4.425	18	2	1
4.521	19	3	1
4.618	20	1	1
4.618	21	4	2
5.392	22	4	3
4.812	23	1	1
5.005	24	3	1
5.199	25	2	1
5.392	26	3	1
5.392	27	1	2
6.167	28	1	3
5.586	29	2	1
5.780	30	4	1
5.973	31	3	1
6.167	32	2	1
6.263	33	4	1
6.360	34	2	1
6.457	35	3	1
6.554	36	1	1
6.651	37	4	1
6.747	38	2	1
6.844	39	1	1
7.715	40	2	1
7.715	41	4	2
7.909	42	4	3
7.909	43	1	2
8.102	44	1	3
8.102	45	3	1
8.102	46	4	2
8.296	47	4	3
8.296	48	2	2
8.489	49	2	3
8.489	50	3	2
8.683	51	3	3
8.489	52	1	2
8.683	53	1	3
8.683	54	2	1
8.876	55	1	1
8.876	56	4	2
9.070	57	4	3
9.070	58	2	2
9.263	59	2	3
9.263	60	4	1
9.263	61	3	2
9.457	62	3	3
9.457	63	1	2
9.651	64	1	3
9.651	65	3	1
9.651	66	2	2
9.844	67	2	3
9.844	68	4	2
10.038	69	4	3
10.038	70	1	2
10.231	71	1	3
10.038	72	2	2
10.231	73	2	3
10.231	74	3	1
10.425	75	4	1
10.521	76	1	1
10.618	77	4	1
10.715	78	2	1
10.812	79	3	1
10.812	80	1	2
11.199	81	1	3
11.005	82	4	1
11.199	83	3	1
11.199	84	2	1
11.392	85	3	2
11.586	86	3	3
11.586	87	2	1
11.586	88	4	2
11.973	89	4	3
11.780	90	3	1
11.973	91	2	1
11.973	92	1	1
12.167	93	2	2
12.360	94	2	3
12.360	95	4	2
12.554	96	4	3
12.360	97	3	2
12.554	98	3	3
12.554	99	2	1
12.747	100	1	1
12.747	101	4	2
12.941	102	4	3
12.941	103	3	2
13.134	104	3	3
13.134	105	2	1
13.134	106	1	2
13.521	107	1	3
13.328	108	4	1
13.521	109	4	1
13.521	110	3	1
13.715	111	2	1
13.909	112	3	2
14.102	113	3	3
13.909	114	1	1
14.102	115	1	2
14.296	116	1	3
14.296	117	4	2
14.489	118	4	3
14.296	119	3	1
14.489	120	2	2
14.683	121	2	3
14.683	122	1	2
14.876	123	1	3
14.683	124	4	2
14.876	125	4	3
15.070	126	4	1
15.070	127	3	2
15.263	128	3	3
15.263	129	2	2
15.457	130	2	3
15.457	131	3	1
15.457	132	1	2
15.651	133	1	3
15.651	134	4	2
15.844	135	4	3
15.844	136	1	1
15.844	137	2	2
16.038	138	2	3
16.038	139	3	2
16.231	140	3	3
16.231	141	1	2
16.425	142	1	3
16.231	143	4	2
16.425	144	4	3
16.618	145	1	1
16.618	146	2	2
16.812	147	2	3
16.812	148	3	2
17.005	149	3	3
17.005	150	1	1
17.005	151	4	2
17.199	152	4	3
17.199	153	1	2
17.586	154	1	3
17.392	155	4	1
17.392	156	3	1
17.586	157	3	2
17.780	158	3	3
17.780	159	2	1
17.780	160	4	2
18.167	161	4	3
17.973	162	1	1
18.167	163	2	1
18.167	164	1	1
18.360	165	3	2
18.554	166	3	3
18.554	167	4	2
18.747	168	4	3
18.554	169	1	2
18.747	170	1	3
18.747	171	3	1
18.844	172	2	1
18.941	173	4	2
19.134	174	4	3
18.941	175	3	2
19.134	176	3	3
19.134	177	1	1
19.328	178	2	2
19.715	179	2	3
19.328	180	1	2
20.102	181	1	3
19.715	182	4	1
19.715	183	3	1
20.102	184	4	1
20.102	185	2	1
20.199	186	3	1
20.296	187	4	1
20.392	188	3	1
20.489	189	2	1
20.683	190	3	1
20.876	191	4	1
20.876	192	1	1
20.973	193	2	1
21.070	194	1	1
21.167	195	2	1
21.263	196	3	1
21.457	197	2	1
21.651	198	4	1
21.651	199	1	1
21.844	200	3	1
22.038	201	3	1
22.231	202	2	1
22.425	203	1	1
22.425	204	4	2
22.812	205	4	3
22.812	206	2	1
23.005	207	3	2
23.199	208	3	3
23.199	209	4	2
23.489	210	4	3
23.199	211	1	1
23.489	212	2	1
23.586	213	3	1
23.780	214	2	1
23.973	215	3	1
23.973	216	1	1
24.070	217	4	1
24.263	218	1	1
24.360	219	3	1
24.457	220	2	1
24.651	221	3	1
24.747	222	4	1
24.747	223	1	1
24.941	224	2	1
25.134	225	2	1
25.328	226	3	1
25.521	227	1	1
25.521	228	4	2
25.909	229	4	3
25.909	230	2	1
26.102	231	1	2
26.296	232	1	3
26.296	233	4	1
26.296	234	3	2
26.683	235	3	3
26.683	236	1	1
26.876	237	2	1
27.070	238	4	1
27.070	239	3	1
27.263	240	2	1
27.457	241	4	2
27.844	242	4	3
27.457	243	3	2
27.844	244	3	3
27.844	245	1	1
28.231	246	4	1
28.231	247	1	2
28.618	248	1	3
28.618	249	4	1
28.618	250	3	1
28.812	251	2	1
28.909	252	3	1
29.005	253	2	1
29.199	254	3	1
29.392	255	4	1
29.392	256	1	1
29.586	257	1	1
29.683	258	3	1
29.780	259	4	1
29.780	260	1	1
29.973	261	4	1
30.070	262	2	1
30.167	263	4	1
30.360	264	1	1
30.457	265	3	1
30.554	266	1	1
30.747	267	3	1
30.747	268	4	1
31.134	269	3	2
31.328	270	3	3
31.134	271	1	2
31.328	272	1	3
31.134	273	2	2
31.328	274	2	3
31.425	275	2	2
31.618	276	2	3
31.425	277	4	2
31.618	278	4	3
31.425	279	3	2
31.618	280	3	3
31.715	281	1	2
32.102	282	1	3
31.715	283	3	2
32.102	284	3	3
31.715	285	4	2
32.102	286	4	3
31.715	287	2	2
32.102	288	2	3
32.489	289	4	1
32.489	290	1	1
32.683	291	2	1
32.780	292	3	1
32.876	293	1	1
32.876	294	2	1
33.070	295	3	1
33.263	296	4	1
33.457	297	1	1
33.651	298	4	1
33.651	299	3	1
33.844	300	2	1
34.038	301	1	2
34.231	302	1	3
34.231	303	4	2
34.425	304	4	3
34.425	305	1	1
34.425	306	3	2
34.618	307	3	3
34.618	308	2	2
34.812	309	2	3
34.812	310	4	2
35.199	311	4	3
34.812	312	1	2
35.199	313	1	3
35.199	314	2	1
35.199	315	3	1
35.392	316	4	1
35.586	317	1	2
35.780	318	1	3
35.780	319	3	2
35.973	320	3	3
35.973	321	4	1
35.973	322	1	1
36.070	323	2	1
36.167	324	4	1
36.263	325	2	1
36.360	326	3	2
36.554	327	3	3
36.554	328	1	2
36.747	329	1	3
36.747	330	3	2
36.941	331	3	3
36.747	332	4	1
36.941	333	2	2
37.134	334	2	3
37.134	335	1	2
37.328	336	1	3
37.328	337	4	2
37.521	338	4	3
37.521	339	2	1
37.521	340	3	2
37.715	341	3	3
37.715	342	1	2
37.909	343	1	3
37.909	344	3	2
38.296	345	3	3
37.909	346	2	2
38.296	347	2	3
38.296	348	1	1
38.296	349	4	1
38.489	350	2	1
38.586	351	3	1
38.683	352	4	2
39.070	353	4	3
38.683	354	2	1
39.070	355	3	1
39.070	356	1	1
39.167	357	2	1
39.263	358	1	2
39.457	359	1	3
39.457	360	4	1
39.457	361	3	2
39.651	362	3	3
39.651	363	2	2
39.844	364	2	3
39.844	365	1	2
40.231	366	1	3
39.844	367	4	2
40.231	368	4	3
40.231	369	3	1
40.618	370	2	2
41.005	371	2	3
40.618	372	4	2
41.005	373	4	3
41.005	374	1	1
41.296	375	3	1
41.392	376	1	2
41.586	377	1	3
41.392	378	2	1
41.586	379	3	2
41.780	380	3	3
41.780	381	4	2
41.973	382	4	3
41.780	383	1	2
41.973	384	1	3
41.780	385	2	2
41.973	386	2	3
42.167	387	1	2
42.360	388	1	3
42.167	389	2	2
42.360	390	2	3
42.167	391	3	2
42.360	392	3	3
42.554	393	4	2
42.941	394	4	3
42.554	395	3	2
42.941	396	3	3
42.554	397	2	2
42.941	398	2	3
43.134	399	4	1
43.134	400	1	1
43.328	401	1	2
43.521	402	1	3
43.328	403	4	2
43.715	404	4	3
43.521	405	3	2
43.715	406	3	3
43.715	407	1	2
43.909	408	1	3
43.909	409	3	1
43.909	410	2	1
44.102	411	2	2
44.489	412	2	3
44.102	413	3	2
44.489	414	3	3
44.876	415	3	2
45.263	416	3	3
44.876	417	4	2
45.263	418	4	3
44.876	419	1	1
45.263	420	1	1
45.651	421	1	1
46.038	422	1	1
46.425	423	4	1
46.425	424	2	2
47.199	425	2	3
46.425	426	1	2
47.199	427	1	3
46.812	428	4	1
47.199	429	4	1
47.586	430	4	1
47.973	431	1	1
47.973	432	4	1
47.973	433	3	1
48.167	434	4	2
48.747	435	4	3
48.167	436	3	2
48.747	437	3	3
48.360	438	1	1
48.747	439	1	1
49.134	440	1	1
49.521	441	1	1
49.521	442	4	1
49.715	443	4	1
49.909	444	4	1
50.005	445	2	1
50.102	446	4	1
50.199	447	2	1
50.296	448	3	1
50.296	449	4	2
51.070	450	4	3
50.296	451	1	2
51.070	452	1	3
50.392	453	2	1
50.489	454	3	1
50.586	455	2	1
51.070	456	2	1
51.070	457	3	1
51.457	458	2	1
51.457	459	3	1
51.844	460	2	1
51.844	461	3	1
52.231	462	2	1
52.231	463	3	1
52.618	464	4	1
52.618	465	1	1
53.005	466	1	1
53.005	467	4	1
53.392	468	4	1
53.392	469	1	1
53.780	470	1	1
53.780	471	4	1
54.167	472	4	1
54.167	473	3	1
54.360	474	3	1
54.554	475	1	1
54.554	476	2	1
54.747	477	2	1
54.941	478	4	1
55.038	479	1	1
55.134	480	4	1
55.231	481	1	1
55.328	482	4	1
55.425	483	1	1
55.521	484	4	1
55.618	485	1	1
56.876	486	3	1
56.973	487	2	1
57.070	488	3	1
57.167	489	2	1
57.263	490	4	1
57.263	491	1	1
57.360	492	3	1
57.554	493	1	1
57.651	494	4	1
57.651	495	2	1
57.747	496	3	1
57.941	497	2	1
58.038	498	4	1
58.038	499	1	1
58.134	500	3	1
58.328	501	1	1
58.425	502	4	1
58.425	503	3	1
58.521	504	2	1
58.715	505	4	1
58.812	506	3	1
58.812	507	1	2
59.005	508	1	3
59.005	509	4	2
59.199	510	4	3
59.199	511	1	1
59.199	512	2	2
59.392	513	2	3
59.392	514	3	2
59.586	515	3	3
59.586	516	1	2
59.780	517	1	3
59.586	518	4	2
59.780	519	4	3
59.780	520	2	1
59.973	521	4	1
59.973	522	3	1
60.167	523	1	1
60.263	524	2	1
60.360	525	4	2
60.554	526	4	3
60.360	527	3	1
60.554	528	1	2
60.747	529	1	3
60.747	530	4	1
60.747	531	3	2
60.941	532	3	3
60.941	533	2	2
61.134	534	2	3
61.134	535	3	1
61.134	536	1	2
61.328	537	1	3
61.328	538	4	2
61.521	539	4	3
61.521	540	1	1
61.521	541	2	2
61.715	542	2	3
61.715	543	4	2
61.909	544	4	3
61.715	545	3	2
61.909	546	3	3
61.909	547	1	1
62.102	548	4	2
62.296	549	4	3
62.296	550	2	1
62.296	551	1	2
62.489	552	1	3
62.489	553	3	2
62.683	554	3	3
62.683	555	1	2
62.876	556	1	3
62.683	557	2	2
62.876	558	2	3
62.876	559	3	1
63.070	560	3	1
63.070	561	1	1
63.263	562	2	1
63.360	563	4	1
63.457	564	1	1
63.457	565	2	1
63.554	566	3	1
63.747	567	1	1
63.844	568	4	1
63.844	569	3	1
63.941	570	2	1
64.134	571	4	1
64.231	572	1	1
64.231	573	2	1
64.425	574	3	1
64.521	575	1	1
64.618	576	4	1
64.618	577	3	1
64.715	578	2	1
64.812	579	1	1
65.005	580	3	1
65.005	581	4	2
65.199	582	4	3
65.199	583	1	2
65.392	584	1	3
65.392	585	2	1
65.392	586	3	2
65.586	587	3	3
65.586	588	4	2
65.780	589	4	3
65.780	590	1	2
65.973	591	1	3
65.780	592	2	2
65.973	593	2	3
65.973	594	3	1
66.167	595	4	1
66.167	596	1	1
66.263	597	2	1
66.457	598	3	1
66.554	599	4	2
66.747	600	4	3
66.554	601	2	1
66.747	602	1	2
66.941	603	1	3
66.941	604	4	1
66.941	605	3	2
67.134	606	3	3
67.134	607	2	2
67.328	608	2	3
67.328	609	3	1
67.328	610	1	2
67.521	611	1	3
67.521	612	4	2
67.715	613	4	3
67.715	614	3	1
67.715	615	2	2
67.909	616	2	3
67.909	617	1	2
68.296	618	1	3
68.102	619	4	1
68.102	620	3	1
68.296	621	4	2
68.683	622	4	3
68.392	623	3	1
68.489	624	1	1
68.489	625	2	1
68.683	626	2	1
68.876	627	1	1
68.973	628	2	1
69.070	629	4	1
69.167	630	1	1
69.263	631	3	1
69.360	632	4	1
69.457	633	2	1
69.554	634	3	1
69.651	635	4	1
69.651	636	1	1
69.844	637	2	1
69.941	638	3	1
70.038	639	1	1
70.038	640	2	1
70.231	641	2	1
70.425	642	3	1
70.425	643	4	2
70.618	644	4	3
70.618	645	1	2
70.812	646	1	3
70.812	647	4	1
70.812	648	3	2
71.005	649	3	3
71.005	650	1	2
71.199	651	1	3
71.199	652	4	1
71.199	653	2	2
71.392	654	2	3
71.392	655	3	2
71.586	656	3	3
71.586	657	4	1
71.586	658	1	2
71.780	659	1	3
71.780	660	2	2
71.973	661	2	3
71.973	662	3	2
72.167	663	3	3
71.973	664	4	2
72.360	665	4	3
72.167	666	1	1
72.360	667	3	1
72.360	668	1	1
72.554	669	2	1
72.747	670	4	1
72.747	671	1	1
72.941	672	3	1
73.038	673	2	1
73.134	674	4	1
73.134	675	3	1
73.328	676	3	1
73.521	677	2	1
73.521	678	1	2
73.715	679	1	3
73.715	680	4	2
73.909	681	4	3
73.909	682	1	1
73.909	683	2	2
74.102	684	2	3
74.102	685	4	2
74.296	686	4	3
74.296	687	1	1
74.296	688	3	2
74.489	689	3	3
74.489	690	2	2
74.683	691	2	3
74.683	692	1	1
74.683	693	4	2
74.876	694	4	3
74.876	695	3	2
75.070	696	3	3
75.070	697	2	1
75.070	698	1	1
75.263	699	4	1
75.360	700	1	1
75.457	701	4	1
75.457	702	3	1
75.651	703	2	1
75.844	704	4	2
76.038	705	4	3
75.844	706	1	2
76.231	707	1	3
76.038	708	3	1
76.231	709	4	1
76.231	710	2	1
76.425	711	2	2
76.618	712	2	3
76.618	713	3	1
76.618	714	4	2
76.812	715	4	3
76.812	716	1	2
77.005	717	1	3
77.005	718	4	1
77.005	719	2	2
77.199	720	2	3
77.199	721	3	2
77.392	722	3	3
77.392	723	4	2
77.780	724	4	3
77.392	725	1	2
77.586	726	1	3
77.586	727	2	1
77.780	728	3	1
77.780	729	1	1
77.973	730	2	2
78.167	731	2	3
78.167	732	3	2
78.360	733	3	3
78.167	734	4	1
78.360	735	1	2
78.554	736	1	3
78.554	737	4	2
78.747	738	4	3
78.554	739	3	1
78.747	740	2	2
78.941	741	2	3
78.941	742	4	2
79.134	743	4	3
78.941	744	1	2
79.328	745	1	3
79.134	746	3	1
79.328	747	4	1
79.328	748	2	1
79.521	749	3	2
79.715	750	3	3
79.715	751	2	1
79.715	752	1	2
79.909	753	1	3
79.909	754	3	2
80.102	755	3	3
80.102	756	1	2
80.296	757	1	3
80.102	758	4	2
80.296	759	4	3
80.296	760	3	2
80.489	761	3	3
80.296	762	2	2
80.489	763	2	3
80.683	764	4	2
80.876	765	4	3
80.683	766	1	2
80.876	767	1	3
80.683	768	2	2
80.876	769	2	3
80.973	770	1	2
81.167	771	1	3
80.973	772	3	2
81.167	773	3	3
80.973	774	4	2
81.167	775	4	3
81.263	776	1	2
81.457	777	1	3
81.263	778	4	2
81.457	779	4	3
81.263	780	2	2
81.457	781	2	3
81.554	782	2	1
81.651	783	3	1
81.651	784	4	2
82.038	785	4	3
81.651	786	1	2
82.038	787	1	3
82.038	788	3	2
82.231	789	3	3
82.038	790	2	1
82.231	791	1	2
82.425	792	1	3
82.425	793	3	2
82.618	794	3	3
82.425	795	4	1
82.618	796	1	2
82.812	797	1	3
82.812	798	3	1
82.812	799	4	1
83.005	800	1	1
83.102	801	4	2
83.392	802	4	3
83.102	803	3	2
83.392	804	3	3
83.199	805	2	1
83.392	806	2	1
83.586	807	4	1
83.586	808	1	1
83.780	809	3	1
83.973	810	4	1
83.973	811	1	1
84.167	812	2	1
84.360	813	1	1
84.360	814	4	1
84.554	815	2	2
84.747	816	2	3
84.747	817	1	1
84.747	818	4	2
84.941	819	4	3
84.941	820	2	2
85.521	821	2	3
85.134	822	3	1
85.134	823	4	1
85.328	824	1	1
85.521	825	3	2
85.909	826	3	3
85.521	827	4	2
85.909	828	4	3
85.715	829	2	1
85.909	830	2	1
85.909	831	1	1
86.102	832	3	1
86.296	833	4	1
86.296	834	1	1
86.489	835	2	1
86.683	836	4	1
86.683	837	3	1
86.876	838	1	2
87.070	839	1	3
87.070	840	3	1
87.070	841	2	2
87.263	842	2	3
87.263	843	4	2
87.651	844	4	3
87.457	845	2	1
87.457	846	1	1
87.651	847	3	1
87.844	848	3	2
88.231	849	3	3
87.844	850	1	2
88.231	851	1	3
88.231	852	4	1
88.231	853	2	2
88.425	854	2	3
88.425	855	4	2
88.618	856	4	3
88.618	857	1	1
88.618	858	2	2
88.812	859	2	3
88.812	860	4	2
89.005	861	4	3
89.005	862	1	1
89.005	863	2	1
89.199	864	4	1
89.296	865	2	2
89.586	866	2	3
89.296	867	1	2
89.586	868	1	3
89.392	869	3	1
89.586	870	3	1
89.780	871	4	1
89.780	872	1	1
89.973	873	2	1
90.167	874	4	1
90.167	875	1	1
90.360	876	3	1
90.554	877	1	1
90.554	878	4	1
90.747	879	3	2
90.941	880	3	3
90.941	881	1	2
91.134	882	1	3
90.941	883	4	1
91.134	884	3	2
91.715	885	3	3
91.328	886	1	1
91.328	887	2	1
91.521	888	4	1
91.715	889	1	2
92.102	890	1	3
91.715	891	2	2
92.102	892	2	3
91.909	893	3	1
92.102	894	4	1
92.102	895	3	1
92.296	896	2	1
92.489	897	4	1
92.489	898	1	1
92.683	899	3	1
92.876	900	2	1
93.457	901	1	1
93.554	902	3	1
93.651	903	1	1
93.844	904	3	1
93.941	905	1	1
94.038	906	4	1
94.038	907	3	1
94.231	908	1	1
94.425	909	2	1
94.425	910	4	2
95.005	911	4	3
94.618	912	2	1
94.715	913	3	1
94.812	914	1	1
94.812	915	2	1
95.005	916	1	1
95.199	917	4	1
95.199	918	1	2
95.586	919	1	3
95.392	920	4	1
95.489	921	2	1
95.586	922	3	1
95.586	923	4	2
95.973	924	4	3
95.780	925	2	1
95.973	926	1	1
95.973	927	3	2
96.167	928	3	3
96.167	929	2	2
96.360	930	2	3
96.360	931	3	1
96.360	932	1	2
96.554	933	1	3
96.554	934	4	2
96.747	935	4	3
96.747	936	1	1
96.747	937	2	2
96.941	938	2	3
96.941	939	4	1
97.134	940	4	2
97.521	941	4	3
97.134	942	3	2
97.521	943	3	3
97.521	944	1	2
97.715	945	1	3
97.521	946	2	2
97.715	947	2	3
97.715	948	3	1
97.909	949	4	2
98.102	950	4	3
97.909	951	1	1
98.102	952	1	2
98.296	953	1	3
98.296	954	2	2
98.683	955	2	3
98.296	956	3	1
98.489	957	4	2
98.683	958	4	3
98.683	959	1	1
98.683	960	3	2
99.070	961	3	3
98.876	962	1	2
99.070	963	1	3
99.070	964	4	2
99.263	965	4	3
99.070	966	2	1
99.263	967	3	2
99.457	968	3	3
99.457	969	1	2
99.651	970	1	3
99.457	971	2	1
99.651	972	4	2
99.844	973	4	3
99.844	974	3	2
100.231	975	3	3
99.844	976	2	2
100.231	977	2	3
100.231	978	1	1
100.231	979	4	1
100.618	980	3	1
100.618	981	1	1
100.747	982	2	1
100.876	983	3	1
101.005	984	4	1
101.005	985	1	1
101.151	986	2	1
101.296	987	4	1
101.392	988	1	2
101.683	989	1	3
101.392	990	2	1
101.586	991	3	1
101.683	992	4	2
101.973	993	4	3
101.780	994	1	1
101.780	995	2	1
101.973	996	3	1
102.167	997	1	1
102.167	998	2	2
102.554	999	2	3
102.360	1000	4	1
102.457	1001	1	1
102.554	1002	4	1
102.554	1003	3	1
102.747	1004	1	2
102.941	1005	1	3
102.941	1006	4	2
103.134	1007	4	3
102.941	1008	3	1
103.134	1009	2	2
103.328	1010	2	3
103.328	1011	4	1
103.328	1012	1	2
103.521	1013	1	3
103.521	1014	3	2
103.715	1015	3	3
103.715	1016	4	2
104.296	1017	4	3
103.715	1018	1	1
104.102	1019	1	1
104.102	1020	3	1
104.296	1021	3	1
104.296	1022	2	1
104.489	1023	4	1
104.489	1024	1	2
105.070	1025	1	3
104.876	1026	4	1
104.876	1027	2	1
105.070	1028	4	1
105.070	1029	3	1
105.263	1030	1	1
105.263	1031	2	1
105.457	1032	2	1
105.651	1033	4	1
105.651	1034	1	1
105.844	1035	4	1
105.844	1036	2	1
106.038	1037	4	2
106.618	1038	4	3
106.038	1039	3	1
106.328	1040	1	1
106.425	1041	2	1
106.425	1042	3	1
106.618	1043	1	1
106.618	1044	2	1
106.812	1045	4	1
106.812	1046	3	1
107.005	1047	4	1
107.199	1048	1	1
107.199	1049	2	1
107.392	1050	3	1
107.392	1051	1	1
107.586	1052	2	1
107.586	1053	4	1
107.780	1054	2	1
107.973	1055	4	1
107.973	1056	1	1
108.167	1057	4	1
108.167	1058	3	1
108.360	1059	1	1
108.360	1060	2	1
108.457	1061	3	1
108.554	1062	4	1
108.651	1063	1	1
108.747	1064	2	1
108.844	1065	4	1
108.941	1066	2	1
109.038	1067	3	1
109.134	1068	4	1
109.231	1069	1	1
109.328	1070	4	1
109.425	1071	1	1
109.521	1072	3	1
109.618	1073	2	1
109.715	1074	3	1
109.812	1075	2	1
109.909	1076	4	1
109.909	1077	1	1
110.005	1078	3	1
110.199	1079	1	1
110.296	1080	4	1
110.392	1081	1	1
110.586	1082	3	1
110.683	1083	2	1
110.780	1084	3	1
110.973	1085	1	1
111.070	1086	4	1
111.167	1087	1	1
111.360	1088	3	1
111.457	1089	4	2
111.651	1090	4	3
111.651	1091	1	2
111.844	1092	1	3
111.844	1093	4	2
112.038	1094	4	3
112.038	1095	1	2
112.618	1096	1	3
112.038	1097	2	2
112.618	1098	2	3
112.618	1099	3	1
112.812	1100	1	1
112.909	1101	2	1
113.005	1102	4	2
113.199	1103	4	3
113.199	1104	3	2
113.392	1105	3	3
113.392	1106	2	2
113.586	1107	2	3
113.586	1108	3	2
113.780	1109	3	3
113.780	1110	1	2
113.973	1111	1	3
113.973	1112	2	2
114.167	1113	2	3
114.167	1114	3	2
114.360	1115	3	3
114.360	1116	4	2
114.747	1117	4	3
114.360	1118	1	2
114.747	1119	1	3
114.747	1120	2	2
114.941	1121	2	3
114.941	1122	4	2
115.134	1123	4	3
115.134	1124	2	2
115.328	1125	2	3
115.328	1126	3	2
115.521	1127	3	3
115.328	1128	4	2
115.521	1129	4	3
116.005	1130	4	1
116.102	1131	2	1
116.199	1132	3	1
116.392	1133	1	1
116.489	1134	3	1
116.489	1135	4	1
116.586	1136	2	1
116.780	1137	4	1
116.876	1138	1	1
116.973	1139	3	1
117.167	1140	1	1
117.263	1141	4	1
117.263	1142	3	1
117.360	1143	2	1
117.554	1144	2	1
117.651	1145	4	2
117.844	1146	4	3
117.844	1147	1	2
118.038	1148	1	3
118.038	1149	2	1
118.038	1150	3	2
118.231	1151	3	3
118.231	1152	4	2
118.812	1153	4	3
118.231	1154	1	2
118.618	1155	1	3
118.425	1156	2	1
118.812	1157	3	1
118.812	1158	1	1
118.909	1159	2	1
119.102	1160	3	1
119.199	1161	4	2
119.392	1162	4	3
119.199	1163	2	1
119.392	1164	1	2
119.586	1165	1	3
119.586	1166	4	1
119.586	1167	3	2
119.780	1168	3	3
119.780	1169	2	2
119.973	1170	2	3
119.973	1171	3	1
119.973	1172	1	2
120.167	1173	1	3
120.167	1174	4	2
120.360	1175	4	3
120.360	1176	3	1
120.360	1177	2	2
120.554	1178	2	3
120.554	1179	1	2
120.747	1180	1	3
120.747	1181	4	1
120.747	1182	3	1
120.844	1183	2	1
120.941	1184	4	1
121.038	1185	3	1
121.134	1186	1	1
121.231	1187	2	1
121.328	1188	1	1
121.425	1189	4	1
121.521	1190	3	1
121.618	1191	2	1
121.715	1192	3	1
121.812	1193	2	1
121.909	1194	4	1
122.005	1195	1	1
122.102	1196	4	1
122.199	1197	1	1
122.296	1198	4	1
122.489	1199	2	1
122.586	1200	3	1
122.683	1201	4	1
122.683	1202	1	1
122.683	1203	2	1
122.876	1204	2	1
123.070	1205	3	1
123.070	1206	4	2
123.263	1207	4	3
123.263	1208	1	2
123.457	1209	1	3
123.457	1210	4	1
123.457	1211	3	2
123.651	1212	3	3
123.651	1213	1	2
123.844	1214	1	3
123.844	1215	4	1
123.844	1216	2	2
124.038	1217	2	3
124.038	1218	3	2
124.231	1219	3	3
124.231	1220	4	1
124.231	1221	1	2
124.425	1222	1	3
124.425	1223	2	2
124.618	1224	2	3
124.618	1225	3	2
124.812	1226	3	3
124.618	1227	4	2
125.005	1228	4	3
124.812	1229	1	1
125.005	1230	3	1
125.005	1231	1	1
125.199	1232	2	1
125.392	1233	4	1
125.392	1234	1	1
125.586	1235	3	1
125.780	1236	4	1
125.780	1237	3	1
125.876	1238	2	1
125.973	1239	3	1
126.167	1240	2	1
126.167	1241	1	2
126.360	1242	1	3
126.360	1243	4	2
126.554	1244	4	3
126.554	1245	1	1
126.554	1246	2	2
126.747	1247	2	3
126.747	1248	4	2
126.941	1249	4	3
126.941	1250	1	1
126.941	1251	3	2
127.134	1252	3	3
127.134	1253	2	2
127.328	1254	2	3
127.328	1255	1	1
127.328	1256	4	2
127.521	1257	4	3
127.521	1258	3	2
127.715	1259	3	3
127.715	1260	2	1
127.715	1261	1	1
127.909	1262	4	1
128.005	1263	1	1
128.102	1264	4	1
128.102	1265	3	1
128.296	1266	2	1
128.489	1267	4	2
128.683	1268	4	3
128.489	1269	1	2
128.876	1270	1	3
128.683	1271	3	1
128.876	1272	4	1
128.876	1273	2	1
129.070	1274	2	2
129.263	1275	2	3
129.263	1276	3	1
129.263	1277	4	2
129.457	1278	4	3
129.457	1279	1	2
129.651	1280	1	3
129.651	1281	4	1
129.651	1282	2	2
129.844	1283	2	3
129.844	1284	3	2
130.038	1285	3	3
130.038	1286	4	2
130.425	1287	4	3
130.038	1288	1	2
130.231	1289	1	3
130.231	1290	2	1
130.425	1291	3	1
130.425	1292	1	1
130.618	1293	2	2
130.812	1294	2	3
130.812	1295	3	2
131.005	1296	3	3
130.812	1297	4	1
131.005	1298	1	2
131.199	1299	1	3
131.199	1300	4	2
131.392	1301	4	3
131.199	1302	3	1
131.392	1303	2	2
131.586	1304	2	3
131.586	1305	4	2
131.780	1306	4	3
131.586	1307	1	2
131.973	1308	1	3
131.780	1309	3	1
131.973	1310	4	1
131.973	1311	2	1
132.167	1312	3	2
132.360	1313	3	3
132.360	1314	2	1
132.360	1315	1	2
132.554	1316	1	3
132.554	1317	3	2
132.747	1318	3	3
132.747	1319	1	2
132.941	1320	1	3
132.747	1321	4	2
132.941	1322	4	3
132.941	1323	3	2
133.134	1324	3	3
132.941	1325	2	2
133.134	1326	2	3
133.328	1327	4	2
133.521	1328	4	3
133.328	1329	1	2
133.521	1330	1	3
133.328	1331	2	2
133.521	1332	2	3
133.618	1333	1	2
133.812	1334	1	3
133.618	1335	3	2
133.812	1336	3	3
133.618	1337	4	2
133.812	1338	4	3
133.909	1339	1	2
134.102	1340	1	3
133.909	1341	4	2
134.102	1342	4	3
133.909	1343	2	2
134.102	1344	2	3
134.199	1345	2	1
134.296	1346	3	1
134.296	1347	4	2
134.683	1348	4	3
134.296	1349	1	2
134.683	1350	1	3
134.683	1351	2	1
134.683	1352	3	2
134.876	1353	3	3
134.876	1354	1	2
135.070	1355	1	3
135.070	1356	4	1
135.070	1357	3	2
135.263	1358	3	3
135.263	1359	1	2
135.457	1360	1	3
135.457	1361	4	1
135.457	1362	3	1
135.651	1363	1	1
135.747	1364	3	2
136.038	1365	3	3
135.747	1366	4	2
136.038	1367	4	3
135.844	1368	2	1
136.038	1369	2	1
136.231	1370	1	1
136.231	1371	4	1
136.425	1372	3	1
136.521	1373	2	1
136.618	1374	1	1
136.618	1375	4	1
136.812	1376	2	1
137.005	1377	4	1
137.005	1378	1	1
137.199	1379	2	2
137.392	1380	2	3
137.392	1381	4	2
137.586	1382	4	3
137.392	1383	1	1
137.586	1384	2	2
138.167	1385	2	3
137.780	1386	4	1
137.780	1387	3	1
137.973	1388	1	1
138.167	1389	4	2
138.554	1390	4	3
138.167	1391	3	2
138.554	1392	3	3
138.360	1393	2	1
138.554	1394	1	1
138.554	1395	2	1
138.747	1396	3	1
138.941	1397	1	1
138.941	1398	4	1
139.134	1399	2	1
139.328	1400	3	1
139.328	1401	4	1
139.521	1402	1	2
139.715	1403	1	3
139.715	1404	2	2
139.909	1405	2	3
139.715	1406	3	1
139.909	1407	4	2
140.296	1408	4	3
140.102	1409	1	1
140.102	1410	2	1
140.296	1411	3	1
140.489	1412	1	2
140.876	1413	1	3
140.489	1414	3	2
140.876	1415	3	3
140.876	1416	2	2
141.070	1417	2	3
140.876	1418	4	1
141.070	1419	4	2
141.263	1420	4	3
141.263	1421	2	2
141.457	1422	2	3
141.263	1423	1	1
141.457	1424	4	2
141.651	1425	4	3
141.651	1426	2	1
141.651	1427	1	1
141.844	1428	4	1
141.941	1429	1	2
142.231	1430	1	3
141.941	1431	2	2
142.231	1432	2	3
142.038	1433	3	1
142.231	1434	3	1
142.425	1435	1	1
142.425	1436	4	1
142.618	1437	2	1
142.715	1438	3	1
142.812	1439	1	1
142.812	1440	4	1
143.005	1441	3	1
143.199	1442	4	1
143.199	1443	1	1
143.392	1444	3	2
143.586	1445	3	3
143.586	1446	4	1
143.586	1447	1	2
143.780	1448	1	3
143.780	1449	3	2
144.360	1450	3	3
143.973	1451	2	1
143.973	1452	1	1
144.167	1453	4	1
144.360	1454	2	2
144.747	1455	2	3
144.360	1456	1	2
144.747	1457	1	3
144.554	1458	3	1
144.747	1459	3	1
144.747	1460	4	1
144.941	1461	2	1
145.134	1462	1	1
145.134	1463	4	1
145.328	1464	3	1
145.715	1465	1	2
145.909	1466	1	3
145.909	1467	2	2
146.102	1468	2	3
146.102	1469	4	2
146.489	1470	4	3
146.489	1471	1	2
146.683	1472	1	3
146.683	1473	4	2
147.070	1474	4	3
146.683	1475	3	2
147.070	1476	3	3