Song Name	SKiBIDI SLiCERS (OMEGA SiGMA+++++++++++ VIP) by Tatsuoto vs. FrankleAnkles (feat. Golden Freddy) [Project : RUSHER]
Title	SKiBIDI SLiCERS (OMEGA SiGMA+++++++++++ VIP)
Artist	Tatsuoto vs. FrankleAnkles (feat. Golden Freddy) [Project : RUSHER]
Description	Oh my god, save me. (Featured in the April Fool Charts collection in Project : RUSHER!). Map by Annihilation Point.
Difficulty	23
Primary Color	Beat
Secondary Color	Beat
Cover Image ID	125244407898756
Audio Asset ID	rbxassetid://79023996302199
Audio File	79023996302199.ogg
Last Note Time	163.652
Total Notes	1630
Fever Fill	506
Fever Time	24.547800
Long Notes	112
BPM	297
Song Length	164.652000000

Timing Points
2.695	191.082803
2.695	191.082803
145.624	226.415094
145.624	226.415094
146.529	285.714286
146.529	285.714286
146.814	382.165605
146.814	382.165605
147.960	382.165605
147.960	382.165605


Song Data
2.695	1	1	1
2.695	2	4	1
3.459	3	4	2
3.841	4	4	3
3.841	5	3	2
4.223	6	3	3
4.223	7	4	1
4.223	8	2	2
4.605	9	2	3
4.605	10	1	2
4.987	11	1	3
4.796	12	3	2
4.987	13	3	3
4.987	14	2	2
5.370	15	2	3
4.987	16	4	1
5.370	17	1	2
5.752	18	1	3
5.752	19	2	2
6.134	20	2	3
6.134	21	3	2
6.516	22	3	3
6.516	23	4	1
6.516	24	1	1
6.612	25	2	1
6.707	26	3	1
6.803	27	1	1
6.898	28	4	2
7.185	29	4	3
7.185	30	1	1
7.280	31	2	1
7.280	32	3	2
7.472	33	3	3
7.472	34	1	1
7.567	35	4	1
7.663	36	2	2
7.854	37	2	3
7.854	38	3	2
8.045	39	3	3
8.045	40	1	1
8.045	41	4	2
8.236	42	4	3
8.236	43	3	2
8.427	44	3	3
8.427	45	2	2
8.618	46	2	3
8.618	47	1	2
8.809	48	1	3
8.809	49	4	1
8.809	50	3	1
8.905	51	2	1
9.000	52	4	1
9.096	53	2	1
9.191	54	4	1
9.191	55	1	1
9.382	56	2	1
9.382	57	3	1
9.573	58	2	1
9.573	59	1	1
9.669	60	3	1
9.765	61	1	1
9.956	62	2	1
9.956	63	3	1
10.051	64	4	1
10.147	65	2	1
10.338	66	3	1
10.338	67	4	1
10.433	68	2	1
10.529	69	4	1
10.624	70	2	1
10.720	71	1	1
10.720	72	4	1
10.911	73	2	1
10.911	74	3	1
11.102	75	2	1
11.102	76	1	1
11.198	77	3	1
11.293	78	1	1
11.484	79	3	1
11.484	80	2	1
11.580	81	4	1
11.675	82	2	1
11.866	83	1	1
11.866	84	4	1
11.962	85	3	1
12.058	86	2	1
12.153	87	3	1
12.249	88	1	1
12.249	89	4	1
12.344	90	2	1
12.440	91	3	1
12.535	92	2	1
12.631	93	4	1
12.631	94	1	1
12.726	95	3	1
12.822	96	2	1
12.917	97	4	1
13.013	98	1	1
13.109	99	2	1
13.204	100	3	1
13.300	101	1	1
13.395	102	3	1
13.395	103	4	1
13.491	104	2	1
13.586	105	4	1
13.682	106	2	1
13.777	107	3	1
13.873	108	1	1
13.968	109	3	1
14.064	110	1	1
14.159	111	4	2
14.542	112	4	3
14.351	113	2	2
14.542	114	2	3
14.542	115	3	1
14.637	116	4	1
14.733	117	3	1
14.828	118	4	1
14.924	119	2	1
14.924	120	1	1
15.210	121	2	2
16.261	122	2	3
15.210	123	1	2
16.261	124	1	3
16.452	125	1	1
16.452	126	2	1
16.739	127	2	2
17.026	128	2	3
16.739	129	1	2
17.026	130	1	3
17.217	131	1	1
17.265	132	3	1
17.312	133	4	1
17.408	134	1	1
17.408	135	2	1
17.551	136	4	1
17.551	137	3	1
17.695	138	1	1
17.695	139	2	1
17.838	140	4	1
17.838	141	1	1
17.981	142	3	1
17.981	143	4	1
18.268	144	4	2
19.319	145	4	3
18.268	146	3	2
19.319	147	3	3
19.510	148	4	1
19.510	149	3	1
19.653	150	2	1
19.653	151	1	1
19.796	152	4	1
19.796	153	3	1
19.940	154	2	1
19.940	155	1	1
20.083	156	3	1
20.083	157	4	1
20.179	158	2	1
20.226	159	3	1
20.274	160	4	1
20.274	161	1	1
20.417	162	2	1
20.417	163	3	1
20.561	164	4	1
20.561	165	1	1
20.752	166	3	1
20.847	167	2	1
21.038	168	4	1
21.038	169	3	1
21.230	170	4	1
21.230	171	1	1
21.421	172	2	1
21.516	173	3	1
21.612	174	4	1
21.612	175	1	1
21.803	176	2	1
21.803	177	1	1
21.994	178	1	1
21.994	179	4	1
22.185	180	3	1
22.280	181	2	1
22.376	182	1	1
22.376	183	4	1
22.567	184	3	1
22.567	185	2	1
22.758	186	4	1
22.758	187	3	1
22.949	188	1	1
23.045	189	4	1
23.140	190	1	1
23.140	191	2	1
23.331	192	3	1
23.331	193	2	1
23.523	194	2	1
23.523	195	1	1
23.714	196	4	1
23.809	197	1	1
23.905	198	3	1
23.905	199	4	1
24.096	200	3	1
24.096	201	2	1
24.191	202	4	1
24.287	203	2	1
24.382	204	1	1
24.478	205	4	1
24.478	206	3	1
24.573	207	2	1
24.669	208	4	1
24.765	209	3	1
24.860	210	2	1
24.860	211	1	1
24.956	212	3	1
25.051	213	1	1
25.147	214	4	1
25.242	215	2	1
25.242	216	3	1
25.338	217	1	1
25.433	218	3	1
25.529	219	4	1
25.624	220	1	2
25.816	221	1	3
25.624	222	2	1
25.816	223	4	1
25.816	224	3	1
25.911	225	1	1
26.007	226	3	1
26.007	227	4	2
26.198	228	4	3
26.198	229	2	1
26.198	230	1	1
26.293	231	3	1
26.389	232	1	1
26.389	233	4	1
27.153	234	3	1
27.153	235	4	1
27.344	236	1	1
27.344	237	4	1
27.535	238	4	1
27.535	239	3	1
27.726	240	1	1
27.726	241	4	1
27.917	242	4	1
27.917	243	3	1
28.109	244	1	1
28.109	245	4	1
28.300	246	4	1
28.300	247	3	1
28.491	248	1	1
28.491	249	4	1
28.682	250	1	1
28.682	251	2	1
28.873	252	1	1
28.873	253	4	1
29.064	254	2	1
29.064	255	1	1
29.255	256	4	1
29.255	257	1	1
29.446	258	1	1
29.446	259	2	1
29.637	260	4	1
29.637	261	1	1
29.828	262	2	1
29.828	263	1	1
30.019	264	1	1
30.019	265	4	1
30.210	266	3	1
30.210	267	4	1
30.402	268	3	1
30.593	269	1	1
30.593	270	4	1
30.784	271	2	1
30.975	272	1	1
30.975	273	2	1
31.166	274	3	1
31.261	275	2	1
31.357	276	4	1
31.357	277	1	1
31.548	278	4	1
31.739	279	2	1
31.739	280	1	1
31.930	281	1	1
32.121	282	3	1
32.121	283	2	1
32.312	284	4	1
32.503	285	1	1
32.503	286	2	1
32.695	287	1	1
32.790	288	4	1
32.886	289	3	1
32.886	290	2	1
33.077	291	4	1
33.077	292	3	1
33.268	293	2	1
33.268	294	1	1
33.363	295	3	1
33.459	296	1	1
33.554	297	3	1
33.650	298	4	1
33.650	299	2	1
33.841	300	2	1
33.841	301	1	1
34.032	302	3	1
34.032	303	4	1
34.128	304	1	1
34.223	305	3	1
34.223	306	2	1
34.414	307	1	1
34.414	308	2	1
34.510	309	4	1
34.605	310	2	1
34.605	311	3	1
34.796	312	4	1
34.796	313	3	1
34.892	314	2	1
34.987	315	4	1
35.083	316	2	1
35.179	317	3	1
35.179	318	1	1
35.370	319	3	1
35.370	320	4	1
35.561	321	1	1
35.561	322	2	1
35.656	323	3	1
35.752	324	1	1
35.752	325	4	1
35.943	326	2	1
35.943	327	3	1
36.038	328	1	1
36.134	329	3	1
36.134	330	4	1
36.230	331	2	1
36.325	332	4	1
36.325	333	1	1
36.516	334	1	1
36.516	335	4	1
36.707	336	4	1
36.707	337	1	1
36.898	338	1	1
36.898	339	4	1
36.994	340	2	1
36.994	341	3	1
37.089	342	4	2
37.280	343	4	3
37.089	344	1	2
37.280	345	1	3
37.280	346	3	1
37.280	347	2	1
37.472	348	4	1
37.472	349	1	1
37.567	350	3	1
37.663	351	2	1
37.663	352	1	1
37.758	353	4	1
37.854	354	3	1
37.854	355	2	1
38.045	356	3	1
38.045	357	2	1
38.236	358	3	1
38.236	359	2	1
38.427	360	2	1
38.427	361	3	1
38.618	362	3	2
39.000	363	3	3
38.618	364	2	2
39.000	365	2	3
39.000	366	4	1
39.096	367	1	1
39.191	368	3	1
39.287	369	2	1
39.382	370	1	1
39.382	371	4	2
39.573	372	4	3
39.573	373	2	1
39.573	374	1	1
39.669	375	3	1
39.765	376	4	1
39.765	377	2	1
39.860	378	1	1
39.956	379	3	1
39.956	380	4	1
40.051	381	1	1
40.147	382	2	1
40.147	383	3	1
40.338	384	1	1
40.338	385	4	1
40.433	386	3	1
40.529	387	1	1
40.529	388	2	1
40.624	389	3	1
40.720	390	4	1
40.720	391	2	1
40.816	392	1	1
40.911	393	4	1
40.911	394	3	1
41.102	395	2	1
41.102	396	1	1
41.198	397	4	1
41.293	398	1	1
41.293	399	3	1
41.389	400	2	1
41.484	401	4	1
41.484	402	3	1
41.580	403	2	1
41.675	404	1	1
41.675	405	4	1
41.771	406	3	1
41.866	407	2	1
41.866	408	4	1
41.962	409	3	1
42.058	410	2	1
42.058	411	1	1
42.249	412	4	1
42.249	413	1	1
42.344	414	2	1
42.440	415	3	1
42.440	416	4	1
42.631	417	3	1
42.631	418	2	1
42.726	419	4	1
42.822	420	2	1
42.822	421	1	1
42.917	422	3	1
43.013	423	1	1
43.013	424	4	1
43.109	425	2	1
43.204	426	1	1
43.204	427	4	1
43.395	428	2	1
43.395	429	3	1
43.491	430	1	1
43.586	431	4	1
43.586	432	3	1
43.682	433	2	1
43.777	434	4	1
43.777	435	1	1
43.873	436	3	1
43.968	437	4	1
43.968	438	1	2
44.159	439	1	3
44.159	440	2	1
44.159	441	3	2
44.351	442	3	3
44.351	443	1	1
44.351	444	2	2
44.542	445	2	3
44.542	446	4	2
44.733	447	4	3
44.542	448	3	1
44.733	449	1	2
45.115	450	1	3
44.733	451	2	1
44.924	452	3	1
44.924	453	4	1
45.115	454	2	1
45.115	455	4	1
45.210	456	1	1
45.306	457	2	1
45.402	458	1	1
45.497	459	3	1
45.497	460	4	1
45.593	461	2	1
45.688	462	3	1
45.688	463	1	1
45.784	464	4	1
45.879	465	2	1
45.879	466	1	1
45.975	467	3	1
46.070	468	4	1
46.070	469	2	1
46.166	470	3	1
46.166	471	1	1
46.261	472	4	1
46.357	473	1	1
46.452	474	3	1
46.452	475	4	1
46.548	476	2	1
46.644	477	1	1
46.644	478	3	1
46.739	479	4	1
46.835	480	3	1
46.835	481	2	1
46.930	482	1	1
47.026	483	4	1
47.026	484	2	1
47.121	485	3	1
47.217	486	1	1
47.217	487	4	1
47.312	488	3	1
47.408	489	1	1
47.408	490	2	1
47.503	491	4	1
47.599	492	3	1
47.599	493	2	1
47.695	494	4	1
47.790	495	1	1
47.790	496	2	1
47.981	497	1	1
47.981	498	4	1
48.172	499	3	1
48.172	500	4	1
48.363	501	2	1
48.363	502	3	1
48.554	503	2	2
48.745	504	2	3
48.554	505	1	1
48.745	506	1	1
48.745	507	4	2
48.937	508	4	3
48.937	509	3	2
49.319	510	3	3
48.937	511	2	1
49.128	512	2	1
49.128	513	1	1
49.319	514	4	1
49.510	515	4	1
49.510	516	1	1
49.701	517	2	1
49.892	518	3	1
49.892	519	2	1
50.083	520	3	2
50.274	521	3	3
50.083	522	4	1
50.274	523	4	1
50.274	524	1	2
50.465	525	1	3
50.465	526	2	2
50.847	527	2	3
50.465	528	3	1
50.656	529	4	1
50.656	530	3	1
50.847	531	4	1
50.847	532	1	1
51.230	533	4	1
51.293	534	3	1
51.357	535	2	1
51.421	536	1	1
51.484	537	3	1
51.548	538	4	1
51.612	539	1	2
53.140	540	1	3
51.612	541	2	1
53.140	542	4	1
53.140	543	3	1
53.523	544	3	1
53.905	545	3	1
54.096	546	1	1
54.191	547	4	1
54.382	548	4	1
54.478	549	1	1
54.669	550	2	1
54.669	551	3	1
55.051	552	4	1
55.051	553	3	1
55.147	554	1	1
55.242	555	4	1
55.338	556	2	1
55.433	557	1	2
55.816	558	1	3
55.816	559	4	1
55.816	560	3	1
56.007	561	2	1
56.198	562	4	2
56.962	563	4	3
56.580	564	3	1
56.580	565	1	1
56.962	566	1	1
57.153	567	3	1
57.344	568	2	1
57.344	569	4	1
57.535	570	1	1
57.726	571	3	1
57.726	572	4	1
57.917	573	1	1
58.109	574	3	1
58.109	575	2	1
58.300	576	4	1
58.491	577	2	1
58.682	578	3	1
58.873	579	1	1
58.873	580	4	1
59.064	581	3	1
59.255	582	1	2
60.019	583	1	3
59.637	584	4	1
59.637	585	2	1
60.019	586	4	1
60.210	587	2	1
60.402	588	1	1
60.402	589	3	1
60.593	590	4	2
60.784	591	4	3
60.784	592	1	1
60.784	593	2	1
60.879	594	3	1
60.975	595	2	1
61.166	596	1	1
61.166	597	3	1
61.357	598	1	1
61.548	599	4	2
61.930	600	4	3
61.930	601	2	1
61.930	602	1	1
62.121	603	2	1
62.312	604	3	2
62.599	605	3	3
62.599	606	4	1
62.695	607	2	2
62.981	608	2	3
62.695	609	1	1
62.981	610	3	1
63.077	611	1	1
63.172	612	3	1
63.268	613	2	1
63.363	614	1	1
63.459	615	4	1
63.459	616	3	1
63.650	617	4	1
63.841	618	2	1
63.841	619	1	1
63.937	620	3	1
64.032	621	2	1
64.128	622	3	1
64.223	623	4	1
64.223	624	1	1
64.319	625	2	1
64.414	626	4	1
64.510	627	3	1
64.605	628	1	1
64.605	629	2	1
64.701	630	4	1
64.796	631	1	1
64.892	632	4	1
64.987	633	3	1
64.987	634	2	1
65.083	635	1	1
65.179	636	3	1
65.274	637	2	1
65.370	638	4	2
66.134	639	4	3
65.370	640	1	1
65.752	641	2	1
65.752	642	3	1
66.134	643	2	2
66.707	644	2	3
66.134	645	1	1
66.516	646	4	1
66.516	647	1	1
66.707	648	3	2
66.898	649	3	3
66.898	650	2	1
66.898	651	1	1
67.185	652	2	1
67.185	653	1	1
67.472	654	3	1
67.567	655	2	1
67.663	656	4	1
67.726	657	1	1
67.790	658	3	1
67.854	659	4	1
67.917	660	2	1
67.981	661	3	1
68.045	662	1	1
68.109	663	4	1
68.172	664	2	1
68.236	665	1	1
68.300	666	3	1
68.363	667	2	1
68.427	668	4	1
68.427	669	1	1
68.618	670	3	1
68.714	671	1	1
68.714	672	4	1
68.905	673	2	1
69.000	674	4	1
69.000	675	1	1
69.191	676	3	1
69.255	677	4	1
69.319	678	2	1
69.382	679	3	1
69.446	680	1	1
69.510	681	2	1
69.573	682	3	1
69.637	683	4	1
69.701	684	2	1
69.765	685	3	1
69.828	686	1	1
69.892	687	2	1
69.956	688	4	1
69.956	689	3	1
70.051	690	1	1
70.147	691	4	1
70.242	692	1	1
70.338	693	4	1
70.433	694	1	1
70.529	695	4	1
70.624	696	1	1
70.720	697	3	1
70.720	698	4	1
70.816	699	2	1
70.911	700	3	1
71.007	701	2	1
71.102	702	3	1
71.198	703	2	1
71.293	704	3	1
71.389	705	2	1
71.484	706	4	2
71.675	707	4	3
71.484	708	1	1
71.675	709	2	2
71.866	710	2	3
71.866	711	3	2
72.249	712	3	3
72.058	713	1	2
72.249	714	1	3
72.249	715	2	1
72.344	716	4	1
72.440	717	3	1
72.535	718	4	1
72.631	719	2	1
72.726	720	3	1
72.822	721	1	1
72.917	722	2	1
73.013	723	1	1
73.013	724	4	1
73.204	725	4	1
73.204	726	3	1
73.395	727	1	1
73.395	728	4	1
73.491	729	2	1
73.586	730	3	1
73.586	731	4	1
73.777	732	4	1
73.777	733	1	1
73.873	734	3	1
73.968	735	1	1
73.968	736	2	1
74.064	737	4	1
74.159	738	3	1
74.159	739	2	1
74.255	740	4	1
74.351	741	1	1
74.351	742	2	1
74.446	743	3	1
74.542	744	1	1
74.542	745	4	2
74.733	746	4	3
74.733	747	2	1
74.733	748	3	2
74.924	749	3	3
74.924	750	1	1
74.924	751	2	2
75.115	752	2	3
75.115	753	4	1
75.115	754	1	1
75.210	755	3	1
75.306	756	2	1
75.306	757	4	1
75.402	758	1	1
75.497	759	3	1
75.497	760	4	1
75.688	761	2	1
75.688	762	1	1
75.784	763	4	1
75.879	764	1	1
75.879	765	3	1
75.975	766	2	1
76.070	767	4	1
76.070	768	3	1
76.166	769	1	1
76.261	770	3	1
76.261	771	2	1
76.357	772	1	1
76.452	773	3	1
76.452	774	4	1
76.548	775	2	1
76.644	776	4	1
76.644	777	1	1
76.739	778	2	1
76.835	779	3	1
76.835	780	4	1
76.930	781	1	1
77.026	782	4	1
77.026	783	2	1
77.121	784	3	1
77.217	785	1	1
77.217	786	4	1
77.312	787	2	1
77.408	788	1	1
77.408	789	3	1
77.503	790	4	1
77.599	791	1	1
77.599	792	2	2
77.790	793	2	3
77.790	794	3	2
77.981	795	3	3
77.981	796	1	2
78.172	797	1	3
78.172	798	4	2
78.363	799	4	3
78.363	800	2	2
78.745	801	2	3
79.128	802	2	1
79.128	803	1	1
79.319	804	4	1
79.319	805	1	1
79.510	806	3	1
79.605	807	2	1
79.701	808	4	1
79.701	809	1	1
79.892	810	3	1
79.892	811	4	1
80.083	812	1	1
80.083	813	4	1
80.274	814	2	1
80.370	815	3	1
80.465	816	4	1
80.465	817	1	1
80.656	818	3	1
80.656	819	2	1
80.847	820	1	1
80.847	821	2	1
81.038	822	4	1
81.134	823	1	1
81.230	824	4	1
81.230	825	3	1
81.421	826	3	1
81.421	827	2	1
81.612	828	4	1
81.612	829	3	1
81.803	830	1	1
81.898	831	4	1
81.994	832	1	1
81.994	833	2	1
82.185	834	2	1
82.185	835	3	1
82.280	836	1	1
82.376	837	3	1
82.472	838	4	1
82.567	839	2	1
82.567	840	1	1
82.663	841	3	1
82.758	842	1	1
82.854	843	2	1
82.949	844	4	1
82.949	845	3	1
83.045	846	2	1
83.140	847	4	1
83.236	848	1	1
83.331	849	3	1
83.331	850	2	1
83.427	851	4	1
83.523	852	2	1
83.618	853	1	1
83.714	854	3	1
83.714	855	4	2
83.905	856	4	3
83.905	857	2	1
84.000	858	3	1
84.096	859	2	1
84.096	860	1	2
84.287	861	1	3
84.287	862	3	1
84.382	863	2	1
84.478	864	1	1
84.478	865	4	1
84.860	866	3	2
85.051	867	3	3
85.051	868	2	1
85.051	869	1	1
85.147	870	3	1
85.147	871	4	1
85.242	872	1	1
85.242	873	2	1
85.338	874	4	1
85.433	875	2	1
85.433	876	1	1
85.529	877	3	1
85.624	878	1	1
85.624	879	2	1
85.720	880	4	1
85.816	881	1	1
85.816	882	2	1
85.911	883	3	1
86.007	884	1	1
86.007	885	2	1
86.102	886	4	1
86.198	887	2	1
86.198	888	1	1
86.293	889	3	1
86.389	890	2	1
86.389	891	1	1
86.580	892	3	1
86.580	893	4	1
86.675	894	1	1
86.675	895	2	1
86.771	896	3	1
86.771	897	4	1
86.866	898	1	1
86.962	899	3	1
86.962	900	4	1
87.058	901	2	1
87.153	902	3	1
87.153	903	4	1
87.249	904	1	1
87.344	905	4	1
87.344	906	3	1
87.440	907	2	1
87.535	908	3	1
87.535	909	1	1
87.631	910	4	1
87.726	911	3	1
87.726	912	2	1
87.822	913	1	1
87.917	914	2	1
87.917	915	4	1
88.013	916	3	1
88.109	917	1	1
88.109	918	2	1
88.204	919	3	1
88.300	920	4	1
88.300	921	1	1
88.395	922	2	1
88.395	923	3	1
88.491	924	1	1
88.491	925	4	1
88.586	926	3	1
88.586	927	2	1
88.682	928	1	1
88.682	929	4	1
88.777	930	2	1
88.873	931	1	1
88.873	932	4	1
88.968	933	3	1
89.064	934	1	1
89.064	935	4	1
89.159	936	2	1
89.255	937	4	1
89.255	938	1	1
89.351	939	3	1
89.446	940	4	1
89.446	941	1	1
89.637	942	3	1
89.637	943	2	1
89.733	944	1	1
89.733	945	4	1
89.828	946	2	1
89.828	947	3	1
90.019	948	4	1
90.067	949	2	1
90.115	950	1	1
90.210	951	4	1
90.210	952	3	1
90.402	953	1	1
90.449	954	3	1
90.497	955	4	1
90.593	956	1	1
90.593	957	2	1
90.784	958	1	1
90.784	959	2	1
90.879	960	4	1
90.975	961	2	1
90.975	962	3	1
91.070	963	1	1
91.070	964	4	1
91.166	965	2	1
91.166	966	3	1
91.261	967	1	1
91.261	968	4	1
91.357	969	2	1
91.357	970	3	1
91.548	971	2	1
91.548	972	3	1
91.739	973	1	1
91.739	974	4	1
91.930	975	4	1
91.930	976	1	1
92.121	977	4	1
92.121	978	3	1
92.312	979	3	1
92.312	980	4	1
92.503	981	1	1
92.503	982	2	1
92.695	983	2	1
92.695	984	1	1
92.790	985	3	1
92.886	986	4	1
92.886	987	1	1
93.077	988	4	1
93.077	989	1	1
93.268	990	4	1
93.268	991	3	1
93.459	992	3	1
93.459	993	4	1
93.650	994	2	1
93.650	995	3	1
93.841	996	3	1
93.841	997	2	1
94.032	998	2	1
94.032	999	1	1
94.223	1000	2	1
94.223	1001	1	1
94.319	1002	3	1
94.414	1003	1	1
94.414	1004	4	1
94.605	1005	4	1
94.605	1006	3	1
94.701	1007	1	1
94.796	1008	2	1
94.796	1009	3	1
94.892	1010	4	1
94.987	1011	2	1
94.987	1012	1	1
95.083	1013	4	1
95.179	1014	3	1
95.179	1015	2	1
95.370	1016	1	1
95.370	1017	4	1
95.465	1018	2	1
95.561	1019	4	1
95.561	1020	3	1
95.656	1021	1	1
95.752	1022	3	1
95.752	1023	2	1
95.847	1024	1	1
95.943	1025	4	1
95.991	1026	2	1
96.038	1027	1	1
96.134	1028	4	1
96.230	1029	1	1
96.277	1030	3	1
96.325	1031	4	1
96.421	1032	1	1
96.516	1033	4	1
96.564	1034	2	1
96.612	1035	1	1
96.707	1036	3	1
96.707	1037	4	1
96.898	1038	4	1
96.898	1039	3	1
97.089	1040	1	1
97.089	1041	2	1
97.280	1042	1	1
97.280	1043	2	1
97.376	1044	3	1
97.376	1045	4	1
97.472	1046	1	1
97.663	1047	3	1
97.854	1048	2	1
97.854	1049	4	1
98.045	1050	1	1
98.236	1051	4	1
98.427	1052	2	1
98.618	1053	1	1
98.618	1054	3	1
98.809	1055	4	1
98.905	1056	2	1
99.000	1057	1	1
99.191	1058	3	1
99.382	1059	2	1
99.382	1060	4	1
99.573	1061	1	1
99.765	1062	4	1
99.956	1063	2	1
100.147	1064	3	1
100.147	1065	1	1
100.338	1066	4	1
100.529	1067	1	1
100.720	1068	3	1
100.911	1069	2	1
100.911	1070	4	1
101.102	1071	1	1
101.293	1072	4	1
101.484	1073	2	1
101.675	1074	1	1
101.675	1075	3	1
101.866	1076	4	1
101.962	1077	2	1
102.058	1078	1	1
102.249	1079	3	1
102.440	1080	2	1
102.440	1081	4	1
102.631	1082	1	1
102.822	1083	4	2
103.204	1084	4	3
103.204	1085	1	1
103.586	1086	4	1
103.586	1087	3	1
103.777	1088	1	1
103.777	1089	4	1
103.968	1090	2	1
104.064	1091	3	1
104.159	1092	1	1
104.159	1093	4	1
104.351	1094	2	1
104.351	1095	1	1
104.542	1096	4	1
104.542	1097	1	1
104.733	1098	3	1
104.828	1099	2	1
104.924	1100	4	1
104.924	1101	1	1
105.115	1102	2	1
105.115	1103	3	1
105.306	1104	3	1
105.306	1105	4	1
105.497	1106	1	1
105.593	1107	4	1
105.688	1108	1	1
105.688	1109	2	1
105.879	1110	3	1
105.879	1111	2	1
106.070	1112	2	1
106.070	1113	1	1
106.261	1114	4	1
106.357	1115	1	1
106.452	1116	3	1
106.452	1117	4	1
106.644	1118	2	1
106.644	1119	3	1
106.739	1120	4	1
106.835	1121	2	1
106.930	1122	1	1
107.026	1123	4	1
107.026	1124	3	1
107.121	1125	2	1
107.217	1126	4	1
107.312	1127	3	1
107.408	1128	1	1
107.408	1129	2	1
107.503	1130	3	1
107.599	1131	1	1
107.695	1132	4	1
107.790	1133	3	1
107.790	1134	2	1
107.886	1135	1	1
107.981	1136	3	1
108.077	1137	4	1
108.172	1138	2	1
108.172	1139	1	2
108.363	1140	1	3
108.363	1141	3	1
108.459	1142	2	1
108.554	1143	4	2
108.745	1144	4	3
108.554	1145	3	1
108.745	1146	1	1
108.841	1147	4	1
108.937	1148	3	1
108.937	1149	2	1
109.032	1150	1	1
109.128	1151	2	1
109.223	1152	1	1
109.319	1153	3	1
109.414	1154	2	1
109.510	1155	4	1
109.605	1156	3	1
109.701	1157	1	1
109.701	1158	4	1
109.892	1159	1	1
109.892	1160	2	1
110.083	1161	4	1
110.083	1162	3	1
110.179	1163	2	1
110.274	1164	4	1
110.274	1165	1	1
110.370	1166	2	1
110.465	1167	1	1
110.465	1168	3	1
110.561	1169	4	1
110.656	1170	3	1
110.656	1171	2	1
110.752	1172	1	1
110.847	1173	2	1
110.847	1174	4	1
110.943	1175	3	1
111.038	1176	1	1
111.038	1177	4	1
111.134	1178	3	1
111.230	1179	2	1
111.230	1180	1	1
111.421	1181	2	1
111.421	1182	4	1
111.612	1183	1	1
111.612	1184	3	1
111.803	1185	4	1
111.803	1186	3	1
111.898	1187	1	1
111.994	1188	4	1
111.994	1189	2	1
112.089	1190	3	1
112.185	1191	2	1
112.185	1192	1	1
112.280	1193	3	1
112.376	1194	1	1
112.376	1195	4	1
112.472	1196	2	1
112.567	1197	3	1
112.567	1198	4	2
112.758	1199	4	3
112.758	1200	2	1
112.758	1201	1	2
113.140	1202	1	3
112.949	1203	4	1
112.949	1204	3	1
113.140	1205	3	1
113.140	1206	2	2
113.523	1207	2	3
113.331	1208	4	1
113.331	1209	1	1
113.523	1210	3	2
113.905	1211	3	3
113.523	1212	4	1
113.714	1213	1	1
113.714	1214	2	1
113.905	1215	1	1
113.905	1216	4	1
114.000	1217	2	1
114.096	1218	1	1
114.191	1219	2	1
114.287	1220	3	1
114.287	1221	4	2
114.669	1222	4	3
114.478	1223	1	1
114.478	1224	2	1
114.669	1225	2	1
114.669	1226	3	2
115.051	1227	3	3
114.860	1228	4	1
114.860	1229	1	1
115.051	1230	2	2
115.433	1231	2	3
115.051	1232	1	1
115.242	1233	3	1
115.242	1234	4	1
115.433	1235	4	1
115.433	1236	1	1
115.529	1237	3	1
115.624	1238	4	1
115.624	1239	1	1
115.720	1240	2	1
115.816	1241	1	1
115.816	1242	4	2
116.198	1243	4	3
116.007	1244	3	1
116.007	1245	2	1
116.198	1246	1	1
116.198	1247	2	1
116.389	1248	1	1
116.389	1249	4	1
116.484	1250	2	1
116.580	1251	3	1
116.580	1252	4	2
116.771	1253	4	3
116.771	1254	3	2
116.962	1255	3	3
116.771	1256	2	1
116.962	1257	2	2
117.153	1258	2	3
116.962	1259	1	1
117.153	1260	1	1
117.153	1261	4	1
117.249	1262	3	1
117.344	1263	2	1
117.344	1264	4	1
117.535	1265	3	1
117.535	1266	1	1
117.726	1267	2	1
117.726	1268	4	1
117.917	1269	3	1
117.917	1270	2	1
118.109	1271	3	1
118.109	1272	1	1
118.204	1273	4	1
118.300	1274	1	1
118.300	1275	2	1
118.395	1276	4	1
118.491	1277	3	1
118.491	1278	2	1
118.586	1279	1	1
118.682	1280	4	1
118.682	1281	3	1
118.777	1282	1	1
118.873	1283	4	1
118.873	1284	2	1
119.064	1285	1	1
119.064	1286	4	1
119.255	1287	3	1
119.255	1288	1	1
119.446	1289	2	1
119.446	1290	3	1
119.542	1291	4	1
119.637	1292	2	1
119.637	1293	1	1
119.828	1294	1	1
119.828	1295	4	1
120.019	1296	4	1
120.019	1297	3	1
120.115	1298	2	1
120.210	1299	1	1
120.210	1300	3	1
120.306	1301	2	1
120.402	1302	1	1
120.402	1303	4	2
120.975	1304	4	3
120.593	1305	3	1
120.593	1306	2	1
120.784	1307	2	1
120.975	1308	3	1
120.975	1309	1	1
121.166	1310	4	1
121.166	1311	1	2
121.548	1312	1	3
121.548	1313	4	1
121.612	1314	3	1
121.675	1315	2	1
121.739	1316	1	1
121.803	1317	3	1
121.866	1318	4	1
121.930	1319	1	1
121.930	1320	2	2
122.312	1321	2	3
122.121	1322	1	1
122.121	1323	4	1
122.312	1324	4	2
122.695	1325	4	3
122.312	1326	3	1
122.503	1327	3	1
122.503	1328	2	1
122.695	1329	2	1
122.695	1330	1	2
123.077	1331	1	3
122.886	1332	4	1
122.886	1333	3	1
123.077	1334	3	2
123.459	1335	3	3
123.077	1336	2	1
123.268	1337	1	1
123.268	1338	4	1
123.459	1339	2	1
123.459	1340	1	1
123.554	1341	4	1
123.650	1342	2	1
123.650	1343	3	1
123.745	1344	1	1
123.841	1345	4	1
123.841	1346	3	1
123.937	1347	1	1
124.032	1348	4	1
124.032	1349	2	1
124.128	1350	3	1
124.223	1351	1	1
124.223	1352	2	1
124.319	1353	4	1
124.414	1354	2	1
124.414	1355	1	2
124.605	1356	1	3
124.605	1357	3	1
124.605	1358	2	2
124.796	1359	2	3
124.796	1360	3	2
124.987	1361	3	3
124.796	1362	4	1
124.987	1363	1	1
124.987	1364	4	2
125.179	1365	4	3
125.179	1366	1	1
125.179	1367	2	1
125.370	1368	2	2
125.561	1369	2	3
125.370	1370	3	1
125.561	1371	3	1
125.561	1372	4	1
125.752	1373	4	1
125.752	1374	1	1
125.847	1375	3	1
125.943	1376	2	1
125.943	1377	4	1
126.134	1378	1	1
126.134	1379	2	2
126.325	1380	2	3
126.325	1381	3	1
126.325	1382	4	1
126.516	1383	2	1
126.516	1384	1	1
126.707	1385	2	1
126.707	1386	1	1
126.898	1387	2	1
126.898	1388	1	1
127.089	1389	3	1
127.089	1390	1	1
127.185	1391	2	1
127.280	1392	3	1
127.280	1393	4	1
127.472	1394	2	1
127.472	1395	4	1
127.663	1396	2	1
127.663	1397	1	1
127.758	1398	3	1
127.854	1399	2	1
127.854	1400	1	1
127.949	1401	3	1
128.045	1402	4	1
128.045	1403	1	2
128.427	1404	1	3
128.236	1405	3	1
128.236	1406	2	1
128.427	1407	4	2
128.809	1408	4	3
128.427	1409	3	1
128.618	1410	1	1
128.618	1411	2	1
128.809	1412	1	1
128.809	1413	3	1
129.000	1414	4	1
129.000	1415	2	1
129.096	1416	1	1
129.191	1417	4	1
129.191	1418	3	1
129.287	1419	1	1
129.382	1420	2	1
129.382	1421	3	1
129.478	1422	4	1
129.573	1423	2	1
129.573	1424	1	1
129.765	1425	3	1
129.765	1426	4	1
129.860	1427	1	1
129.956	1428	2	1
129.956	1429	3	1
130.051	1430	1	1
130.147	1431	2	1
130.147	1432	4	1
130.242	1433	3	1
130.338	1434	4	1
130.338	1435	1	1
130.433	1436	2	1
130.529	1437	1	1
130.529	1438	3	1
130.624	1439	4	1
130.720	1440	2	1
130.720	1441	1	1
130.816	1442	4	1
130.911	1443	3	1
130.911	1444	2	1
131.007	1445	1	1
131.102	1446	4	2
131.866	1447	4	3
131.102	1448	3	1
131.293	1449	1	1
131.293	1450	2	1
131.484	1451	2	1
131.675	1452	3	1
131.675	1453	1	1
131.866	1454	1	1
131.866	1455	2	1
131.962	1456	4	1
132.058	1457	3	1
132.058	1458	2	1
132.153	1459	4	1
132.249	1460	1	1
132.249	1461	2	1
132.344	1462	3	1
132.440	1463	1	1
132.440	1464	4	1
132.535	1465	3	1
132.631	1466	1	2
133.013	1467	1	3
132.631	1468	2	1
132.726	1469	4	1
132.822	1470	2	1
132.822	1471	3	1
132.917	1472	4	1
133.013	1473	2	1
133.109	1474	3	1
133.204	1475	4	1
133.204	1476	2	1
133.300	1477	3	1
133.395	1478	1	2
133.777	1479	1	3
133.395	1480	4	2
133.777	1481	4	3
133.777	1482	3	1
133.777	1483	2	1
133.968	1484	2	2
134.159	1485	2	3
134.159	1486	4	1
134.159	1487	3	1
134.446	1488	4	2
135.497	1489	4	3
134.446	1490	3	2
135.497	1491	3	3
135.688	1492	4	1
135.688	1493	3	1
135.975	1494	3	2
136.261	1495	3	3
135.975	1496	4	2
136.261	1497	4	3
136.452	1498	4	1
136.500	1499	2	1
136.548	1500	1	1
136.644	1501	3	1
136.644	1502	4	1
136.787	1503	2	1
136.787	1504	1	1
136.930	1505	4	1
136.930	1506	3	1
137.073	1507	4	1
137.073	1508	1	1
137.217	1509	2	1
137.217	1510	1	1
137.503	1511	2	2
138.554	1512	2	3
137.503	1513	1	2
138.554	1514	1	3
138.745	1515	2	1
138.745	1516	1	1
138.889	1517	3	1
138.889	1518	4	1
139.032	1519	2	1
139.032	1520	1	1
139.175	1521	3	1
139.175	1522	4	1
139.319	1523	2	1
139.319	1524	1	1
139.414	1525	3	1
139.462	1526	2	1
139.510	1527	1	1
139.510	1528	4	1
139.653	1529	3	1
139.653	1530	2	1
139.796	1531	1	1
139.796	1532	4	1
139.987	1533	2	1
140.083	1534	3	1
140.274	1535	2	1
140.274	1536	1	1
140.465	1537	4	1
140.465	1538	1	1
140.656	1539	3	1
140.752	1540	2	1
140.847	1541	4	1
140.847	1542	1	1
141.038	1543	3	1
141.038	1544	4	1
141.230	1545	1	1
141.230	1546	4	1
141.421	1547	2	1
141.516	1548	3	1
141.612	1549	1	1
141.612	1550	4	1
141.803	1551	3	1
141.803	1552	2	1
141.994	1553	2	1
141.994	1554	1	1
142.185	1555	4	1
142.280	1556	1	1
142.376	1557	3	1
142.376	1558	4	1
142.567	1559	3	1
142.567	1560	2	1
142.758	1561	4	1
142.758	1562	3	1
142.949	1563	1	1
143.045	1564	4	1
143.140	1565	2	1
143.140	1566	1	1
143.331	1567	3	1
143.331	1568	2	1
143.427	1569	1	1
143.523	1570	3	1
143.618	1571	4	1
143.714	1572	1	1
143.714	1573	2	1
143.809	1574	3	1
143.905	1575	1	1
144.000	1576	2	1
144.096	1577	3	1
144.096	1578	4	1
144.191	1579	2	1
144.287	1580	4	1
144.382	1581	1	1
144.478	1582	2	1
144.478	1583	3	1
144.573	1584	4	1
144.669	1585	2	1
144.765	1586	1	1
144.860	1587	4	2
145.051	1588	4	3
144.860	1589	3	1
145.051	1590	2	1
145.051	1591	1	1
145.147	1592	4	1
145.242	1593	2	1
145.242	1594	1	2
145.433	1595	1	3
145.433	1596	4	1
145.433	1597	3	1
145.529	1598	2	1
145.624	1599	4	1
146.529	1600	1	1
146.529	1601	4	1
146.814	1602	1	1
147.196	1603	1	1
147.578	1604	2	1
147.960	1605	3	2
148.724	1606	3	3
148.724	1607	2	1
149.106	1608	1	1
149.488	1609	3	1
149.488	1610	4	1
149.870	1611	2	1
150.252	1612	1	1
151.017	1613	3	1
151.399	1614	2	1
151.781	1615	1	1
152.545	1616	3	1
152.641	1617	1	1
152.641	1618	4	1
152.928	1619	4	1
153.310	1620	4	1
153.692	1621	3	1
154.074	1622	2	2
154.838	1623	2	3
154.838	1624	3	1
155.221	1625	4	1
155.603	1626	2	1
155.698	1627	1	1
155.698	1628	4	1
163.652	1629	3	1
163.652	1630	4	1