Song Name	SKiBIDI SLiCERS (Hard) by Tatsuoto vs. FrankleAnkles [Project : RUSHER]
Difficulty	38
Primary Color	Chill
Secondary Color	Chill
Last Note Time	130.657
Total Notes	2922
Fever Fill	725
Fever Time	19.598550
Long Notes	745
BPM	256
Song Length	138.109387755

Timing Points
1.907	234.375000


Song Data
1.321	1	2	1
1.438	2	3	1
1.516	3	1	1
1.594	4	4	1
1.673	5	2	1
1.731	6	3	1
1.790	7	2	1
1.848	8	3	1
1.907	9	1	2
1.907	10	2	1
1.907	11	4	2
2.141	12	3	2
2.141	13	1	3
2.141	14	4	3
2.259	15	4	2
2.259	16	3	3
2.376	17	4	3
2.493	18	2	2
2.610	19	1	2
2.610	20	2	3
2.727	21	1	3
2.844	22	4	2
3.313	23	2	2
3.313	24	3	2
3.313	25	4	3
3.430	26	2	3
3.548	27	2	2
3.665	28	2	3
3.782	29	2	2
3.782	30	4	2
3.782	31	3	3
3.899	32	4	3
4.016	33	3	2
4.134	34	4	2
4.134	35	3	3
4.251	36	1	2
4.251	37	2	3
4.251	38	4	3
4.368	39	4	2
4.485	40	2	2
4.485	41	3	2
4.485	42	4	3
4.602	43	3	3
4.719	44	4	2
4.719	45	1	3
4.719	46	2	3
4.954	47	2	2
5.071	48	2	3
5.188	49	2	2
5.188	50	3	2
5.188	51	4	3
5.305	52	3	3
5.423	53	3	2
5.540	54	3	3
5.657	55	1	2
5.657	56	3	1
5.657	57	4	2
5.657	58	2	3
5.774	59	1	3
5.891	60	2	2
6.009	61	1	2
6.009	62	2	3
6.126	63	3	2
6.126	64	1	3
6.126	65	4	3
6.243	66	1	2
6.360	67	2	2
6.360	68	1	3
6.477	69	2	3
6.594	70	2	2
6.594	71	3	3
6.712	72	4	2
6.829	73	3	2
6.829	74	2	3
6.946	75	2	2
6.946	76	4	3
7.063	77	1	2
7.063	78	4	2
7.063	79	2	3
7.063	80	3	3
7.180	81	2	2
7.180	82	4	3
7.298	83	3	2
7.298	84	2	3
7.415	85	4	2
7.415	86	1	3
7.415	87	3	3
7.532	88	1	2
7.532	89	2	2
7.532	90	4	3
7.649	91	1	3
7.766	92	1	2
7.766	93	3	2
7.766	94	2	3
7.884	95	3	3
8.001	96	3	2
8.001	97	4	2
8.001	98	1	3
8.118	99	4	3
8.235	100	2	2
8.235	101	4	2
8.235	102	3	3
8.352	103	1	2
8.352	104	2	3
8.469	105	2	2
8.469	106	3	2
8.469	107	1	3
8.469	108	4	3
8.587	109	2	3
8.704	110	1	2
8.704	111	2	2
8.704	112	3	3
8.821	113	4	2
8.821	114	1	3
8.938	115	1	2
8.938	116	2	3
8.938	117	4	3
9.055	118	3	2
9.173	119	2	2
9.173	120	4	2
9.173	121	1	3
9.173	122	3	3
9.290	123	3	2
9.290	124	4	3
9.407	125	1	2
9.407	126	4	2
9.407	127	2	3
9.407	128	3	3
9.524	129	1	3
9.641	130	1	2
9.700	131	1	3
9.759	132	1	2
9.817	133	1	3
9.876	134	3	2
9.993	135	3	3
9.993	136	4	3
10.110	137	1	2
10.110	138	2	2
10.110	139	4	1
10.227	140	2	3
10.344	141	3	2
10.344	142	4	1
10.403	143	3	3
10.462	144	3	2
10.520	145	3	3
10.579	146	3	2
10.696	147	1	3
10.696	148	3	3
10.813	149	1	1
10.813	150	2	2
10.813	151	4	2
10.872	152	2	3
10.930	153	2	2
10.989	154	2	3
11.048	155	2	2
11.048	156	3	2
11.048	157	4	3
11.165	158	2	3
11.282	159	1	2
11.282	160	4	2
11.282	161	3	3
11.399	162	2	2
11.399	163	1	3
11.516	164	1	2
11.516	165	2	3
11.634	166	2	2
11.634	167	1	3
11.634	168	4	3
11.751	169	1	2
11.751	170	4	1
11.751	171	2	3
11.809	172	3	1
11.868	173	4	1
11.868	174	1	3
11.985	175	1	1
11.985	176	4	2
12.044	177	2	1
12.102	178	1	1
12.102	179	4	3
12.219	180	1	1
12.219	181	2	2
12.219	182	4	2
12.278	183	2	3
12.337	184	2	2
12.395	185	2	3
12.454	186	2	2
12.571	187	2	3
12.571	188	4	3
12.688	189	1	2
12.688	190	3	2
12.688	191	4	1
12.747	192	3	3
12.805	193	3	2
12.864	194	3	3
12.923	195	2	2
12.923	196	3	2
12.923	197	1	3
13.040	198	3	3
13.157	199	1	2
13.157	200	4	2
13.157	201	2	3
13.274	202	4	3
13.391	203	4	2
13.450	204	4	3
13.509	205	4	2
13.509	206	1	3
13.567	207	4	3
13.626	208	1	2
13.626	209	3	2
13.743	210	1	3
13.860	211	1	1
13.860	212	4	2
13.977	213	4	3
14.094	214	1	1
14.094	215	2	2
14.153	216	2	3
14.212	217	2	2
14.270	218	2	3
14.329	219	2	2
14.446	220	2	3
14.446	221	3	3
14.563	222	1	2
14.563	223	3	2
14.563	224	4	1
14.622	225	3	3
14.680	226	3	2
14.739	227	3	3
14.798	228	2	2
14.798	229	3	2
14.798	230	1	3
14.915	231	3	3
15.032	232	1	2
15.032	233	4	2
15.032	234	2	3
15.149	235	3	2
15.149	236	4	3
15.266	237	4	2
15.266	238	3	3
15.384	239	3	2
15.384	240	1	3
15.384	241	4	3
15.501	242	1	1
15.501	243	4	2
15.501	244	3	3
15.559	245	2	1
15.618	246	1	1
15.618	247	4	3
15.735	248	1	2
15.735	249	4	1
15.794	250	3	1
15.852	251	4	1
15.852	252	1	3
15.969	253	1	1
15.969	254	2	2
15.969	255	4	2
16.028	256	2	3
16.087	257	2	2
16.145	258	2	3
16.204	259	2	2
16.321	260	2	3
16.321	261	4	3
16.438	262	1	2
16.438	263	3	2
16.438	264	4	1
16.497	265	3	3
16.555	266	3	2
16.614	267	3	3
16.673	268	3	2
16.790	269	1	3
16.790	270	3	3
16.907	271	1	2
16.907	272	4	2
17.024	273	3	1
17.024	274	1	3
17.083	275	1	1
17.141	276	2	1
17.141	277	4	3
17.259	278	1	2
17.259	279	2	2
17.259	280	3	1
17.376	281	4	1
17.376	282	2	3
17.493	283	4	1
17.493	284	1	3
17.551	285	2	1
17.610	286	3	1
17.669	287	1	1
17.727	288	3	1
17.844	289	4	2
17.903	290	2	1
17.962	291	1	1
18.020	292	3	1
18.079	293	2	1
18.079	294	4	3
18.196	295	2	1
18.313	296	1	1
18.372	297	4	1
18.430	298	1	1
18.489	299	3	1
18.548	300	4	1
18.606	301	2	1
18.782	302	1	1
18.782	303	3	2
18.782	304	4	2
18.899	305	3	3
19.016	306	2	1
19.016	307	3	1
19.016	308	4	3
19.134	309	1	2
19.134	310	2	2
19.134	311	4	1
19.192	312	3	1
19.251	313	4	1
19.251	314	2	3
19.368	315	1	3
19.385	316	3	1
19.452	317	2	1
19.485	318	4	1
19.519	319	1	1
19.586	320	2	1
19.602	321	4	1
19.653	322	1	1
19.719	323	3	1
19.778	324	2	1
19.837	325	4	1
19.876	326	3	1
19.954	327	1	1
19.993	328	2	1
20.071	329	4	1
20.188	330	1	2
20.188	331	2	2
20.188	332	3	2
20.276	333	1	3
20.276	334	2	3
20.276	335	3	3
20.364	336	1	2
20.364	337	2	2
20.364	338	3	2
20.452	339	1	3
20.452	340	2	3
20.452	341	3	3
20.540	342	1	1
20.540	343	2	1
20.540	344	3	1
20.657	345	1	2
20.657	346	3	1
20.657	347	4	2
20.774	348	2	1
20.774	349	4	3
20.833	350	4	1
20.891	351	3	1
20.891	352	1	3
21.009	353	2	1
21.009	354	3	2
21.009	355	4	2
21.126	356	1	1
21.126	357	3	3
21.243	358	1	1
21.243	359	4	3
21.360	360	2	1
21.461	361	4	1
21.477	362	2	1
21.528	363	3	1
21.594	364	1	2
21.682	365	3	1
21.726	366	4	1
21.770	367	2	1
21.829	368	3	1
21.829	369	1	3
21.887	370	2	1
21.946	371	3	1
22.016	372	1	1
22.063	373	4	1
22.110	374	2	1
22.180	375	4	1
22.219	376	3	1
22.259	377	1	1
22.298	378	2	1
22.356	379	4	1
22.415	380	1	1
22.532	381	1	2
22.532	382	2	2
22.532	383	4	1
22.649	384	2	3
22.766	385	2	1
22.766	386	3	1
22.766	387	1	3
22.884	388	1	1
22.884	389	3	2
22.884	390	4	2
23.001	391	3	3
23.118	392	3	1
23.118	393	4	3
23.176	394	2	1
23.235	395	4	1
23.294	396	1	1
23.352	397	3	1
23.411	398	4	1
23.469	399	2	1
23.528	400	3	1
23.587	401	2	1
23.704	402	1	1
23.704	403	3	1
23.733	404	4	1
23.821	405	2	1
23.850	406	1	1
23.938	407	2	1
23.938	408	3	1
23.938	409	4	1
24.055	410	3	1
24.055	411	4	1
24.114	412	1	1
24.173	413	2	1
24.173	414	3	1
24.290	415	2	1
24.290	416	3	1
24.407	417	1	1
24.407	418	2	1
24.407	419	3	1
24.466	420	4	1
24.524	421	1	1
24.583	422	4	1
24.641	423	2	1
24.641	424	3	1
24.700	425	1	1
24.759	426	3	1
24.817	427	2	1
24.876	428	1	1
24.876	429	4	1
24.934	430	3	1
24.993	431	4	1
25.051	432	3	1
25.110	433	1	1
25.110	434	2	1
25.169	435	4	1
25.227	436	2	1
25.286	437	3	1
25.344	438	1	1
25.344	439	4	1
25.403	440	2	1
25.462	441	4	1
25.520	442	3	1
25.579	443	1	1
25.579	444	2	1
25.637	445	4	1
25.696	446	2	1
25.813	447	1	1
25.813	448	3	1
25.872	449	2	1
25.930	450	4	1
26.048	451	2	1
26.048	452	4	1
26.106	453	1	1
26.165	454	3	1
26.223	455	1	1
26.282	456	2	1
26.282	457	3	1
26.282	458	4	1
26.399	459	2	1
26.516	460	1	1
26.516	461	3	1
26.516	462	4	1
26.634	463	3	1
26.751	464	1	1
26.751	465	2	1
26.751	466	4	1
26.868	467	1	1
26.985	468	2	1
26.985	469	3	1
26.985	470	4	1
27.102	471	4	1
27.219	472	1	1
27.219	473	2	1
27.219	474	3	1
27.337	475	1	1
27.337	476	3	1
27.454	477	1	1
27.454	478	2	1
27.454	479	4	1
27.571	480	2	1
27.571	481	4	1
27.688	482	1	1
27.688	483	2	1
27.688	484	3	1
27.747	485	4	1
27.805	486	2	1
27.864	487	4	1
27.923	488	1	1
27.923	489	3	1
27.981	490	4	1
28.040	491	1	1
28.040	492	2	1
28.098	493	3	1
28.157	494	1	1
28.157	495	2	1
28.157	496	4	1
28.274	497	2	1
28.274	498	4	1
28.391	499	1	1
28.391	500	3	1
28.391	501	4	1
28.509	502	1	1
28.509	503	3	1
28.626	504	1	1
28.626	505	2	1
28.626	506	4	1
28.684	507	3	1
28.743	508	2	1
28.801	509	3	1
28.860	510	1	1
28.860	511	2	1
28.919	512	4	1
28.977	513	2	1
29.036	514	4	1
29.094	515	2	1
29.094	516	3	1
29.153	517	1	1
29.212	518	3	1
29.270	519	1	1
29.329	520	3	1
29.329	521	4	1
29.387	522	2	1
29.446	523	3	1
29.505	524	2	1
29.563	525	1	1
29.563	526	4	2
29.622	527	3	2
29.622	528	4	3
29.680	529	1	1
29.680	530	4	2
29.680	531	3	3
29.739	532	3	2
29.768	533	4	3
29.798	534	1	2
29.798	535	3	3
29.856	536	2	2
29.856	537	1	3
29.915	538	1	2
29.915	539	4	1
29.915	540	2	3
29.973	541	2	2
30.003	542	1	3
30.032	543	3	1
30.032	544	4	1
30.032	545	2	3
30.091	546	1	1
30.149	547	2	1
30.149	548	3	1
30.208	549	4	1
30.266	550	2	1
30.266	551	3	1
30.325	552	1	1
30.384	553	2	1
30.384	554	4	1
30.442	555	3	1
30.501	556	1	1
30.501	557	2	1
30.559	558	4	1
30.618	559	1	1
30.618	560	3	1
30.676	561	4	1
30.735	562	2	1
30.735	563	3	1
30.794	564	1	1
30.852	565	2	1
30.852	566	4	1
30.911	567	1	1
30.969	568	2	2
30.969	569	3	2
30.969	570	4	2
31.028	571	2	3
31.087	572	3	3
31.145	573	4	3
31.575	574	3	1
31.634	575	2	1
31.692	576	3	1
31.751	577	2	1
31.790	578	4	1
31.829	579	1	1
31.907	580	2	2
31.907	581	3	2
31.907	582	4	2
31.966	583	2	3
32.024	584	2	2
32.083	585	1	2
32.083	586	3	3
32.083	587	4	3
32.141	588	3	2
32.180	589	1	3
32.200	590	4	2
32.200	591	2	3
32.259	592	1	2
32.259	593	3	3
32.259	594	4	3
32.317	595	3	2
32.317	596	1	3
32.376	597	2	1
32.376	598	4	1
32.376	599	3	3
32.434	600	1	1
32.493	601	3	1
32.493	602	4	1
32.551	603	3	1
32.610	604	1	1
32.669	605	4	1
32.727	606	1	1
32.727	607	2	1
32.786	608	2	1
32.844	609	4	1
32.871	610	1	1
32.962	611	3	1
32.989	612	4	1
33.079	613	2	1
33.105	614	3	1
33.196	615	1	1
33.196	616	4	1
33.222	617	2	1
33.313	618	3	1
33.313	619	4	1
33.391	620	2	1
33.411	621	1	1
33.430	622	3	1
33.489	623	2	1
33.621	624	3	1
33.635	625	2	1
33.650	626	4	1
33.679	627	1	1
33.723	628	3	1
33.782	629	2	1
33.782	630	4	2
33.829	631	1	2
33.841	632	4	3
33.876	633	3	2
33.888	634	1	3
33.923	635	2	2
33.935	636	3	3
33.982	637	2	3
34.016	638	3	2
34.063	639	2	2
34.110	640	4	2
34.110	641	3	3
34.157	642	1	2
34.157	643	2	3
34.204	644	1	3
34.204	645	4	3
34.251	646	1	1
34.251	647	4	1
34.309	648	2	1
34.368	649	3	1
34.368	650	4	1
34.426	651	4	1
34.485	652	2	1
34.544	653	3	1
34.602	654	1	1
34.602	655	2	1
34.661	656	1	1
34.719	657	3	2
34.749	658	4	2
34.772	659	3	3
34.837	660	2	2
34.866	661	3	2
34.890	662	2	3
34.954	663	1	2
34.983	664	2	2
34.983	665	4	3
35.007	666	1	3
35.071	667	1	2
35.071	668	4	2
35.071	669	2	3
35.071	670	3	3
35.124	671	4	3
35.188	672	2	2
35.188	673	3	2
35.188	674	4	2
35.188	675	1	3
35.247	676	2	3
35.305	677	2	2
35.364	678	3	3
35.364	679	4	3
35.423	680	1	1
35.423	681	4	1
35.423	682	2	3
35.481	683	3	1
35.540	684	2	1
35.540	685	4	1
35.657	686	1	2
35.657	687	2	2
35.657	688	3	2
35.716	689	3	3
35.774	690	3	2
35.833	691	4	2
35.833	692	1	3
35.833	693	2	3
35.891	694	2	2
35.930	695	4	3
35.950	696	1	2
35.950	697	3	3
36.009	698	4	2
36.009	699	1	3
36.009	700	2	3
36.067	701	2	2
36.067	702	4	3
36.126	703	1	1
36.126	704	3	1
36.126	705	2	3
36.184	706	4	1
36.243	707	1	1
36.243	708	2	1
36.301	709	2	1
36.360	710	4	1
36.419	711	1	1
36.477	712	3	1
36.477	713	4	1
36.536	714	3	1
36.594	715	1	1
36.621	716	4	1
36.712	717	2	1
36.739	718	1	1
36.829	719	3	1
36.855	720	2	1
36.946	721	1	1
36.946	722	4	1
36.972	723	3	1
37.063	724	1	1
37.063	725	2	1
37.141	726	3	1
37.161	727	4	1
37.180	728	2	1
37.239	729	3	1
37.371	730	2	1
37.385	731	3	1
37.400	732	1	1
37.429	733	4	1
37.473	734	2	1
37.532	735	1	2
37.532	736	3	1
37.579	737	4	2
37.591	738	1	3
37.626	739	2	2
37.638	740	4	3
37.673	741	3	2
37.685	742	2	3
37.732	743	3	3
37.766	744	2	2
37.813	745	3	2
37.860	746	1	2
37.860	747	2	3
37.907	748	4	2
37.907	749	3	3
37.954	750	1	3
37.954	751	4	3
38.001	752	1	1
38.001	753	4	1
38.059	754	3	1
38.118	755	1	1
38.118	756	2	1
38.176	757	1	1
38.235	758	3	1
38.294	759	2	1
38.352	760	3	1
38.352	761	4	1
38.411	762	4	1
38.469	763	1	2
38.469	764	2	2
38.469	765	3	2
38.704	766	1	3
38.762	767	2	3
38.821	768	3	3
38.938	769	1	1
38.938	770	2	1
38.938	771	4	1
39.016	772	1	1
39.016	773	2	1
39.094	774	1	1
39.094	775	2	1
39.173	776	3	1
39.173	777	4	1
39.251	778	3	1
39.251	779	4	1
39.329	780	3	1
39.329	781	4	1
39.407	782	1	1
39.407	783	2	1
39.451	784	3	1
39.495	785	1	1
39.539	786	4	1
39.641	787	3	1
39.680	788	1	1
39.719	789	2	1
39.798	790	2	1
39.876	791	3	1
39.876	792	4	1
39.934	793	1	1
39.993	794	4	1
40.032	795	3	1
40.110	796	1	1
40.110	797	2	1
40.169	798	4	1
40.227	799	1	1
40.266	800	2	1
40.344	801	3	1
40.344	802	4	1
40.403	803	1	1
40.462	804	3	1
40.520	805	2	1
40.579	806	3	1
40.696	807	1	1
40.735	808	4	1
40.774	809	3	1
40.813	810	1	1
40.813	811	2	1
40.891	812	4	1
40.930	813	2	1
40.969	814	3	1
41.048	815	2	1
41.106	816	4	1
41.165	817	1	1
41.165	818	3	1
41.223	819	4	1
41.282	820	1	1
41.282	821	2	1
41.399	822	2	1
41.458	823	4	1
41.516	824	1	1
41.516	825	3	1
41.634	826	3	1
41.692	827	1	1
41.751	828	2	1
41.751	829	4	1
41.809	830	1	1
41.868	831	4	1
41.926	832	2	1
41.956	833	3	1
41.985	834	1	1
42.102	835	1	1
42.102	836	4	1
42.161	837	2	1
42.219	838	3	1
42.219	839	4	1
42.337	840	3	1
42.376	841	1	1
42.415	842	2	1
42.454	843	3	1
42.512	844	1	1
42.630	845	4	1
42.688	846	1	1
42.688	847	2	1
42.747	848	3	1
42.805	849	2	1
42.923	850	1	1
42.923	851	3	1
42.923	852	4	1
42.981	853	2	1
43.040	854	3	1
43.040	855	4	1
43.098	856	2	1
43.157	857	1	1
43.157	858	3	1
43.157	859	4	1
43.274	860	1	1
43.274	861	3	1
43.391	862	1	1
43.391	863	2	1
43.391	864	3	1
43.391	865	4	1
43.509	866	2	1
43.509	867	4	1
43.626	868	1	1
43.626	869	2	1
43.626	870	3	1
43.626	871	4	1
43.743	872	3	1
43.743	873	4	1
43.860	874	1	1
43.860	875	2	1
43.860	876	3	1
43.860	877	4	1
43.977	878	1	1
43.977	879	2	1
44.036	880	4	1
44.094	881	1	1
44.094	882	2	1
44.094	883	3	1
44.212	884	2	1
44.212	885	3	1
44.329	886	1	1
44.329	887	3	1
44.329	888	4	1
44.446	889	1	1
44.446	890	3	1
44.446	891	4	1
44.563	892	1	1
44.563	893	2	1
44.563	894	3	1
44.563	895	4	1
44.680	896	2	1
44.680	897	3	1
44.798	898	1	1
44.798	899	2	1
44.798	900	4	1
44.856	901	3	1
44.915	902	1	1
44.915	903	2	1
44.973	904	3	1
45.032	905	1	1
45.032	906	2	1
45.032	907	4	1
45.149	908	1	1
45.149	909	4	1
45.266	910	1	1
45.266	911	2	1
45.266	912	3	1
45.266	913	4	1
45.384	914	2	1
45.384	915	3	1
45.501	916	1	1
45.501	917	2	1
45.501	918	3	1
45.501	919	4	1
45.618	920	1	1
45.618	921	2	1
45.735	922	1	1
45.735	923	2	1
45.735	924	3	1
45.735	925	4	1
45.852	926	3	1
45.852	927	4	1
45.911	928	1	1
45.969	929	2	1
45.969	930	3	1
45.969	931	4	1
46.028	932	1	1
46.087	933	3	1
46.145	934	2	1
46.204	935	4	1
46.262	936	3	1
46.321	937	4	1
46.438	938	1	1
46.438	939	2	1
46.438	940	3	2
46.497	941	3	3
46.555	942	1	2
46.555	943	4	1
46.614	944	2	1
46.614	945	1	3
46.673	946	1	1
46.673	947	4	2
46.731	948	4	3
46.790	949	2	2
46.790	950	3	1
46.848	951	4	1
46.848	952	2	3
46.907	953	1	1
46.907	954	2	2
46.907	955	3	2
47.024	956	1	2
47.024	957	2	3
47.083	958	1	3
47.141	959	1	2
47.141	960	4	2
47.141	961	3	3
47.200	962	4	3
47.259	963	2	2
47.259	964	3	2
47.259	965	4	2
47.259	966	1	3
47.317	967	2	3
47.376	968	2	1
47.376	969	3	3
47.376	970	4	3
47.434	971	4	1
47.493	972	1	2
47.493	973	3	2
47.551	974	3	3
47.610	975	2	2
47.610	976	3	2
47.610	977	1	3
47.669	978	2	3
47.727	979	2	2
47.727	980	4	2
47.727	981	3	3
47.786	982	4	3
47.844	983	1	2
47.844	984	3	2
47.844	985	4	2
47.844	986	2	3
47.903	987	1	3
47.962	988	1	1
47.962	989	3	3
47.962	990	4	3
48.020	991	4	1
48.079	992	2	2
48.079	993	3	2
48.137	994	2	3
48.196	995	2	2
48.196	996	4	2
48.196	997	3	3
48.255	998	4	3
48.313	999	1	2
48.313	1000	3	2
48.313	1001	4	2
48.313	1002	2	3
48.372	1003	3	3
48.430	1004	3	2
48.430	1005	1	3
48.489	1006	3	3
48.489	1007	4	3
48.548	1008	1	2
48.548	1009	2	2
48.548	1010	4	2
48.606	1011	2	3
48.665	1012	2	2
48.665	1013	4	3
48.723	1014	1	3
48.723	1015	2	3
48.782	1016	2	2
48.782	1017	3	2
48.782	1018	4	1
48.899	1019	4	2
48.899	1020	3	3
48.958	1021	4	3
49.016	1022	1	2
49.016	1023	4	2
49.016	1024	2	3
49.075	1025	1	3
49.134	1026	1	2
49.134	1027	2	2
49.134	1028	3	2
49.134	1029	4	3
49.192	1030	3	3
49.251	1031	3	1
49.251	1032	1	3
49.251	1033	2	3
49.309	1034	1	1
49.368	1035	2	2
49.368	1036	4	2
49.426	1037	2	3
49.485	1038	2	2
49.485	1039	3	2
49.485	1040	4	3
49.544	1041	3	3
49.602	1042	1	2
49.602	1043	3	2
49.602	1044	2	3
49.661	1045	1	3
49.719	1046	1	2
49.719	1047	2	2
49.719	1048	4	2
49.719	1049	3	3
49.778	1050	2	3
49.837	1051	2	2
49.837	1052	3	2
49.837	1053	4	3
49.895	1054	3	3
49.954	1055	3	2
49.954	1056	4	2
49.954	1057	1	3
49.954	1058	2	3
50.012	1059	4	3
50.071	1060	1	2
50.071	1061	4	2
50.071	1062	3	3
50.130	1063	2	2
50.188	1064	3	2
50.188	1065	2	3
50.247	1066	2	2
50.247	1067	3	3
50.305	1068	3	2
50.305	1069	1	3
50.305	1070	2	3
50.305	1071	4	3
50.423	1072	1	2
50.423	1073	2	2
50.423	1074	4	2
50.423	1075	3	3
50.481	1076	3	2
50.481	1077	4	3
50.540	1078	4	2
50.540	1079	1	3
50.540	1080	2	3
50.540	1081	3	3
50.598	1082	2	2
50.598	1083	4	3
50.657	1084	1	2
50.657	1085	3	2
50.657	1086	4	2
50.657	1087	2	3
50.716	1088	1	3
50.774	1089	1	1
50.774	1090	3	3
50.774	1091	4	3
50.891	1092	3	2
50.891	1093	4	2
50.950	1094	4	3
51.009	1095	2	2
51.009	1096	4	2
51.009	1097	3	3
51.067	1098	1	2
51.126	1099	3	2
51.126	1100	1	3
51.126	1101	2	3
51.184	1102	1	2
51.184	1103	3	3
51.243	1104	2	2
51.243	1105	3	2
51.301	1106	1	3
51.301	1107	2	3
51.360	1108	1	2
51.360	1109	2	2
51.360	1110	3	3
51.360	1111	4	3
51.419	1112	1	3
51.477	1113	1	2
51.477	1114	4	1
51.477	1115	2	3
51.594	1116	2	2
51.594	1117	3	2
51.594	1118	4	2
51.594	1119	1	3
51.653	1120	2	3
51.712	1121	2	1
51.712	1122	3	3
51.712	1123	4	3
51.829	1124	1	2
51.829	1125	2	2
51.887	1126	1	3
51.946	1127	1	2
51.946	1128	3	2
51.946	1129	2	3
52.005	1130	4	2
52.063	1131	2	2
52.063	1132	3	3
52.063	1133	4	3
52.122	1134	4	2
52.122	1135	2	3
52.180	1136	2	2
52.180	1137	3	2
52.239	1138	3	3
52.239	1139	4	3
52.298	1140	3	2
52.298	1141	4	2
52.298	1142	1	3
52.298	1143	2	3
52.356	1144	4	3
52.415	1145	1	1
52.415	1146	4	2
52.415	1147	3	3
52.532	1148	1	2
52.532	1149	2	2
52.532	1150	3	2
52.532	1151	4	3
52.591	1152	2	3
52.591	1153	3	3
52.649	1154	3	1
52.766	1155	2	1
52.766	1156	4	1
52.766	1157	1	3
52.884	1158	2	2
52.884	1159	3	2
53.001	1160	1	2
53.001	1161	4	2
53.001	1162	2	3
53.001	1163	3	3
53.118	1164	2	2
53.118	1165	1	3
53.176	1166	2	3
53.235	1167	1	1
53.235	1168	2	2
53.235	1169	3	2
53.235	1170	4	3
53.352	1171	4	2
53.352	1172	3	3
53.411	1173	4	3
53.469	1174	1	2
53.469	1175	3	2
53.469	1176	4	2
53.469	1177	2	3
53.528	1178	2	2
53.528	1179	1	3
53.587	1180	1	2
53.587	1181	2	3
53.587	1182	3	3
53.587	1183	4	3
53.645	1184	3	2
53.645	1185	1	3
53.704	1186	2	2
53.704	1187	4	2
53.704	1188	3	3
53.762	1189	1	2
53.762	1190	4	3
53.821	1191	4	2
53.821	1192	1	3
53.821	1193	2	3
53.880	1194	3	2
53.938	1195	1	1
53.938	1196	2	1
53.938	1197	3	3
53.938	1198	4	3
54.055	1199	1	1
54.055	1200	2	1
54.173	1201	1	1
54.173	1202	3	1
54.173	1203	4	1
54.290	1204	2	1
54.290	1205	4	1
54.407	1206	1	2
54.407	1207	2	2
54.407	1208	3	2
54.466	1209	1	3
54.524	1210	1	2
54.583	1211	2	3
54.583	1212	3	3
54.641	1213	2	2
54.641	1214	4	2
54.641	1215	1	3
54.700	1216	4	3
54.759	1217	1	2
54.759	1218	4	2
54.817	1219	1	3
54.817	1220	2	3
54.817	1221	4	3
54.876	1222	2	2
54.876	1223	3	2
54.934	1224	4	2
54.934	1225	2	3
54.993	1226	2	2
55.051	1227	4	3
55.110	1228	1	2
55.110	1229	4	2
55.110	1230	2	3
55.110	1231	3	3
55.169	1232	1	3
55.227	1233	1	2
55.227	1234	3	2
55.286	1235	1	3
55.286	1236	3	3
55.286	1237	4	3
55.344	1238	2	2
55.344	1239	4	2
55.462	1240	3	2
55.462	1241	2	3
55.520	1242	4	3
55.579	1243	1	2
55.579	1244	2	2
55.579	1245	3	3
55.637	1246	2	3
55.696	1247	2	2
55.696	1248	4	2
55.755	1249	4	3
55.813	1250	3	2
55.813	1251	4	2
55.813	1252	1	3
55.813	1253	2	3
55.872	1254	3	3
55.930	1255	1	2
55.930	1256	3	2
55.989	1257	1	3
55.989	1258	4	3
56.048	1259	1	2
56.048	1260	4	2
56.048	1261	3	3
56.165	1262	2	2
56.165	1263	1	3
56.165	1264	4	3
56.223	1265	2	3
56.282	1266	2	2
56.282	1267	3	2
56.282	1268	4	2
56.399	1269	1	2
56.399	1270	2	3
56.458	1271	3	3
56.458	1272	4	3
56.516	1273	3	2
56.516	1274	4	2
56.516	1275	1	3
56.575	1276	3	3
56.634	1277	2	2
56.634	1278	3	2
56.692	1279	2	3
56.692	1280	3	3
56.692	1281	4	3
56.751	1282	1	2
56.751	1283	4	2
56.809	1284	4	3
56.868	1285	4	2
56.926	1286	1	3
56.985	1287	2	2
56.985	1288	3	2
56.985	1289	4	3
57.044	1290	3	3
57.102	1291	1	2
57.102	1292	3	2
57.161	1293	1	3
57.161	1294	2	3
57.161	1295	3	3
57.219	1296	2	2
57.219	1297	4	2
57.337	1298	1	2
57.337	1299	3	2
57.337	1300	4	3
57.395	1301	1	3
57.454	1302	1	2
57.454	1303	4	2
57.454	1304	2	3
57.454	1305	3	3
57.571	1306	2	2
57.571	1307	3	2
57.571	1308	1	3
57.630	1309	3	3
57.688	1310	1	2
57.688	1311	3	2
57.688	1312	2	3
57.688	1313	4	3
57.747	1314	1	3
57.805	1315	1	2
57.805	1316	2	2
57.805	1317	3	3
57.864	1318	2	3
57.923	1319	2	2
57.923	1320	3	2
57.923	1321	1	3
57.981	1322	3	3
58.040	1323	3	2
58.040	1324	4	2
58.040	1325	2	3
58.098	1326	4	3
58.157	1327	1	2
58.157	1328	2	2
58.157	1329	4	2
58.157	1330	3	3
58.274	1331	3	2
58.274	1332	4	3
58.333	1333	2	3
58.391	1334	2	1
58.391	1335	4	1
58.391	1336	1	3
58.391	1337	3	3
58.450	1338	1	1
58.509	1339	4	1
58.567	1340	2	1
58.626	1341	1	1
58.626	1342	3	1
58.743	1343	1	1
58.743	1344	4	1
58.860	1345	1	1
58.860	1346	3	1
58.977	1347	1	1
58.977	1348	4	1
59.094	1349	1	1
59.094	1350	3	1
59.153	1351	2	1
59.212	1352	3	1
59.270	1353	1	1
59.329	1354	2	1
59.329	1355	4	1
59.387	1356	1	1
59.446	1357	3	1
59.505	1358	4	1
59.563	1359	2	1
59.563	1360	3	1
59.622	1361	1	1
59.680	1362	4	1
59.739	1363	2	1
59.798	1364	3	1
59.798	1365	4	1
59.856	1366	1	1
59.915	1367	2	1
59.973	1368	4	1
60.032	1369	1	2
60.032	1370	2	2
60.032	1371	3	2
60.149	1372	4	2
60.149	1373	1	3
60.208	1374	2	3
60.266	1375	1	1
60.266	1376	2	1
60.266	1377	3	3
60.266	1378	4	3
60.325	1379	4	1
60.384	1380	2	1
60.442	1381	3	1
60.501	1382	1	1
60.501	1383	4	1
60.618	1384	2	1
60.618	1385	4	1
60.735	1386	1	1
60.735	1387	4	1
60.852	1388	2	1
60.852	1389	4	1
60.969	1390	1	1
60.969	1391	3	1
61.028	1392	2	1
61.087	1393	3	1
61.204	1394	2	1
61.204	1395	4	1
61.262	1396	3	1
61.321	1397	2	1
61.438	1398	1	1
61.438	1399	3	1
61.438	1400	4	1
61.516	1401	3	1
61.516	1402	4	1
61.594	1403	3	1
61.594	1404	4	1
61.673	1405	1	1
61.673	1406	2	1
61.751	1407	1	1
61.751	1408	2	1
61.829	1409	1	1
61.829	1410	2	1
61.907	1411	3	2
61.907	1412	4	2
62.024	1413	3	3
62.259	1414	3	1
62.376	1415	1	2
62.493	1416	2	2
62.493	1417	1	3
62.610	1418	1	2
62.610	1419	3	2
62.610	1420	2	3
62.610	1421	4	3
62.727	1422	4	2
62.727	1423	3	3
62.844	1424	2	2
62.844	1425	1	3
62.844	1426	4	3
63.079	1427	1	1
63.079	1428	4	2
63.196	1429	4	3
63.313	1430	1	2
63.313	1431	4	2
63.313	1432	2	3
63.430	1433	4	3
63.548	1434	2	2
63.548	1435	4	2
63.548	1436	1	3
63.665	1437	4	3
63.782	1438	3	2
63.782	1439	4	2
63.782	1440	2	3
64.016	1441	4	3
64.134	1442	1	2
64.134	1443	4	1
64.134	1444	3	3
64.251	1445	3	2
64.251	1446	1	3
64.368	1447	2	2
64.368	1448	3	3
64.485	1449	3	2
64.485	1450	4	1
64.485	1451	2	3
64.602	1452	1	2
64.602	1453	3	3
64.719	1454	3	2
64.719	1455	1	3
64.837	1456	2	2
64.837	1457	3	3
64.954	1458	1	2
64.954	1459	4	2
64.954	1460	2	3
65.071	1461	1	3
65.188	1462	1	2
65.188	1463	3	2
65.188	1464	4	3
65.305	1465	1	3
65.423	1466	1	2
65.423	1467	2	2
65.423	1468	3	3
65.540	1469	1	3
65.657	1470	1	2
65.657	1471	3	1
65.657	1472	4	2
65.657	1473	2	3
65.774	1474	4	3
65.891	1475	2	2
66.009	1476	4	1
66.126	1477	3	2
66.126	1478	1	3
66.126	1479	2	3
66.243	1480	2	1
66.360	1481	1	1
66.360	1482	4	2
66.594	1483	2	2
66.594	1484	3	3
66.594	1485	4	3
66.829	1486	1	2
66.829	1487	3	2
66.946	1488	3	3
67.063	1489	3	2
67.063	1490	4	2
67.063	1491	1	3
67.063	1492	2	3
67.180	1493	3	3
67.298	1494	1	2
67.298	1495	3	2
67.415	1496	3	3
67.532	1497	2	2
67.532	1498	3	2
67.532	1499	1	3
67.532	1500	4	3
67.766	1501	3	3
67.884	1502	1	1
67.884	1503	4	2
67.884	1504	2	3
68.001	1505	2	2
68.001	1506	4	3
68.118	1507	3	2
68.118	1508	2	3
68.235	1509	1	1
68.235	1510	2	2
68.235	1511	3	3
68.352	1512	4	2
68.352	1513	2	3
68.469	1514	2	2
68.469	1515	4	3
68.587	1516	3	2
68.587	1517	2	3
68.704	1518	1	2
68.704	1519	4	2
68.704	1520	3	3
68.821	1521	4	3
68.938	1522	2	2
68.938	1523	4	2
69.055	1524	4	3
69.173	1525	3	2
69.173	1526	4	2
69.173	1527	1	3
69.290	1528	4	3
69.407	1529	1	2
69.407	1530	4	2
69.407	1531	2	3
69.407	1532	3	3
69.524	1533	2	1
69.524	1534	1	3
69.641	1535	1	2
69.759	1536	3	1
69.759	1537	1	3
69.876	1538	1	2
69.876	1539	4	3
69.993	1540	4	1
69.993	1541	1	3
70.110	1542	2	2
70.110	1543	3	2
70.227	1544	1	1
70.227	1545	2	3
70.227	1546	3	3
70.344	1547	2	2
70.344	1548	3	2
70.462	1549	4	2
70.462	1550	2	3
70.579	1551	1	2
70.579	1552	2	1
70.696	1553	1	3
70.696	1554	3	3
70.696	1555	4	3
70.813	1556	1	2
70.813	1557	3	2
70.930	1558	1	3
71.048	1559	1	2
71.048	1560	2	2
71.048	1561	3	3
71.165	1562	1	3
71.282	1563	1	2
71.282	1564	4	2
71.282	1565	2	3
71.399	1566	4	3
71.516	1567	2	2
71.634	1568	4	1
71.751	1569	3	2
71.751	1570	1	3
71.751	1571	2	3
71.868	1572	2	1
71.985	1573	1	1
71.985	1574	4	2
72.219	1575	2	2
72.219	1576	3	3
72.219	1577	4	3
72.337	1578	1	2
72.454	1579	3	2
72.454	1580	4	1
72.454	1581	1	3
72.454	1582	2	3
72.571	1583	1	2
72.571	1584	3	3
72.688	1585	2	2
72.688	1586	3	2
72.688	1587	1	3
72.805	1588	3	3
72.923	1589	3	2
72.923	1590	4	2
72.923	1591	2	3
73.040	1592	3	3
73.157	1593	1	2
73.157	1594	2	2
73.157	1595	3	1
73.157	1596	4	3
73.274	1597	2	3
73.391	1598	4	2
73.391	1599	1	3
73.509	1600	2	2
73.509	1601	4	3
73.626	1602	1	1
73.743	1603	3	2
73.743	1604	2	3
73.860	1605	1	2
73.860	1606	4	1
73.860	1607	3	3
74.094	1608	3	2
74.094	1609	4	2
74.094	1610	1	3
74.212	1611	3	3
74.329	1612	1	2
74.329	1613	2	1
74.329	1614	4	3
74.446	1615	3	2
74.446	1616	1	3
74.563	1617	1	2
74.563	1618	4	1
74.680	1619	2	2
74.680	1620	1	3
74.680	1621	3	3
74.798	1622	1	2
74.798	1623	4	2
74.798	1624	2	3
74.915	1625	1	3
75.032	1626	1	2
75.032	1627	2	2
75.032	1628	4	3
75.266	1629	3	2
75.266	1630	1	3
75.384	1631	1	2
75.384	1632	4	1
75.384	1633	3	3
75.501	1634	3	2
75.501	1635	1	3
75.501	1636	2	3
75.618	1637	2	2
75.618	1638	3	3
75.735	1639	3	2
75.735	1640	4	1
75.735	1641	2	3
75.852	1642	1	2
75.852	1643	3	3
75.969	1644	3	2
75.969	1645	4	2
75.969	1646	1	3
76.204	1647	1	1
76.204	1648	2	2
76.204	1649	4	3
76.321	1650	4	2
76.321	1651	2	3
76.438	1652	1	1
76.438	1653	2	2
76.438	1654	3	3
76.555	1655	3	2
76.555	1656	2	3
76.555	1657	4	3
76.673	1658	1	1
76.673	1659	4	1
76.673	1660	3	3
76.790	1661	1	1
76.790	1662	4	1
76.907	1663	2	1
76.907	1664	3	1
76.907	1665	4	1
77.024	1666	2	1
77.141	1667	1	1
77.141	1668	3	1
77.141	1669	4	1
77.259	1670	4	1
77.376	1671	1	1
77.376	1672	2	1
77.376	1673	3	1
77.493	1674	1	1
77.610	1675	2	1
77.610	1676	3	1
77.610	1677	4	1
77.727	1678	3	1
77.844	1679	1	1
77.844	1680	2	1
77.923	1681	1	1
77.923	1682	4	1
78.001	1683	2	1
78.079	1684	3	1
78.079	1685	4	1
78.157	1686	1	1
78.157	1687	3	1
78.235	1688	4	1
78.313	1689	1	1
78.313	1690	2	1
78.391	1691	1	1
78.391	1692	4	1
78.469	1693	2	1
78.548	1694	3	1
78.548	1695	4	1
78.626	1696	1	1
78.626	1697	3	1
78.704	1698	4	1
78.782	1699	1	1
78.782	1700	2	1
78.782	1701	3	1
78.899	1702	1	1
79.016	1703	2	1
79.016	1704	3	1
79.016	1705	4	1
79.134	1706	4	1
79.251	1707	1	1
79.251	1708	2	1
79.251	1709	3	1
79.368	1710	2	1
79.485	1711	1	1
79.485	1712	3	1
79.485	1713	4	1
79.602	1714	3	1
79.719	1715	1	1
79.719	1716	2	1
79.798	1717	2	1
79.798	1718	4	1
79.876	1719	1	1
79.954	1720	3	1
79.954	1721	4	1
80.032	1722	2	1
80.032	1723	4	1
80.110	1724	3	1
80.188	1725	1	1
80.188	1726	2	1
80.266	1727	2	1
80.266	1728	4	1
80.344	1729	1	1
80.423	1730	3	1
80.423	1731	4	1
80.501	1732	2	1
80.501	1733	4	1
80.579	1734	3	1
80.657	1735	1	1
80.657	1736	2	1
80.774	1737	2	1
80.891	1738	1	1
80.891	1739	4	1
81.009	1740	1	1
81.126	1741	3	1
81.126	1742	4	1
81.243	1743	4	1
81.360	1744	2	1
81.360	1745	3	1
81.477	1746	3	1
81.594	1747	1	1
81.594	1748	4	2
81.712	1749	1	1
81.712	1750	4	3
81.829	1751	1	1
81.829	1752	3	2
81.946	1753	1	1
81.946	1754	3	3
82.063	1755	2	2
82.063	1756	4	1
82.180	1757	4	1
82.180	1758	2	3
82.298	1759	1	2
82.298	1760	4	1
82.415	1761	4	1
82.415	1762	1	3
82.532	1763	1	1
82.532	1764	2	1
82.591	1765	4	1
82.649	1766	1	1
82.649	1767	3	1
82.708	1768	2	1
82.766	1769	1	1
82.766	1770	4	1
82.825	1771	3	1
82.884	1772	1	1
82.884	1773	4	1
82.942	1774	2	1
83.001	1775	3	1
83.001	1776	4	1
83.059	1777	1	1
83.118	1778	2	1
83.118	1779	4	1
83.176	1780	1	1
83.235	1781	2	1
83.235	1782	3	1
83.294	1783	4	1
83.352	1784	1	1
83.352	1785	3	1
83.411	1786	4	1
83.469	1787	1	1
83.469	1788	2	2
83.469	1789	3	2
83.528	1790	2	3
83.587	1791	2	2
83.704	1792	4	2
83.704	1793	3	3
83.821	1794	1	2
83.821	1795	2	3
83.938	1796	3	2
83.938	1797	4	3
84.055	1798	2	2
84.055	1799	1	3
84.173	1800	1	2
84.290	1801	4	1
84.290	1802	1	3
84.290	1803	2	3
84.290	1804	3	3
84.407	1805	1	1
84.407	1806	2	2
84.407	1807	3	2
84.466	1808	2	3
84.524	1809	1	2
84.524	1810	2	2
84.583	1811	3	3
84.641	1812	3	2
84.641	1813	4	2
84.641	1814	1	3
84.641	1815	2	3
84.700	1816	4	3
84.759	1817	1	2
84.759	1818	4	2
84.817	1819	1	3
84.817	1820	3	3
84.876	1821	1	2
84.876	1822	2	2
84.876	1823	4	3
84.934	1824	2	3
84.993	1825	2	2
84.993	1826	3	2
85.051	1827	1	3
85.051	1828	2	3
85.051	1829	3	3
85.110	1830	2	2
85.110	1831	4	2
85.169	1832	4	3
85.227	1833	3	2
85.227	1834	4	2
85.227	1835	2	3
85.286	1836	3	3
85.344	1837	1	2
85.344	1838	3	2
85.344	1839	4	3
85.403	1840	4	2
85.403	1841	1	3
85.462	1842	2	2
85.520	1843	3	3
85.520	1844	4	3
85.579	1845	1	2
85.579	1846	3	2
85.579	1847	2	3
85.637	1848	1	3
85.696	1849	1	2
85.696	1850	2	2
85.696	1851	3	3
85.755	1852	3	2
85.755	1853	2	3
85.813	1854	2	2
85.813	1855	4	2
85.813	1856	1	3
85.872	1857	1	2
85.872	1858	3	3
85.872	1859	4	3
85.930	1860	3	2
85.989	1861	1	3
85.989	1862	2	3
85.989	1863	3	3
86.048	1864	1	2
86.048	1865	2	2
86.048	1866	4	2
86.106	1867	1	3
86.106	1868	4	3
86.165	1869	1	2
86.165	1870	4	2
86.223	1871	2	3
86.282	1872	2	2
86.282	1873	3	2
86.282	1874	1	3
86.282	1875	4	3
86.341	1876	3	3
86.399	1877	3	2
86.399	1878	4	2
86.458	1879	2	3
86.516	1880	1	2
86.516	1881	2	2
86.516	1882	3	3
86.516	1883	4	3
86.575	1884	2	3
86.634	1885	2	2
86.634	1886	3	2
86.692	1887	1	3
86.751	1888	1	2
86.751	1889	4	2
86.751	1890	2	3
86.751	1891	3	3
86.809	1892	1	3
86.868	1893	1	2
86.868	1894	2	2
86.926	1895	4	3
86.985	1896	3	2
86.985	1897	4	2
86.985	1898	1	3
86.985	1899	2	3
87.044	1900	3	3
87.102	1901	2	2
87.102	1902	4	3
87.161	1903	3	2
87.219	1904	1	2
87.219	1905	4	2
87.219	1906	2	3
87.278	1907	1	3
87.337	1908	1	2
87.337	1909	3	3
87.454	1910	2	2
87.454	1911	3	2
87.454	1912	1	3
87.454	1913	4	3
87.512	1914	1	2
87.512	1915	3	3
87.571	1916	4	1
87.571	1917	1	3
87.571	1918	2	3
87.688	1919	2	2
87.688	1920	3	2
87.747	1921	2	3
87.805	1922	2	2
87.805	1923	4	2
87.864	1924	3	3
87.923	1925	1	2
87.923	1926	3	2
87.923	1927	2	3
87.923	1928	4	3
87.981	1929	3	3
88.040	1930	3	2
88.040	1931	4	2
88.098	1932	1	3
88.098	1933	4	3
88.157	1934	1	2
88.157	1935	2	2
88.157	1936	4	2
88.157	1937	3	3
88.216	1938	2	3
88.274	1939	2	2
88.274	1940	3	2
88.274	1941	4	3
88.333	1942	1	3
88.391	1943	1	2
88.391	1944	4	2
88.391	1945	2	3
88.509	1946	2	2
88.509	1947	3	3
88.509	1948	4	3
88.567	1949	4	2
88.567	1950	2	3
88.626	1951	2	2
88.626	1952	3	2
88.626	1953	1	3
88.626	1954	4	3
88.684	1955	1	2
88.684	1956	3	3
88.743	1957	3	2
88.743	1958	1	3
88.743	1959	2	3
88.801	1960	2	2
88.860	1961	1	2
88.860	1962	4	2
88.860	1963	2	3
88.860	1964	3	3
88.977	1965	2	2
88.977	1966	4	3
89.036	1967	1	3
89.094	1968	1	2
89.094	1969	4	2
89.094	1970	2	3
89.212	1971	2	2
89.212	1972	3	2
89.212	1973	1	3
89.270	1974	4	3
89.329	1975	1	2
89.329	1976	4	2
89.329	1977	3	3
89.446	1978	3	2
89.446	1979	1	3
89.446	1980	2	3
89.505	1981	1	2
89.505	1982	3	3
89.563	1983	2	2
89.563	1984	3	2
89.563	1985	1	3
89.563	1986	4	3
89.622	1987	4	2
89.622	1988	2	3
89.680	1989	2	2
89.680	1990	3	3
89.680	1991	4	3
89.739	1992	3	2
89.798	1993	1	2
89.798	1994	4	2
89.798	1995	2	3
89.798	1996	3	3
89.856	1997	1	3
89.915	1998	1	2
89.973	1999	4	3
90.032	2000	2	2
90.032	2001	3	2
90.032	2002	4	2
90.032	2003	1	3
90.091	2004	3	3
90.149	2005	1	2
90.149	2006	3	2
90.149	2007	4	3
90.208	2008	1	3
90.208	2009	3	3
90.266	2010	1	2
90.266	2011	3	2
90.266	2012	2	3
90.384	2013	4	2
90.384	2014	3	3
90.442	2015	1	3
90.442	2016	4	3
90.501	2017	2	2
90.501	2018	4	2
90.618	2019	1	2
90.618	2020	2	3
90.676	2021	3	2
90.676	2022	1	3
90.676	2023	4	3
90.735	2024	1	2
90.735	2025	2	1
90.794	2026	4	2
90.794	2027	3	3
90.852	2028	2	2
90.852	2029	1	3
90.911	2030	2	3
90.911	2031	4	3
90.969	2032	1	2
90.969	2033	3	2
91.087	2034	4	2
91.087	2035	3	3
91.145	2036	2	2
91.145	2037	1	3
91.145	2038	4	3
91.204	2039	3	1
91.204	2040	4	2
91.262	2041	1	2
91.262	2042	2	3
91.321	2043	3	2
91.321	2044	4	3
91.380	2045	1	3
91.380	2046	3	3
91.438	2047	1	2
91.438	2048	2	2
91.438	2049	4	1
91.497	2050	1	3
91.497	2051	2	3
91.555	2052	1	2
91.555	2053	2	2
91.614	2054	1	3
91.614	2055	2	3
91.673	2056	1	2
91.673	2057	2	2
91.790	2058	3	2
91.790	2059	4	2
91.848	2060	1	3
91.848	2061	2	3
91.848	2062	4	3
91.907	2063	1	2
91.907	2064	2	2
91.907	2065	4	2
91.907	2066	3	3
92.024	2067	3	2
92.024	2068	2	3
92.024	2069	4	3
92.083	2070	1	3
92.141	2071	2	2
92.141	2072	4	2
92.141	2073	3	3
92.200	2074	1	2
92.200	2075	4	3
92.259	2076	3	2
92.259	2077	2	3
92.317	2078	2	2
92.317	2079	1	3
92.376	2080	1	2
92.376	2081	4	2
92.376	2082	2	3
92.376	2083	3	3
92.434	2084	4	3
92.493	2085	3	2
92.493	2086	1	3
92.551	2087	4	2
92.610	2088	1	1
92.610	2089	2	1
92.610	2090	3	3
92.610	2091	4	3
92.727	2092	2	2
92.727	2093	4	2
92.786	2094	2	3
92.844	2095	1	2
92.844	2096	3	2
92.844	2097	4	3
92.903	2098	2	2
92.903	2099	3	3
92.962	2100	3	2
92.962	2101	1	3
93.020	2102	2	3
93.079	2103	1	2
93.079	2104	4	2
93.079	2105	3	3
93.137	2106	1	3
93.196	2107	1	2
93.313	2108	2	2
93.313	2109	3	2
93.313	2110	1	3
93.313	2111	4	3
93.372	2112	4	2
93.372	2113	2	3
93.430	2114	1	1
93.430	2115	3	3
93.489	2116	4	3
93.548	2117	2	2
93.548	2118	3	2
93.606	2119	3	3
93.665	2120	1	2
93.665	2121	3	2
93.723	2122	1	3
93.723	2123	2	3
93.782	2124	1	2
93.782	2125	2	2
93.782	2126	4	2
93.782	2127	3	3
93.899	2128	3	2
93.899	2129	2	3
93.899	2130	4	3
93.958	2131	1	3
94.016	2132	1	1
94.016	2133	4	1
94.016	2134	3	3
94.134	2135	2	2
94.134	2136	4	2
94.251	2137	1	2
94.251	2138	3	2
94.251	2139	4	3
94.309	2140	3	3
94.368	2141	3	2
94.426	2142	1	3
94.426	2143	2	3
94.485	2144	1	2
94.485	2145	4	2
94.485	2146	3	3
94.544	2147	1	3
94.602	2148	1	2
94.719	2149	2	2
94.719	2150	3	2
94.719	2151	1	3
94.719	2152	4	3
94.778	2153	4	2
94.778	2154	2	3
94.837	2155	2	2
94.895	2156	1	2
94.895	2157	3	3
94.895	2158	4	3
94.954	2159	3	2
94.954	2160	4	1
94.954	2161	1	3
94.954	2162	2	3
95.012	2163	2	2
95.012	2164	3	3
95.071	2165	3	2
95.071	2166	2	3
95.130	2167	2	2
95.130	2168	3	3
95.188	2169	1	2
95.188	2170	4	2
95.188	2171	2	3
95.305	2172	3	2
95.305	2173	1	3
95.364	2174	4	3
95.423	2175	2	2
95.423	2176	4	2
95.423	2177	3	3
95.540	2178	1	2
95.598	2179	1	3
95.598	2180	2	3
95.598	2181	4	3
95.657	2182	1	2
95.657	2183	2	2
95.657	2184	3	2
95.774	2185	4	2
95.774	2186	3	3
95.833	2187	2	3
95.891	2188	2	1
95.891	2189	3	1
95.891	2190	1	3
95.891	2191	4	3
95.950	2192	1	1
96.009	2193	4	1
96.067	2194	2	1
96.126	2195	1	1
96.126	2196	3	1
96.243	2197	1	1
96.243	2198	4	1
96.360	2199	1	1
96.360	2200	3	1
96.477	2201	1	1
96.477	2202	4	1
96.594	2203	1	1
96.594	2204	3	1
96.653	2205	2	1
96.712	2206	3	1
96.770	2207	1	1
96.829	2208	2	1
96.829	2209	4	1
96.887	2210	1	1
96.946	2211	3	1
97.005	2212	4	1
97.063	2213	2	1
97.063	2214	3	1
97.122	2215	1	1
97.180	2216	4	1
97.239	2217	2	1
97.298	2218	3	1
97.298	2219	4	1
97.356	2220	1	1
97.415	2221	2	1
97.473	2222	4	1
97.532	2223	1	2
97.532	2224	2	2
97.532	2225	3	2
97.649	2226	4	2
97.649	2227	1	3
97.708	2228	2	3
97.766	2229	1	1
97.766	2230	2	1
97.766	2231	3	3
97.766	2232	4	3
97.825	2233	4	1
97.884	2234	2	1
97.942	2235	3	1
98.001	2236	1	1
98.001	2237	4	1
98.118	2238	2	1
98.118	2239	4	1
98.235	2240	1	1
98.235	2241	4	1
98.352	2242	2	1
98.352	2243	4	1
98.469	2244	1	1
98.469	2245	2	2
98.469	2246	3	2
98.704	2247	3	3
98.821	2248	2	3
98.938	2249	1	1
98.938	2250	3	1
98.938	2251	4	1
99.016	2252	3	1
99.016	2253	4	1
99.094	2254	3	1
99.094	2255	4	1
99.173	2256	1	1
99.173	2257	2	1
99.251	2258	1	1
99.251	2259	2	1
99.329	2260	1	1
99.329	2261	2	1
99.407	2262	3	1
99.407	2263	4	1
99.524	2264	1	1
99.524	2265	3	1
99.583	2266	2	1
99.641	2267	1	1
99.641	2268	4	1
99.759	2269	2	1
99.759	2270	4	1
99.876	2271	1	1
99.876	2272	4	1
99.993	2273	3	1
99.993	2274	4	1
100.110	2275	2	1
100.110	2276	3	1
100.169	2277	4	1
100.227	2278	1	1
100.227	2279	2	1
100.344	2280	4	1
100.384	2281	1	1
100.423	2282	3	1
100.462	2283	4	1
100.501	2284	2	1
100.540	2285	3	1
100.579	2286	1	1
100.579	2287	4	1
100.696	2288	1	1
100.696	2289	2	1
100.755	2290	4	1
100.813	2291	2	1
100.813	2292	3	1
100.930	2293	1	1
100.930	2294	3	1
100.989	2295	2	1
101.048	2296	1	1
101.048	2297	4	1
101.165	2298	2	1
101.194	2299	3	1
101.223	2300	1	1
101.253	2301	4	1
101.282	2302	2	1
101.282	2303	3	1
101.399	2304	1	1
101.399	2305	4	1
101.458	2306	2	1
101.516	2307	3	1
101.516	2308	4	1
101.634	2309	2	1
101.634	2310	3	1
101.751	2311	1	1
101.790	2312	4	1
101.829	2313	2	1
101.868	2314	1	1
101.907	2315	3	1
101.946	2316	2	1
101.985	2317	1	1
101.985	2318	4	1
102.102	2319	3	1
102.102	2320	4	1
102.161	2321	2	1
102.219	2322	1	1
102.219	2323	3	1
102.337	2324	2	1
102.337	2325	4	1
102.454	2326	4	1
102.493	2327	1	1
102.532	2328	3	1
102.571	2329	2	1
102.600	2330	4	1
102.610	2331	1	1
102.649	2332	2	1
102.688	2333	3	1
102.688	2334	4	1
102.805	2335	2	1
102.805	2336	3	1
102.923	2337	1	1
102.962	2338	4	1
103.001	2339	2	1
103.040	2340	3	1
103.069	2341	1	1
103.079	2342	4	1
103.118	2343	3	1
103.157	2344	1	1
103.157	2345	2	1
103.274	2346	2	1
103.274	2347	4	1
103.333	2348	3	1
103.391	2349	1	1
103.391	2350	4	1
103.509	2351	1	1
103.509	2352	3	1
103.626	2353	1	1
103.626	2354	4	1
103.743	2355	1	1
103.743	2356	2	1
103.860	2357	2	1
103.860	2358	3	1
103.919	2359	1	1
103.977	2360	3	1
103.977	2361	4	1
104.094	2362	1	1
104.134	2363	4	1
104.173	2364	2	1
104.212	2365	1	1
104.251	2366	3	1
104.290	2367	2	1
104.329	2368	1	1
104.329	2369	4	1
104.446	2370	3	1
104.446	2371	4	1
104.505	2372	1	1
104.563	2373	2	1
104.563	2374	3	1
104.680	2375	2	1
104.680	2376	4	1
104.739	2377	3	1
104.798	2378	1	1
104.798	2379	4	1
104.915	2380	3	1
104.944	2381	2	1
104.973	2382	4	1
105.003	2383	1	1
105.032	2384	2	1
105.032	2385	3	1
105.149	2386	1	1
105.149	2387	4	1
105.208	2388	3	1
105.266	2389	1	1
105.266	2390	2	1
105.384	2391	2	1
105.384	2392	3	1
105.501	2393	4	1
105.540	2394	1	1
105.579	2395	3	1
105.618	2396	4	1
105.657	2397	2	1
105.696	2398	3	1
105.735	2399	1	1
105.735	2400	4	1
105.852	2401	1	1
105.852	2402	2	1
105.911	2403	3	1
105.969	2404	2	1
105.969	2405	4	1
106.087	2406	1	1
106.087	2407	3	1
106.204	2408	1	1
106.243	2409	4	1
106.282	2410	2	1
106.321	2411	3	1
106.350	2412	1	1
106.360	2413	4	1
106.399	2414	3	1
106.438	2415	1	1
106.438	2416	2	1
106.555	2417	2	1
106.555	2418	3	1
106.673	2419	4	1
106.712	2420	1	1
106.751	2421	3	1
106.790	2422	2	1
106.819	2423	4	1
106.829	2424	1	1
106.868	2425	2	1
106.907	2426	3	1
106.907	2427	4	1
106.966	2428	1	1
107.024	2429	2	1
107.024	2430	4	1
107.083	2431	1	1
107.141	2432	3	1
107.141	2433	4	1
107.259	2434	2	1
107.259	2435	3	1
107.376	2436	1	1
107.376	2437	2	1
107.434	2438	4	1
107.493	2439	1	1
107.493	2440	3	1
107.551	2441	4	1
107.610	2442	2	1
107.610	2443	3	1
107.727	2444	2	1
107.727	2445	4	1
107.786	2446	1	1
107.844	2447	3	1
107.844	2448	4	1
107.962	2449	3	1
107.962	2450	4	1
108.020	2451	1	1
108.079	2452	2	1
108.079	2453	4	1
108.196	2454	1	1
108.196	2455	3	1
108.255	2456	4	1
108.313	2457	1	1
108.313	2458	2	1
108.372	2459	3	1
108.430	2460	1	1
108.430	2461	2	1
108.469	2462	4	1
108.509	2463	3	1
108.548	2464	1	1
108.606	2465	4	1
108.645	2466	2	1
108.684	2467	3	1
108.782	2468	1	1
108.782	2469	4	1
108.899	2470	1	1
108.899	2471	3	1
108.958	2472	4	1
109.016	2473	2	1
109.016	2474	3	1
109.134	2475	1	1
109.134	2476	2	1
109.192	2477	4	1
109.251	2478	1	1
109.251	2479	3	1
109.368	2480	2	1
109.368	2481	4	1
109.485	2482	2	1
109.485	2483	3	1
109.544	2484	1	1
109.602	2485	2	1
109.602	2486	4	1
109.661	2487	3	1
109.719	2488	1	1
109.759	2489	4	1
109.798	2490	2	1
109.837	2491	3	1
109.915	2492	2	1
109.954	2493	3	1
109.993	2494	1	1
110.048	2495	4	1
110.094	2496	1	1
110.188	2497	3	1
110.227	2498	2	1
110.266	2499	4	1
110.305	2500	1	1
110.384	2501	4	1
110.423	2502	1	1
110.462	2503	3	1
110.516	2504	2	1
110.563	2505	3	1
110.657	2506	1	1
110.657	2507	2	1
110.716	2508	4	1
110.774	2509	1	1
110.774	2510	3	1
110.833	2511	4	1
110.891	2512	1	1
110.891	2513	2	1
111.009	2514	2	1
111.009	2515	3	1
111.126	2516	3	1
111.126	2517	4	1
111.184	2518	1	1
111.243	2519	2	1
111.243	2520	4	1
111.301	2521	1	1
111.360	2522	2	1
111.360	2523	3	1
111.477	2524	1	1
111.477	2525	3	1
111.536	2526	4	1
111.594	2527	1	1
111.594	2528	2	1
111.712	2529	1	1
111.712	2530	2	1
111.770	2531	4	1
111.829	2532	1	1
111.829	2533	3	1
111.946	2534	2	1
111.946	2535	4	1
112.005	2536	1	1
112.063	2537	3	1
112.063	2538	4	1
112.122	2539	2	1
112.180	2540	3	1
112.180	2541	4	1
112.219	2542	1	1
112.259	2543	2	1
112.298	2544	4	1
112.356	2545	1	1
112.395	2546	3	1
112.434	2547	2	1
112.532	2548	1	1
112.532	2549	4	1
112.649	2550	1	1
112.649	2551	3	1
112.708	2552	2	1
112.766	2553	3	1
112.766	2554	4	1
112.884	2555	1	1
112.884	2556	2	1
112.942	2557	4	1
113.001	2558	1	1
113.001	2559	3	1
113.059	2560	4	1
113.118	2561	2	1
113.118	2562	3	1
113.176	2563	1	1
113.235	2564	2	1
113.235	2565	4	1
113.294	2566	1	1
113.294	2567	3	1
113.352	2568	4	1
113.411	2569	1	1
113.411	2570	2	1
113.469	2571	4	1
113.516	2572	3	1
113.563	2573	1	1
113.610	2574	4	1
113.657	2575	2	1
113.704	2576	1	1
113.751	2577	3	1
113.798	2578	2	1
113.844	2579	1	1
113.891	2580	4	1
113.985	2581	3	1
114.032	2582	1	1
114.079	2583	2	1
114.126	2584	4	1
114.173	2585	1	1
114.219	2586	3	1
114.266	2587	4	1
114.313	2588	2	1
114.360	2589	3	1
114.407	2590	1	2
114.407	2591	4	2
114.524	2592	3	1
114.524	2593	1	3
114.583	2594	1	1
114.641	2595	2	1
114.641	2596	4	3
114.759	2597	1	2
114.759	2598	2	2
114.759	2599	3	1
114.876	2600	4	1
114.876	2601	2	3
114.993	2602	4	1
114.993	2603	1	3
115.110	2604	3	1
115.211	2605	1	1
115.227	2606	3	1
115.278	2607	2	1
115.344	2608	4	2
115.432	2609	2	1
115.476	2610	1	1
115.520	2611	3	1
115.579	2612	2	1
115.579	2613	4	3
115.696	2614	2	1
115.735	2615	4	1
115.774	2616	3	1
115.813	2617	1	1
115.852	2618	4	1
115.930	2619	1	1
115.969	2620	3	1
116.009	2621	4	1
116.048	2622	2	1
116.087	2623	3	1
116.126	2624	1	1
116.165	2625	2	1
116.282	2626	1	1
116.282	2627	3	2
116.282	2628	4	2
116.399	2629	3	3
116.516	2630	2	1
116.516	2631	3	1
116.516	2632	4	3
116.634	2633	1	2
116.634	2634	2	2
116.634	2635	4	1
116.751	2636	2	3
116.868	2637	1	3
116.885	2638	3	1
116.952	2639	2	1
116.985	2640	4	1
117.019	2641	1	1
117.086	2642	2	1
117.102	2643	4	1
117.153	2644	1	1
117.219	2645	3	1
117.278	2646	2	1
117.337	2647	3	1
117.395	2648	4	1
117.425	2649	1	1
117.454	2650	2	1
117.512	2651	4	1
117.571	2652	3	1
117.688	2653	1	2
117.688	2654	2	2
117.688	2655	3	2
117.776	2656	1	3
117.776	2657	2	3
117.776	2658	3	3
117.864	2659	1	2
117.864	2660	2	2
117.864	2661	3	2
117.952	2662	1	3
117.952	2663	2	3
117.952	2664	3	3
118.040	2665	1	1
118.040	2666	2	1
118.040	2667	3	1
118.157	2668	1	2
118.157	2669	3	1
118.157	2670	4	2
118.274	2671	2	1
118.274	2672	4	3
118.333	2673	4	1
118.391	2674	3	1
118.391	2675	1	3
118.509	2676	2	1
118.509	2677	3	2
118.509	2678	4	2
118.626	2679	1	1
118.626	2680	3	3
118.743	2681	1	1
118.743	2682	4	3
118.860	2683	2	1
118.961	2684	4	1
118.977	2685	2	1
119.028	2686	3	1
119.094	2687	1	2
119.182	2688	3	1
119.226	2689	4	1
119.270	2690	2	1
119.329	2691	3	1
119.329	2692	1	3
119.446	2693	3	1
119.485	2694	1	1
119.524	2695	2	1
119.563	2696	4	1
119.602	2697	1	1
119.680	2698	4	1
119.719	2699	2	1
119.759	2700	1	1
119.798	2701	3	1
119.856	2702	4	1
119.915	2703	2	1
120.032	2704	1	2
120.032	2705	2	2
120.032	2706	4	1
120.149	2707	2	3
120.266	2708	2	1
120.266	2709	3	1
120.266	2710	1	3
120.384	2711	1	1
120.384	2712	3	2
120.384	2713	4	2
120.501	2714	3	3
120.618	2715	2	1
120.618	2716	4	3
120.735	2717	2	1
120.735	2718	3	1
120.794	2719	1	1
120.852	2720	3	1
120.911	2721	4	1
120.969	2722	2	1
120.984	2723	1	1
121.087	2724	3	1
121.101	2725	1	1
121.204	2726	3	1
121.218	2727	2	1
121.321	2728	4	1
121.336	2729	2	1
121.438	2730	1	1
121.438	2731	3	1
121.438	2732	4	1
121.555	2733	3	1
121.555	2734	4	1
121.614	2735	1	1
121.673	2736	2	1
121.673	2737	3	1
121.790	2738	2	1
121.790	2739	3	1
121.907	2740	1	1
121.907	2741	2	1
121.907	2742	4	1
122.024	2743	3	1
122.083	2744	1	1
122.141	2745	2	1
122.156	2746	4	1
122.259	2747	2	1
122.273	2748	3	1
122.376	2749	2	1
122.376	2750	4	1
122.434	2751	1	1
122.493	2752	3	1
122.551	2753	1	1
122.610	2754	2	1
122.610	2755	3	1
122.669	2756	4	1
122.727	2757	2	1
122.786	2758	4	1
122.844	2759	3	1
122.859	2760	1	1
122.962	2761	3	1
122.976	2762	1	1
123.079	2763	3	1
123.093	2764	2	1
123.196	2765	3	1
123.211	2766	2	1
123.313	2767	1	1
123.313	2768	4	1
123.360	2769	3	1
123.407	2770	2	1
123.454	2771	4	1
123.548	2772	1	1
123.548	2773	3	1
123.587	2774	2	1
123.626	2775	3	1
123.665	2776	1	1
123.723	2777	4	1
123.782	2778	1	1
123.782	2779	2	1
123.782	2780	3	1
123.899	2781	2	1
123.958	2782	4	1
124.016	2783	3	1
124.031	2784	1	1
124.134	2785	3	1
124.148	2786	2	1
124.251	2787	3	1
124.251	2788	4	1
124.309	2789	1	1
124.368	2790	4	1
124.426	2791	1	1
124.485	2792	2	1
124.485	2793	4	1
124.544	2794	3	1
124.602	2795	2	1
124.661	2796	3	1
124.719	2797	1	1
124.719	2798	4	1
124.807	2799	2	1
124.851	2800	3	1
124.881	2801	1	1
124.910	2802	4	1
124.954	2803	2	1
124.954	2804	3	1
125.071	2805	2	1
125.188	2806	1	1
125.188	2807	3	1
125.188	2808	4	1
125.266	2809	2	1
125.344	2810	3	1
125.423	2811	1	1
125.423	2812	4	1
125.540	2813	3	1
125.540	2814	4	1
125.598	2815	2	1
125.657	2816	1	1
125.657	2817	3	1
125.657	2818	4	1
125.774	2819	1	1
125.774	2820	3	1
125.891	2821	1	1
125.891	2822	2	1
125.891	2823	4	1
126.009	2824	2	1
126.009	2825	4	1
126.126	2826	1	1
126.126	2827	3	1
126.126	2828	4	1
126.184	2829	2	1
126.243	2830	3	1
126.301	2831	2	1
126.360	2832	3	1
126.360	2833	4	1
126.419	2834	1	1
126.477	2835	3	1
126.536	2836	1	1
126.594	2837	2	1
126.594	2838	3	1
126.653	2839	4	1
126.712	2840	2	1
126.770	2841	4	1
126.829	2842	1	1
126.829	2843	2	1
126.887	2844	3	1
126.946	2845	2	1
127.005	2846	3	1
127.063	2847	1	2
127.063	2848	4	1
127.122	2849	2	2
127.122	2850	1	3
127.180	2851	1	2
127.180	2852	4	1
127.180	2853	2	3
127.239	2854	2	2
127.268	2855	1	3
127.298	2856	4	2
127.298	2857	2	3
127.356	2858	3	2
127.356	2859	4	3
127.415	2860	1	1
127.415	2861	4	2
127.415	2862	3	3
127.473	2863	3	2
127.503	2864	4	3
127.532	2865	1	1
127.532	2866	2	1
127.532	2867	3	3
127.591	2868	4	1
127.649	2869	2	1
127.649	2870	3	1
127.708	2871	1	1
127.766	2872	2	1
127.766	2873	3	1
127.825	2874	4	1
127.884	2875	1	1
127.884	2876	3	1
127.942	2877	2	1
128.001	2878	3	1
128.001	2879	4	1
128.059	2880	1	1
128.118	2881	2	1
128.118	2882	4	1
128.176	2883	1	1
128.235	2884	2	1
128.235	2885	3	1
128.294	2886	4	1
128.352	2887	1	1
128.352	2888	3	1
128.411	2889	4	1
128.469	2890	1	2
128.469	2891	2	2
128.469	2892	3	2
128.528	2893	1	3
128.587	2894	2	3
128.645	2895	3	3
128.938	2896	2	2
128.968	2897	1	1
128.997	2898	4	1
129.143	2899	4	1
129.173	2900	3	2
129.231	2901	2	3
129.290	2902	3	3
129.407	2903	1	2
129.407	2904	2	1
129.407	2905	3	2
129.407	2906	4	2
129.485	2907	2	1
129.485	2908	3	3
129.568	2909	3	1
129.568	2910	1	3
129.568	2911	4	3
129.641	2912	1	1
129.719	2913	4	1
129.798	2914	2	1
129.876	2915	3	1
129.954	2916	1	1
130.034	2917	3	1
130.125	2918	2	1
130.230	2919	4	1
130.360	2920	2	1
130.485	2921	3	1
130.657	2922	3	1