Song Name	Snowy*heart [EXTENDED CUT] (Hard) by AAAA
Difficulty	23
Primary Color	Chill
Secondary Color	Flow
Last Note Time	227.080
Total Notes	2486
Fever Fill	625
Fever Time	34.062000
Long Notes	611
BPM	181
Song Length	230.748639456

Timing Points
0.076	329.6703
0.076	329.6703
55.307	329.6703
55.307	329.6703
76.600	338.5049
76.600	338.5049
92.683	338.5049
92.683	329.6703
113.795	329.6703
113.795	329.6703
134.893	329.6703
134.893	338.5049
143.017	352.9412
143.017	352.9412
145.840	329.6703
145.840	329.6703
151.422	329.6703
151.422	329.6703
151.751	329.6703
151.751	329.6703


Song Data
0.076	1	1	1
0.076	2	3	1
0.076	3	4	1
0.240	4	2	1
0.405	5	1	2
0.570	6	4	1
0.735	7	4	2
0.735	8	1	3
1.065	9	1	2
1.065	10	4	3
1.229	11	2	1
1.229	12	4	2
1.229	13	1	3
1.394	14	3	1
1.559	15	4	3
1.724	16	2	2
1.889	17	4	1
2.054	18	1	2
2.054	19	2	3
2.383	20	3	2
2.383	21	1	3
2.713	22	1	1
2.713	23	2	2
2.713	24	3	3
2.878	25	3	1
3.043	26	4	1
3.043	27	2	3
3.207	28	4	2
3.372	29	3	2
3.537	30	2	1
3.702	31	1	1
3.867	32	2	1
4.032	33	1	1
4.032	34	3	3
4.032	35	4	3
4.196	36	2	1
4.361	37	3	1
4.526	38	4	1
4.691	39	4	2
4.856	40	2	1
4.856	41	4	3
5.021	42	2	2
5.185	43	4	2
5.185	44	2	3
5.350	45	2	1
5.350	46	3	2
5.350	47	4	3
5.391	48	1	1
5.680	49	4	2
5.680	50	3	3
5.845	51	2	1
5.845	52	4	3
6.010	53	3	1
6.174	54	1	2
6.339	55	4	2
6.339	56	1	3
6.504	57	2	2
6.504	58	3	1
6.504	59	4	3
6.545	60	1	1
6.834	61	3	2
6.834	62	2	3
6.999	63	1	2
6.999	64	3	3
7.163	65	2	1
7.163	66	3	2
7.163	67	1	3
7.493	68	4	2
7.493	69	3	3
7.658	70	2	2
7.658	71	4	3
7.823	72	4	2
7.823	73	2	3
7.988	74	1	1
7.988	75	3	1
8.152	76	2	1
8.152	77	4	3
8.317	78	2	2
8.317	79	4	2
8.482	80	1	1
8.647	81	3	2
8.647	82	4	3
8.812	83	4	1
8.977	84	1	1
9.141	85	4	1
9.306	86	1	1
9.306	87	2	3
9.306	88	3	3
9.471	89	3	1
9.636	90	1	2
9.801	91	4	1
9.966	92	3	2
9.966	93	4	2
9.966	94	1	3
10.130	95	2	1
10.130	96	3	3
10.295	97	1	2
10.295	98	3	2
10.295	99	4	3
10.460	100	2	1
10.460	101	1	3
10.625	102	2	2
10.625	103	4	1
10.625	104	3	3
10.955	105	1	1
11.119	106	4	1
11.119	107	2	3
11.284	108	2	2
11.449	109	3	2
11.449	110	2	3
11.614	111	4	2
11.614	112	3	3
11.779	113	1	2
11.779	114	2	2
11.779	115	4	3
11.944	116	3	1
11.944	117	4	1
12.108	118	4	1
12.108	119	2	3
12.273	120	2	1
12.273	121	1	3
12.438	122	4	2
12.603	123	1	1
12.768	124	3	1
12.933	125	2	2
12.933	126	4	3
13.097	127	4	1
13.097	128	2	3
13.139	129	3	2
13.262	130	1	1
13.262	131	2	1
13.427	132	4	1
13.592	133	2	1
13.757	134	1	1
13.922	135	2	1
13.922	136	3	3
14.251	137	3	2
14.416	138	2	2
14.416	139	3	3
14.581	140	3	1
14.581	141	4	1
14.746	142	1	1
14.911	143	4	2
14.911	144	2	3
15.076	145	1	2
15.076	146	4	3
15.240	147	4	1
15.570	148	2	2
15.570	149	1	3
15.735	150	4	2
15.735	151	2	3
15.900	152	1	1
15.900	153	3	1
16.065	154	2	1
16.065	155	4	3
16.229	156	2	2
16.312	157	3	2
16.394	158	1	1
16.559	159	4	1
16.724	160	1	1
16.889	161	4	1
16.889	162	3	3
17.054	163	3	1
17.218	164	1	1
17.218	165	4	1
17.218	166	2	3
17.301	167	2	1
17.383	168	3	1
17.466	169	1	1
17.548	170	3	1
17.630	171	4	1
17.713	172	2	1
17.795	173	3	1
17.878	174	4	1
17.960	175	1	1
18.043	176	2	1
18.125	177	3	1
18.207	178	1	1
18.249	179	2	1
18.290	180	3	1
18.331	181	4	1
18.372	182	1	1
18.413	183	2	1
18.455	184	3	1
18.496	185	4	1
18.537	186	1	1
18.537	187	2	1
18.702	188	3	1
18.867	189	1	2
18.867	190	4	1
19.032	191	2	1
19.196	192	3	2
19.196	193	1	3
19.238	194	4	2
19.361	195	1	1
19.361	196	2	1
19.526	197	1	1
19.526	198	2	2
19.526	199	3	3
19.526	200	4	3
19.691	201	3	1
19.691	202	4	2
19.691	203	2	3
20.021	204	1	1
20.021	205	3	1
20.021	206	4	3
20.185	207	2	2
20.185	208	4	1
20.350	209	3	1
20.515	210	1	2
20.515	211	2	3
20.680	212	2	1
20.680	213	3	1
20.845	214	3	2
20.845	215	4	1
20.845	216	1	3
21.174	217	1	1
21.174	218	4	2
21.174	219	3	3
21.339	220	3	1
21.504	221	1	1
21.504	222	2	2
21.504	223	4	3
21.586	224	2	3
21.669	225	2	2
21.999	226	3	1
21.999	227	4	1
22.163	228	1	1
22.163	229	4	1
22.328	230	1	1
22.328	231	3	1
22.493	232	3	1
22.493	233	2	3
22.658	234	1	1
22.658	235	2	1
22.658	236	4	1
22.823	237	3	1
22.823	238	4	1
22.988	239	1	1
22.988	240	2	1
23.152	241	4	2
23.317	242	1	1
23.317	243	3	2
23.317	244	4	3
23.482	245	2	2
23.482	246	4	1
23.482	247	3	3
23.647	248	1	2
23.647	249	2	3
23.812	250	2	1
23.812	251	3	2
23.812	252	1	3
23.853	253	4	2
24.141	254	1	1
24.141	255	2	2
24.141	256	3	3
24.141	257	4	3
24.224	258	2	3
24.306	259	2	2
24.636	260	1	1
24.636	261	4	1
24.801	262	3	1
24.801	263	4	1
24.801	264	2	3
24.966	265	1	2
25.130	266	2	1
25.295	267	3	1
25.295	268	4	1
25.460	269	2	2
25.460	270	4	1
25.460	271	1	3
25.625	272	1	1
25.707	273	4	1
25.790	274	3	2
25.790	275	2	3
25.955	276	1	1
25.955	277	2	1
26.119	278	1	1
26.119	279	4	2
26.119	280	3	3
26.284	281	2	1
26.449	282	2	2
26.449	283	3	1
26.449	284	4	3
26.490	285	1	2
26.779	286	3	1
26.779	287	4	1
26.944	288	3	2
26.944	289	1	3
26.944	290	2	3
27.026	291	3	3
27.108	292	3	2
27.150	293	4	2
27.273	294	1	1
27.438	295	1	1
27.438	296	2	1
27.438	297	4	3
27.603	298	1	1
27.603	299	2	1
27.603	300	4	1
27.933	301	1	1
27.933	302	4	1
27.933	303	3	3
28.015	304	2	1
28.097	305	1	1
28.097	306	3	1
28.180	307	4	1
28.262	308	1	1
28.262	309	2	1
28.345	310	3	1
28.427	311	1	2
28.510	312	4	1
28.592	313	3	1
28.674	314	2	2
28.674	315	1	3
28.757	316	3	1
28.757	317	4	1
28.922	318	3	2
28.922	319	2	3
29.086	320	1	1
29.086	321	2	1
29.086	322	4	2
29.086	323	3	3
29.251	324	3	1
29.416	325	1	1
29.416	326	3	1
29.581	327	2	2
29.581	328	4	3
29.663	329	1	2
29.911	330	3	1
29.911	331	4	1
30.076	332	3	1
30.076	333	4	1
30.076	334	1	3
30.076	335	2	3
30.240	336	1	2
30.240	337	2	2
30.570	338	3	1
30.570	339	1	3
30.652	340	4	1
30.735	341	1	1
30.735	342	3	2
30.735	343	2	3
30.900	344	2	1
31.065	345	4	2
31.065	346	3	3
31.229	347	2	1
31.229	348	3	1
31.394	349	1	2
31.394	350	3	1
31.394	351	4	3
31.724	352	3	1
31.724	353	4	2
31.724	354	1	3
31.765	355	2	1
31.806	356	1	1
31.889	357	3	1
32.054	358	1	1
32.054	359	2	1
32.218	360	3	1
32.383	361	1	1
32.548	362	2	1
32.548	363	3	2
32.548	364	4	3
32.713	365	1	2
32.713	366	4	1
32.713	367	3	3
32.878	368	3	2
32.878	369	4	1
32.878	370	1	3
33.043	371	1	1
33.207	372	2	1
33.207	373	4	1
33.372	374	1	1
33.372	375	4	1
33.372	376	3	3
33.537	377	2	2
33.619	378	2	3
33.702	379	2	1
33.743	380	3	1
33.784	381	4	2
33.867	382	1	1
33.867	383	2	1
33.949	384	3	2
33.949	385	4	3
34.032	386	1	1
34.032	387	2	1
34.196	388	2	2
34.196	389	3	3
34.361	390	3	2
34.361	391	4	1
34.361	392	2	3
34.444	393	1	2
34.691	394	2	1
34.691	395	4	1
34.691	396	3	3
34.856	397	4	2
34.856	398	1	3
34.938	399	4	3
35.021	400	4	2
35.185	401	1	1
35.185	402	3	1
35.350	403	1	1
35.350	404	2	1
35.350	405	4	3
35.515	406	3	2
35.515	407	4	1
35.597	408	1	2
35.845	409	2	1
35.845	410	4	1
35.845	411	3	3
36.010	412	3	2
36.010	413	4	1
36.010	414	1	3
36.174	415	1	1
36.339	416	2	2
36.339	417	3	3
36.504	418	3	1
36.504	419	4	1
36.669	420	1	2
36.669	421	4	1
36.669	422	2	3
36.834	423	2	1
36.999	424	3	1
36.999	425	4	2
36.999	426	1	3
37.040	427	2	1
37.163	428	1	1
37.246	429	2	1
37.328	430	1	1
37.328	431	3	1
37.411	432	4	3
37.493	433	4	2
37.576	434	1	2
37.576	435	4	3
37.658	436	2	2
37.658	437	3	1
37.658	438	1	3
37.823	439	1	1
37.823	440	4	1
37.988	441	3	1
37.988	442	4	1
38.152	443	1	1
38.235	444	3	1
38.317	445	4	1
38.482	446	3	1
38.565	447	1	1
38.647	448	3	1
38.647	449	4	1
38.647	450	2	3
38.729	451	2	1
38.812	452	1	1
38.977	453	2	1
38.977	454	4	2
39.059	455	1	2
39.059	456	4	3
39.141	457	3	2
39.141	458	4	1
39.141	459	1	3
39.224	460	2	2
39.224	461	3	3
39.306	462	3	1
39.306	463	4	2
39.306	464	2	3
39.389	465	2	2
39.389	466	4	3
39.471	467	1	2
39.471	468	2	3
39.554	469	4	2
39.554	470	1	3
39.636	471	1	1
39.636	472	2	1
39.636	473	3	2
39.636	474	4	3
39.966	475	1	1
39.966	476	3	3
40.130	477	3	1
40.130	478	4	2
40.295	479	1	1
40.295	480	2	2
40.295	481	4	3
40.625	482	4	1
40.625	483	2	3
40.790	484	2	1
40.790	485	3	2
40.955	486	1	2
40.955	487	3	3
41.119	488	3	1
41.119	489	4	1
41.119	490	1	3
41.284	491	1	2
41.449	492	3	1
41.449	493	4	2
41.449	494	1	3
41.614	495	1	1
41.614	496	2	1
41.614	497	4	3
41.779	498	2	2
41.779	499	4	1
41.944	500	1	1
41.944	501	3	2
41.944	502	2	3
42.108	503	4	2
42.108	504	3	3
42.273	505	2	1
42.273	506	3	1
42.438	507	1	2
42.438	508	4	3
42.521	509	1	3
42.603	510	4	2
42.768	511	1	1
42.768	512	3	2
42.768	513	4	3
42.850	514	3	3
42.933	515	3	2
42.933	516	4	1
43.097	517	2	2
43.097	518	3	3
43.180	519	2	3
43.262	520	2	2
43.262	521	3	1
43.427	522	1	2
43.427	523	4	1
43.427	524	2	3
43.510	525	1	3
43.592	526	1	2
43.757	527	3	1
43.757	528	4	1
43.922	529	2	1
43.922	530	4	2
43.922	531	1	3
44.004	532	4	3
44.086	533	1	1
44.086	534	2	2
44.251	535	3	1
44.251	536	4	1
44.416	537	1	1
44.416	538	4	1
44.416	539	2	3
44.581	540	2	1
44.581	541	3	2
44.911	542	1	1
44.911	543	2	2
44.911	544	3	3
45.240	545	3	1
45.240	546	4	1
45.240	547	2	3
45.405	548	2	1
45.405	549	4	2
45.570	550	1	2
45.570	551	3	1
45.570	552	4	3
45.900	553	2	1
45.900	554	4	1
45.900	555	1	3
46.065	556	3	2
46.065	557	4	1
46.229	558	2	2
46.229	559	3	3
46.394	560	1	1
46.394	561	3	1
46.394	562	2	3
46.559	563	4	2
46.724	564	1	1
46.724	565	3	2
46.724	566	4	3
46.889	567	2	1
46.889	568	4	1
46.889	569	3	3
47.054	570	1	2
47.054	571	3	1
47.218	572	2	2
47.218	573	4	1
47.218	574	1	3
47.383	575	3	2
47.383	576	2	3
47.548	577	1	1
47.548	578	2	1
47.548	579	4	2
47.548	580	3	3
47.878	581	3	2
47.878	582	4	3
48.043	583	1	1
48.043	584	2	2
48.043	585	3	3
48.207	586	3	1
48.207	587	4	1
48.537	588	1	1
48.537	589	4	1
48.702	590	1	1
48.702	591	3	1
48.867	592	4	1
48.867	593	2	3
49.032	594	1	1
49.032	595	3	1
49.196	596	2	2
49.361	597	3	1
49.361	598	4	1
49.526	599	1	1
49.526	600	4	2
49.526	601	2	3
49.691	602	1	1
49.691	603	2	1
49.856	604	2	1
49.856	605	3	2
49.856	606	4	3
50.021	607	1	1
50.185	608	2	1
50.185	609	4	2
50.185	610	3	3
50.295	611	3	1
50.405	612	1	1
50.515	613	2	1
50.625	614	3	1
50.735	615	1	1
50.845	616	2	1
50.845	617	3	1
50.955	618	1	1
51.065	619	3	1
51.174	620	2	1
51.339	621	2	2
51.339	622	3	1
51.339	623	4	3
51.422	624	1	2
51.422	625	2	3
51.504	626	3	2
51.504	627	4	1
51.504	628	1	3
51.614	629	2	1
51.724	630	1	1
51.834	631	4	1
51.944	632	2	1
52.054	633	1	1
52.163	634	2	1
52.163	635	4	1
52.273	636	1	1
52.383	637	4	1
52.493	638	1	1
52.603	639	2	1
52.713	640	4	1
52.823	641	1	2
52.823	642	2	1
52.823	643	4	1
52.823	644	3	3
53.152	645	4	2
53.482	646	3	2
54.141	647	2	2
54.801	648	1	3
54.801	649	2	3
54.801	650	3	3
54.801	651	4	3
54.966	652	1	1
55.130	653	2	1
55.307	654	3	1
55.307	655	4	2
55.801	656	3	1
55.801	657	4	3
55.966	658	1	2
56.131	659	2	2
56.296	660	3	2
56.296	661	2	3
56.460	662	2	2
56.460	663	1	3
56.460	664	3	3
56.625	665	3	2
56.625	666	2	3
56.790	667	2	1
56.955	668	4	2
57.120	669	1	1
57.120	670	2	2
57.120	671	3	3
57.285	672	3	2
57.285	673	2	3
57.285	674	4	3
57.449	675	4	1
57.614	676	2	2
57.614	677	3	3
57.779	678	3	2
57.779	679	2	3
57.944	680	1	1
57.944	681	4	2
57.944	682	3	3
58.109	683	3	1
58.274	684	2	2
58.274	685	4	3
58.438	686	1	2
58.438	687	2	3
58.603	688	4	2
58.603	689	1	3
58.768	690	1	1
58.768	691	3	2
58.768	692	4	3
58.933	693	2	2
58.933	694	3	3
59.098	695	1	2
59.098	696	2	3
59.263	697	3	2
59.263	698	4	1
59.263	699	1	3
59.427	700	1	1
59.592	701	2	2
59.757	702	1	1
59.757	703	4	2
59.757	704	2	3
59.757	705	3	3
59.922	706	1	2
59.922	707	4	3
60.087	708	2	1
60.087	709	4	1
60.087	710	1	3
60.252	711	3	1
60.416	712	2	1
60.581	713	1	1
60.581	714	4	2
60.746	715	3	1
60.911	716	1	2
60.911	717	4	3
60.993	718	1	3
61.076	719	1	2
61.241	720	4	1
61.405	721	2	2
61.405	722	3	1
61.405	723	1	3
61.570	724	1	2
61.570	725	2	3
61.735	726	4	2
61.735	727	1	3
61.900	728	1	1
61.900	729	3	2
61.900	730	4	3
62.065	731	2	1
62.230	732	4	2
62.230	733	3	3
62.394	734	1	2
62.394	735	2	1
62.394	736	4	3
62.559	737	3	2
62.559	738	1	3
62.724	739	1	1
62.724	740	4	1
62.889	741	2	2
62.889	742	3	3
63.054	743	3	2
63.054	744	2	3
63.219	745	1	1
63.219	746	4	2
63.219	747	3	3
63.383	748	3	1
63.548	749	2	2
63.548	750	4	3
63.713	751	3	2
63.713	752	2	3
63.878	753	4	2
63.878	754	3	3
64.043	755	1	1
64.043	756	3	2
64.043	757	4	3
64.208	758	2	2
64.208	759	3	3
64.372	760	1	2
64.372	761	2	3
64.537	762	3	1
64.537	763	4	2
64.537	764	1	3
64.702	765	1	1
64.867	766	2	2
64.867	767	4	3
64.949	768	2	3
65.032	769	2	2
65.032	770	4	1
65.197	771	1	1
65.361	772	3	1
65.361	773	2	3
65.526	774	1	1
65.526	775	2	1
65.691	776	3	1
65.691	777	4	1
65.856	778	1	1
65.856	779	2	2
65.856	780	4	2
66.186	781	3	2
66.186	782	2	3
66.350	783	3	3
66.350	784	4	3
66.515	785	3	2
66.680	786	4	1
66.845	787	1	2
67.010	788	4	2
67.010	789	1	3
67.010	790	3	3
67.175	791	2	2
67.175	792	4	3
67.339	793	1	1
67.504	794	3	2
67.669	795	4	2
67.669	796	3	3
67.834	797	3	2
67.834	798	2	3
67.834	799	4	3
67.999	800	2	1
67.999	801	3	3
68.081	802	3	1
68.164	803	4	1
68.246	804	1	1
68.328	805	2	1
68.411	806	4	1
68.493	807	1	2
68.493	808	3	1
68.823	809	2	2
68.823	810	1	3
68.988	811	3	2
68.988	812	2	3
69.153	813	1	1
69.153	814	4	2
69.153	815	3	3
69.317	816	2	2
69.482	817	3	2
69.482	818	4	3
69.647	819	4	2
69.647	820	2	3
69.647	821	3	3
69.812	822	1	2
69.812	823	2	2
69.812	824	4	3
69.977	825	2	3
70.142	826	3	2
70.142	827	4	1
70.142	828	1	3
70.307	829	2	1
70.307	830	4	2
70.307	831	3	3
70.471	832	1	2
70.471	833	2	2
70.471	834	4	3
70.636	835	1	3
70.636	836	2	3
70.801	837	1	1
70.801	838	2	1
70.966	839	3	1
70.966	840	4	1
71.131	841	1	1
71.131	842	2	2
71.131	843	4	2
71.460	844	3	2
71.460	845	2	3
71.625	846	1	1
71.625	847	2	1
71.625	848	3	3
71.625	849	4	3
71.790	850	3	2
71.955	851	4	1
72.120	852	2	2
72.120	853	3	3
72.285	854	4	2
72.285	855	2	3
72.449	856	2	2
72.449	857	4	3
72.614	858	3	1
72.614	859	2	3
72.779	860	1	2
72.944	861	2	2
72.944	862	4	1
72.944	863	1	3
73.109	864	3	2
73.109	865	2	3
73.191	866	4	2
73.356	867	3	3
73.438	868	3	2
73.438	869	4	3
73.603	870	4	2
73.603	871	3	3
73.768	872	1	2
73.768	873	2	1
73.768	874	4	3
73.850	875	3	2
74.015	876	1	3
74.098	877	2	2
74.098	878	3	3
74.263	879	4	2
74.263	880	2	3
74.345	881	1	2
74.345	882	4	3
74.427	883	2	1
74.592	884	3	1
74.757	885	4	1
74.922	886	2	1
74.922	887	3	1
75.087	888	2	1
75.087	889	4	1
75.087	890	1	3
75.252	891	3	1
75.252	892	4	1
75.416	893	1	1
75.499	894	2	1
75.581	895	3	1
75.664	896	2	1
75.746	897	4	1
75.828	898	3	1
75.911	899	2	1
75.993	900	3	1
76.076	901	1	1
76.158	902	2	1
76.241	903	3	1
76.323	904	2	1
76.405	905	3	1
76.488	906	4	1
76.600	907	3	2
76.938	908	1	2
77.277	909	2	2
77.277	910	1	3
77.277	911	3	3
77.615	912	4	2
77.954	913	3	2
77.954	914	2	3
78.292	915	1	2
78.292	916	2	2
78.292	917	3	3
78.292	918	4	3
78.631	919	4	2
78.631	920	1	3
78.631	921	2	3
78.969	922	3	2
78.969	923	4	3
79.308	924	2	2
79.308	925	4	2
79.308	926	3	3
79.646	927	3	2
79.646	928	2	3
79.646	929	4	3
79.985	930	1	2
79.985	931	2	2
79.985	932	3	3
80.323	933	4	2
80.323	934	1	3
80.662	935	1	2
80.662	936	3	2
80.662	937	2	3
80.662	938	4	3
81.000	939	4	1
81.000	940	3	3
81.339	941	3	2
81.339	942	4	2
81.339	943	1	3
81.677	944	1	1
81.677	945	4	3
82.016	946	1	2
82.016	947	2	2
82.016	948	3	3
82.354	949	3	2
82.354	950	1	3
82.693	951	1	2
82.693	952	4	2
82.693	953	2	3
82.693	954	3	3
83.031	955	2	2
83.031	956	1	3
83.370	957	1	2
83.370	958	3	2
83.370	959	2	3
83.370	960	4	3
83.708	961	4	2
83.708	962	1	3
84.047	963	1	2
84.047	964	2	2
84.047	965	3	3
84.047	966	4	3
84.385	967	3	2
84.385	968	2	3
84.724	969	2	2
84.724	970	4	2
84.724	971	1	3
84.724	972	3	3
85.062	973	1	2
85.062	974	2	3
85.401	975	2	2
85.401	976	3	2
85.401	977	1	3
85.401	978	4	3
85.739	979	4	2
85.739	980	2	3
86.078	981	1	2
86.078	982	2	2
86.078	983	3	3
86.078	984	4	3
86.416	985	4	1
86.755	986	3	1
86.755	987	1	3
87.093	988	4	1
87.093	989	2	3
87.389	990	1	1
87.432	991	3	2
87.432	992	4	2
88.024	993	1	1
88.024	994	4	3
88.743	995	2	2
88.743	996	4	2
88.743	997	3	3
89.378	998	1	1
89.378	999	2	3
90.055	1000	1	1
90.732	1001	1	1
91.324	1002	4	3
92.683	1003	1	1
92.683	1004	2	1
92.683	1005	3	1
92.683	1006	4	1
93.012	1007	1	2
93.232	1008	2	1
93.232	1009	4	1
93.342	1010	2	1
93.342	1011	3	1
93.342	1012	4	2
93.342	1013	1	3
93.672	1014	1	2
93.672	1015	4	3
93.891	1016	3	1
93.891	1017	4	2
93.891	1018	1	3
94.001	1019	1	1
94.221	1020	1	1
94.221	1021	3	1
94.221	1022	4	3
94.331	1023	2	2
94.331	1024	4	1
94.661	1025	3	2
94.661	1026	4	1
94.661	1027	2	3
94.990	1028	1	2
94.990	1029	3	3
95.320	1030	3	1
95.320	1031	4	2
95.320	1032	1	3
95.650	1033	2	2
95.650	1034	4	3
95.759	1035	2	3
95.869	1036	2	2
95.869	1037	4	1
95.979	1038	1	1
95.979	1039	3	1
95.979	1040	4	1
96.199	1041	3	1
96.309	1042	1	1
96.529	1043	3	1
96.529	1044	4	1
96.639	1045	1	1
96.639	1046	2	3
96.858	1047	2	1
96.858	1048	3	1
96.968	1049	1	1
96.968	1050	4	1
97.078	1051	3	1
97.188	1052	2	2
97.298	1053	1	1
97.298	1054	3	1
97.298	1055	4	2
97.298	1056	2	3
97.408	1057	2	1
97.518	1058	3	2
97.518	1059	4	3
97.628	1060	1	2
97.628	1061	3	3
97.847	1062	2	2
97.847	1063	1	3
97.957	1064	3	2
97.957	1065	4	1
97.957	1066	2	3
98.177	1067	1	1
98.287	1068	4	2
98.287	1069	3	3
98.507	1070	1	1
98.507	1071	2	1
98.507	1072	4	3
98.617	1073	1	1
98.617	1074	3	1
98.617	1075	4	1
98.836	1076	2	2
98.946	1077	3	2
98.946	1078	2	3
99.166	1079	1	1
99.166	1080	4	2
99.166	1081	3	3
99.276	1082	2	1
99.276	1083	3	1
99.496	1084	2	1
99.496	1085	3	2
99.496	1086	4	3
99.606	1087	1	2
99.606	1088	4	1
99.606	1089	3	3
99.825	1090	2	1
99.825	1091	3	2
99.825	1092	1	3
99.935	1093	1	1
99.935	1094	2	1
99.935	1095	4	1
100.155	1096	2	2
100.155	1097	3	3
100.265	1098	4	2
100.265	1099	2	3
100.485	1100	2	2
100.485	1101	4	3
100.595	1102	1	1
100.595	1103	3	1
100.595	1104	4	1
100.814	1105	4	1
100.814	1106	2	3
100.924	1107	4	2
101.144	1108	1	1
101.144	1109	2	1
101.254	1110	1	1
101.254	1111	2	1
101.254	1112	3	1
101.584	1113	3	1
101.803	1114	1	1
101.803	1115	2	1
101.913	1116	3	1
101.913	1117	4	3
102.133	1118	2	1
102.133	1119	4	1
102.243	1120	1	1
102.243	1121	3	2
102.353	1122	4	1
102.463	1123	2	1
102.573	1124	1	1
102.573	1125	4	2
102.573	1126	3	3
102.683	1127	2	1
102.792	1128	3	1
102.902	1129	2	2
102.902	1130	4	3
103.012	1131	1	1
103.122	1132	3	1
103.232	1133	1	2
103.232	1134	4	1
103.232	1135	2	3
103.452	1136	3	1
103.562	1137	2	1
103.781	1138	3	1
103.781	1139	4	1
103.781	1140	1	3
103.891	1141	1	2
103.891	1142	2	1
103.891	1143	4	1
104.111	1144	3	2
104.111	1145	1	3
104.221	1146	2	2
104.221	1147	3	3
104.441	1148	3	1
104.441	1149	4	2
104.441	1150	2	3
104.551	1151	1	1
104.551	1152	2	1
104.770	1153	1	1
104.770	1154	3	1
104.880	1155	2	2
104.880	1156	4	3
104.990	1157	2	3
105.100	1158	2	2
105.210	1159	1	1
105.210	1160	3	1
105.210	1161	4	1
105.540	1162	3	2
105.540	1163	2	3
105.650	1164	3	3
105.759	1165	1	2
105.869	1166	3	1
105.869	1167	4	1
106.089	1168	2	1
106.199	1169	3	1
106.419	1170	2	1
106.419	1171	4	1
106.529	1172	2	1
106.529	1173	3	1
106.529	1174	4	1
106.529	1175	1	3
106.858	1176	3	2
107.078	1177	1	1
107.078	1178	2	2
107.078	1179	3	3
107.188	1180	4	1
107.408	1181	1	1
107.408	1182	3	1
107.518	1183	3	1
107.518	1184	4	2
107.518	1185	2	3
107.628	1186	2	1
107.737	1187	1	2
107.737	1188	4	3
107.847	1189	2	1
107.847	1190	4	1
107.957	1191	3	1
108.067	1192	2	2
108.067	1193	1	3
108.177	1194	3	2
108.177	1195	2	3
108.397	1196	2	2
108.397	1197	3	3
108.507	1198	3	1
108.507	1199	4	2
108.507	1200	2	3
108.726	1201	2	1
108.726	1202	4	3
108.836	1203	1	2
109.056	1204	2	1
109.056	1205	3	2
109.056	1206	1	3
109.166	1207	1	1
109.166	1208	2	1
109.166	1209	4	1
109.496	1210	4	1
109.715	1211	1	1
109.715	1212	2	1
109.825	1213	1	1
109.825	1214	2	1
109.825	1215	4	1
109.825	1216	3	3
110.045	1217	1	1
110.045	1218	3	2
110.155	1219	2	1
110.155	1220	4	2
110.155	1221	3	3
110.375	1222	2	2
110.375	1223	4	3
110.485	1224	1	1
110.485	1225	3	1
110.485	1226	4	1
110.704	1227	3	2
110.704	1228	2	3
110.814	1229	4	2
110.814	1230	3	3
111.034	1231	1	2
111.034	1232	4	3
111.144	1233	3	1
111.144	1234	4	1
111.144	1235	1	3
111.254	1236	2	1
111.364	1237	1	1
111.474	1238	4	1
111.584	1239	3	1
111.693	1240	1	1
111.693	1241	2	1
111.803	1242	3	1
111.803	1243	4	1
111.913	1244	1	1
112.023	1245	2	1
112.023	1246	3	1
112.133	1247	4	1
112.243	1248	1	1
112.353	1249	3	1
112.463	1250	2	1
112.463	1251	4	1
112.545	1252	3	1
112.628	1253	1	1
112.792	1254	3	1
112.875	1255	4	1
112.957	1256	2	1
113.040	1257	4	1
113.122	1258	1	1
113.204	1259	3	1
113.287	1260	1	1
113.369	1261	2	1
113.452	1262	4	1
113.493	1263	3	1
113.534	1264	2	1
113.575	1265	1	1
113.617	1266	4	1
113.699	1267	3	1
113.795	1268	1	1
113.795	1269	2	1
113.795	1270	4	1
114.124	1271	4	1
114.344	1272	1	1
114.454	1273	4	1
114.784	1274	1	1
114.784	1275	2	1
115.003	1276	3	1
115.003	1277	4	1
115.113	1278	2	1
115.333	1279	2	1
115.443	1280	3	1
115.443	1281	4	1
115.484	1282	1	1
115.663	1283	3	1
115.663	1284	4	1
115.773	1285	2	1
115.882	1286	3	1
115.992	1287	4	1
116.102	1288	1	1
116.102	1289	3	1
116.212	1290	2	1
116.322	1291	3	1
116.432	1292	1	1
116.432	1293	4	1
116.762	1294	2	1
116.762	1295	4	1
116.816	1296	3	1
116.871	1297	4	1
116.981	1298	2	1
117.091	1299	1	1
117.091	1300	3	1
117.201	1301	4	1
117.311	1302	3	1
117.421	1303	1	1
117.421	1304	2	1
117.531	1305	3	1
117.641	1306	4	1
117.751	1307	1	1
117.751	1308	2	1
117.970	1309	3	1
117.970	1310	4	1
118.080	1311	1	1
118.080	1312	2	1
118.300	1313	2	1
118.300	1314	3	1
118.410	1315	1	1
118.630	1316	3	1
118.630	1317	4	1
118.740	1318	2	1
118.959	1319	1	1
118.959	1320	4	1
119.069	1321	3	1
119.399	1322	1	1
119.399	1323	4	1
119.509	1324	3	1
119.619	1325	2	1
119.729	1326	1	1
119.729	1327	3	1
119.838	1328	4	1
119.948	1329	2	1
120.058	1330	3	1
120.058	1331	4	1
120.168	1332	2	1
120.278	1333	1	1
120.388	1334	3	1
120.388	1335	4	1
120.608	1336	3	1
120.608	1337	4	1
120.718	1338	1	1
120.827	1339	2	1
120.827	1340	3	1
120.937	1341	4	1
121.047	1342	1	1
121.047	1343	2	1
121.212	1344	4	1
121.267	1345	3	1
121.322	1346	2	1
121.377	1347	1	1
121.377	1348	4	1
121.487	1349	3	1
121.597	1350	2	1
121.707	1351	1	1
121.707	1352	4	1
122.036	1353	2	1
122.256	1354	3	1
122.256	1355	4	1
122.366	1356	1	1
122.586	1357	1	1
122.586	1358	2	1
122.696	1359	4	1
122.915	1360	1	1
122.915	1361	3	1
123.025	1362	2	1
123.025	1363	4	1
123.245	1364	4	1
123.300	1365	3	1
123.355	1366	1	1
123.355	1367	2	1
123.410	1368	3	1
123.410	1369	4	1
123.575	1370	1	1
123.575	1371	2	1
123.685	1372	3	1
123.685	1373	4	1
123.795	1374	1	1
123.904	1375	2	1
124.014	1376	3	1
124.124	1377	1	1
124.124	1378	4	1
124.234	1379	2	1
124.344	1380	1	1
124.344	1381	3	1
124.344	1382	4	1
124.674	1383	1	1
124.674	1384	2	1
124.893	1385	3	1
125.003	1386	4	1
125.113	1387	3	1
125.223	1388	1	1
125.223	1389	2	1
125.333	1390	3	1
125.333	1391	4	1
125.553	1392	3	1
125.553	1393	4	2
125.663	1394	1	2
125.663	1395	2	1
125.882	1396	4	3
125.992	1397	3	1
125.992	1398	4	1
125.992	1399	1	3
126.212	1400	1	2
126.212	1401	2	2
126.322	1402	3	1
126.322	1403	4	2
126.322	1404	2	3
126.542	1405	3	2
126.542	1406	1	3
126.652	1407	1	1
126.652	1408	2	1
126.652	1409	3	3
126.652	1410	4	3
126.762	1411	3	1
126.871	1412	4	1
126.981	1413	2	1
126.981	1414	3	1
127.201	1415	2	1
127.311	1416	1	1
127.311	1417	4	1
127.531	1418	2	1
127.531	1419	3	1
127.641	1420	4	1
127.860	1421	3	1
127.860	1422	4	1
127.970	1423	1	1
127.970	1424	2	1
128.190	1425	1	1
128.190	1426	4	2
128.300	1427	2	1
128.300	1428	3	2
128.520	1429	4	3
128.630	1430	1	1
128.630	1431	4	1
128.630	1432	3	3
128.849	1433	2	2
128.849	1434	3	2
128.959	1435	1	1
128.959	1436	4	1
129.179	1437	4	2
129.179	1438	2	3
129.289	1439	1	1
129.289	1440	2	1
129.289	1441	3	3
129.289	1442	4	3
129.509	1443	1	1
129.509	1444	4	2
129.619	1445	2	1
129.619	1446	3	2
129.729	1447	4	3
129.838	1448	4	2
129.948	1449	1	1
129.948	1450	2	2
129.948	1451	3	3
130.058	1452	4	3
130.168	1453	1	2
130.168	1454	2	3
130.278	1455	3	1
130.278	1456	4	2
130.498	1457	2	1
130.498	1458	3	1
130.498	1459	1	3
130.608	1460	1	1
130.608	1461	4	3
130.718	1462	2	1
130.718	1463	3	1
130.827	1464	1	1
130.827	1465	4	1
130.937	1466	2	2
130.937	1467	3	1
131.157	1468	3	1
131.157	1469	4	2
131.157	1470	2	3
131.377	1471	3	1
131.377	1472	4	3
131.487	1473	2	1
131.597	1474	1	2
131.597	1475	4	2
131.816	1476	2	1
131.816	1477	1	3
131.926	1478	1	1
131.926	1479	3	2
132.146	1480	3	3
132.146	1481	4	3
132.256	1482	1	1
132.256	1483	3	2
132.256	1484	4	2
132.366	1485	3	3
132.476	1486	3	1
132.586	1487	1	1
132.586	1488	2	1
132.805	1489	2	1
132.805	1490	3	2
132.805	1491	4	3
133.135	1492	1	1
133.135	1493	2	1
133.135	1494	3	3
133.245	1495	3	1
133.245	1496	4	1
133.465	1497	3	1
133.465	1498	4	2
133.575	1499	1	1
133.575	1500	2	2
133.685	1501	4	3
133.795	1502	4	1
133.795	1503	2	3
133.849	1504	3	1
133.904	1505	1	1
133.904	1506	2	1
133.959	1507	3	1
133.959	1508	4	1
134.014	1509	2	1
134.069	1510	1	1
134.124	1511	3	1
134.179	1512	4	1
134.234	1513	1	1
134.234	1514	2	1
134.454	1515	4	1
134.490	1516	3	1
134.527	1517	2	1
134.564	1518	1	1
134.564	1519	4	1
134.784	1520	1	1
134.784	1521	2	1
134.893	1522	3	1
134.893	1523	4	1
135.231	1524	4	1
135.570	1525	1	1
135.908	1526	3	1
136.247	1527	2	1
136.585	1528	4	1
136.924	1529	3	1
137.262	1530	1	1
137.601	1531	4	1
137.939	1532	3	1
138.278	1533	2	1
138.616	1534	1	1
138.955	1535	4	1
139.632	1536	3	1
140.309	1537	2	1
140.647	1538	4	1
140.986	1539	1	1
141.324	1540	3	1
141.663	1541	1	1
142.001	1542	2	1
142.340	1543	1	1
142.678	1544	3	1
143.017	1545	4	1
143.369	1546	3	1
143.722	1547	2	1
144.075	1548	1	1
144.428	1549	2	1
145.840	1550	4	1
145.881	1551	3	1
145.922	1552	2	1
145.963	1553	1	1
146.004	1554	4	1
151.422	1555	1	1
151.586	1556	2	1
151.751	1557	3	1
151.751	1558	4	2
152.080	1559	2	1
152.245	1560	3	1
152.245	1561	4	3
152.410	1562	1	2
152.575	1563	4	1
152.740	1564	3	2
152.904	1565	2	2
152.904	1566	1	3
152.904	1567	3	3
153.069	1568	3	2
153.069	1569	4	1
153.069	1570	2	3
153.399	1571	1	1
153.399	1572	4	2
153.564	1573	2	2
153.564	1574	3	3
153.564	1575	4	3
153.729	1576	3	1
153.729	1577	4	2
153.729	1578	2	3
154.058	1579	3	2
154.058	1580	4	3
154.223	1581	1	2
154.223	1582	3	3
154.388	1583	3	2
154.388	1584	4	1
154.388	1585	1	3
154.718	1586	2	2
154.718	1587	3	3
154.882	1588	3	2
154.882	1589	4	1
154.882	1590	2	3
155.047	1591	1	1
155.047	1592	3	3
155.088	1593	4	2
155.212	1594	2	1
155.212	1595	3	2
155.377	1596	2	2
155.377	1597	3	3
155.377	1598	4	3
155.542	1599	1	2
155.542	1600	2	3
155.707	1601	3	2
155.707	1602	4	1
155.707	1603	1	3
156.036	1604	2	2
156.036	1605	3	3
156.201	1606	3	1
156.201	1607	2	3
156.242	1608	4	2
156.366	1609	1	2
156.531	1610	2	1
156.531	1611	4	3
156.696	1612	4	1
156.696	1613	1	3
156.860	1614	1	1
156.860	1615	2	1
157.025	1616	3	1
157.066	1617	4	2
157.355	1618	2	1
157.355	1619	4	3
157.520	1620	2	2
157.685	1621	4	1
157.849	1622	1	1
157.849	1623	3	2
157.849	1624	2	3
158.014	1625	2	2
158.014	1626	3	3
158.179	1627	3	1
158.179	1628	2	3
158.220	1629	4	2
158.344	1630	1	2
158.344	1631	2	1
158.509	1632	4	3
158.674	1633	3	1
158.674	1634	4	2
158.674	1635	1	3
158.838	1636	1	2
158.838	1637	4	3
159.003	1638	4	2
159.003	1639	1	3
159.333	1640	2	2
159.333	1641	4	3
159.498	1642	3	2
159.498	1643	2	3
159.663	1644	1	1
159.663	1645	4	2
159.663	1646	3	3
159.827	1647	4	3
159.992	1648	1	2
160.157	1649	2	2
160.157	1650	1	3
160.322	1651	1	1
160.322	1652	4	2
160.322	1653	2	3
160.487	1654	3	2
160.487	1655	4	3
160.652	1656	2	2
160.652	1657	3	3
160.816	1658	1	2
160.816	1659	3	1
160.816	1660	2	3
160.981	1661	2	1
160.981	1662	4	1
160.981	1663	1	3
161.022	1664	3	2
161.311	1665	2	1
161.311	1666	3	3
161.476	1667	2	2
161.641	1668	4	1
161.805	1669	3	1
161.805	1670	2	3
161.970	1671	1	1
161.970	1672	2	2
162.135	1673	3	2
162.135	1674	2	3
162.300	1675	1	1
162.300	1676	2	1
162.300	1677	4	2
162.300	1678	3	3
162.630	1679	2	1
162.794	1680	3	1
162.794	1681	4	3
162.959	1682	1	2
163.124	1683	4	1
163.289	1684	3	2
163.454	1685	2	2
163.454	1686	1	3
163.454	1687	3	3
163.619	1688	3	2
163.619	1689	4	1
163.619	1690	2	3
163.948	1691	4	2
164.031	1692	1	1
164.113	1693	2	2
164.113	1694	3	3
164.113	1695	4	3
164.196	1696	1	1
164.278	1697	4	2
164.278	1698	2	3
164.360	1699	3	1
164.443	1700	1	1
164.525	1701	2	1
164.608	1702	3	2
164.608	1703	4	3
164.690	1704	4	1
164.772	1705	1	2
164.772	1706	3	3
164.855	1707	2	1
164.937	1708	3	2
164.937	1709	4	1
164.937	1710	1	3
165.267	1711	2	2
165.267	1712	3	3
165.432	1713	3	2
165.432	1714	4	1
165.432	1715	2	3
165.597	1716	1	1
165.597	1717	3	3
165.638	1718	4	2
165.761	1719	2	1
165.761	1720	3	2
165.926	1721	2	2
165.926	1722	3	3
165.926	1723	4	3
166.091	1724	1	2
166.091	1725	2	3
166.256	1726	3	2
166.256	1727	4	2
166.256	1728	1	3
166.421	1729	4	3
166.586	1730	1	2
166.586	1731	2	2
166.586	1732	3	3
166.751	1733	3	1
166.751	1734	1	3
166.751	1735	2	3
166.792	1736	4	2
166.915	1737	1	2
166.915	1738	3	2
167.080	1739	3	3
167.080	1740	4	3
167.245	1741	3	1
167.245	1742	4	2
167.245	1743	1	3
167.410	1744	1	1
167.410	1745	2	1
167.410	1746	4	3
167.575	1747	1	2
167.575	1748	3	1
167.616	1749	4	2
167.740	1750	1	3
167.904	1751	1	1
168.014	1752	2	1
168.069	1753	4	3
168.124	1754	3	1
168.234	1755	2	2
168.234	1756	4	1
168.344	1757	3	1
168.454	1758	1	1
168.564	1759	4	2
168.564	1760	2	3
168.729	1761	2	2
168.729	1762	3	1
168.729	1763	4	3
168.893	1764	1	2
168.893	1765	2	3
169.223	1766	3	2
169.223	1767	4	1
169.223	1768	1	3
169.388	1769	2	2
169.388	1770	3	3
169.553	1771	3	1
169.553	1772	2	3
169.594	1773	4	2
169.882	1774	2	2
169.882	1775	4	3
170.047	1776	3	2
170.047	1777	2	3
170.212	1778	1	2
170.212	1779	4	1
170.212	1780	3	3
170.253	1781	2	2
170.459	1782	1	3
170.542	1783	3	2
170.542	1784	2	3
170.707	1785	1	1
170.707	1786	3	3
170.748	1787	4	2
170.871	1788	3	1
171.036	1789	2	1
171.201	1790	1	1
171.366	1791	2	1
171.531	1792	1	2
171.531	1793	3	1
172.685	1794	1	3
172.685	1795	4	3
172.849	1796	1	2
172.959	1797	2	2
173.069	1798	3	2
173.179	1799	4	2
173.619	1800	1	3
173.619	1801	2	3
173.619	1802	3	3
173.619	1803	4	3
173.838	1804	1	1
173.838	1805	2	1
174.003	1806	3	1
174.003	1807	4	1
174.168	1808	1	1
174.168	1809	2	1
174.168	1810	4	2
174.498	1811	1	1
174.498	1812	3	2
174.663	1813	1	1
174.663	1814	2	1
174.663	1815	3	3
174.663	1816	4	3
174.827	1817	1	2
174.827	1818	2	2
174.992	1819	3	1
174.992	1820	4	1
174.992	1821	2	3
175.157	1822	3	2
175.157	1823	4	1
175.322	1824	2	2
175.322	1825	1	3
175.322	1826	3	3
175.487	1827	3	2
175.487	1828	4	1
175.487	1829	2	3
175.816	1830	1	1
175.816	1831	4	2
175.981	1832	2	2
175.981	1833	3	3
175.981	1834	4	3
176.146	1835	4	1
176.146	1836	2	3
176.229	1837	3	1
176.311	1838	1	1
176.311	1839	2	1
176.393	1840	3	1
176.476	1841	1	1
176.476	1842	2	1
176.558	1843	4	1
176.641	1844	1	1
176.641	1845	3	1
176.723	1846	2	1
176.805	1847	3	2
176.805	1848	4	1
177.135	1849	1	1
177.135	1850	2	2
177.135	1851	3	3
177.300	1852	3	2
177.300	1853	2	3
177.465	1854	1	1
177.465	1855	3	3
177.506	1856	4	2
177.630	1857	2	1
177.630	1858	3	2
177.794	1859	1	1
177.794	1860	2	2
177.794	1861	3	3
177.794	1862	4	3
177.959	1863	1	2
177.959	1864	2	3
178.124	1865	2	2
178.124	1866	3	2
178.124	1867	4	2
178.124	1868	1	3
178.289	1869	2	3
178.289	1870	4	3
178.454	1871	1	2
178.454	1872	2	2
178.454	1873	4	1
178.454	1874	3	3
178.619	1875	3	1
178.619	1876	1	3
178.619	1877	2	3
178.660	1878	4	2
178.783	1879	1	2
178.783	1880	2	1
178.783	1881	3	2
178.948	1882	3	3
178.948	1883	4	3
179.113	1884	2	1
179.113	1885	3	2
179.113	1886	4	2
179.113	1887	1	3
179.278	1888	1	1
179.278	1889	2	1
179.278	1890	3	3
179.278	1891	4	3
179.443	1892	1	1
179.443	1893	2	1
179.443	1894	3	2
179.484	1895	4	2
179.690	1896	3	3
179.772	1897	1	1
179.772	1898	2	2
179.772	1899	4	3
179.855	1900	2	3
179.937	1901	2	2
180.185	1902	4	1
180.267	1903	1	1
180.267	1904	3	2
180.267	1905	2	3
180.432	1906	2	2
180.432	1907	4	1
180.432	1908	3	3
180.597	1909	3	1
180.597	1910	2	3
180.638	1911	4	2
180.761	1912	1	2
180.761	1913	2	1
180.926	1914	4	3
181.091	1915	3	1
181.091	1916	4	2
181.091	1917	1	3
181.256	1918	1	2
181.256	1919	2	1
181.256	1920	4	3
181.421	1921	4	1
181.421	1922	1	3
181.503	1923	3	1
181.586	1924	1	1
181.586	1925	2	1
181.668	1926	4	1
181.751	1927	2	1
181.751	1928	3	1
181.833	1929	1	1
181.915	1930	2	1
181.915	1931	4	1
181.998	1932	3	1
182.080	1933	1	1
182.080	1934	4	2
182.245	1935	4	3
182.410	1936	1	2
182.410	1937	3	1
182.575	1938	2	2
182.575	1939	4	1
182.575	1940	1	3
182.740	1941	4	2
182.740	1942	2	3
182.822	1943	2	1
182.904	1944	1	1
182.904	1945	3	2
182.904	1946	4	3
183.069	1947	2	2
183.069	1948	4	1
183.069	1949	3	3
183.234	1950	1	2
183.234	1951	3	1
183.234	1952	2	3
183.316	1953	2	1
183.399	1954	4	2
183.399	1955	1	3
183.440	1956	3	2
183.729	1957	2	1
183.729	1958	3	3
183.729	1959	4	3
183.893	1960	2	2
184.058	1961	4	1
184.223	1962	3	1
184.223	1963	2	3
184.388	1964	1	1
184.388	1965	3	2
184.388	1966	4	1
184.553	1967	1	2
184.553	1968	3	3
184.718	1969	2	1
184.718	1970	3	1
184.718	1971	4	2
184.718	1972	1	3
185.047	1973	1	1
185.047	1974	3	2
185.212	1975	1	1
185.212	1976	2	1
185.212	1977	3	3
185.212	1978	4	3
185.377	1979	1	2
185.377	1980	2	2
185.542	1981	3	1
185.542	1982	4	1
185.542	1983	2	3
185.707	1984	3	2
185.707	1985	4	1
185.871	1986	2	2
185.871	1987	1	3
185.871	1988	3	3
186.036	1989	3	2
186.036	1990	4	1
186.036	1991	2	3
186.366	1992	2	1
186.366	1993	4	2
186.531	1994	1	1
186.531	1995	2	2
186.531	1996	3	3
186.531	1997	4	3
186.696	1998	4	1
186.696	1999	2	3
186.778	2000	3	1
186.860	2001	1	1
186.860	2002	2	1
186.943	2003	4	1
187.025	2004	1	1
187.025	2005	2	1
187.108	2006	3	1
187.190	2007	2	1
187.190	2008	4	1
187.272	2009	1	1
187.355	2010	2	1
187.355	2011	3	2
187.685	2012	2	2
187.685	2013	4	1
187.685	2014	3	3
187.849	2015	3	2
187.849	2016	2	3
188.014	2017	1	1
188.014	2018	3	3
188.055	2019	4	2
188.097	2020	2	1
188.179	2021	1	1
188.179	2022	3	2
188.344	2023	1	1
188.344	2024	2	2
188.344	2025	3	3
188.344	2026	4	3
188.509	2027	1	2
188.509	2028	2	3
188.674	2029	2	2
188.674	2030	3	2
188.674	2031	4	2
188.674	2032	1	3
188.838	2033	2	3
188.838	2034	4	3
189.003	2035	1	2
189.003	2036	2	2
189.003	2037	4	1
189.003	2038	3	3
189.168	2039	3	1
189.168	2040	1	3
189.168	2041	2	3
189.209	2042	4	2
189.333	2043	1	2
189.333	2044	2	1
189.333	2045	3	2
189.498	2046	3	3
189.498	2047	4	3
189.663	2048	2	1
189.663	2049	3	2
189.663	2050	4	2
189.663	2051	1	3
189.827	2052	1	1
189.827	2053	3	3
189.827	2054	4	3
189.992	2055	1	2
189.992	2056	2	1
189.992	2057	3	1
190.033	2058	4	2
190.322	2059	2	1
190.322	2060	3	1
190.322	2061	1	3
190.487	2062	1	1
190.487	2063	4	3
190.652	2064	2	2
190.734	2065	1	1
190.816	2066	3	1
190.816	2067	4	1
190.981	2068	3	1
190.981	2069	4	2
190.981	2070	2	3
191.146	2071	2	2
191.146	2072	4	3
191.311	2073	1	2
191.311	2074	4	1
191.311	2075	2	3
191.641	2076	3	2
191.641	2077	4	1
191.641	2078	1	3
191.805	2079	1	1
191.805	2080	2	2
191.805	2081	3	3
191.970	2082	3	1
191.970	2083	2	3
192.011	2084	4	2
192.053	2085	1	1
192.135	2086	2	1
192.135	2087	3	1
192.300	2088	1	1
192.300	2089	2	2
192.300	2090	4	3
192.465	2091	3	2
192.465	2092	2	3
192.630	2093	1	2
192.630	2094	4	2
192.630	2095	3	3
192.671	2096	2	2
192.794	2097	4	3
192.877	2098	1	3
192.959	2099	3	2
192.959	2100	4	1
192.959	2101	2	3
193.124	2102	1	1
193.124	2103	2	1
193.124	2104	4	2
193.124	2105	3	3
193.289	2106	3	1
193.371	2107	2	1
193.454	2108	1	1
193.454	2109	3	1
193.783	2110	1	1
193.783	2111	2	1
194.031	2112	2	1
194.113	2113	1	1
194.113	2114	3	1
194.278	2115	2	1
194.443	2116	1	1
194.443	2117	3	1
194.443	2118	4	3
194.608	2119	2	2
194.690	2120	3	1
194.772	2121	1	1
194.772	2122	4	2
194.772	2123	2	3
194.937	2124	3	2
194.937	2125	4	3
195.102	2126	1	2
195.102	2127	2	1
195.102	2128	3	3
195.267	2129	4	2
195.267	2130	1	3
195.432	2131	1	1
195.432	2132	2	1
195.514	2133	4	3
195.597	2134	1	1
195.597	2135	4	2
195.638	2136	3	2
195.761	2137	1	2
195.761	2138	3	3
195.761	2139	4	3
195.844	2140	2	2
195.926	2141	3	1
195.926	2142	4	1
196.091	2143	3	1
196.091	2144	4	1
196.256	2145	3	1
196.256	2146	4	1
196.421	2147	3	1
196.421	2148	4	1
196.421	2149	2	3
196.586	2150	2	1
196.586	2151	3	1
196.668	2152	4	1
196.751	2153	2	1
196.833	2154	3	1
196.915	2155	2	1
196.915	2156	4	1
196.998	2157	3	1
197.080	2158	4	1
197.163	2159	2	1
197.245	2160	3	1
197.245	2161	4	1
197.245	2162	1	3
197.327	2163	2	1
197.410	2164	1	1
197.410	2165	3	1
197.492	2166	4	1
197.575	2167	1	1
197.630	2168	2	1
197.685	2169	3	1
197.740	2170	1	1
197.740	2171	4	1
197.822	2172	2	1
197.904	2173	4	1
197.959	2174	3	1
198.014	2175	2	1
198.069	2176	1	1
198.069	2177	4	1
198.399	2178	2	1
198.729	2179	3	1
199.058	2180	1	1
199.388	2181	4	1
199.718	2182	2	1
200.047	2183	3	1
200.377	2184	1	1
200.707	2185	4	1
201.036	2186	2	1
201.366	2187	3	1
201.696	2188	1	1
202.025	2189	4	1
202.355	2190	2	2
202.685	2191	4	2
202.685	2192	2	3
203.014	2193	2	1
203.014	2194	4	3
203.179	2195	1	1
203.179	2196	2	2
203.179	2197	4	1
203.509	2198	3	1
203.509	2199	4	1
203.509	2200	2	3
203.674	2201	4	2
203.921	2202	3	1
204.003	2203	1	1
204.003	2204	2	1
204.168	2205	2	1
204.168	2206	3	1
204.333	2207	1	1
204.498	2208	1	1
204.498	2209	3	1
204.827	2210	1	1
204.827	2211	2	1
204.992	2212	3	1
205.240	2213	3	1
205.322	2214	1	1
205.322	2215	2	1
205.404	2216	3	1
205.487	2217	1	1
205.487	2218	2	1
205.569	2219	3	1
205.652	2220	2	1
205.734	2221	1	1
205.816	2222	2	1
205.816	2223	3	1
206.146	2224	1	1
206.146	2225	2	1
206.311	2226	3	1
206.476	2227	1	1
206.476	2228	4	3
206.558	2229	2	1
206.558	2230	3	1
206.641	2231	1	1
206.641	2232	4	1
206.805	2233	3	1
206.805	2234	4	1
206.970	2235	1	1
206.970	2236	2	1
207.135	2237	1	1
207.135	2238	2	1
207.135	2239	3	1
207.135	2240	4	1
207.300	2241	4	1
207.465	2242	1	1
207.465	2243	2	1
207.465	2244	3	1
207.465	2245	4	1
207.630	2246	1	1
207.794	2247	1	1
207.794	2248	2	1
207.794	2249	3	1
207.794	2250	4	1
207.959	2251	3	1
207.959	2252	4	1
208.124	2253	1	1
208.124	2254	2	1
208.124	2255	3	1
208.124	2256	4	1
208.289	2257	1	1
208.289	2258	2	1
208.454	2259	1	2
208.454	2260	2	2
208.454	2261	3	2
208.454	2262	4	1
208.619	2263	2	3
208.619	2264	3	3
208.783	2265	3	1
208.783	2266	4	1
208.948	2267	2	1
208.948	2268	3	1
209.196	2269	4	1
209.278	2270	2	1
209.278	2271	3	1
209.443	2272	3	1
209.443	2273	4	2
209.443	2274	1	3
209.608	2275	2	2
209.608	2276	4	3
209.772	2277	1	1
209.772	2278	4	2
209.772	2279	2	3
210.102	2280	1	1
210.102	2281	3	1
210.267	2282	2	1
210.267	2283	3	1
210.514	2284	1	1
210.597	2285	2	1
210.597	2286	3	1
210.679	2287	1	1
210.761	2288	2	1
210.761	2289	3	1
210.844	2290	1	1
210.926	2291	2	1
211.009	2292	3	1
211.091	2293	1	1
211.091	2294	2	1
211.421	2295	1	1
211.421	2296	3	1
211.586	2297	2	1
211.751	2298	1	1
211.751	2299	4	3
211.833	2300	3	1
211.833	2301	4	1
211.915	2302	1	1
211.915	2303	2	1
212.080	2304	3	1
212.080	2305	4	1
212.245	2306	1	1
212.245	2307	2	1
212.327	2308	3	1
212.410	2309	1	1
212.410	2310	2	1
212.410	2311	4	1
212.740	2312	1	1
212.822	2313	2	1
212.904	2314	3	1
213.069	2315	3	1
213.234	2316	4	1
213.399	2317	1	1
213.399	2318	2	1
213.399	2319	3	1
213.729	2320	1	1
213.729	2321	2	1
213.729	2322	3	1
213.729	2323	4	1
214.058	2324	3	1
214.058	2325	4	1
214.223	2326	1	2
214.223	2327	2	1
214.388	2328	4	1
214.470	2329	2	1
214.553	2330	3	1
214.553	2331	4	1
214.553	2332	1	3
214.718	2333	1	1
214.718	2334	2	2
214.882	2335	3	2
214.882	2336	2	3
215.047	2337	1	1
215.047	2338	4	2
215.047	2339	3	3
215.377	2340	1	1
215.377	2341	3	1
215.542	2342	2	1
215.542	2343	3	1
215.542	2344	4	3
215.707	2345	1	2
215.789	2346	3	2
215.789	2347	1	3
215.871	2348	1	1
215.871	2349	2	2
215.871	2350	3	3
215.954	2351	4	2
215.954	2352	2	3
216.036	2353	1	2
216.036	2354	3	1
216.036	2355	4	3
216.119	2356	2	2
216.119	2357	1	3
216.201	2358	4	2
216.201	2359	2	3
216.283	2360	3	2
216.283	2361	4	3
216.366	2362	1	1
216.366	2363	2	2
216.366	2364	3	3
216.696	2365	3	2
216.696	2366	4	1
216.696	2367	2	3
216.860	2368	2	2
216.860	2369	3	3
217.025	2370	4	2
217.108	2371	3	1
217.190	2372	1	1
217.190	2373	2	3
217.355	2374	1	1
217.355	2375	2	2
217.355	2376	4	3
217.520	2377	4	1
217.520	2378	2	3
217.685	2379	1	2
217.685	2380	2	2
217.685	2381	3	1
217.685	2382	4	1
217.849	2383	1	3
217.849	2384	2	3
218.014	2385	1	1
218.014	2386	2	1
218.014	2387	3	2
218.014	2388	4	2
218.179	2389	1	1
218.179	2390	3	3
218.179	2391	4	3
218.344	2392	1	2
218.344	2393	2	1
218.344	2394	3	1
218.344	2395	4	2
218.509	2396	1	3
218.509	2397	4	3
218.674	2398	1	1
218.674	2399	2	1
218.674	2400	3	2
218.756	2401	4	2
218.756	2402	3	3
218.838	2403	1	2
218.838	2404	4	3
218.921	2405	2	2
218.921	2406	1	3
219.003	2407	1	1
219.003	2408	3	1
219.003	2409	4	2
219.003	2410	2	3
219.333	2411	1	2
219.333	2412	2	1
219.333	2413	4	3
219.498	2414	4	2
219.498	2415	1	3
219.663	2416	1	1
219.663	2417	2	2
219.663	2418	4	3
219.745	2419	3	1
219.827	2420	1	1
219.827	2421	4	1
219.992	2422	1	2
219.992	2423	3	1
219.992	2424	2	3
220.157	2425	2	2
220.157	2426	1	3
220.322	2427	3	2
220.322	2428	4	1
220.322	2429	2	3
220.652	2430	1	1
220.652	2431	2	2
220.652	2432	3	3
220.734	2433	4	1
220.816	2434	3	2
220.816	2435	2	3
220.899	2436	2	1
220.981	2437	1	1
220.981	2438	4	2
220.981	2439	3	3
221.064	2440	2	1
221.146	2441	3	1
221.229	2442	1	1
221.311	2443	2	1
221.311	2444	3	1
221.311	2445	4	3
221.393	2446	4	1
221.476	2447	3	1
221.558	2448	2	1
221.641	2449	1	1
221.641	2450	3	1
221.641	2451	4	2
221.970	2452	2	1
221.970	2453	3	2
221.970	2454	4	3
222.135	2455	1	2
222.135	2456	3	3
222.176	2457	2	2
222.382	2458	3	1
222.382	2459	1	3
222.465	2460	1	1
222.465	2461	4	1
222.630	2462	3	1
222.630	2463	4	1
222.794	2464	1	1
222.959	2465	1	1
222.959	2466	3	2
222.959	2467	4	1
223.454	2468	4	1
223.454	2469	2	3
223.454	2470	3	3
223.783	2471	1	1
223.866	2472	4	1
223.948	2473	3	1
224.031	2474	2	1
224.113	2475	1	1
224.196	2476	3	1
224.278	2477	1	1
224.278	2478	2	1
224.278	2479	4	1
225.597	2480	3	1
225.597	2481	4	1
226.915	2482	4	1
226.998	2483	1	1
226.998	2484	2	1
227.080	2485	3	1
227.080	2486	4	1