Song Name	Sound Chimera (Game Edition) (Hard) by Laur [LAUR1200]
Difficulty	31
Primary Color	Rush
Secondary Color	Rush
Last Note Time	133.907
Total Notes	2066
Fever Fill	613
Fever Time	20.086050
Long Notes	227
BPM	190
Song Length	138.900979167

Timing Points
2.539	315.7895


Song Data
2.539	1	1	1
2.539	2	2	1
2.696	3	3	1
2.854	4	1	1
2.854	5	2	1
2.854	6	4	1
3.012	7	2	1
3.012	8	3	1
3.328	9	2	1
3.486	10	1	1
3.486	11	3	1
3.486	12	4	1
3.644	13	2	1
3.644	14	3	1
3.802	15	1	1
3.802	16	4	1
3.960	17	1	1
4.117	18	2	1
4.117	19	3	1
4.117	20	4	1
4.275	21	2	1
4.275	22	3	1
4.433	23	1	1
4.591	24	3	1
4.749	25	1	1
4.749	26	2	1
4.749	27	4	1
4.907	28	3	1
4.986	29	2	1
5.065	30	1	1
5.065	31	3	1
5.144	32	2	1
5.223	33	3	1
5.302	34	4	1
5.381	35	1	1
5.381	36	2	1
5.381	37	3	1
5.539	38	1	1
5.539	39	2	1
5.617	40	4	1
5.696	41	3	1
5.775	42	2	1
5.854	43	1	1
5.933	44	3	1
6.012	45	1	1
6.012	46	2	1
6.012	47	4	1
6.170	48	2	1
6.170	49	3	1
6.328	50	1	1
6.328	51	4	1
6.407	52	2	1
6.486	53	3	1
6.565	54	4	1
6.644	55	1	1
6.644	56	2	1
6.644	57	3	1
6.802	58	1	1
6.802	59	2	1
6.881	60	3	1
6.960	61	4	1
7.039	62	2	1
7.117	63	1	1
7.196	64	3	1
7.275	65	1	1
7.275	66	2	1
7.275	67	4	1
7.433	68	2	1
7.591	69	3	1
7.591	70	4	1
7.749	71	2	1
7.907	72	1	1
7.907	73	3	1
7.907	74	4	1
8.065	75	2	1
8.065	76	3	1
8.223	77	1	1
8.223	78	2	1
8.381	79	1	1
8.381	80	3	1
8.381	81	4	1
8.539	82	2	1
8.539	83	3	1
8.696	84	1	1
8.696	85	4	1
8.854	86	3	1
9.012	87	1	1
9.012	88	2	1
9.012	89	4	1
9.170	90	2	1
9.328	91	2	1
9.328	92	3	1
9.644	93	2	1
9.802	94	1	1
9.802	95	3	1
9.802	96	4	1
9.960	97	2	1
10.039	98	3	1
10.117	99	1	1
10.117	100	4	1
10.275	101	2	1
10.354	102	1	1
10.433	103	2	1
10.433	104	3	1
10.433	105	4	1
10.591	106	1	1
10.670	107	4	1
10.749	108	1	1
10.749	109	3	1
10.907	110	2	1
10.907	111	3	1
10.907	112	4	1
11.065	113	2	1
11.223	114	1	1
11.223	115	3	1
11.381	116	2	1
11.381	117	4	2
11.539	118	2	1
11.696	119	2	2
11.854	120	1	1
11.854	121	2	3
12.012	122	2	1
12.170	123	2	1
12.328	124	1	1
12.328	125	3	1
12.328	126	4	3
12.644	127	1	1
12.644	128	2	1
12.644	129	3	1
12.960	130	1	2
12.960	131	3	1
12.960	132	4	1
13.117	133	2	1
13.117	134	4	1
13.275	135	3	1
13.433	136	2	1
13.591	137	3	1
13.591	138	4	1
13.749	139	2	1
13.749	140	3	1
13.907	141	4	1
14.065	142	3	1
14.223	143	2	1
14.223	144	4	1
14.381	145	2	1
14.381	146	3	1
14.539	147	4	1
14.696	148	2	1
14.854	149	3	1
14.854	150	4	1
14.854	151	1	3
15.012	152	2	1
15.170	153	1	1
15.170	154	3	2
15.328	155	2	1
15.486	156	1	1
15.486	157	2	1
15.486	158	4	1
15.486	159	3	3
15.644	160	2	1
15.644	161	3	1
15.960	162	1	1
15.960	163	3	1
16.117	164	2	1
16.117	165	3	1
16.117	166	4	1
16.275	167	1	1
16.275	168	3	1
16.433	169	2	2
16.591	170	3	1
16.749	171	1	2
16.749	172	4	1
16.749	173	2	3
16.828	174	3	1
16.907	175	2	1
16.986	176	3	1
17.065	177	4	1
17.144	178	2	1
17.223	179	3	1
17.302	180	4	1
17.381	181	2	1
17.460	182	4	1
17.539	183	3	1
17.617	184	2	1
17.696	185	3	1
17.696	186	4	1
17.696	187	1	3
17.854	188	2	1
18.012	189	1	1
18.012	190	3	1
18.012	191	4	2
18.170	192	2	1
18.328	193	1	1
18.328	194	2	1
18.486	195	1	1
18.486	196	3	1
18.644	197	2	1
18.802	198	1	1
18.802	199	3	1
18.960	200	2	1
19.117	201	2	1
19.117	202	3	1
19.275	203	1	1
19.433	204	2	1
19.433	205	3	1
19.591	206	1	1
19.749	207	3	1
19.907	208	1	1
19.907	209	2	1
19.907	210	4	3
20.065	211	3	1
20.223	212	2	1
20.223	213	3	1
20.539	214	1	1
20.539	215	2	1
20.539	216	4	1
20.696	217	3	1
20.854	218	1	1
20.854	219	2	1
21.012	220	1	1
21.012	221	2	1
21.012	222	3	1
21.328	223	3	1
21.328	224	4	1
21.486	225	2	1
21.644	226	3	1
21.802	227	2	2
21.960	228	1	2
21.960	229	3	1
21.960	230	2	3
22.117	231	4	1
22.275	232	2	1
22.433	233	3	1
22.433	234	4	2
22.749	235	2	2
22.749	236	3	1
22.749	237	1	3
22.749	238	4	3
23.065	239	3	1
23.065	240	2	3
23.223	241	3	1
23.381	242	2	2
24.012	243	3	2
24.012	244	2	3
24.328	245	2	1
24.328	246	3	3
24.486	247	2	1
24.644	248	3	2
25.275	249	1	2
25.275	250	3	3
25.591	251	2	2
25.591	252	1	3
25.907	253	4	2
25.907	254	2	3
26.539	255	1	2
26.854	256	2	2
26.854	257	1	3
27.170	258	3	2
27.170	259	2	3
27.486	260	1	1
27.486	261	3	3
27.486	262	4	3
27.802	263	1	1
27.802	264	2	2
27.802	265	3	1
27.802	266	4	1
28.117	267	3	1
28.117	268	2	3
28.275	269	3	1
28.433	270	2	2
29.065	271	3	2
29.065	272	2	3
29.381	273	2	1
29.381	274	3	3
29.539	275	2	1
29.696	276	3	2
30.328	277	1	2
30.328	278	3	3
30.644	279	2	2
30.644	280	1	3
30.960	281	4	2
30.960	282	2	3
31.591	283	2	2
31.591	284	4	3
31.828	285	3	1
31.828	286	2	3
31.907	287	2	1
32.065	288	4	1
32.223	289	1	1
32.539	290	3	1
32.854	291	1	1
32.854	292	2	1
32.854	293	3	2
32.854	294	4	1
33.170	295	2	1
33.170	296	3	3
33.328	297	2	1
33.486	298	3	2
34.117	299	2	2
34.117	300	3	3
34.433	301	3	1
34.433	302	2	3
34.591	303	3	1
34.749	304	2	2
35.381	305	1	2
35.381	306	4	1
35.381	307	2	3
35.539	308	2	1
35.696	309	3	2
35.696	310	4	1
35.696	311	1	3
35.854	312	2	1
36.012	313	1	1
36.012	314	4	2
36.012	315	3	3
36.170	316	2	1
36.328	317	1	1
36.328	318	3	1
36.486	319	2	1
36.644	320	1	1
36.644	321	2	1
36.644	322	3	1
36.644	323	4	3
36.881	324	1	1
36.881	325	2	1
36.881	326	3	1
37.117	327	2	1
37.117	328	3	1
37.117	329	4	1
37.354	330	2	1
37.354	331	3	1
37.354	332	4	1
37.591	333	1	1
37.591	334	3	1
37.591	335	4	1
37.749	336	1	1
37.749	337	2	1
37.749	338	4	1
37.907	339	1	1
37.907	340	2	1
38.065	341	1	1
38.065	342	2	1
38.223	343	3	1
38.223	344	4	1
38.381	345	1	1
38.381	346	2	1
38.539	347	3	1
38.539	348	4	1
38.696	349	3	1
38.696	350	4	1
38.854	351	1	1
38.854	352	2	1
39.012	353	3	1
39.012	354	4	1
39.170	355	1	1
39.170	356	3	1
39.328	357	1	1
39.328	358	3	1
39.486	359	2	1
39.486	360	4	1
39.644	361	1	1
39.644	362	3	1
39.802	363	2	1
39.802	364	4	1
39.960	365	2	1
39.960	366	4	1
40.117	367	1	1
40.117	368	3	1
40.275	369	2	1
40.275	370	4	1
40.433	371	3	1
40.433	372	4	1
40.512	373	1	1
40.512	374	2	1
40.591	375	3	1
40.591	376	4	1
40.670	377	1	1
40.670	378	2	1
40.749	379	3	1
40.749	380	4	1
40.828	381	1	1
40.828	382	2	1
40.907	383	3	1
40.907	384	4	1
40.986	385	1	1
40.986	386	2	1
41.065	387	3	1
41.065	388	4	1
41.144	389	1	1
41.144	390	2	1
41.223	391	3	1
41.223	392	4	1
41.302	393	1	1
41.302	394	2	1
41.381	395	3	1
41.381	396	4	1
41.460	397	1	1
41.460	398	2	1
41.539	399	3	1
41.539	400	4	1
41.617	401	1	1
41.617	402	2	1
41.696	403	3	1
41.696	404	4	1
41.854	405	2	1
41.854	406	4	1
42.012	407	1	1
42.012	408	3	1
42.170	409	2	1
42.170	410	3	1
42.328	411	1	1
42.328	412	2	1
42.328	413	3	1
42.328	414	4	1
42.644	415	1	1
42.644	416	2	1
42.644	417	3	1
42.644	418	4	1
42.960	419	1	1
42.960	420	4	1
43.039	421	3	1
43.117	422	2	1
43.196	423	1	1
43.275	424	3	1
43.275	425	4	1
43.354	426	2	1
43.433	427	1	1
43.433	428	4	1
43.512	429	3	1
43.591	430	2	1
43.670	431	1	1
43.749	432	3	1
43.749	433	4	1
43.828	434	2	1
43.907	435	3	1
43.907	436	4	1
43.986	437	1	1
44.065	438	2	1
44.065	439	4	1
44.144	440	3	1
44.223	441	1	1
44.223	442	2	1
44.223	443	4	1
44.302	444	3	1
44.381	445	1	1
44.460	446	2	1
44.539	447	1	1
44.539	448	3	1
44.617	449	4	1
44.696	450	1	1
44.696	451	2	1
44.775	452	3	1
44.854	453	2	1
44.854	454	4	1
44.933	455	3	1
45.012	456	1	1
45.012	457	4	1
45.091	458	2	1
45.170	459	1	1
45.170	460	4	1
45.249	461	3	1
45.328	462	1	1
45.328	463	2	1
45.407	464	3	1
45.407	465	4	1
45.486	466	1	1
45.539	467	2	1
45.591	468	3	1
45.644	469	4	1
45.696	470	2	1
45.749	471	3	1
45.802	472	2	1
45.854	473	1	1
45.907	474	4	1
45.960	475	3	1
46.012	476	2	1
46.065	477	4	1
46.117	478	1	1
46.170	479	3	1
46.223	480	2	1
46.275	481	3	1
46.328	482	4	1
46.381	483	1	1
46.433	484	2	1
46.486	485	1	1
46.539	486	3	1
46.591	487	2	1
46.644	488	4	1
46.696	489	3	1
46.749	490	2	1
46.802	491	1	1
46.854	492	3	1
46.907	493	2	1
46.960	494	3	1
47.012	495	4	1
47.065	496	1	1
47.117	497	2	1
47.170	498	1	1
47.223	499	3	1
47.275	500	4	1
47.328	501	3	1
47.381	502	1	1
47.381	503	2	1
47.460	504	3	1
47.539	505	1	1
47.539	506	2	1
47.539	507	4	1
47.617	508	3	1
47.696	509	1	1
47.696	510	2	1
47.854	511	1	1
47.854	512	2	1
47.854	513	4	1
48.012	514	1	1
48.012	515	3	1
48.012	516	4	1
48.091	517	2	1
48.170	518	4	1
48.249	519	3	1
48.328	520	1	1
48.328	521	2	1
48.407	522	3	1
48.407	523	4	1
48.486	524	2	1
48.565	525	1	1
48.644	526	2	1
48.644	527	4	1
48.723	528	3	1
48.802	529	1	1
48.881	530	2	1
48.881	531	4	1
48.960	532	1	1
48.960	533	3	1
49.039	534	2	1
49.117	535	3	1
49.117	536	4	1
49.196	537	2	1
49.275	538	1	1
49.275	539	4	1
49.354	540	3	1
49.433	541	2	1
49.512	542	3	1
49.591	543	1	1
49.591	544	2	1
49.670	545	3	1
49.749	546	4	1
49.828	547	1	1
49.828	548	3	1
49.907	549	2	1
49.907	550	4	1
49.986	551	3	1
50.065	552	1	1
50.065	553	2	1
50.223	554	1	1
50.223	555	2	1
50.223	556	4	1
50.381	557	1	1
50.381	558	2	1
50.539	559	3	1
50.539	560	4	1
50.617	561	2	1
50.696	562	3	1
50.775	563	4	1
50.854	564	1	1
50.854	565	2	1
50.933	566	3	1
51.012	567	1	1
51.012	568	4	1
51.091	569	2	1
51.170	570	1	1
51.170	571	3	1
51.249	572	4	1
51.328	573	1	1
51.328	574	2	1
51.407	575	3	1
51.486	576	2	1
51.486	577	4	1
51.565	578	3	1
51.644	579	1	1
51.644	580	4	1
51.802	581	1	1
51.802	582	2	1
51.802	583	3	1
52.117	584	1	1
52.117	585	3	1
52.117	586	4	1
52.223	587	1	1
52.223	588	3	1
52.223	589	4	1
52.328	590	1	1
52.328	591	3	1
52.328	592	4	1
52.433	593	2	1
52.433	594	3	1
52.433	595	4	1
52.644	596	2	1
52.644	597	3	1
52.644	598	4	1
52.854	599	1	1
52.854	600	2	1
52.854	601	4	1
52.960	602	3	1
53.065	603	1	1
53.065	604	2	1
53.065	605	3	1
53.144	606	4	1
53.223	607	2	1
53.302	608	1	1
53.381	609	3	1
53.381	610	4	1
53.460	611	2	1
53.539	612	4	1
53.617	613	3	1
53.696	614	1	1
53.696	615	2	1
53.775	616	3	1
53.854	617	4	1
53.933	618	2	1
54.012	619	1	1
54.012	620	3	1
54.091	621	4	1
54.170	622	3	1
54.249	623	2	1
54.328	624	3	1
54.328	625	4	1
54.407	626	1	1
54.486	627	3	1
54.486	628	4	1
54.565	629	2	1
54.644	630	3	1
54.644	631	4	1
54.723	632	1	1
54.802	633	3	1
54.802	634	4	1
54.881	635	2	1
54.960	636	3	1
54.960	637	4	1
55.039	638	1	1
55.117	639	3	1
55.117	640	4	1
55.196	641	2	1
55.275	642	3	1
55.275	643	4	1
55.354	644	1	1
55.433	645	3	1
55.433	646	4	1
55.512	647	2	1
55.591	648	1	1
55.591	649	3	1
55.591	650	4	1
55.670	651	2	1
55.749	652	3	1
55.828	653	4	1
55.907	654	1	1
55.907	655	2	1
55.986	656	3	1
56.065	657	4	1
56.144	658	2	1
56.223	659	1	1
56.223	660	3	1
56.302	661	2	1
56.381	662	3	1
56.460	663	2	1
56.539	664	1	1
56.539	665	4	1
56.617	666	3	1
56.696	667	2	1
56.775	668	4	1
56.854	669	1	1
56.854	670	2	1
56.933	671	3	1
57.012	672	1	1
57.012	673	2	1
57.091	674	4	1
57.170	675	1	1
57.170	676	2	1
57.249	677	3	1
57.328	678	1	1
57.328	679	2	1
57.407	680	4	1
57.486	681	1	1
57.486	682	2	1
57.565	683	3	1
57.644	684	1	1
57.644	685	2	1
57.723	686	4	1
57.802	687	1	1
57.802	688	2	1
57.881	689	3	1
57.960	690	1	1
57.960	691	2	1
58.039	692	4	1
58.117	693	1	1
58.117	694	2	1
58.117	695	3	1
58.196	696	4	1
58.275	697	3	1
58.354	698	2	1
58.433	699	1	1
58.433	700	3	1
58.512	701	4	1
58.591	702	2	1
58.670	703	3	1
58.749	704	1	1
58.749	705	4	1
58.828	706	2	1
58.907	707	3	1
58.986	708	2	1
59.065	709	3	1
59.065	710	4	1
59.144	711	1	1
59.223	712	2	1
59.302	713	3	1
59.381	714	1	1
59.381	715	2	1
59.460	716	3	1
59.539	717	1	1
59.539	718	2	1
59.617	719	4	1
59.696	720	1	1
59.696	721	2	1
59.775	722	4	1
59.854	723	3	1
59.933	724	2	1
60.012	725	3	1
60.012	726	4	1
60.091	727	1	1
60.170	728	3	1
60.170	729	4	1
60.249	730	2	1
60.328	731	3	1
60.328	732	4	1
60.407	733	1	1
60.486	734	2	1
60.565	735	3	1
60.644	736	1	1
60.644	737	4	1
60.723	738	2	1
60.802	739	3	1
60.881	740	4	1
60.960	741	1	1
60.960	742	2	1
60.960	743	3	1
61.039	744	4	1
61.117	745	2	1
61.196	746	3	1
61.275	747	1	1
61.275	748	2	1
61.275	749	4	1
61.354	750	3	1
61.433	751	2	1
61.512	752	1	1
61.591	753	2	1
61.591	754	3	1
61.591	755	4	1
61.670	756	1	1
61.749	757	3	1
61.828	758	4	1
61.907	759	1	1
61.960	760	2	1
62.012	761	3	1
62.065	762	4	1
62.117	763	1	1
62.170	764	2	1
62.223	765	3	1
62.275	766	4	1
62.328	767	1	1
62.381	768	2	1
62.433	769	3	1
62.486	770	4	1
62.539	771	1	1
62.591	772	2	1
62.644	773	3	1
62.696	774	4	1
62.749	775	1	1
62.802	776	2	1
62.854	777	4	2
63.170	778	1	1
63.170	779	2	1
63.170	780	3	1
63.170	781	4	3
63.249	782	4	1
63.328	783	2	1
63.407	784	3	1
63.486	785	1	1
63.486	786	2	1
63.565	787	4	1
63.644	788	1	1
63.644	789	3	2
63.723	790	4	1
63.723	791	3	3
63.802	792	2	1
63.802	793	3	1
63.881	794	1	2
63.960	795	3	1
63.960	796	1	3
64.039	797	4	2
64.117	798	1	1
64.117	799	2	2
64.117	800	4	3
64.196	801	3	1
64.196	802	2	3
64.275	803	2	1
64.275	804	4	1
64.354	805	2	1
64.433	806	3	2
64.433	807	4	1
64.512	808	2	1
64.512	809	3	3
64.591	810	1	1
64.670	811	3	1
64.749	812	2	1
64.749	813	4	1
64.828	814	3	1
64.907	815	4	2
64.986	816	2	1
64.986	817	4	3
65.065	818	1	1
65.065	819	4	1
65.144	820	3	1
65.223	821	2	1
65.302	822	2	1
65.381	823	3	1
65.381	824	4	1
65.460	825	2	1
65.539	826	3	1
65.617	827	3	1
65.696	828	1	1
65.696	829	2	1
65.696	830	4	1
65.775	831	3	1
65.854	832	2	1
65.933	833	1	1
66.012	834	2	1
66.012	835	3	1
66.012	836	4	2
66.170	837	1	2
66.170	838	2	1
66.170	839	3	1
66.170	840	4	3
66.328	841	2	1
66.328	842	3	1
66.328	843	4	2
66.328	844	1	3
66.486	845	1	2
66.486	846	2	1
66.486	847	3	1
66.486	848	4	3
66.644	849	3	1
66.644	850	4	2
66.644	851	1	3
66.723	852	2	1
66.723	853	4	3
66.802	854	3	1
66.881	855	3	1
66.960	856	1	1
66.960	857	2	1
67.039	858	2	1
67.117	859	3	1
67.196	860	4	2
67.275	861	1	1
67.275	862	3	1
67.275	863	4	3
67.354	864	2	1
67.433	865	3	2
67.433	866	4	1
67.512	867	2	1
67.512	868	3	3
67.591	869	1	1
67.591	870	4	1
67.670	871	2	2
67.749	872	3	1
67.749	873	2	3
67.828	874	1	2
67.907	875	2	1
67.907	876	4	2
67.907	877	1	3
67.986	878	3	1
67.986	879	4	3
68.065	880	1	1
68.144	881	1	1
68.223	882	2	1
68.223	883	3	1
68.223	884	4	1
68.381	885	2	1
68.381	886	4	1
68.460	887	4	1
68.539	888	1	1
68.539	889	2	1
68.617	890	3	2
68.696	891	3	3
68.775	892	2	2
68.854	893	3	1
68.854	894	4	1
68.854	895	2	3
68.933	896	1	2
69.012	897	4	2
69.012	898	1	3
69.091	899	3	1
69.091	900	4	3
69.170	901	1	1
69.170	902	2	1
69.249	903	4	1
69.328	904	3	1
69.407	905	3	1
69.486	906	1	2
69.486	907	2	1
69.565	908	4	1
69.644	909	3	1
69.723	910	2	1
69.802	911	3	1
69.802	912	4	1
69.802	913	1	3
69.881	914	2	1
69.960	915	4	1
70.039	916	4	1
70.117	917	1	1
70.117	918	2	1
70.196	919	3	2
70.275	920	3	3
70.354	921	2	1
70.433	922	1	1
70.433	923	3	1
70.433	924	4	1
70.591	925	3	1
70.670	926	3	1
70.749	927	1	1
70.749	928	2	1
70.749	929	4	1
70.907	930	2	1
70.986	931	2	1
71.065	932	3	1
71.065	933	4	1
71.144	934	1	1
71.223	935	4	1
71.302	936	4	1
71.381	937	1	2
71.381	938	2	1
71.460	939	3	1
71.539	940	2	1
71.539	941	4	2
71.539	942	1	3
71.696	943	1	2
71.696	944	2	1
71.696	945	3	1
71.696	946	4	3
71.854	947	2	1
71.854	948	3	1
71.854	949	4	2
71.854	950	1	3
72.012	951	1	2
72.012	952	2	1
72.012	953	3	1
72.012	954	4	3
72.170	955	2	1
72.170	956	3	1
72.170	957	4	2
72.170	958	1	3
72.328	959	1	1
72.328	960	2	1
72.328	961	4	3
72.407	962	3	1
72.486	963	2	1
72.486	964	4	1
72.565	965	3	1
72.644	966	1	1
72.644	967	2	1
72.802	968	1	1
72.802	969	3	1
72.802	970	4	1
72.960	971	1	2
72.960	972	2	2
72.960	973	3	2
72.960	974	4	2
73.117	975	1	3
73.117	976	2	3
73.117	977	3	3
73.117	978	4	3
73.275	979	1	1
73.275	980	2	1
73.275	981	4	2
73.354	982	3	1
73.433	983	1	2
73.433	984	4	3
73.512	985	2	1
73.591	986	3	1
73.591	987	4	1
73.591	988	1	3
73.670	989	3	1
73.749	990	2	2
73.828	991	4	1
73.828	992	2	3
73.907	993	1	2
73.907	994	2	1
73.986	995	3	1
73.986	996	1	3
74.065	997	4	1
74.144	998	4	1
74.223	999	1	1
74.223	1000	3	2
74.302	1001	2	1
74.302	1002	3	3
74.381	1003	1	1
74.460	1004	1	1
74.539	1005	3	2
74.539	1006	4	1
74.617	1007	2	1
74.617	1008	3	3
74.696	1009	3	1
74.775	1010	3	1
74.854	1011	1	1
74.854	1012	2	1
74.933	1013	4	2
75.012	1014	3	1
75.012	1015	4	3
75.091	1016	2	2
75.170	1017	1	2
75.170	1018	4	1
75.170	1019	2	3
75.249	1020	3	1
75.249	1021	1	3
75.328	1022	2	1
75.407	1023	2	1
75.486	1024	3	1
75.486	1025	4	1
75.565	1026	2	2
75.644	1027	1	1
75.644	1028	2	3
75.723	1029	4	2
75.802	1030	1	1
75.802	1031	2	1
75.802	1032	3	1
75.802	1033	4	3
75.881	1034	4	1
75.960	1035	2	1
76.039	1036	1	1
76.117	1037	3	2
76.117	1038	4	2
76.196	1039	1	2
76.196	1040	2	2
76.196	1041	3	3
76.196	1042	4	3
76.275	1043	3	2
76.275	1044	4	2
76.275	1045	1	3
76.275	1046	2	3
76.354	1047	1	1
76.354	1048	3	3
76.354	1049	4	3
76.433	1050	2	1
76.433	1051	4	1
76.512	1052	3	1
76.591	1053	1	2
76.591	1054	2	2
76.670	1055	3	2
76.670	1056	4	2
76.670	1057	1	3
76.670	1058	2	3
76.749	1059	1	2
76.749	1060	2	2
76.749	1061	3	3
76.749	1062	4	3
76.828	1063	3	1
76.828	1064	1	3
76.828	1065	2	3
76.907	1066	4	2
76.986	1067	3	1
76.986	1068	4	3
77.065	1069	1	1
77.065	1070	2	1
77.144	1071	2	1
77.223	1072	3	1
77.302	1073	3	1
77.381	1074	1	2
77.381	1075	4	1
77.539	1076	2	1
77.539	1077	3	1
77.539	1078	4	2
77.539	1079	1	3
77.696	1080	1	1
77.696	1081	2	1
77.696	1082	4	3
77.775	1083	3	2
77.854	1084	4	1
77.854	1085	3	3
77.933	1086	2	2
78.012	1087	1	2
78.012	1088	4	1
78.012	1089	2	3
78.091	1090	3	1
78.170	1091	2	1
78.170	1092	4	1
78.170	1093	1	3
78.249	1094	3	1
78.328	1095	1	1
78.328	1096	2	1
78.328	1097	4	1
78.407	1098	3	2
78.486	1099	1	1
78.486	1100	3	3
78.565	1101	2	2
78.644	1102	3	1
78.644	1103	4	1
78.644	1104	2	3
78.723	1105	1	1
78.802	1106	1	1
78.881	1107	3	1
78.960	1108	2	1
78.960	1109	4	1
79.039	1110	3	1
79.117	1111	2	1
79.196	1112	2	1
79.275	1113	3	1
79.275	1114	4	1
79.354	1115	1	1
79.433	1116	4	1
79.512	1117	4	1
79.591	1118	1	2
79.591	1119	3	1
79.670	1120	2	1
79.749	1121	4	1
79.828	1122	2	1
79.907	1123	3	1
79.907	1124	4	1
79.907	1125	1	3
79.986	1126	3	1
80.065	1127	3	1
80.144	1128	3	1
80.223	1129	1	1
80.223	1130	2	1
80.302	1131	4	2
80.381	1132	2	1
80.381	1133	4	3
80.460	1134	1	2
80.539	1135	3	1
80.539	1136	4	1
80.539	1137	1	3
80.617	1138	2	1
80.696	1139	1	1
80.775	1140	1	1
80.854	1141	2	1
80.854	1142	3	1
80.854	1143	4	1
81.012	1144	1	1
81.012	1145	2	1
81.091	1146	1	1
81.091	1147	2	1
81.170	1148	1	1
81.170	1149	2	1
81.170	1150	4	1
81.328	1151	3	1
81.328	1152	4	1
81.407	1153	3	1
81.407	1154	4	1
81.486	1155	2	2
81.486	1156	3	1
81.486	1157	4	1
81.644	1158	1	2
81.644	1159	4	2
81.644	1160	2	3
81.802	1161	2	1
81.802	1162	3	1
81.802	1163	1	3
81.802	1164	4	3
81.960	1165	2	1
81.960	1166	4	1
82.117	1167	1	1
82.117	1168	2	1
82.117	1169	3	1
82.275	1170	1	1
82.275	1171	3	1
82.275	1172	4	1
82.433	1173	2	1
82.433	1174	3	1
82.433	1175	4	1
82.512	1176	3	1
82.512	1177	4	1
82.670	1178	1	1
82.670	1179	2	1
82.749	1180	1	1
82.749	1181	2	1
82.749	1182	3	1
82.907	1183	2	1
82.907	1184	4	1
83.065	1185	1	2
83.065	1186	2	2
83.065	1187	3	2
83.223	1188	1	3
83.223	1189	2	3
83.223	1190	3	3
83.381	1191	2	2
83.381	1192	3	2
83.381	1193	4	2
84.012	1194	1	2
84.012	1195	2	3
84.328	1196	2	2
84.328	1197	4	3
84.644	1198	4	2
84.644	1199	3	3
84.960	1200	3	2
84.960	1201	1	3
85.275	1202	1	2
85.275	1203	3	3
85.591	1204	3	2
85.591	1205	2	3
85.591	1206	4	3
85.907	1207	2	1
85.907	1208	4	1
85.907	1209	1	3
85.907	1210	3	3
86.065	1211	2	1
86.065	1212	4	1
86.223	1213	2	1
86.223	1214	4	1
86.381	1215	2	1
86.381	1216	4	1
86.539	1217	1	1
86.539	1218	3	1
86.696	1219	1	1
86.696	1220	3	1
86.854	1221	1	1
86.854	1222	3	1
87.012	1223	1	1
87.012	1224	3	1
87.170	1225	1	1
87.170	1226	3	1
87.170	1227	4	1
87.407	1228	1	1
87.407	1229	3	1
87.407	1230	4	1
87.644	1231	1	1
87.644	1232	2	1
87.644	1233	4	1
87.881	1234	1	1
87.881	1235	2	1
87.881	1236	4	1
88.117	1237	1	1
88.117	1238	3	1
88.117	1239	4	1
88.275	1240	1	1
88.275	1241	2	1
88.275	1242	4	1
88.433	1243	2	1
88.433	1244	3	1
88.433	1245	4	1
88.591	1246	3	1
88.591	1247	4	1
88.749	1248	2	1
88.749	1249	3	1
88.749	1250	4	1
88.907	1251	3	1
89.065	1252	1	1
89.065	1253	2	1
89.065	1254	3	1
89.223	1255	1	1
89.223	1256	2	1
89.381	1257	1	1
89.381	1258	2	1
89.381	1259	3	1
89.539	1260	2	1
89.696	1261	2	1
89.696	1262	3	1
89.696	1263	4	1
89.854	1264	3	1
89.854	1265	4	1
90.012	1266	2	1
90.012	1267	3	1
90.012	1268	4	1
90.170	1269	3	1
90.328	1270	1	1
90.328	1271	2	1
90.328	1272	3	1
90.486	1273	1	1
90.486	1274	2	1
90.644	1275	1	1
90.644	1276	2	1
90.644	1277	3	1
90.802	1278	2	1
90.960	1279	3	1
90.960	1280	4	1
91.039	1281	1	1
91.039	1282	2	1
91.117	1283	3	1
91.117	1284	4	1
91.196	1285	1	1
91.196	1286	2	1
91.275	1287	3	1
91.275	1288	4	1
91.354	1289	1	1
91.354	1290	2	1
91.433	1291	3	1
91.433	1292	4	1
91.512	1293	1	1
91.512	1294	2	1
91.591	1295	3	1
91.591	1296	4	1
91.670	1297	1	1
91.670	1298	2	1
91.749	1299	3	1
91.749	1300	4	1
91.828	1301	1	1
91.828	1302	2	1
91.907	1303	3	1
91.907	1304	4	1
91.986	1305	1	1
91.986	1306	2	1
92.065	1307	3	1
92.065	1308	4	1
92.144	1309	1	1
92.144	1310	2	1
92.223	1311	3	1
92.223	1312	4	1
92.381	1313	2	1
92.381	1314	4	1
92.539	1315	1	1
92.539	1316	3	1
92.696	1317	2	1
92.696	1318	3	1
92.854	1319	1	1
92.854	1320	2	1
92.854	1321	3	1
92.854	1322	4	1
93.170	1323	1	1
93.170	1324	2	1
93.170	1325	3	1
93.170	1326	4	1
93.486	1327	1	1
93.486	1328	4	1
93.525	1329	3	1
93.565	1330	2	1
93.604	1331	1	1
93.644	1332	4	1
93.723	1333	3	1
93.802	1334	2	1
93.802	1335	4	1
93.881	1336	3	1
93.960	1337	1	1
94.039	1338	2	1
94.117	1339	3	1
94.117	1340	4	1
94.157	1341	2	1
94.196	1342	1	1
94.275	1343	3	1
94.354	1344	3	1
94.433	1345	1	1
94.433	1346	2	1
94.512	1347	2	1
94.591	1348	4	1
94.670	1349	3	1
94.749	1350	1	1
94.749	1351	4	1
94.828	1352	2	1
94.907	1353	3	2
94.907	1354	4	1
95.065	1355	1	1
95.065	1356	2	2
95.065	1357	3	3
95.223	1358	1	2
95.223	1359	3	1
95.223	1360	2	3
95.381	1361	2	2
95.381	1362	3	1
95.381	1363	4	2
95.381	1364	1	3
95.539	1365	3	2
95.539	1366	2	3
95.696	1367	1	1
95.696	1368	2	1
95.696	1369	3	3
95.696	1370	4	3
95.854	1371	1	1
95.854	1372	2	1
95.854	1373	3	1
96.012	1374	1	1
96.012	1375	4	1
96.052	1376	2	1
96.091	1377	3	1
96.131	1378	4	1
96.170	1379	1	1
96.249	1380	2	1
96.328	1381	1	1
96.328	1382	3	1
96.407	1383	2	1
96.486	1384	4	1
96.565	1385	3	1
96.644	1386	1	2
96.644	1387	2	2
96.723	1388	1	3
96.723	1389	2	3
96.802	1390	3	2
96.802	1391	4	2
96.881	1392	3	3
96.881	1393	4	3
96.960	1394	1	1
96.960	1395	2	1
97.039	1396	1	1
97.039	1397	2	1
97.117	1398	3	1
97.117	1399	4	1
97.275	1400	1	2
97.275	1401	2	2
97.275	1402	3	1
97.275	1403	4	1
97.907	1404	3	1
97.907	1405	1	3
97.907	1406	2	3
98.223	1407	2	1
98.539	1408	1	1
98.539	1409	4	1
98.578	1410	3	1
98.617	1411	2	1
98.657	1412	1	1
98.696	1413	4	1
98.775	1414	3	1
98.854	1415	1	1
98.854	1416	2	1
98.933	1417	3	1
99.012	1418	2	1
99.091	1419	4	2
99.170	1420	1	1
99.170	1421	3	1
99.170	1422	4	3
99.249	1423	2	2
99.328	1424	1	2
99.328	1425	2	3
99.407	1426	3	1
99.407	1427	1	3
99.486	1428	1	1
99.486	1429	2	1
99.565	1430	3	1
99.644	1431	2	1
99.644	1432	4	1
99.723	1433	4	1
99.802	1434	1	1
99.802	1435	3	1
99.881	1436	2	1
99.960	1437	3	2
99.960	1438	4	2
100.039	1439	3	3
100.039	1440	4	3
100.117	1441	1	2
100.117	1442	2	2
100.275	1443	3	1
100.275	1444	4	1
100.275	1445	1	3
100.275	1446	2	3
100.354	1447	1	1
100.354	1448	2	1
100.433	1449	3	1
100.433	1450	4	1
100.512	1451	1	1
100.591	1452	2	1
100.591	1453	4	1
100.670	1454	3	1
100.749	1455	1	1
100.789	1456	2	1
100.828	1457	3	1
100.867	1458	4	1
100.907	1459	1	1
100.946	1460	2	1
100.986	1461	3	1
101.025	1462	4	1
101.065	1463	1	1
101.065	1464	2	1
101.144	1465	3	1
101.223	1466	2	1
101.302	1467	1	1
101.381	1468	3	1
101.381	1469	4	1
101.460	1470	2	1
101.539	1471	3	1
101.617	1472	3	1
101.696	1473	1	1
101.716	1474	2	1
101.854	1475	4	1
101.874	1476	2	1
102.012	1477	3	1
102.032	1478	1	1
102.091	1479	3	1
102.170	1480	1	1
102.170	1481	3	1
102.328	1482	1	1
102.328	1483	2	1
102.328	1484	3	1
102.539	1485	1	1
102.539	1486	2	1
102.539	1487	3	1
102.644	1488	1	1
102.644	1489	2	1
102.644	1490	4	1
102.854	1491	1	1
102.854	1492	3	1
102.854	1493	4	1
102.960	1494	2	1
102.960	1495	3	1
102.960	1496	4	1
103.065	1497	2	1
103.065	1498	3	1
103.065	1499	4	1
103.170	1500	2	1
103.170	1501	3	1
103.170	1502	4	1
103.275	1503	1	1
103.275	1504	3	1
103.275	1505	4	1
103.591	1506	1	1
103.591	1507	4	1
103.631	1508	3	1
103.670	1509	2	1
103.710	1510	1	1
103.749	1511	3	1
103.749	1512	4	1
103.907	1513	2	1
103.907	1514	3	1
103.907	1515	4	1
104.065	1516	1	1
104.144	1517	1	1
104.223	1518	2	1
104.223	1519	4	1
104.302	1520	3	1
104.381	1521	4	1
104.460	1522	4	1
104.539	1523	1	1
104.539	1524	2	1
104.617	1525	3	1
104.696	1526	1	1
104.696	1527	2	1
104.696	1528	4	1
104.854	1529	2	1
104.854	1530	3	1
105.012	1531	1	1
105.012	1532	2	1
105.091	1533	1	1
105.091	1534	2	1
105.170	1535	3	2
105.170	1536	4	2
105.328	1537	1	1
105.328	1538	2	1
105.328	1539	3	3
105.328	1540	4	3
105.407	1541	1	1
105.407	1542	2	1
105.486	1543	1	2
105.486	1544	2	2
105.644	1545	3	2
105.644	1546	4	2
105.644	1547	1	3
105.644	1548	2	3
105.802	1549	1	1
105.802	1550	2	1
105.802	1551	3	3
105.802	1552	4	3
105.960	1553	3	1
105.960	1554	4	1
106.039	1555	3	1
106.039	1556	4	1
106.117	1557	3	1
106.117	1558	4	1
106.157	1559	1	1
106.196	1560	2	1
106.236	1561	3	1
106.275	1562	4	1
106.354	1563	2	1
106.433	1564	1	1
106.433	1565	3	1
106.433	1566	4	1
106.512	1567	2	1
106.591	1568	3	1
106.670	1569	3	1
106.749	1570	1	2
106.749	1571	2	2
106.828	1572	1	3
106.828	1573	2	3
106.907	1574	1	2
106.907	1575	2	2
106.907	1576	4	1
106.986	1577	1	3
106.986	1578	2	3
107.065	1579	1	1
107.065	1580	3	1
107.065	1581	4	1
107.144	1582	3	1
107.144	1583	4	1
107.223	1584	1	1
107.223	1585	2	1
107.223	1586	3	1
107.223	1587	4	1
107.381	1588	1	2
107.381	1589	2	2
107.381	1590	3	2
107.381	1591	4	2
107.696	1592	1	3
107.696	1593	2	3
107.696	1594	3	3
107.696	1595	4	3
108.012	1596	1	2
108.012	1597	4	2
108.644	1598	2	1
108.644	1599	3	1
108.644	1600	1	3
108.644	1601	4	3
108.802	1602	1	1
108.802	1603	2	1
108.802	1604	3	1
108.802	1605	4	1
108.960	1606	2	1
108.960	1607	3	1
109.117	1608	1	1
109.117	1609	4	1
109.196	1610	3	1
109.275	1611	1	1
109.275	1612	2	1
109.433	1613	2	1
109.433	1614	4	1
109.512	1615	3	1
109.591	1616	2	1
109.591	1617	4	1
109.670	1618	3	1
109.749	1619	1	1
109.749	1620	2	1
109.749	1621	4	1
109.828	1622	3	1
109.907	1623	1	1
109.907	1624	4	1
110.065	1625	2	2
110.065	1626	3	1
110.144	1627	2	3
110.223	1628	3	1
110.223	1629	4	1
110.302	1630	3	1
110.302	1631	4	1
110.381	1632	1	1
110.381	1633	2	1
110.539	1634	3	1
110.539	1635	4	1
110.617	1636	3	1
110.617	1637	4	1
110.696	1638	3	2
110.696	1639	4	2
110.775	1640	2	1
110.854	1641	1	1
110.854	1642	3	3
110.854	1643	4	3
111.012	1644	1	1
111.012	1645	4	1
111.091	1646	2	1
111.091	1647	3	1
111.170	1648	1	1
111.170	1649	4	1
111.210	1650	3	1
111.249	1651	2	1
111.289	1652	1	1
111.328	1653	4	1
111.407	1654	3	1
111.486	1655	1	1
111.486	1656	2	1
111.486	1657	4	1
111.644	1658	2	1
111.723	1659	2	1
111.802	1660	1	1
111.802	1661	3	1
111.802	1662	4	1
111.960	1663	2	2
111.960	1664	3	1
112.039	1665	2	3
112.117	1666	3	1
112.117	1667	4	1
112.196	1668	3	1
112.275	1669	1	1
112.275	1670	2	1
112.354	1671	2	1
112.433	1672	1	1
112.433	1673	3	1
112.433	1674	4	1
112.591	1675	3	1
112.670	1676	3	1
112.749	1677	2	2
112.828	1678	4	1
112.828	1679	2	3
112.986	1680	4	2
113.065	1681	2	2
113.065	1682	4	3
113.381	1683	1	1
113.381	1684	3	1
113.381	1685	2	3
113.696	1686	1	1
113.696	1687	2	1
113.696	1688	4	1
113.749	1689	3	1
113.802	1690	2	1
113.854	1691	1	1
113.907	1692	3	1
113.960	1693	2	1
114.012	1694	3	1
114.012	1695	4	1
114.065	1696	1	1
114.117	1697	2	1
114.170	1698	4	1
114.223	1699	3	1
114.275	1700	2	1
114.328	1701	1	1
114.328	1702	4	1
114.381	1703	3	1
114.433	1704	2	1
114.486	1705	4	1
114.539	1706	1	1
114.591	1707	2	1
114.644	1708	3	1
114.644	1709	4	1
114.723	1710	2	1
114.802	1711	1	1
114.802	1712	4	1
114.881	1713	3	1
114.960	1714	1	1
114.960	1715	2	1
114.960	1716	4	2
115.117	1717	3	1
115.117	1718	4	3
115.275	1719	1	1
115.275	1720	2	1
115.275	1721	4	1
115.433	1722	3	1
115.591	1723	1	1
115.591	1724	3	2
115.591	1725	4	2
115.749	1726	2	1
115.749	1727	3	3
115.749	1728	4	3
115.907	1729	1	2
115.907	1730	2	2
115.907	1731	3	2
115.907	1732	4	2
116.065	1733	1	3
116.065	1734	2	3
116.065	1735	3	3
116.065	1736	4	3
116.223	1737	1	1
116.223	1738	3	1
116.223	1739	4	1
116.275	1740	2	1
116.328	1741	3	1
116.381	1742	4	1
116.433	1743	2	1
116.486	1744	3	1
116.539	1745	1	1
116.539	1746	2	1
116.591	1747	4	1
116.644	1748	3	1
116.696	1749	1	1
116.749	1750	2	1
116.802	1751	3	1
116.854	1752	1	1
116.854	1753	4	1
116.907	1754	2	1
116.960	1755	3	1
117.012	1756	1	1
117.065	1757	4	1
117.117	1758	3	1
117.170	1759	1	1
117.170	1760	2	1
117.249	1761	3	1
117.328	1762	1	1
117.328	1763	4	1
117.407	1764	2	1
117.486	1765	1	2
117.486	1766	3	1
117.486	1767	4	1
117.644	1768	2	1
117.644	1769	1	3
117.802	1770	2	1
117.802	1771	3	1
117.802	1772	4	1
117.960	1773	1	1
117.960	1774	3	1
117.960	1775	4	1
118.117	1776	1	1
118.117	1777	2	1
118.117	1778	4	1
118.275	1779	1	1
118.275	1780	2	1
118.275	1781	4	1
118.433	1782	1	1
118.433	1783	2	1
118.433	1784	3	1
118.433	1785	4	1
118.591	1786	3	1
118.670	1787	2	1
118.749	1788	1	1
118.749	1789	3	1
118.749	1790	4	1
118.802	1791	2	1
118.854	1792	4	1
118.907	1793	3	1
118.960	1794	2	1
119.012	1795	1	1
119.065	1796	2	1
119.065	1797	4	1
119.117	1798	3	1
119.170	1799	1	1
119.223	1800	2	1
119.275	1801	4	1
119.328	1802	3	1
119.381	1803	1	1
119.381	1804	2	1
119.433	1805	4	1
119.486	1806	3	1
119.539	1807	2	1
119.591	1808	1	1
119.644	1809	3	1
119.696	1810	2	1
119.696	1811	4	1
119.775	1812	3	1
119.854	1813	1	1
119.854	1814	4	1
119.933	1815	2	1
120.012	1816	1	1
120.012	1817	3	1
120.012	1818	4	2
120.170	1819	2	1
120.170	1820	4	3
120.328	1821	1	1
120.328	1822	2	1
120.328	1823	3	1
120.486	1824	3	1
120.644	1825	1	2
120.644	1826	2	2
120.644	1827	4	1
120.802	1828	4	1
120.802	1829	1	3
120.802	1830	2	3
120.960	1831	1	2
120.960	1832	2	2
120.960	1833	3	2
120.960	1834	4	2
121.117	1835	1	3
121.117	1836	2	3
121.117	1837	3	3
121.117	1838	4	3
121.275	1839	1	1
121.275	1840	2	1
121.275	1841	4	1
121.328	1842	3	1
121.381	1843	1	1
121.433	1844	2	1
121.486	1845	3	1
121.539	1846	4	1
121.591	1847	1	1
121.591	1848	3	1
121.644	1849	2	1
121.696	1850	4	1
121.749	1851	3	1
121.802	1852	1	1
121.854	1853	2	1
121.907	1854	3	1
121.907	1855	4	1
121.960	1856	1	1
122.012	1857	2	1
122.065	1858	3	1
122.117	1859	4	1
122.170	1860	2	1
122.223	1861	1	1
122.223	1862	3	1
122.302	1863	2	1
122.381	1864	1	1
122.381	1865	4	1
122.460	1866	3	1
122.539	1867	1	1
122.539	1868	2	1
122.539	1869	4	1
122.749	1870	3	1
122.854	1871	2	1
123.065	1872	2	1
123.170	1873	4	1
123.381	1874	4	1
123.486	1875	1	1
123.696	1876	1	1
123.802	1877	2	2
123.802	1878	3	2
123.802	1879	4	2
123.960	1880	1	1
123.960	1881	2	3
123.960	1882	3	3
123.960	1883	4	3
124.117	1884	2	2
124.117	1885	3	2
124.117	1886	4	2
124.275	1887	1	1
124.275	1888	2	3
124.275	1889	3	3
124.275	1890	4	3
124.433	1891	1	1
124.433	1892	2	1
124.433	1893	3	1
124.591	1894	1	1
124.591	1895	2	1
124.749	1896	1	1
124.749	1897	2	1
124.749	1898	3	1
124.749	1899	4	1
124.907	1900	1	1
124.907	1901	2	1
125.065	1902	1	2
125.065	1903	3	2
125.065	1904	4	2
125.223	1905	2	1
125.223	1906	1	3
125.223	1907	3	3
125.223	1908	4	3
125.381	1909	1	1
125.381	1910	2	1
125.381	1911	3	1
125.381	1912	4	1
125.539	1913	3	1
125.539	1914	4	1
125.696	1915	2	1
125.696	1916	3	1
125.696	1917	4	1
125.854	1918	1	1
125.854	1919	2	1
125.854	1920	4	1
126.012	1921	1	2
126.012	1922	2	2
126.012	1923	4	2
126.170	1924	1	3
126.170	1925	2	3
126.170	1926	4	3
126.328	1927	1	2
126.328	1928	2	2
126.328	1929	3	2
126.486	1930	4	1
126.486	1931	1	3
126.486	1932	2	3
126.486	1933	3	3
126.644	1934	1	2
126.644	1935	2	2
126.644	1936	3	2
126.802	1937	4	1
126.802	1938	1	3
126.802	1939	2	3
126.802	1940	3	3
126.960	1941	2	1
126.960	1942	3	1
126.960	1943	4	1
127.117	1944	3	1
127.117	1945	4	1
127.275	1946	1	1
127.275	1947	2	1
127.275	1948	3	1
127.275	1949	4	1
127.433	1950	3	1
127.433	1951	4	1
127.591	1952	1	2
127.591	1953	2	2
127.591	1954	4	2
127.802	1955	3	1
127.802	1956	1	3
127.802	1957	2	3
127.802	1958	4	3
127.907	1959	1	1
127.907	1960	2	1
127.907	1961	4	1
128.065	1962	2	1
128.223	1963	3	1
128.223	1964	4	1
128.381	1965	1	1
128.460	1966	2	1
128.539	1967	1	1
128.539	1968	3	1
128.539	1969	4	1
128.617	1970	2	1
128.696	1971	3	1
128.696	1972	4	1
128.854	1973	1	2
128.854	1974	2	2
128.854	1975	4	2
129.012	1976	3	1
129.012	1977	1	3
129.012	1978	2	3
129.012	1979	4	3
129.170	1980	1	2
129.170	1981	2	2
129.170	1982	4	2
129.328	1983	3	1
129.328	1984	1	3
129.328	1985	2	3
129.328	1986	4	3
129.486	1987	1	2
129.486	1988	2	2
129.486	1989	3	1
129.486	1990	4	1
129.644	1991	3	1
129.644	1992	4	1
129.644	1993	1	3
129.644	1994	2	3
129.802	1995	1	2
129.802	1996	2	2
129.802	1997	3	1
129.802	1998	4	1
129.960	1999	3	1
129.960	2000	4	1
129.960	2001	1	3
129.960	2002	2	3
130.117	2003	1	1
130.117	2004	3	2
130.117	2005	4	2
130.275	2006	2	1
130.275	2007	3	3
130.275	2008	4	3
130.433	2009	1	1
130.433	2010	3	1
130.433	2011	4	1
130.591	2012	2	1
130.591	2013	3	1
130.591	2014	4	1
130.749	2015	1	1
130.749	2016	2	1
130.749	2017	4	1
130.907	2018	1	1
130.907	2019	2	1
130.907	2020	3	1
131.065	2021	1	2
131.065	2022	3	2
131.065	2023	4	2
131.223	2024	2	2
131.223	2025	3	3
131.223	2026	4	3
131.381	2027	3	2
131.381	2028	4	2
131.381	2029	1	3
131.381	2030	2	3
131.591	2031	3	3
131.591	2032	4	3
131.696	2033	2	2
131.696	2034	3	2
131.696	2035	4	2
131.907	2036	2	3
131.907	2037	3	3
131.907	2038	4	3
132.012	2039	1	2
132.012	2040	2	2
132.012	2041	3	2
132.223	2042	1	3
132.223	2043	2	3
132.223	2044	3	3
132.328	2045	1	2
132.328	2046	2	2
132.328	2047	3	2
132.328	2048	4	2
132.539	2049	1	3
132.539	2050	2	3
132.539	2051	3	3
132.539	2052	4	3
132.644	2053	1	2
132.644	2054	2	2
132.644	2055	3	2
132.644	2056	4	2
132.960	2057	4	3
133.065	2058	3	3
133.170	2059	2	3
133.275	2060	4	1
133.275	2061	1	3
133.486	2062	1	1
133.907	2063	1	1
133.907	2064	2	1
133.907	2065	3	1
133.907	2066	4	1