Song Name	South by Kawai Sprite
Title	South
Artist	Kawai Sprite
Description	The 2nd track of Week 2 'Spooky Month'. In this week Boyfriend faces off against 'Skid and Pump', two characters from the annual 'Spooky Month' animation series by Sr Pelo. Have you seen the dance 'Pelo Moves'?
Difficulty	8
Primary Color	Chill
Secondary Color	Chill
Cover Image ID	6137051744
Audio Asset ID	rbxassetid://9063148512
Audio File	9063148512.ogg
Last Note Time	87.111
Total Notes	448
Fever Fill	118
Fever Time	13.066650
Long Notes	94
BPM	165
Song Length	88.111000000

Timing Points
0.021	363.636364


Song Data
0.021	1	4	2
2.930	2	4	3
2.930	3	1	2
5.839	4	1	3
5.839	5	4	2
8.748	6	4	3
8.748	7	1	2
11.657	8	1	3
10.202	9	2	2
11.657	10	2	3
11.657	11	4	2
11.930	12	4	3
12.021	13	4	2
12.293	14	4	3
12.384	15	1	1
12.566	16	2	1
12.748	17	4	1
12.930	18	2	1
13.111	19	3	2
13.384	20	3	3
13.475	21	2	2
13.748	22	2	3
13.839	23	1	1
14.021	24	1	1
14.202	25	1	2
14.475	26	1	3
14.566	27	1	2
14.839	28	1	3
14.930	29	1	2
15.202	30	1	3
15.293	31	2	1
15.475	32	3	1
15.657	33	4	1
15.839	34	2	1
16.021	35	3	2
16.293	36	3	3
16.384	37	3	2
16.657	38	3	3
16.748	39	4	2
17.021	40	4	3
17.111	41	2	1
17.293	42	1	1
17.475	43	4	2
17.748	44	4	3
17.839	45	4	2
18.111	46	4	3
18.202	47	1	1
18.384	48	2	1
18.566	49	4	1
18.748	50	2	1
18.930	51	3	2
19.202	52	3	3
19.293	53	2	2
19.566	54	2	3
19.657	55	1	1
19.839	56	1	1
20.021	57	1	2
20.293	58	1	3
20.384	59	1	2
20.657	60	1	3
20.748	61	1	2
21.021	62	1	3
21.111	63	2	1
21.293	64	3	1
21.475	65	4	1
21.657	66	2	1
21.839	67	3	2
22.111	68	3	3
22.202	69	3	2
22.475	70	3	3
22.566	71	4	2
22.839	72	4	3
22.930	73	2	1
23.111	74	1	1
23.293	75	4	1
23.475	76	3	1
23.657	77	1	1
23.839	78	2	1
23.930	79	3	1
24.021	80	4	1
24.202	81	3	1
24.384	82	2	1
24.566	83	1	1
24.748	84	3	2
24.930	85	3	3
25.111	86	3	2
25.293	87	3	3
25.475	88	3	1
25.657	89	2	1
25.839	90	1	1
26.021	91	4	1
26.202	92	1	2
26.384	93	1	3
26.566	94	1	1
26.748	95	2	1
26.839	96	3	1
26.930	97	4	1
27.111	98	3	1
27.293	99	2	1
27.475	100	1	1
27.657	101	3	2
27.839	102	3	3
28.021	103	3	2
28.202	104	3	3
28.384	105	4	1
28.566	106	3	1
28.748	107	2	1
28.930	108	1	1
29.111	109	4	1
29.293	110	3	1
29.475	111	1	1
29.657	112	2	1
29.748	113	3	1
29.839	114	4	1
30.021	115	3	1
30.202	116	2	1
30.384	117	1	1
30.566	118	3	2
30.748	119	3	3
30.930	120	3	2
31.111	121	3	3
31.293	122	3	1
31.475	123	2	1
31.657	124	1	1
31.839	125	4	1
32.021	126	1	2
32.202	127	1	3
32.384	128	1	1
32.566	129	2	1
32.657	130	3	1
32.748	131	4	1
32.930	132	3	1
33.111	133	2	1
33.293	134	1	1
33.475	135	3	2
33.657	136	3	3
33.839	137	3	2
34.021	138	3	3
34.202	139	4	1
34.384	140	3	1
34.566	141	2	1
34.748	142	1	1
34.930	143	4	1
35.111	144	3	1
35.293	145	1	1
35.475	146	4	1
35.657	147	3	1
35.839	148	1	1
36.021	149	4	1
36.202	150	3	1
36.384	151	1	1
36.566	152	4	1
36.748	153	3	1
36.930	154	1	1
37.111	155	1	1
37.293	156	3	1
37.475	157	2	2
37.748	158	2	3
37.839	159	4	1
38.021	160	3	1
38.202	161	1	1
38.384	162	4	1
38.566	163	3	1
38.748	164	1	1
38.930	165	4	1
39.111	166	3	1
39.293	167	1	1
39.475	168	1	1
39.566	169	2	1
39.657	170	3	1
39.839	171	1	1
40.021	172	1	1
40.202	173	3	1
40.384	174	2	2
40.657	175	2	3
40.748	176	4	1
40.930	177	3	1
41.111	178	1	1
41.293	179	4	1
41.475	180	3	1
41.657	181	1	1
41.839	182	4	1
42.021	183	3	1
42.202	184	1	1
42.384	185	4	1
42.566	186	3	1
42.748	187	1	1
42.930	188	1	1
43.111	189	3	1
43.293	190	2	2
43.566	191	2	3
43.657	192	4	1
43.839	193	3	1
44.021	194	1	1
44.202	195	4	1
44.384	196	3	1
44.566	197	1	1
44.748	198	4	1
44.930	199	3	1
45.111	200	1	1
45.293	201	1	1
45.384	202	2	1
45.475	203	3	1
45.657	204	1	1
45.839	205	1	1
46.021	206	3	1
46.202	207	2	2
46.566	208	2	3
46.566	209	4	1
46.839	210	3	1
46.930	211	1	2
47.111	212	1	3
47.111	213	4	2
47.293	214	4	3
47.293	215	3	1
47.475	216	1	1
47.657	217	3	1
47.839	218	2	1
48.021	219	1	1
48.202	220	3	1
48.384	221	2	1
48.566	222	1	1
48.748	223	1	1
48.930	224	3	1
49.111	225	1	2
49.384	226	1	3
49.475	227	4	1
49.566	228	3	1
49.657	229	2	2
49.839	230	2	3
49.839	231	3	2
50.021	232	3	3
50.021	233	4	1
50.202	234	3	1
50.384	235	1	1
50.566	236	4	1
50.657	237	3	1
50.748	238	2	1
50.930	239	3	2
51.111	240	3	3
51.111	241	1	1
51.202	242	2	1
51.293	243	4	1
51.475	244	2	1
51.657	245	2	1
51.839	246	3	1
52.021	247	1	2
52.293	248	1	3
52.384	249	4	1
52.657	250	3	1
52.748	251	1	2
52.930	252	1	3
52.930	253	4	2
53.111	254	4	3
53.111	255	3	1
53.293	256	1	1
53.475	257	3	1
53.657	258	2	1
53.839	259	1	1
54.021	260	3	1
54.202	261	2	1
54.384	262	1	1
54.566	263	1	1
54.748	264	3	1
54.930	265	1	2
55.202	266	1	3
55.293	267	4	1
55.384	268	3	1
55.475	269	2	2
55.657	270	2	3
55.657	271	3	2
55.839	272	3	3
55.839	273	4	1
56.021	274	3	1
56.202	275	1	1
56.384	276	4	1
56.475	277	3	1
56.566	278	2	1
56.748	279	3	2
56.930	280	3	3
56.930	281	1	1
57.021	282	2	1
57.111	283	4	1
57.293	284	2	1
57.475	285	2	1
57.657	286	3	1
57.839	287	1	2
58.202	288	1	3
57.839	289	4	1
58.021	290	2	1
58.202	291	4	2
58.475	292	4	3
58.566	293	4	2
58.748	294	4	3
58.748	295	1	2
58.930	296	1	3
58.930	297	2	1
59.111	298	3	1
59.293	299	4	1
59.475	300	2	1
59.657	301	3	2
59.930	302	3	3
60.021	303	2	2
60.293	304	2	3
60.384	305	1	1
60.566	306	1	1
60.748	307	1	2
61.021	308	1	3
61.111	309	1	2
61.384	310	1	3
61.475	311	1	2
61.657	312	1	3
61.657	313	4	2
61.839	314	4	3
61.839	315	2	1
62.021	316	3	1
62.202	317	4	1
62.384	318	2	1
62.566	319	3	2
62.839	320	3	3
62.930	321	3	2
63.202	322	3	3
63.293	323	1	1
63.293	324	4	2
63.657	325	4	3
63.475	326	2	1
63.657	327	3	1
63.839	328	1	1
64.021	329	4	2
64.293	330	4	3
64.384	331	4	2
64.566	332	4	3
64.566	333	1	2
64.748	334	1	3
64.748	335	2	1
64.930	336	3	1
65.111	337	4	1
65.293	338	2	1
65.475	339	3	2
65.748	340	3	3
65.839	341	2	2
66.111	342	2	3
66.202	343	1	1
66.384	344	1	1
66.566	345	1	2
66.839	346	1	3
66.930	347	1	2
67.202	348	1	3
67.293	349	1	2
67.475	350	1	3
67.475	351	4	2
67.657	352	4	3
67.657	353	2	1
67.839	354	3	1
68.021	355	4	1
68.202	356	2	1
68.384	357	3	2
68.657	358	3	3
68.748	359	3	2
69.021	360	3	3
69.111	361	4	2
69.475	362	4	3
69.475	363	3	1
69.657	364	1	1
69.839	365	4	1
70.021	366	3	1
70.202	367	1	1
70.384	368	2	1
70.475	369	3	1
70.566	370	4	1
70.748	371	3	1
70.930	372	2	1
71.111	373	1	1
71.293	374	3	2
71.475	375	3	3
71.657	376	3	1
71.839	377	4	2
72.021	378	4	3
72.021	379	3	1
72.202	380	2	1
72.384	381	1	1
72.566	382	4	1
72.748	383	1	2
72.930	384	1	3
73.111	385	1	1
73.293	386	2	1
73.384	387	3	1
73.475	388	4	1
73.657	389	3	1
73.839	390	2	1
74.021	391	1	1
74.202	392	3	2
74.384	393	3	3
74.384	394	4	2
74.566	395	4	3
74.566	396	2	2
74.748	397	2	3
74.748	398	4	2
74.930	399	4	3
74.930	400	3	1
75.111	401	2	1
75.293	402	1	1
75.475	403	2	1
75.657	404	4	1
75.839	405	3	1
76.021	406	1	1
76.202	407	2	1
76.293	408	3	1
76.384	409	4	1
76.566	410	3	1
76.748	411	2	1
76.930	412	1	1
77.111	413	3	2
77.293	414	3	3
77.475	415	3	1
77.657	416	4	2
77.839	417	4	3
77.839	418	3	1
78.021	419	2	1
78.202	420	1	1
78.384	421	4	1
78.566	422	1	2
78.748	423	1	3
78.930	424	1	1
79.111	425	2	1
79.202	426	3	1
79.293	427	4	1
79.475	428	3	1
79.657	429	2	1
79.839	430	1	1
80.021	431	3	2
80.202	432	3	3
80.202	433	4	2
80.384	434	4	3
80.384	435	2	2
80.566	436	2	3
80.566	437	4	2
80.748	438	4	3
80.748	439	3	1
80.930	440	2	1
81.111	441	1	1
81.293	442	2	1
81.475	443	4	2
84.384	444	4	3
84.384	445	1	2
87.111	446	1	3
85.839	447	2	2
87.111	448	2	3