Song Name	St Tropez (Hard) by Tony Romera & SQWAD [Monstercat]
Difficulty	19
Primary Color	Flow
Secondary Color	Chill
Audio Asset ID	rbxassetid://9060994382
Audio File	9060994382.ogg
Last Note Time	123.932
Total Notes	932
Fever Fill	267
Fever Time	18.589800
Long Notes	132
BPM	124
Song Length	124.932000000

Timing Points
0.062	483.870968


Song Data
0.062	1	1	1
0.424	2	2	1
0.787	3	4	1
1.271	4	2	1
1.513	5	3	1
1.997	6	1	1
2.360	7	2	1
2.723	8	4	1
3.207	9	2	1
3.449	10	3	1
3.932	11	1	1
4.295	12	2	1
4.658	13	4	1
5.142	14	2	1
5.384	15	3	1
5.868	16	1	1
6.231	17	2	1
6.594	18	4	1
6.836	19	2	1
7.078	20	3	1
7.320	21	3	1
7.561	22	4	1
7.803	23	1	1
8.166	24	2	1
8.529	25	4	1
9.013	26	2	1
9.255	27	3	1
9.739	28	1	1
10.102	29	2	1
10.465	30	4	1
10.949	31	2	1
11.191	32	3	1
11.674	33	1	1
12.037	34	2	1
12.400	35	4	1
12.884	36	2	1
13.126	37	3	1
13.610	38	1	1
13.973	39	2	1
14.336	40	4	1
14.578	41	2	1
14.820	42	3	1
15.061	43	1	1
15.061	44	2	1
15.303	45	1	1
15.303	46	4	1
15.424	47	2	1
15.545	48	3	1
15.545	49	4	2
15.787	50	1	1
15.787	51	4	3
16.029	52	2	1
16.029	53	3	1
16.029	54	4	1
16.271	55	1	2
16.513	56	3	1
16.513	57	4	1
16.513	58	1	3
16.755	59	2	1
16.997	60	1	1
16.997	61	3	1
16.997	62	4	1
17.239	63	2	1
17.481	64	3	1
17.481	65	4	2
17.723	66	1	1
17.723	67	4	3
17.965	68	2	1
17.965	69	3	1
17.965	70	4	1
18.207	71	1	2
18.449	72	3	1
18.449	73	4	1
18.449	74	1	3
18.691	75	2	1
18.932	76	1	1
18.932	77	3	1
18.932	78	4	1
19.174	79	2	1
19.416	80	3	1
19.416	81	4	2
19.658	82	1	1
19.658	83	4	3
19.900	84	2	1
19.900	85	3	1
19.900	86	4	1
20.142	87	1	2
20.384	88	3	1
20.384	89	4	1
20.384	90	1	3
20.626	91	2	1
20.868	92	1	1
20.868	93	3	1
20.868	94	4	1
21.110	95	2	1
21.352	96	3	1
21.352	97	4	2
21.594	98	1	1
21.594	99	4	3
21.836	100	2	1
21.836	101	3	1
21.836	102	4	1
22.078	103	1	2
22.320	104	1	3
22.561	105	1	1
22.803	106	2	2
22.803	107	3	1
22.803	108	4	1
23.287	109	3	1
23.287	110	4	2
23.287	111	2	3
23.529	112	1	1
23.529	113	4	3
23.771	114	2	1
23.771	115	3	1
23.771	116	4	1
24.013	117	1	2
24.255	118	3	1
24.255	119	4	1
24.255	120	1	3
24.497	121	2	1
24.739	122	1	1
24.739	123	3	1
24.739	124	4	1
24.981	125	2	1
25.223	126	3	1
25.223	127	4	2
25.465	128	1	1
25.465	129	4	3
25.707	130	2	1
25.707	131	3	1
25.707	132	4	1
25.949	133	1	2
26.191	134	3	1
26.191	135	4	1
26.191	136	1	3
26.432	137	2	1
26.674	138	1	1
26.674	139	3	1
26.674	140	4	1
26.916	141	2	1
27.158	142	3	1
27.158	143	4	2
27.400	144	1	1
27.400	145	4	3
27.642	146	2	1
27.642	147	3	1
27.642	148	4	1
27.884	149	1	2
28.126	150	3	1
28.126	151	4	1
28.126	152	1	3
28.368	153	2	1
28.610	154	1	1
28.610	155	3	1
28.610	156	4	1
28.852	157	2	1
29.094	158	3	1
29.094	159	4	2
29.336	160	1	1
29.336	161	4	3
29.578	162	2	1
29.578	163	3	1
29.578	164	4	1
29.820	165	1	2
30.061	166	1	3
30.303	167	1	1
30.545	168	2	1
30.545	169	3	1
30.545	170	4	1
30.787	171	1	1
30.787	172	4	1
30.908	173	2	1
31.029	174	3	1
31.029	175	4	2
31.150	176	2	1
31.271	177	1	1
31.271	178	4	3
31.513	179	2	1
31.513	180	3	1
31.513	181	4	1
31.755	182	1	2
31.997	183	3	1
31.997	184	4	1
31.997	185	1	3
32.239	186	2	1
32.481	187	1	1
32.481	188	3	1
32.481	189	4	1
32.723	190	2	1
32.965	191	3	1
32.965	192	4	2
33.207	193	1	1
33.207	194	4	3
33.449	195	2	1
33.449	196	3	1
33.449	197	4	1
33.691	198	1	2
33.932	199	3	1
33.932	200	4	1
33.932	201	1	3
34.053	202	1	1
34.174	203	2	1
34.295	204	3	1
34.416	205	1	1
34.416	206	2	1
34.416	207	4	1
34.537	208	3	1
34.658	209	2	1
34.779	210	1	1
34.900	211	3	1
34.900	212	4	2
35.142	213	1	1
35.142	214	4	3
35.384	215	2	1
35.384	216	3	1
35.384	217	4	1
35.626	218	1	2
35.868	219	3	1
35.868	220	4	1
35.868	221	1	3
36.110	222	2	1
36.352	223	1	1
36.352	224	3	1
36.352	225	4	1
36.594	226	2	1
36.836	227	3	1
36.836	228	4	2
37.078	229	1	1
37.078	230	4	3
37.320	231	2	1
37.320	232	3	1
37.320	233	4	1
37.561	234	1	2
37.803	235	1	3
38.045	236	1	1
38.287	237	2	2
38.287	238	3	1
38.287	239	4	1
38.771	240	3	1
38.771	241	4	2
38.771	242	2	3
38.892	243	2	1
39.013	244	1	1
39.013	245	4	3
39.255	246	2	1
39.255	247	3	1
39.255	248	4	1
39.497	249	1	2
39.739	250	3	1
39.739	251	4	1
39.739	252	1	3
39.981	253	2	1
40.223	254	1	1
40.223	255	3	1
40.223	256	4	1
40.465	257	2	1
40.707	258	3	1
40.707	259	4	2
40.949	260	1	1
40.949	261	4	3
41.191	262	2	1
41.191	263	3	1
41.191	264	4	1
41.432	265	1	2
41.674	266	3	1
41.674	267	4	1
41.674	268	1	3
41.795	269	1	1
41.916	270	2	1
42.037	271	3	1
42.158	272	1	1
42.158	273	2	1
42.158	274	4	1
42.279	275	3	1
42.400	276	2	1
42.521	277	1	1
42.642	278	3	1
42.642	279	4	2
42.884	280	1	1
42.884	281	4	3
43.126	282	2	1
43.126	283	3	1
43.126	284	4	1
43.368	285	1	2
43.610	286	3	1
43.610	287	4	1
43.610	288	1	3
43.852	289	2	1
44.094	290	1	1
44.094	291	3	1
44.094	292	4	1
44.336	293	2	1
44.578	294	3	1
44.578	295	4	2
44.820	296	1	1
44.820	297	4	3
45.061	298	2	1
45.061	299	3	1
45.061	300	4	1
45.303	301	1	2
45.545	302	1	3
45.787	303	1	1
46.029	304	2	2
46.029	305	3	1
46.029	306	4	1
46.271	307	3	2
46.513	308	1	1
46.513	309	4	1
46.513	310	2	3
46.513	311	3	3
46.876	312	2	1
46.997	313	3	1
47.239	314	4	1
47.723	315	2	1
47.965	316	3	1
48.449	317	1	1
48.811	318	2	1
48.932	319	3	1
49.174	320	4	1
49.658	321	2	1
49.900	322	3	1
50.384	323	1	1
50.747	324	2	1
50.868	325	3	1
51.110	326	4	1
51.594	327	2	1
51.836	328	3	1
52.320	329	1	1
52.682	330	2	1
52.803	331	3	1
53.045	332	4	1
53.287	333	2	1
53.529	334	3	1
53.771	335	3	1
54.013	336	4	1
54.255	337	1	1
54.618	338	2	1
54.739	339	3	1
54.981	340	4	1
55.465	341	2	1
55.707	342	3	1
56.191	343	1	1
56.553	344	2	1
56.674	345	3	1
56.916	346	4	1
57.400	347	2	1
57.642	348	3	1
58.126	349	1	1
58.489	350	2	1
58.610	351	3	1
58.852	352	4	1
59.336	353	2	1
59.578	354	3	1
60.061	355	1	1
60.424	356	2	1
60.545	357	3	1
60.787	358	4	1
61.029	359	2	1
61.271	360	3	1
61.513	361	2	1
61.755	362	4	1
61.997	363	1	1
61.997	364	2	1
61.997	365	3	1
62.360	366	2	1
62.481	367	3	1
62.723	368	4	1
62.965	369	1	1
63.328	370	2	1
63.449	371	3	1
63.691	372	4	1
63.932	373	1	1
64.295	374	2	1
64.416	375	3	1
64.658	376	4	1
64.900	377	1	1
65.263	378	2	1
65.384	379	3	1
65.626	380	4	1
65.868	381	1	1
66.110	382	4	1
66.231	383	2	1
66.352	384	3	1
66.594	385	4	1
66.836	386	1	1
67.078	387	4	1
67.199	388	2	1
67.320	389	3	1
67.561	390	4	1
67.803	391	1	1
68.045	392	4	1
68.166	393	2	1
68.287	394	3	1
68.529	395	4	1
68.771	396	1	1
69.013	397	4	1
69.134	398	2	1
69.255	399	3	1
69.497	400	4	1
69.739	401	1	1
69.981	402	1	1
70.223	403	3	1
70.465	404	3	1
70.707	405	2	1
70.949	406	2	1
71.191	407	4	1
71.432	408	4	1
71.674	409	1	1
71.836	410	3	1
71.916	411	1	1
72.078	412	2	1
72.158	413	4	1
72.320	414	3	1
72.400	415	1	1
72.561	416	2	1
72.642	417	4	1
72.803	418	3	1
72.884	419	1	1
73.045	420	2	1
73.126	421	4	1
73.287	422	3	1
73.368	423	1	1
73.529	424	2	1
73.610	425	3	1
73.610	426	4	1
73.771	427	2	1
73.852	428	3	1
73.852	429	4	1
74.013	430	2	1
74.094	431	3	1
74.094	432	4	1
74.255	433	2	1
74.336	434	3	1
74.336	435	4	1
74.497	436	2	1
74.578	437	3	1
74.578	438	4	1
74.739	439	2	1
74.820	440	3	1
74.820	441	4	1
74.981	442	2	1
75.061	443	3	1
75.061	444	4	1
75.223	445	2	1
75.303	446	3	1
75.303	447	4	1
75.465	448	2	1
75.545	449	1	2
75.949	450	1	3
76.029	451	2	2
76.432	452	2	3
76.513	453	3	2
76.916	454	3	3
76.997	455	4	2
77.400	456	1	1
77.400	457	4	3
77.481	458	3	1
77.481	459	4	2
77.723	460	2	1
77.723	461	4	3
77.868	462	3	1
77.965	463	1	1
77.965	464	2	1
77.965	465	4	1
78.207	466	3	1
78.328	467	4	2
78.449	468	1	1
78.449	469	2	2
78.449	470	4	3
78.570	471	2	3
78.691	472	2	2
78.811	473	2	3
78.932	474	1	1
78.932	475	3	1
78.932	476	4	1
79.174	477	2	1
79.416	478	3	2
79.416	479	4	2
79.658	480	1	1
79.658	481	3	3
79.658	482	4	3
79.900	483	2	1
79.900	484	3	1
79.900	485	4	1
80.021	486	1	2
80.142	487	3	1
80.142	488	1	3
80.263	489	4	2
80.384	490	1	1
80.384	491	2	2
80.384	492	4	3
80.505	493	2	3
80.626	494	2	2
80.747	495	2	3
80.868	496	1	1
80.868	497	3	1
80.868	498	4	1
81.110	499	2	1
81.352	500	3	2
81.352	501	4	2
81.594	502	1	1
81.594	503	3	3
81.594	504	4	3
81.836	505	2	1
81.836	506	3	1
81.836	507	4	1
82.078	508	1	1
82.199	509	4	2
82.320	510	1	1
82.320	511	2	2
82.320	512	4	3
82.441	513	2	3
82.561	514	2	2
82.682	515	2	3
82.803	516	1	1
82.803	517	3	1
82.803	518	4	1
83.045	519	2	1
83.287	520	3	2
83.287	521	4	2
83.529	522	1	1
83.529	523	3	3
83.529	524	4	3
83.771	525	2	1
83.771	526	3	1
83.771	527	4	1
83.892	528	1	2
84.013	529	3	1
84.013	530	1	3
84.134	531	4	2
84.255	532	1	1
84.255	533	2	2
84.255	534	4	3
84.376	535	2	3
84.497	536	2	2
84.618	537	2	3
84.739	538	1	2
84.739	539	3	1
84.739	540	4	1
84.860	541	1	3
84.981	542	1	2
84.981	543	4	1
85.102	544	2	1
85.102	545	3	1
85.102	546	1	3
85.223	547	1	1
85.223	548	4	2
85.465	549	2	1
85.465	550	4	3
85.610	551	3	1
85.707	552	1	1
85.707	553	2	1
85.707	554	4	1
85.949	555	3	1
86.070	556	4	2
86.191	557	1	1
86.191	558	2	2
86.191	559	4	3
86.311	560	2	3
86.432	561	2	2
86.553	562	2	3
86.674	563	1	1
86.674	564	3	1
86.674	565	4	1
86.916	566	2	1
87.158	567	3	2
87.158	568	4	2
87.400	569	1	1
87.400	570	3	3
87.400	571	4	3
87.642	572	2	1
87.642	573	3	1
87.642	574	4	1
87.763	575	1	2
87.884	576	3	1
87.884	577	1	3
88.005	578	4	2
88.126	579	1	1
88.126	580	2	2
88.126	581	4	3
88.247	582	2	3
88.368	583	2	2
88.489	584	2	3
88.610	585	1	1
88.610	586	3	1
88.610	587	4	1
88.852	588	2	1
89.094	589	3	2
89.094	590	4	2
89.336	591	1	1
89.336	592	3	3
89.336	593	4	3
89.578	594	2	1
89.578	595	3	1
89.578	596	4	1
89.820	597	1	1
89.941	598	4	2
90.061	599	1	1
90.061	600	2	2
90.061	601	4	3
90.182	602	2	3
90.303	603	2	2
90.424	604	2	3
90.545	605	1	1
90.545	606	3	1
90.545	607	4	1
90.787	608	2	1
91.029	609	3	1
91.029	610	4	1
91.271	611	1	2
91.513	612	3	1
91.513	613	4	1
91.513	614	1	3
91.755	615	2	2
91.997	616	1	1
91.997	617	4	1
91.997	618	2	3
92.239	619	3	2
92.481	620	1	1
92.481	621	2	1
92.481	622	3	3
92.723	623	1	1
92.723	624	2	1
92.844	625	3	1
92.965	626	1	1
92.965	627	4	2
93.207	628	4	3
93.352	629	3	1
93.449	630	1	2
93.811	631	4	2
93.811	632	1	3
93.932	633	2	2
93.932	634	4	3
94.053	635	2	3
94.174	636	2	2
94.295	637	2	3
94.416	638	1	2
94.900	639	3	2
94.900	640	4	2
94.900	641	1	3
95.142	642	3	3
95.142	643	4	3
95.384	644	2	1
95.384	645	3	1
95.384	646	4	1
95.505	647	1	2
95.626	648	3	1
95.626	649	1	3
95.747	650	4	2
95.868	651	1	1
95.868	652	2	2
95.868	653	4	3
95.989	654	2	3
96.110	655	2	2
96.231	656	2	3
96.352	657	1	1
96.352	658	3	1
96.352	659	4	1
96.594	660	2	1
96.836	661	3	2
96.836	662	4	2
97.078	663	2	1
97.078	664	3	3
97.078	665	4	3
97.223	666	3	1
97.320	667	1	1
97.320	668	2	1
97.320	669	4	1
97.561	670	3	1
97.682	671	4	2
97.803	672	1	1
97.803	673	2	2
97.803	674	4	3
97.924	675	2	3
98.045	676	2	2
98.166	677	2	3
98.287	678	1	1
98.287	679	3	1
98.287	680	4	1
98.529	681	2	1
98.771	682	3	2
98.771	683	4	2
99.013	684	1	1
99.013	685	3	3
99.013	686	4	3
99.255	687	2	1
99.255	688	3	1
99.255	689	4	1
99.376	690	1	2
99.497	691	3	1
99.497	692	1	3
99.618	693	4	2
99.739	694	1	1
99.739	695	2	2
99.739	696	4	3
99.860	697	2	3
99.981	698	2	2
100.102	699	2	3
100.223	700	1	2
100.223	701	3	1
100.223	702	4	1
100.344	703	1	3
100.465	704	1	2
100.465	705	4	1
100.586	706	2	1
100.586	707	1	3
100.707	708	3	1
100.707	709	4	2
100.949	710	2	1
100.949	711	4	3
101.094	712	3	1
101.191	713	1	1
101.191	714	2	1
101.191	715	4	1
101.432	716	3	1
101.553	717	4	2
101.674	718	1	1
101.674	719	2	2
101.674	720	4	3
101.795	721	2	3
101.916	722	2	2
102.037	723	2	3
102.158	724	1	1
102.158	725	3	1
102.158	726	4	1
102.400	727	2	1
102.642	728	3	2
102.642	729	4	2
102.884	730	1	1
102.884	731	3	3
102.884	732	4	3
103.126	733	2	1
103.126	734	3	1
103.126	735	4	1
103.247	736	1	2
103.368	737	3	1
103.368	738	1	3
103.489	739	4	2
103.610	740	1	1
103.610	741	2	2
103.610	742	4	3
103.731	743	2	3
103.852	744	2	2
103.973	745	2	3
104.094	746	1	1
104.094	747	3	1
104.094	748	4	1
104.336	749	2	1
104.578	750	3	2
104.578	751	4	2
104.820	752	2	1
104.820	753	3	3
104.820	754	4	3
104.965	755	3	1
105.061	756	1	1
105.061	757	2	1
105.061	758	4	1
105.303	759	3	1
105.424	760	4	2
105.545	761	1	1
105.545	762	2	2
105.545	763	4	3
105.666	764	2	3
105.787	765	2	2
105.908	766	2	3
106.029	767	1	1
106.029	768	3	1
106.029	769	4	1
106.271	770	2	1
106.513	771	3	1
106.513	772	4	1
106.755	773	1	2
106.997	774	3	1
106.997	775	4	1
106.997	776	1	3
107.239	777	2	2
107.481	778	1	1
107.481	779	4	1
107.481	780	2	3
107.723	781	3	2
107.965	782	1	1
107.965	783	2	1
107.965	784	3	3
108.207	785	1	1
108.207	786	2	1
108.328	787	3	1
108.449	788	1	1
108.449	789	4	2
108.570	790	2	1
108.691	791	3	1
108.691	792	4	3
108.932	793	1	1
108.932	794	2	1
108.932	795	4	1
109.174	796	3	2
109.309	797	2	1
109.416	798	1	1
109.416	799	4	1
109.416	800	3	3
109.658	801	3	1
109.900	802	1	1
109.900	803	2	1
109.900	804	4	1
110.142	805	3	1
110.384	806	1	1
110.384	807	4	2
110.626	808	2	1
110.626	809	4	3
110.868	810	1	1
110.868	811	3	1
110.868	812	4	1
111.110	813	2	2
111.244	814	1	1
111.352	815	3	1
111.352	816	4	1
111.352	817	2	3
111.473	818	1	1
111.594	819	2	1
111.715	820	3	1
111.836	821	1	1
111.836	822	2	1
111.836	823	4	1
111.957	824	3	1
112.078	825	2	1
112.199	826	1	1
112.320	827	3	1
112.320	828	4	2
112.561	829	2	1
112.561	830	4	3
112.803	831	1	1
112.803	832	3	1
112.803	833	4	1
113.045	834	2	2
113.180	835	3	1
113.287	836	1	1
113.287	837	4	1
113.287	838	2	3
113.529	839	2	1
113.771	840	1	1
113.771	841	3	1
113.771	842	4	1
114.013	843	2	1
114.255	844	1	1
114.255	845	4	2
114.497	846	3	1
114.497	847	4	3
114.739	848	1	1
114.739	849	2	1
114.739	850	4	1
114.981	851	3	2
115.115	852	2	1
115.223	853	1	1
115.223	854	4	1
115.223	855	3	3
115.465	856	3	1
115.707	857	1	1
115.707	858	2	1
115.707	859	4	1
115.828	860	3	1
115.949	861	2	1
116.070	862	1	1
116.191	863	3	1
116.191	864	4	1
116.311	865	2	1
116.432	866	3	1
116.432	867	4	1
116.674	868	1	1
116.674	869	2	1
116.674	870	4	1
116.916	871	3	1
117.051	872	2	1
117.158	873	1	1
117.158	874	4	1
117.400	875	3	1
117.642	876	1	1
117.642	877	2	1
117.642	878	4	1
117.884	879	3	1
118.126	880	1	1
118.126	881	4	1
118.368	882	2	1
118.610	883	1	1
118.610	884	3	1
118.610	885	4	1
118.852	886	2	1
118.986	887	1	1
119.094	888	3	1
119.094	889	4	1
119.215	890	1	1
119.336	891	2	1
119.457	892	3	1
119.578	893	1	1
119.578	894	2	1
119.578	895	4	1
119.699	896	3	1
119.820	897	2	1
119.941	898	1	1
120.061	899	3	1
120.061	900	4	1
120.303	901	2	1
120.545	902	1	1
120.545	903	3	1
120.545	904	4	1
120.787	905	2	1
120.922	906	3	1
121.029	907	1	1
121.029	908	4	1
121.271	909	2	1
121.513	910	1	1
121.513	911	3	1
121.513	912	4	1
121.755	913	2	1
121.997	914	1	1
121.997	915	4	1
122.239	916	3	1
122.481	917	1	1
122.481	918	2	1
122.481	919	4	1
122.723	920	3	1
122.857	921	2	1
122.965	922	1	1
122.965	923	4	1
123.207	924	3	1
123.328	925	2	1
123.449	926	1	1
123.570	927	2	1
123.691	928	3	1
123.811	929	4	1
123.932	930	1	1
123.932	931	2	1
123.932	932	3	1