Song Name	superexpress (Hard) by keisei (feat. Hatsune Miku)
Difficulty	24
Primary Color	Vibe
Secondary Color	Chill
Audio Asset ID	rbxassetid://14820341904
Audio File	14820341904.ogg
Last Note Time	151.071
Total Notes	1436
Fever Fill	372
Fever Time	22.660650
Long Notes	320
BPM	140
Song Length	152.071000000

Timing Points
0.436	428.571429
82.741	428.571429
111.000	428.571429
111.857	428.571429


Song Data
0.436	1	3	2
0.650	2	3	3
0.436	3	4	1
0.650	4	1	1
0.864	5	2	1
0.864	6	4	2
1.079	7	4	3
1.007	8	3	1
1.079	9	1	1
1.221	10	4	1
1.293	11	2	2
1.507	12	2	3
1.436	13	3	1
1.507	14	1	1
1.614	15	4	1
1.721	16	1	1
1.721	17	3	1
1.829	18	2	1
1.936	19	4	1
2.079	20	1	1
2.150	21	3	2
2.364	22	3	3
2.364	23	1	1
2.579	24	4	2
2.793	25	4	3
2.579	26	2	1
2.721	27	3	1
2.793	28	1	2
3.007	29	1	3
2.936	30	4	1
3.007	31	2	2
3.221	32	2	3
3.150	33	1	1
3.221	34	3	1
3.293	35	4	1
3.364	36	3	1
3.436	37	2	1
3.436	38	1	2
3.650	39	1	3
3.650	40	4	2
3.864	41	4	3
3.793	42	1	1
3.864	43	3	1
4.079	44	1	1
4.293	45	2	1
4.293	46	4	2
4.507	47	4	3
4.436	48	3	1
4.507	49	1	1
4.650	50	4	1
4.721	51	2	2
4.936	52	2	3
4.864	53	3	1
4.936	54	1	1
5.150	55	4	2
5.364	56	4	3
5.150	57	2	1
5.364	58	1	1
5.507	59	2	1
5.579	60	3	2
5.793	61	3	3
5.793	62	1	1
6.007	63	4	2
6.221	64	4	3
6.007	65	2	1
6.150	66	3	1
6.221	67	1	1
6.364	68	4	1
6.436	69	2	1
6.579	70	1	1
6.650	71	3	2
6.864	72	3	3
6.864	73	4	2
7.079	74	4	3
6.864	75	2	2
7.293	76	2	3
7.079	77	3	2
7.186	78	3	3
7.293	79	1	2
7.400	80	1	3
7.293	81	4	2
7.507	82	4	3
7.293	83	3	1
7.507	84	1	2
7.721	85	1	3
7.721	86	4	2
7.936	87	4	3
7.721	88	2	2
7.829	89	2	3
7.936	90	2	2
8.150	91	2	3
8.150	92	1	2
8.364	93	1	3
8.150	94	4	2
8.257	95	4	3
8.364	96	4	2
8.579	97	4	3
8.579	98	3	2
8.686	99	3	3
8.579	100	1	2
8.793	101	1	3
8.793	102	3	2
9.007	103	3	3
9.007	104	4	2
9.221	105	4	3
9.007	106	1	2
9.114	107	1	3
9.221	108	1	2
9.436	109	1	3
9.436	110	2	2
9.543	111	2	3
9.436	112	4	2
9.864	113	4	3
9.650	114	2	2
9.864	115	2	3
9.864	116	1	2
10.293	117	1	3
9.864	118	3	2
10.079	119	3	3
10.079	120	4	1
10.150	121	2	1
10.221	122	4	1
10.293	123	2	2
10.507	124	2	3
10.293	125	3	2
10.400	126	3	3
10.507	127	3	2
10.721	128	3	3
10.721	129	1	1
10.721	130	4	1
10.936	131	1	2
11.150	132	1	3
10.936	133	2	1
11.150	134	3	2
11.257	135	3	3
11.150	136	2	2
11.364	137	2	3
11.364	138	3	2
11.579	139	3	3
11.364	140	4	1
11.579	141	1	2
11.686	142	1	3
11.579	143	4	2
11.793	144	4	3
11.793	145	2	1
11.793	146	1	2
12.007	147	1	3
12.007	148	2	2
12.221	149	2	3
12.007	150	3	2
12.114	151	3	3
12.221	152	3	2
12.436	153	3	3
12.221	154	4	1
12.436	155	4	1
12.436	156	2	1
12.489	157	1	1
12.543	158	4	1
12.650	159	2	1
12.757	160	2	1
12.864	161	3	1
12.971	162	3	1
13.079	163	1	1
13.186	164	1	1
13.293	165	4	1
13.293	166	2	1
13.721	167	2	2
14.043	168	2	3
13.936	169	3	2
14.150	170	3	3
14.150	171	2	1
14.150	172	1	2
14.364	173	1	3
14.150	174	4	2
14.364	175	4	3
14.364	176	3	2
14.793	177	3	3
14.579	178	1	1
14.579	179	2	1
14.793	180	4	2
15.221	181	4	3
15.007	182	2	1
15.007	183	3	1
15.221	184	1	2
15.650	185	1	3
15.436	186	3	1
15.436	187	4	1
15.650	188	2	2
16.079	189	2	3
15.864	190	1	1
15.864	191	4	1
16.293	192	4	1
16.293	193	3	1
16.507	194	1	1
16.614	195	2	2
16.936	196	2	3
16.721	197	4	1
16.721	198	3	1
16.936	199	3	2
17.150	200	3	3
17.150	201	1	1
17.150	202	4	2
17.364	203	4	3
17.364	204	3	2
17.579	205	3	3
17.579	206	1	2
18.007	207	1	3
17.579	208	2	1
18.007	209	2	1
18.007	210	3	1
18.221	211	4	2
18.650	212	4	3
18.436	213	1	1
18.436	214	2	1
18.650	215	3	2
18.864	216	3	3
18.864	217	4	1
18.864	218	2	2
19.079	219	2	3
19.079	220	3	2
19.507	221	3	3
19.293	222	4	1
19.293	223	1	1
19.507	224	2	2
19.721	225	2	3
19.721	226	1	2
19.936	227	1	3
19.721	228	3	1
19.936	229	2	2
20.150	230	2	3
20.150	231	4	1
20.150	232	3	2
20.579	233	3	3
20.579	234	4	1
20.579	235	1	2
21.007	236	1	3
20.793	237	2	1
20.793	238	3	1
21.007	239	4	2
21.221	240	4	3
21.007	241	3	1
21.221	242	2	2
21.650	243	2	3
21.436	244	3	1
21.436	245	1	1
21.650	246	4	2
22.079	247	4	3
21.864	248	2	1
21.864	249	3	1
22.079	250	1	2
22.507	251	1	3
22.293	252	2	1
22.293	253	4	1
22.507	254	3	2
22.936	255	3	3
22.721	256	1	1
22.721	257	2	1
23.150	258	1	1
23.150	259	4	1
23.364	260	2	2
23.579	261	2	3
23.579	262	4	1
23.579	263	3	2
23.793	264	3	3
23.793	265	1	2
24.007	266	1	3
24.007	267	4	2
24.221	268	4	3
24.221	269	2	2
24.436	270	2	3
24.436	271	3	2
24.864	272	3	3
24.436	273	1	1
24.864	274	1	1
24.864	275	2	1
25.079	276	4	2
25.507	277	4	3
25.293	278	2	1
25.293	279	3	1
25.507	280	1	2
25.721	281	1	3
25.721	282	3	2
25.936	283	3	3
25.721	284	4	1
25.936	285	2	2
26.150	286	2	3
26.150	287	3	1
26.150	288	4	1
26.364	289	1	2
26.579	290	1	3
26.579	291	4	2
26.793	292	4	3
26.579	293	2	1
26.793	294	3	2
27.007	295	3	3
27.007	296	1	1
27.007	297	2	2
27.436	298	2	3
27.329	299	1	1
27.329	300	4	1
27.436	301	3	2
27.864	302	3	3
27.543	303	4	1
27.543	304	1	1
27.864	305	2	1
27.864	306	4	2
28.079	307	4	3
27.864	308	1	2
28.079	309	1	3
28.079	310	3	2
28.507	311	3	3
28.293	312	2	1
28.293	313	1	1
28.507	314	4	2
28.936	315	4	3
28.721	316	3	1
28.721	317	2	1
28.936	318	1	2
29.364	319	1	3
29.150	320	3	1
29.150	321	4	1
29.364	322	2	2
29.793	323	2	3
29.579	324	1	1
29.579	325	4	1
30.007	326	3	1
30.007	327	4	1
30.221	328	1	1
30.329	329	2	2
30.650	330	2	3
30.436	331	4	1
30.436	332	3	1
30.650	333	3	2
30.864	334	3	3
30.864	335	4	2
31.079	336	4	3
30.864	337	1	1
31.079	338	3	2
31.293	339	3	3
31.293	340	1	2
31.721	341	1	3
31.293	342	2	1
31.721	343	2	1
31.721	344	3	1
31.936	345	4	2
32.364	346	4	3
32.150	347	1	1
32.150	348	2	1
32.364	349	3	2
32.579	350	3	3
32.579	351	2	2
32.793	352	2	3
32.579	353	4	1
32.793	354	3	2
33.221	355	3	3
33.007	356	1	1
33.007	357	4	1
33.221	358	2	2
33.436	359	2	3
33.436	360	3	1
33.436	361	1	2
33.650	362	1	3
33.650	363	2	2
33.864	364	2	3
33.864	365	3	2
34.293	366	3	3
33.864	367	4	1
34.293	368	4	1
34.293	369	1	2
34.721	370	1	3
34.507	371	2	1
34.507	372	3	1
34.721	373	3	1
34.721	374	4	2
34.936	375	4	3
34.936	376	2	2
35.364	377	2	3
35.150	378	1	1
35.150	379	3	1
35.364	380	4	2
35.793	381	4	3
35.579	382	3	1
35.579	383	2	1
35.793	384	1	2
36.221	385	1	3
36.007	386	2	1
36.007	387	4	1
36.221	388	3	2
36.650	389	3	3
36.436	390	2	1
36.436	391	1	1
36.864	392	1	1
36.864	393	4	1
37.079	394	2	1
37.186	395	3	2
37.507	396	3	3
37.293	397	1	1
37.293	398	4	1
37.507	399	1	2
37.721	400	1	3
37.721	401	4	2
37.936	402	4	3
37.936	403	2	2
38.150	404	2	3
38.150	405	1	1
38.150	406	3	2
38.579	407	3	3
38.579	408	2	1
38.579	409	1	1
38.793	410	4	2
39.221	411	4	3
39.007	412	3	1
39.007	413	2	1
39.221	414	1	2
39.436	415	1	3
39.436	416	4	1
39.436	417	3	2
39.650	418	3	3
39.650	419	2	2
40.079	420	2	3
39.864	421	4	1
39.864	422	3	1
40.079	423	1	2
40.293	424	1	3
40.293	425	4	2
40.507	426	4	3
40.293	427	2	1
40.507	428	3	2
40.721	429	3	3
40.721	430	1	1
40.721	431	2	2
41.150	432	2	3
41.043	433	4	1
41.043	434	1	1
41.150	435	3	2
41.579	436	3	3
41.257	437	4	1
41.257	438	1	1
41.579	439	1	2
41.793	440	1	3
41.579	441	4	2
41.793	442	4	3
41.579	443	2	1
41.793	444	2	2
42.221	445	2	3
42.007	446	4	1
42.007	447	3	1
42.221	448	1	2
42.650	449	1	3
42.436	450	3	1
42.436	451	2	1
42.650	452	4	2
43.079	453	4	3
42.864	454	2	1
42.864	455	1	1
43.079	456	3	2
43.507	457	3	3
43.293	458	4	1
43.293	459	1	1
43.721	460	1	1
43.721	461	2	1
43.936	462	4	1
44.043	463	3	2
44.364	464	3	3
44.150	465	1	1
44.150	466	2	1
44.364	467	2	2
44.579	468	2	3
44.579	469	1	2
44.793	470	1	3
44.579	471	4	1
44.793	472	2	2
45.007	473	2	3
45.007	474	3	1
45.007	475	4	2
45.436	476	4	3
45.436	477	2	1
45.436	478	3	1
45.650	479	1	2
46.079	480	1	3
45.864	481	3	1
45.864	482	4	1
46.079	483	2	2
46.293	484	2	3
46.293	485	3	2
46.507	486	3	3
46.293	487	1	1
46.507	488	2	2
46.936	489	2	3
46.721	490	4	1
46.721	491	1	1
46.936	492	3	2
47.150	493	3	3
47.150	494	4	2
47.364	495	4	3
47.150	496	2	1
47.364	497	3	2
47.579	498	3	3
47.579	499	2	2
48.007	500	2	3
47.579	501	1	1
48.007	502	4	2
48.436	503	4	3
48.007	504	1	1
48.221	505	3	1
48.221	506	2	1
48.436	507	2	1
48.436	508	1	2
48.650	509	1	3
48.650	510	3	2
49.079	511	3	3
48.864	512	4	1
48.864	513	2	1
49.079	514	1	2
49.507	515	1	3
49.293	516	3	1
49.293	517	2	1
49.507	518	4	2
49.936	519	4	3
49.721	520	1	1
49.721	521	3	1
49.936	522	2	2
50.364	523	2	3
50.150	524	4	1
50.150	525	3	1
50.579	526	1	1
50.579	527	4	1
50.793	528	3	2
51.007	529	3	3
51.007	530	2	2
51.221	531	2	3
51.007	532	1	1
51.221	533	4	2
51.436	534	4	3
51.436	535	1	2
51.650	536	1	3
51.650	537	3	2
51.864	538	3	3
51.864	539	4	1
51.864	540	2	2
52.293	541	2	3
52.293	542	3	1
52.293	543	4	1
52.507	544	1	2
52.936	545	1	3
52.721	546	3	1
52.721	547	2	1
52.936	548	4	2
53.150	549	4	3
53.150	550	1	1
53.150	551	2	2
53.364	552	2	3
53.364	553	3	2
53.579	554	3	3
53.579	555	2	1
53.579	556	1	1
53.793	557	4	2
54.007	558	4	3
54.007	559	3	1
54.007	560	1	2
54.221	561	1	3
54.221	562	2	2
54.436	563	2	3
54.436	564	4	1
54.436	565	3	2
54.864	566	3	3
54.757	567	1	1
54.757	568	4	1
54.864	569	2	2
55.293	570	2	3
54.971	571	1	1
54.971	572	4	1
55.293	573	3	1
55.293	574	4	2
55.507	575	4	3
55.293	576	1	2
55.507	577	1	3
55.507	578	2	2
55.936	579	2	3
55.721	580	3	1
55.721	581	4	1
55.936	582	1	2
56.364	583	1	3
56.150	584	2	1
56.150	585	3	1
56.364	586	4	2
56.793	587	4	3
56.579	588	2	1
56.579	589	1	1
56.793	590	3	2
57.221	591	3	3
57.007	592	1	1
57.007	593	4	1
57.436	594	2	1
57.436	595	1	1
57.650	596	4	1
57.757	597	3	2
58.079	598	3	3
57.864	599	2	1
57.864	600	1	1
58.079	601	2	2
58.293	602	2	3
58.293	603	4	1
58.293	604	1	2
58.507	605	1	3
58.507	606	2	2
58.721	607	2	3
58.721	608	4	2
59.150	609	4	3
58.721	610	3	1
59.150	611	2	1
59.150	612	3	1
59.364	613	1	2
59.793	614	1	3
59.579	615	4	1
59.579	616	3	1
59.793	617	2	2
60.007	618	2	3
60.007	619	1	1
60.007	620	3	2
60.221	621	3	3
60.221	622	2	2
60.650	623	2	3
60.436	624	1	1
60.436	625	4	1
60.650	626	3	2
60.864	627	3	3
60.864	628	4	2
61.079	629	4	3
60.864	630	2	1
61.079	631	3	2
61.293	632	3	3
61.293	633	1	1
61.293	634	2	2
61.721	635	2	3
61.721	636	4	2
62.150	637	4	3
61.721	638	1	1
61.936	639	2	1
61.936	640	3	1
62.150	641	2	1
62.150	642	1	2
62.364	643	1	3
62.364	644	3	2
62.793	645	3	3
62.579	646	2	1
62.579	647	4	1
62.793	648	1	2
63.221	649	1	3
63.007	650	3	1
63.007	651	2	1
63.221	652	4	2
63.650	653	4	3
63.436	654	3	1
63.436	655	1	1
63.650	656	2	2
64.079	657	2	3
63.864	658	3	1
63.864	659	4	1
64.293	660	4	1
64.293	661	1	1
64.507	662	3	1
64.614	663	2	2
64.936	664	2	3
64.721	665	4	1
64.721	666	1	1
64.936	667	4	2
65.150	668	4	3
65.150	669	1	2
65.364	670	1	3
65.364	671	3	2
65.579	672	3	3
65.579	673	2	2
66.007	674	2	3
65.579	675	4	1
66.007	676	3	1
66.007	677	4	1
66.221	678	1	2
66.650	679	1	3
66.436	680	2	1
66.436	681	3	1
66.650	682	4	2
66.864	683	4	3
66.864	684	1	1
66.864	685	2	2
67.079	686	2	3
67.079	687	3	2
67.507	688	3	3
67.293	689	2	1
67.293	690	1	1
67.507	691	4	2
67.721	692	4	3
67.721	693	1	2
67.936	694	1	3
67.721	695	3	1
67.936	696	2	2
68.150	697	2	3
68.150	698	3	2
68.579	699	3	3
68.150	700	4	1
68.471	701	1	1
68.471	702	4	1
68.579	703	2	2
69.007	704	2	3
68.686	705	4	1
68.686	706	1	1
69.007	707	1	2
69.221	708	1	3
69.007	709	4	2
69.221	710	4	3
69.007	711	3	1
69.221	712	3	2
69.650	713	3	3
69.436	714	2	1
69.436	715	1	1
69.650	716	4	2
72.007	717	4	3
69.864	718	3	1
69.864	719	1	1
70.079	720	2	1
70.186	721	2	1
70.293	722	1	1
70.293	723	3	1
70.721	724	2	1
70.721	725	3	1
70.936	726	1	1
71.043	727	1	1
71.150	728	2	1
71.150	729	3	1
71.257	730	1	1
71.364	731	3	1
71.579	732	2	1
71.579	733	1	1
71.793	734	3	1
71.900	735	3	1
72.007	736	1	1
72.007	737	2	1
72.221	738	3	2
72.436	739	3	3
72.436	740	4	2
73.293	741	4	3
72.436	742	1	1
72.650	743	3	1
72.757	744	3	1
72.864	745	1	1
72.864	746	2	1
72.971	747	3	1
73.079	748	1	1
73.293	749	2	1
73.293	750	3	1
73.507	751	2	2
73.721	752	2	3
73.721	753	3	2
73.936	754	3	3
73.721	755	1	1
73.936	756	1	2
74.579	757	1	3
74.150	758	3	1
74.150	759	4	1
74.364	760	2	1
74.471	761	2	1
74.579	762	4	1
74.579	763	3	1
74.686	764	2	1
74.793	765	4	2
75.221	766	4	3
75.007	767	3	1
75.007	768	1	1
75.221	769	2	2
75.650	770	2	3
75.329	771	1	1
75.436	772	4	1
75.436	773	3	1
75.650	774	4	1
75.650	775	1	1
75.864	776	2	1
75.864	777	3	1
76.079	778	2	2
76.293	779	2	3
76.186	780	3	1
76.293	781	1	2
76.507	782	1	3
76.293	783	4	1
76.400	784	3	1
76.507	785	4	1
76.721	786	2	2
76.936	787	2	3
76.721	788	1	1
76.936	789	3	2
77.150	790	3	3
77.043	791	1	1
77.150	792	4	1
77.150	793	2	1
77.257	794	3	1
77.364	795	4	2
77.579	796	4	3
77.579	797	1	1
77.579	798	2	1
77.793	799	3	2
78.007	800	3	3
77.900	801	1	1
78.007	802	2	2
78.221	803	2	3
78.007	804	4	1
78.114	805	1	1
78.221	806	4	2
78.436	807	4	3
78.436	808	1	1
78.436	809	2	1
78.543	810	4	1
78.650	811	2	2
78.864	812	2	3
78.757	813	4	1
78.864	814	3	1
78.864	815	1	2
79.079	816	1	3
79.079	817	3	2
81.864	818	3	3
79.293	819	2	1
79.293	820	4	1
79.507	821	1	1
79.614	822	1	1
79.721	823	2	1
79.721	824	4	1
79.829	825	1	1
79.936	826	4	1
80.150	827	1	1
80.150	828	2	1
80.364	829	4	1
80.471	830	4	1
80.579	831	2	1
80.579	832	1	1
80.793	833	2	1
81.007	834	4	1
81.007	835	1	1
81.221	836	2	1
81.329	837	2	1
81.436	838	4	1
81.436	839	1	1
81.650	840	4	1
81.864	841	1	1
81.864	842	2	1
82.079	843	2	1
82.186	844	3	1
82.293	845	1	1
82.400	846	2	1
82.507	847	4	1
82.614	848	3	1
82.741	849	4	1
82.741	850	1	2
83.169	851	1	3
82.741	852	2	1
82.955	853	3	1
83.169	854	2	1
83.169	855	4	2
83.383	856	4	3
83.383	857	2	2
83.812	858	2	3
83.598	859	3	1
83.598	860	1	1
83.812	861	3	1
83.919	862	1	1
84.026	863	2	1
84.026	864	4	1
84.133	865	3	1
84.241	866	2	2
84.669	867	2	3
84.348	868	1	1
84.455	869	4	1
84.455	870	3	1
84.669	871	3	1
84.883	872	1	1
84.883	873	4	2
85.098	874	4	3
85.098	875	1	2
85.312	876	1	3
85.312	877	4	2
85.526	878	4	3
85.312	879	3	2
85.526	880	3	3
85.526	881	2	1
85.598	882	1	1
85.669	883	2	1
85.741	884	4	1
85.741	885	3	2
86.169	886	3	3
85.955	887	2	2
86.169	888	2	3
86.169	889	1	2
86.598	890	1	3
86.169	891	4	1
86.383	892	3	1
86.598	893	2	1
86.598	894	4	2
86.812	895	4	3
86.812	896	2	2
87.241	897	2	3
87.026	898	3	1
87.026	899	1	1
87.241	900	3	1
87.348	901	4	1
87.455	902	1	1
87.455	903	2	1
87.562	904	3	1
87.669	905	2	2
88.098	906	2	3
87.776	907	1	1
87.883	908	4	1
87.883	909	3	1
88.098	910	3	2
88.312	911	3	3
88.205	912	1	1
88.312	913	4	1
88.312	914	2	1
88.526	915	3	2
89.169	916	3	3
88.741	917	2	1
88.741	918	1	1
88.955	919	2	1
89.169	920	4	1
89.169	921	1	1
89.383	922	2	1
89.383	923	3	1
89.598	924	1	2
89.812	925	1	3
89.598	926	2	1
89.598	927	4	1
89.812	928	3	1
90.026	929	2	1
90.026	930	4	2
90.241	931	4	3
90.241	932	2	2
90.669	933	2	3
90.455	934	3	1
90.455	935	1	1
90.669	936	3	1
90.776	937	1	1
90.883	938	2	1
90.883	939	4	1
90.991	940	3	1
91.098	941	2	2
91.526	942	2	3
91.205	943	1	1
91.312	944	3	1
91.312	945	4	1
91.526	946	3	2
91.741	947	3	3
91.741	948	4	2
91.955	949	4	3
91.741	950	1	1
91.955	951	1	2
92.169	952	1	3
92.169	953	3	2
92.383	954	3	3
92.169	955	4	2
92.383	956	4	3
92.383	957	2	1
92.455	958	1	1
92.526	959	2	1
92.598	960	4	1
92.598	961	3	2
93.026	962	3	3
92.812	963	2	2
93.026	964	2	3
93.026	965	1	2
93.455	966	1	3
93.026	967	4	1
93.241	968	3	1
93.455	969	4	2
93.669	970	4	3
93.455	971	2	1
93.669	972	2	2
94.098	973	2	3
93.883	974	3	1
93.883	975	1	1
94.098	976	3	1
94.205	977	4	1
94.312	978	1	1
94.312	979	2	1
94.419	980	3	1
94.526	981	2	2
94.741	982	2	3
94.633	983	1	1
94.741	984	3	1
94.741	985	4	1
94.955	986	3	1
95.062	987	1	1
95.169	988	2	1
95.169	989	4	2
95.383	990	4	3
95.383	991	2	1
95.491	992	4	1
95.598	993	3	1
95.598	994	1	2
95.812	995	1	3
95.812	996	3	2
96.026	997	3	3
95.919	998	2	1
95.919	999	4	1
96.026	1000	1	2
96.241	1001	1	3
96.133	1002	4	1
96.133	1003	2	1
96.241	1004	3	2
96.455	1005	3	3
96.455	1006	1	2
96.883	1007	1	3
96.455	1008	2	1
96.455	1009	4	1
96.669	1010	3	1
96.883	1011	2	1
96.883	1012	4	2
97.098	1013	4	3
97.098	1014	2	2
97.526	1015	2	3
97.205	1016	4	1
97.312	1017	1	1
97.312	1018	3	1
97.526	1019	3	1
97.633	1020	1	1
97.741	1021	2	1
97.741	1022	4	1
97.848	1023	3	1
97.955	1024	2	2
98.383	1025	2	3
98.062	1026	1	1
98.169	1027	3	1
98.169	1028	4	1
98.383	1029	3	1
98.598	1030	1	1
98.598	1031	4	2
98.812	1032	4	3
98.812	1033	1	2
99.026	1034	1	3
98.919	1035	2	1
99.026	1036	4	2
99.241	1037	4	3
99.026	1038	3	2
99.241	1039	3	3
99.241	1040	2	1
99.312	1041	1	1
99.383	1042	2	1
99.455	1043	4	1
99.455	1044	3	2
99.883	1045	3	3
99.669	1046	2	2
99.883	1047	2	3
99.883	1048	1	2
100.312	1049	1	3
99.883	1050	4	1
100.098	1051	3	1
100.312	1052	4	2
100.526	1053	4	3
100.312	1054	2	1
100.526	1055	2	2
100.955	1056	2	3
100.633	1057	4	1
100.741	1058	1	1
100.741	1059	3	1
100.955	1060	3	1
101.062	1061	4	1
101.169	1062	2	1
101.169	1063	1	1
101.276	1064	3	1
101.383	1065	2	2
101.812	1066	2	3
101.491	1067	1	1
101.598	1068	4	1
101.598	1069	3	1
101.812	1070	3	2
102.026	1071	3	3
101.919	1072	1	1
102.026	1073	2	1
102.026	1074	4	1
102.241	1075	3	2
102.883	1076	3	3
102.455	1077	2	1
102.455	1078	1	1
102.562	1079	4	1
102.669	1080	2	1
102.883	1081	4	1
102.883	1082	1	1
103.098	1083	2	1
103.098	1084	3	1
103.312	1085	2	1
103.312	1086	1	2
103.526	1087	1	3
103.312	1088	4	1
103.526	1089	3	1
103.741	1090	4	2
103.955	1091	4	3
103.741	1092	2	1
103.955	1093	2	2
104.383	1094	2	3
104.169	1095	1	1
104.169	1096	3	1
104.383	1097	3	1
104.491	1098	1	1
104.598	1099	4	1
104.598	1100	2	1
104.705	1101	3	1
104.812	1102	2	2
105.241	1103	2	3
104.919	1104	1	1
105.026	1105	3	1
105.026	1106	4	1
105.241	1107	3	2
105.455	1108	3	3
105.241	1109	1	1
105.455	1110	4	2
105.669	1111	4	3
105.455	1112	2	1
105.669	1113	2	1
105.669	1114	1	2
105.883	1115	1	3
105.883	1116	3	2
106.098	1117	3	3
105.883	1118	4	2
106.098	1119	4	3
106.098	1120	2	1
106.169	1121	1	1
106.241	1122	2	1
106.312	1123	3	2
106.741	1124	3	3
106.312	1125	4	1
106.526	1126	1	1
106.526	1127	2	2
106.741	1128	2	3
106.741	1129	4	1
106.741	1130	1	1
106.848	1131	4	1
106.955	1132	2	1
107.062	1133	2	1
107.169	1134	3	1
107.276	1135	3	1
107.383	1136	1	1
107.491	1137	1	1
107.598	1138	4	1
107.669	1139	3	1
107.741	1140	2	1
107.812	1141	4	1
107.883	1142	3	1
107.955	1143	1	1
108.026	1144	4	1
108.098	1145	2	1
108.169	1146	1	1
108.241	1147	3	1
108.312	1148	2	1
108.383	1149	1	1
108.455	1150	4	1
108.455	1151	3	1
108.669	1152	2	1
108.776	1153	3	1
108.883	1154	2	1
109.098	1155	3	1
109.205	1156	3	1
109.312	1157	4	1
109.312	1158	2	1
109.312	1159	1	1
109.526	1160	2	1
109.526	1161	3	1
109.526	1162	1	1
109.741	1163	2	1
109.741	1164	4	1
109.741	1165	1	1
110.169	1166	1	1
110.169	1167	2	1
110.169	1168	3	1
110.383	1169	4	1
110.491	1170	3	1
110.598	1171	1	1
110.598	1172	2	1
110.812	1173	3	1
111.000	1174	1	2
111.857	1175	1	3
111.000	1176	4	1
111.214	1177	2	1
111.321	1178	3	1
111.428	1179	4	1
111.428	1180	2	1
111.535	1181	3	1
111.642	1182	4	1
111.857	1183	3	1
111.857	1184	2	2
112.714	1185	2	3
112.071	1186	1	1
112.285	1187	3	1
112.285	1188	4	1
112.499	1189	4	1
112.714	1190	1	1
112.714	1191	3	2
113.357	1192	3	3
112.928	1193	2	1
113.035	1194	1	1
113.142	1195	2	1
113.142	1196	4	1
113.357	1197	1	2
116.571	1198	1	3
113.571	1199	4	1
113.571	1200	3	1
113.785	1201	2	1
113.892	1202	3	1
113.999	1203	2	1
113.999	1204	4	1
114.214	1205	4	1
114.428	1206	3	1
114.428	1207	2	1
114.642	1208	4	1
114.749	1209	3	1
114.857	1210	2	1
114.857	1211	4	1
115.071	1212	2	1
115.285	1213	3	1
115.285	1214	4	1
115.499	1215	2	1
115.607	1216	3	1
115.714	1217	2	1
115.714	1218	4	1
115.928	1219	4	1
116.142	1220	2	1
116.142	1221	3	1
116.357	1222	4	1
116.571	1223	3	1
116.571	1224	2	1
116.678	1225	4	1
116.785	1226	1	1
116.785	1227	2	1
116.892	1228	3	1
116.999	1229	1	1
116.999	1230	4	1
117.214	1231	2	1
117.321	1232	1	1
117.428	1233	3	1
117.428	1234	4	1
117.642	1235	2	1
117.857	1236	1	1
117.857	1237	4	2
118.714	1238	4	3
118.071	1239	3	1
118.178	1240	2	1
118.285	1241	3	1
118.285	1242	1	1
118.392	1243	2	1
118.499	1244	1	1
118.714	1245	3	2
119.571	1246	3	3
118.714	1247	2	1
118.928	1248	4	1
119.142	1249	2	1
119.142	1250	1	1
119.357	1251	1	1
119.571	1252	2	2
120.214	1253	2	3
119.571	1254	4	1
119.785	1255	3	1
119.892	1256	4	1
119.999	1257	3	1
119.999	1258	1	1
120.214	1259	4	2
122.999	1260	4	3
120.428	1261	2	1
120.428	1262	1	1
120.642	1263	3	1
120.749	1264	2	1
120.857	1265	3	1
120.857	1266	1	1
121.071	1267	1	1
121.285	1268	3	1
121.285	1269	2	1
121.499	1270	1	1
121.607	1271	2	1
121.714	1272	3	1
121.714	1273	1	1
121.928	1274	3	1
122.142	1275	1	1
122.142	1276	2	1
122.357	1277	3	1
122.464	1278	2	1
122.571	1279	3	1
122.571	1280	1	1
122.785	1281	1	1
122.999	1282	3	1
122.999	1283	2	1
123.214	1284	4	1
123.321	1285	1	1
123.321	1286	2	1
123.428	1287	3	1
123.535	1288	1	1
123.535	1289	2	1
123.642	1290	4	1
123.857	1291	3	1
123.857	1292	2	1
123.857	1293	4	1
124.071	1294	1	1
124.178	1295	2	1
124.285	1296	3	1
124.285	1297	4	1
124.499	1298	2	1
124.714	1299	4	1
124.714	1300	1	2
125.571	1301	1	3
124.928	1302	2	1
125.035	1303	3	1
125.142	1304	2	1
125.142	1305	4	1
125.249	1306	3	1
125.357	1307	4	1
125.571	1308	3	1
125.571	1309	2	2
126.428	1310	2	3
125.785	1311	1	1
125.999	1312	3	1
125.999	1313	4	1
126.214	1314	4	1
126.428	1315	3	2
126.857	1316	3	3
126.428	1317	1	1
126.642	1318	2	1
126.749	1319	1	1
126.857	1320	2	1
126.857	1321	4	1
127.071	1322	1	2
130.285	1323	1	3
127.285	1324	3	1
127.285	1325	4	1
127.499	1326	2	1
127.607	1327	3	1
127.714	1328	2	1
127.714	1329	4	1
127.928	1330	4	1
128.142	1331	2	1
128.142	1332	3	1
128.357	1333	4	1
128.464	1334	3	1
128.571	1335	2	1
128.571	1336	4	1
128.785	1337	2	1
128.999	1338	4	1
128.999	1339	3	1
129.214	1340	2	1
129.321	1341	3	1
129.428	1342	2	1
129.428	1343	4	1
129.642	1344	4	1
129.857	1345	2	1
129.857	1346	3	1
130.071	1347	4	1
130.285	1348	2	1
130.285	1349	3	1
130.392	1350	4	1
130.499	1351	2	1
130.499	1352	1	1
130.607	1353	3	1
130.714	1354	4	1
130.714	1355	1	1
130.928	1356	2	1
131.035	1357	1	1
131.142	1358	3	1
131.142	1359	4	1
131.357	1360	2	1
131.571	1361	4	2
132.428	1362	4	3
131.571	1363	1	1
131.785	1364	3	1
131.892	1365	2	1
131.999	1366	3	1
131.999	1367	1	1
132.107	1368	2	1
132.214	1369	1	1
132.428	1370	2	1
132.428	1371	3	2
133.285	1372	3	3
132.642	1373	4	1
132.857	1374	2	1
132.857	1375	1	1
133.071	1376	1	1
133.285	1377	2	2
133.928	1378	2	3
133.285	1379	4	1
133.499	1380	3	1
133.607	1381	4	1
133.714	1382	1	1
133.714	1383	3	1
133.928	1384	4	2
136.714	1385	4	3
134.142	1386	2	1
134.142	1387	1	1
134.357	1388	3	1
134.464	1389	2	1
134.571	1390	3	1
134.571	1391	1	1
134.785	1392	1	1
134.999	1393	2	1
134.999	1394	3	1
135.214	1395	1	1
135.321	1396	2	1
135.428	1397	3	1
135.428	1398	1	1
135.642	1399	3	1
135.857	1400	1	1
135.857	1401	2	1
136.071	1402	3	1
136.178	1403	2	1
136.285	1404	3	1
136.285	1405	1	1
136.499	1406	1	1
136.714	1407	2	1
136.714	1408	3	1
136.928	1409	4	1
137.035	1410	1	1
137.035	1411	2	1
137.142	1412	3	1
137.249	1413	1	1
137.249	1414	2	1
137.357	1415	4	1
137.571	1416	3	1
137.571	1417	2	1
137.571	1418	1	1
138.214	1419	3	1
138.428	1420	3	2
139.285	1421	3	3
139.285	1422	1	2
139.714	1423	1	3
140.142	1424	4	2
140.785	1425	4	3
140.785	1426	2	2
144.428	1427	2	3
145.285	1428	3	2
146.142	1429	3	3
145.928	1430	1	1
146.142	1431	1	2
146.571	1432	1	3
146.999	1433	4	2
147.642	1434	4	3
147.642	1435	2	2
151.071	1436	2	3