Song Name	Trick or Treat (Hard) by Hyper Potions
Difficulty	26
Primary Color	Flow
Secondary Color	Beat
Last Note Time	147.106
Total Notes	1861
Fever Fill	499
Fever Time	22.065900
Long Notes	363
BPM	185
Song Length	149.036485261

Timing Points
0.188	324.3243


Song Data
0.188	1	3	1
0.188	2	4	1
0.350	3	3	1
0.350	4	4	1
0.512	5	1	1
0.674	6	2	1
0.674	7	3	1
0.836	8	2	1
0.836	9	3	1
1.160	10	1	1
1.160	11	2	1
1.323	12	1	1
1.323	13	2	1
1.485	14	1	1
1.485	15	2	1
1.647	16	3	1
1.647	17	4	1
1.809	18	1	1
1.809	19	2	1
2.133	20	1	1
2.133	21	2	1
2.458	22	3	1
2.782	23	1	1
2.782	24	4	1
2.944	25	1	1
2.944	26	4	1
3.106	27	2	1
3.269	28	3	1
3.269	29	4	1
3.431	30	3	1
3.431	31	4	1
3.755	32	1	1
3.755	33	2	1
3.917	34	1	1
3.917	35	2	1
4.079	36	1	1
4.079	37	2	1
4.242	38	3	1
4.242	39	4	1
4.404	40	1	1
4.404	41	2	1
4.728	42	1	1
4.728	43	2	1
4.890	44	2	1
4.890	45	3	1
5.052	46	1	1
5.377	47	3	1
5.377	48	4	1
5.539	49	3	1
5.539	50	4	1
5.701	51	1	1
5.863	52	2	1
5.863	53	3	1
6.025	54	2	1
6.025	55	3	1
6.350	56	1	1
6.350	57	2	1
6.512	58	1	1
6.512	59	2	1
6.674	60	1	1
6.674	61	2	1
6.836	62	3	1
6.836	63	4	1
6.998	64	1	1
6.998	65	2	1
7.323	66	1	1
7.323	67	2	1
7.647	68	3	1
7.971	69	4	2
8.052	70	4	3
8.133	71	1	2
8.215	72	1	3
8.296	73	2	2
8.377	74	2	3
8.458	75	3	2
8.539	76	3	3
8.620	77	1	2
8.701	78	1	3
8.782	79	2	2
8.863	80	2	3
8.944	81	4	2
9.025	82	4	3
9.106	83	2	2
9.187	84	2	3
9.269	85	1	2
9.350	86	1	3
9.431	87	3	2
9.512	88	3	3
9.593	89	4	2
9.674	90	4	3
9.755	91	1	2
9.836	92	1	3
9.917	93	4	2
9.998	94	4	3
10.079	95	3	2
10.160	96	3	3
10.242	97	2	2
10.323	98	2	3
10.404	99	1	2
10.485	100	1	3
10.566	101	1	1
10.566	102	2	1
10.566	103	3	1
10.728	104	4	1
10.890	105	4	1
11.052	106	1	1
11.215	107	3	1
11.377	108	3	1
11.539	109	1	1
11.701	110	2	1
11.863	111	1	1
12.025	112	1	1
12.187	113	3	1
12.350	114	2	1
12.512	115	2	1
12.512	116	3	1
12.512	117	4	1
13.160	118	1	1
13.160	119	2	1
13.160	120	3	1
13.160	121	4	1
13.323	122	4	1
13.485	123	4	1
13.647	124	1	1
13.809	125	1	1
13.809	126	3	1
13.809	127	4	1
13.971	128	3	1
14.133	129	1	1
14.133	130	3	1
14.133	131	4	1
14.296	132	2	1
14.458	133	1	1
14.620	134	1	1
14.782	135	2	1
14.782	136	3	1
14.782	137	4	1
14.944	138	2	1
15.106	139	1	1
15.106	140	2	1
15.106	141	4	1
15.269	142	3	1
15.431	143	2	1
15.593	144	3	1
15.755	145	1	1
15.755	146	2	1
15.755	147	3	1
15.917	148	4	1
16.079	149	4	1
16.242	150	1	1
16.404	151	1	1
16.404	152	3	1
16.404	153	4	1
16.566	154	3	1
16.728	155	1	1
16.728	156	2	1
16.728	157	4	1
16.890	158	2	1
17.052	159	1	1
17.215	160	1	1
17.377	161	2	1
17.377	162	3	1
17.377	163	4	1
17.539	164	2	1
17.701	165	1	1
17.701	166	2	1
17.701	167	4	1
17.863	168	3	1
18.025	169	2	1
18.187	170	3	1
18.350	171	1	1
18.350	172	2	1
18.350	173	3	1
18.512	174	4	1
18.674	175	4	1
18.836	176	1	1
18.998	177	1	1
18.998	178	3	1
18.998	179	4	1
19.160	180	3	1
19.323	181	1	1
19.323	182	2	1
19.323	183	4	1
19.485	184	2	1
19.647	185	1	1
19.809	186	1	1
19.971	187	3	1
19.971	188	4	1
20.133	189	2	1
20.296	190	1	1
20.296	191	2	1
20.296	192	4	1
20.458	193	3	1
20.620	194	1	1
20.620	195	2	1
20.782	196	3	1
20.944	197	1	1
20.944	198	2	1
20.944	199	3	1
20.944	200	4	1
21.106	201	4	2
21.187	202	4	3
21.269	203	4	2
21.350	204	4	3
21.431	205	1	1
21.593	206	1	1
21.593	207	3	2
21.593	208	4	1
21.674	209	3	3
21.755	210	3	2
21.836	211	3	3
21.917	212	1	1
21.917	213	2	1
21.917	214	4	1
22.079	215	2	2
22.160	216	2	3
22.242	217	1	1
22.404	218	3	2
22.485	219	3	3
22.566	220	1	1
22.566	221	2	2
22.566	222	4	1
22.647	223	2	3
22.728	224	1	2
22.809	225	1	3
22.890	226	2	1
22.890	227	3	1
22.890	228	4	2
22.971	229	4	3
23.052	230	3	1
23.215	231	1	1
23.215	232	2	1
23.377	233	3	1
23.539	234	1	1
23.539	235	2	1
23.539	236	3	1
23.701	237	4	2
23.782	238	4	3
23.863	239	4	2
23.944	240	4	3
24.025	241	1	1
24.187	242	1	1
24.187	243	3	2
24.187	244	4	1
24.269	245	3	3
24.350	246	3	2
24.431	247	3	3
24.512	248	1	1
24.512	249	2	1
24.512	250	4	1
24.674	251	2	2
24.755	252	2	3
24.836	253	1	1
24.998	254	3	2
25.079	255	3	3
25.160	256	1	1
25.160	257	2	2
25.160	258	4	1
25.242	259	2	3
25.323	260	1	2
25.404	261	1	3
25.485	262	2	1
25.485	263	3	1
25.485	264	4	2
25.566	265	4	3
25.647	266	3	1
25.809	267	1	1
25.809	268	2	1
25.971	269	3	1
26.133	270	1	1
26.133	271	2	1
26.133	272	3	1
26.296	273	4	2
26.377	274	4	3
26.458	275	4	2
26.539	276	4	3
26.620	277	1	1
26.782	278	1	1
26.782	279	3	2
26.782	280	4	1
26.863	281	3	3
26.944	282	3	2
27.025	283	3	3
27.106	284	1	1
27.106	285	2	1
27.106	286	4	1
27.269	287	2	2
27.350	288	2	3
27.431	289	1	1
27.593	290	3	2
27.674	291	3	3
27.755	292	1	1
27.755	293	2	2
27.755	294	4	1
27.836	295	2	3
27.917	296	1	2
27.998	297	1	3
28.079	298	2	1
28.079	299	3	1
28.079	300	4	2
28.160	301	4	3
28.242	302	3	1
28.404	303	1	1
28.404	304	2	1
28.566	305	3	1
28.728	306	2	1
28.728	307	3	1
28.728	308	4	1
28.890	309	1	2
28.971	310	1	3
29.052	311	1	2
29.133	312	1	3
29.215	313	4	1
29.377	314	1	1
29.377	315	2	2
29.377	316	4	1
29.458	317	2	3
29.539	318	2	2
29.620	319	2	3
29.701	320	1	1
29.701	321	3	1
29.701	322	4	1
29.863	323	3	2
29.944	324	3	3
30.025	325	4	1
30.187	326	4	2
30.269	327	4	3
30.350	328	1	1
30.350	329	2	2
30.431	330	2	3
30.512	331	3	2
30.593	332	3	3
30.674	333	1	1
30.674	334	3	1
30.674	335	4	1
31.323	336	1	1
31.323	337	2	1
31.323	338	3	1
31.323	339	4	1
31.485	340	3	1
31.647	341	4	1
31.809	342	2	1
31.971	343	1	1
31.971	344	4	1
32.296	345	1	1
32.296	346	2	1
32.296	347	3	1
32.458	348	2	1
32.620	349	4	1
32.782	350	3	1
32.944	351	2	1
33.269	352	3	1
33.269	353	4	1
33.431	354	3	1
33.593	355	2	1
33.755	356	1	1
33.917	357	1	1
33.917	358	2	1
33.917	359	4	1
34.079	360	2	1
34.242	361	3	1
34.404	362	1	1
34.566	363	3	1
34.566	364	4	1
34.890	365	1	1
34.890	366	3	1
34.890	367	4	1
35.052	368	2	1
35.215	369	1	1
35.377	370	3	1
35.539	371	1	1
35.539	372	2	1
35.539	373	4	1
35.863	374	1	1
35.863	375	2	1
36.025	376	2	1
36.187	377	3	1
36.350	378	4	1
36.512	379	2	1
36.512	380	3	1
36.512	381	4	1
36.674	382	3	1
36.836	383	4	1
36.998	384	2	1
37.160	385	1	1
37.160	386	4	1
37.485	387	1	1
37.485	388	2	1
37.485	389	3	1
37.647	390	2	1
37.809	391	4	1
37.971	392	3	1
38.133	393	2	1
38.458	394	3	1
38.458	395	4	1
38.620	396	3	1
38.782	397	2	1
38.944	398	1	1
39.106	399	1	1
39.106	400	2	1
39.106	401	4	1
39.269	402	2	1
39.431	403	3	1
39.593	404	1	1
39.755	405	3	1
39.755	406	4	1
40.079	407	1	1
40.079	408	3	1
40.079	409	4	1
40.242	410	2	1
40.404	411	1	1
40.566	412	3	1
40.728	413	1	1
40.728	414	2	1
40.728	415	4	1
41.052	416	1	1
41.052	417	2	1
41.215	418	2	1
41.377	419	1	1
41.377	420	3	1
41.539	421	2	1
41.539	422	4	1
41.701	423	2	1
41.701	424	3	1
41.701	425	4	1
41.863	426	3	1
42.025	427	4	1
42.187	428	2	1
42.350	429	1	1
42.350	430	3	2
42.431	431	4	2
42.593	432	3	3
42.593	433	4	3
42.674	434	1	1
42.674	435	3	1
42.674	436	4	1
42.836	437	2	1
42.998	438	4	1
43.160	439	3	1
43.323	440	1	2
43.404	441	2	2
43.647	442	3	1
43.647	443	4	1
43.647	444	1	3
43.647	445	2	3
43.809	446	3	1
43.971	447	2	1
44.133	448	1	1
44.296	449	1	1
44.296	450	2	1
44.296	451	4	1
44.458	452	2	1
44.620	453	3	1
44.782	454	1	1
44.944	455	2	2
44.944	456	3	1
45.025	457	4	2
45.187	458	2	3
45.187	459	4	3
45.269	460	1	1
45.269	461	2	1
45.269	462	4	1
45.431	463	2	1
45.593	464	1	1
45.755	465	3	1
45.917	466	1	2
45.917	467	2	1
45.917	468	4	1
45.998	469	3	2
46.242	470	2	1
46.242	471	4	1
46.242	472	1	3
46.242	473	3	3
46.404	474	2	1
46.566	475	3	1
46.728	476	4	1
46.890	477	2	1
46.890	478	3	1
46.890	479	4	1
47.052	480	3	1
47.215	481	4	1
47.377	482	2	1
47.539	483	1	2
47.539	484	3	1
47.620	485	2	2
47.782	486	1	3
47.782	487	2	3
47.863	488	1	1
47.863	489	2	1
47.863	490	4	1
48.025	491	3	1
48.187	492	4	1
48.350	493	2	1
48.512	494	3	2
48.593	495	4	2
48.836	496	1	1
48.836	497	2	1
48.836	498	3	3
48.836	499	4	3
48.998	500	3	1
49.160	501	2	1
49.323	502	1	1
49.485	503	1	1
49.485	504	2	1
49.485	505	4	1
49.647	506	2	1
49.809	507	4	1
49.971	508	3	1
50.133	509	1	2
50.133	510	2	1
50.215	511	3	2
50.377	512	1	3
50.377	513	3	3
50.458	514	1	1
50.458	515	3	1
50.458	516	4	1
50.620	517	2	1
50.782	518	1	1
50.944	519	3	1
51.106	520	1	1
51.106	521	2	2
51.106	522	3	1
51.187	523	4	2
51.431	524	1	1
51.431	525	3	1
51.431	526	2	3
51.431	527	4	3
51.593	528	2	1
51.593	529	4	1
51.755	530	1	1
51.755	531	3	1
51.917	532	2	1
51.917	533	4	1
51.998	534	1	1
52.079	535	3	1
52.079	536	4	1
52.242	537	3	1
52.242	538	4	1
52.404	539	1	1
52.566	540	2	1
52.566	541	3	1
52.728	542	2	1
52.728	543	3	1
53.052	544	1	1
53.052	545	2	1
53.215	546	1	1
53.215	547	2	1
53.377	548	1	1
53.377	549	2	1
53.539	550	3	1
53.539	551	4	1
53.701	552	1	1
53.701	553	2	1
54.025	554	1	1
54.025	555	2	1
54.350	556	3	1
54.674	557	1	1
54.674	558	4	1
54.836	559	1	1
54.836	560	4	1
54.998	561	2	1
55.160	562	3	1
55.160	563	4	1
55.323	564	3	1
55.323	565	4	1
55.647	566	1	1
55.647	567	2	1
55.809	568	1	1
55.809	569	2	1
55.971	570	1	1
55.971	571	2	1
56.133	572	3	1
56.133	573	4	1
56.296	574	1	1
56.296	575	2	1
56.620	576	1	1
56.620	577	2	1
56.782	578	2	1
56.782	579	3	1
56.944	580	1	1
57.269	581	3	1
57.269	582	4	1
57.431	583	3	1
57.431	584	4	1
57.593	585	1	1
57.755	586	2	1
57.755	587	3	1
57.917	588	2	1
57.917	589	3	1
58.242	590	1	1
58.242	591	2	1
58.404	592	1	1
58.404	593	2	1
58.566	594	1	1
58.566	595	2	1
58.728	596	3	1
58.728	597	4	1
58.890	598	1	1
58.890	599	2	1
59.215	600	1	1
59.215	601	2	1
59.539	602	3	1
59.863	603	3	1
59.863	604	4	2
59.944	605	4	3
60.025	606	1	2
60.106	607	1	3
60.187	608	2	2
60.269	609	2	3
60.350	610	3	2
60.350	611	4	1
60.431	612	3	3
60.512	613	1	2
60.593	614	1	3
60.674	615	2	2
60.674	616	3	1
60.755	617	2	3
60.836	618	4	2
60.917	619	4	3
60.998	620	2	2
61.079	621	2	3
61.160	622	1	2
61.242	623	1	3
61.323	624	3	2
61.404	625	3	3
61.485	626	4	2
61.566	627	4	3
61.647	628	1	2
61.728	629	3	1
61.728	630	1	3
61.809	631	2	1
61.809	632	4	2
61.890	633	4	3
61.971	634	1	1
61.971	635	3	2
62.052	636	3	3
62.133	637	2	2
62.133	638	4	1
62.215	639	2	3
62.296	640	1	2
62.296	641	3	1
62.377	642	1	3
62.458	643	1	1
62.458	644	2	1
62.458	645	3	1
62.458	646	4	1
62.620	647	4	1
62.782	648	2	2
62.782	649	3	2
62.863	650	2	3
62.863	651	3	3
62.944	652	4	1
63.106	653	1	1
63.106	654	2	2
63.106	655	3	2
63.187	656	2	3
63.187	657	3	3
63.269	658	2	2
63.269	659	3	2
63.350	660	2	3
63.350	661	3	3
63.431	662	2	1
63.431	663	3	1
63.431	664	4	1
63.593	665	2	2
63.593	666	3	2
63.674	667	2	3
63.674	668	3	3
63.755	669	2	2
63.755	670	3	2
63.836	671	2	3
63.836	672	3	3
63.917	673	1	1
64.079	674	1	1
64.079	675	2	1
64.079	676	4	1
64.242	677	2	2
64.242	678	3	2
64.323	679	2	3
64.323	680	3	3
64.404	681	1	1
64.404	682	3	1
64.404	683	4	1
64.566	684	2	2
64.566	685	3	2
64.647	686	2	3
64.647	687	3	3
64.728	688	2	2
64.728	689	3	2
64.809	690	2	3
64.809	691	3	3
64.890	692	1	1
65.052	693	2	1
65.052	694	3	1
65.052	695	4	1
65.215	696	1	1
65.377	697	2	2
65.377	698	3	2
65.458	699	2	3
65.458	700	3	3
65.539	701	1	1
65.701	702	2	2
65.701	703	3	2
65.701	704	4	1
65.782	705	2	3
65.782	706	3	3
65.863	707	2	2
65.863	708	3	2
65.944	709	2	3
65.944	710	3	3
66.025	711	1	1
66.025	712	2	1
66.025	713	3	1
66.187	714	2	2
66.187	715	3	2
66.269	716	2	3
66.269	717	3	3
66.350	718	2	2
66.350	719	3	2
66.431	720	2	3
66.431	721	3	3
66.512	722	4	1
66.674	723	1	1
66.674	724	3	1
66.674	725	4	1
66.836	726	2	2
66.836	727	3	2
66.917	728	2	3
66.917	729	3	3
66.998	730	1	1
66.998	731	2	1
66.998	732	4	1
67.160	733	2	2
67.160	734	3	2
67.242	735	2	3
67.242	736	3	3
67.323	737	2	2
67.323	738	3	2
67.404	739	2	3
67.404	740	3	3
67.485	741	4	1
67.647	742	1	1
67.647	743	2	1
67.647	744	3	1
67.647	745	4	1
67.809	746	1	1
67.971	747	2	2
67.971	748	3	2
68.052	749	2	3
68.052	750	3	3
68.133	751	4	1
68.296	752	1	1
68.296	753	2	2
68.296	754	3	2
68.377	755	2	3
68.377	756	3	3
68.458	757	2	2
68.458	758	3	2
68.539	759	2	3
68.539	760	3	3
68.620	761	2	1
68.620	762	3	1
68.620	763	4	1
68.782	764	2	2
68.782	765	3	2
68.863	766	2	3
68.863	767	3	3
68.944	768	2	2
68.944	769	3	2
69.025	770	2	3
69.025	771	3	3
69.106	772	1	1
69.269	773	1	1
69.269	774	2	1
69.269	775	4	1
69.431	776	2	2
69.431	777	3	2
69.512	778	2	3
69.512	779	3	3
69.593	780	1	1
69.593	781	3	1
69.593	782	4	1
69.755	783	2	2
69.755	784	3	2
69.836	785	2	3
69.836	786	3	3
69.917	787	2	2
69.917	788	3	2
69.998	789	2	3
69.998	790	3	3
70.079	791	1	1
70.242	792	2	1
70.242	793	3	1
70.242	794	4	1
70.404	795	1	1
70.566	796	3	2
70.566	797	4	2
70.647	798	3	3
70.647	799	4	3
70.728	800	1	1
70.890	801	1	1
70.890	802	3	2
70.890	803	4	2
70.971	804	3	3
70.971	805	4	3
71.052	806	3	2
71.052	807	4	2
71.133	808	3	3
71.133	809	4	3
71.215	810	2	1
71.215	811	3	1
71.215	812	4	1
71.377	813	3	2
71.377	814	4	2
71.458	815	3	3
71.458	816	4	3
71.539	817	3	2
71.539	818	4	2
71.620	819	3	3
71.620	820	4	3
71.701	821	2	1
71.863	822	1	1
71.863	823	2	1
71.863	824	4	1
72.025	825	3	2
72.025	826	4	2
72.106	827	3	3
72.106	828	4	3
72.187	829	1	1
72.187	830	2	1
72.187	831	3	1
72.350	832	2	2
72.350	833	4	2
72.431	834	2	3
72.431	835	4	3
72.512	836	1	2
72.512	837	3	2
72.593	838	1	3
72.593	839	3	3
72.674	840	1	2
72.674	841	2	2
72.755	842	1	3
72.755	843	2	3
72.836	844	2	1
72.836	845	3	1
72.836	846	4	1
73.160	847	1	2
73.160	848	4	2
73.242	849	1	3
73.242	850	4	3
73.323	851	3	1
73.485	852	1	2
73.485	853	4	2
73.566	854	1	3
73.566	855	4	3
73.809	856	2	1
73.809	857	3	1
73.809	858	4	1
73.971	859	1	2
73.971	860	4	2
74.052	861	1	3
74.052	862	4	3
74.133	863	1	2
74.133	864	4	2
74.215	865	1	3
74.215	866	4	3
74.296	867	2	1
74.458	868	1	2
74.458	869	3	1
74.458	870	4	2
74.539	871	1	3
74.539	872	4	3
74.782	873	2	1
74.944	874	1	2
74.944	875	4	2
75.025	876	1	3
75.025	877	4	3
75.106	878	3	1
75.431	879	1	1
75.431	880	2	1
75.431	881	4	1
75.755	882	1	2
75.755	883	4	2
75.836	884	1	3
75.836	885	4	3
75.917	886	2	1
76.079	887	1	2
76.079	888	4	2
76.160	889	1	3
76.160	890	4	3
76.404	891	1	1
76.404	892	2	1
76.404	893	3	1
76.566	894	1	2
76.566	895	4	2
76.647	896	1	3
76.647	897	4	3
76.728	898	1	2
76.728	899	4	2
76.809	900	1	3
76.809	901	4	3
76.890	902	2	1
77.052	903	1	2
77.052	904	3	1
77.052	905	4	2
77.133	906	1	3
77.133	907	4	3
77.215	908	2	1
77.296	909	3	1
77.377	910	1	1
77.377	911	2	1
77.377	912	4	1
77.539	913	1	2
77.539	914	4	2
77.620	915	1	3
77.620	916	4	3
77.701	917	1	1
77.701	918	3	1
77.701	919	4	1
78.025	920	1	1
78.025	921	2	1
78.025	922	3	1
78.025	923	4	1
78.187	924	1	1
78.350	925	2	2
78.350	926	3	2
78.431	927	2	3
78.431	928	3	3
78.512	929	4	1
78.674	930	1	1
78.674	931	2	2
78.674	932	3	2
78.755	933	2	3
78.755	934	3	3
78.836	935	2	2
78.836	936	3	2
78.917	937	2	3
78.917	938	3	3
78.998	939	2	1
78.998	940	3	1
78.998	941	4	1
79.160	942	2	2
79.160	943	3	2
79.242	944	2	3
79.242	945	3	3
79.323	946	2	2
79.323	947	3	2
79.404	948	2	3
79.404	949	3	3
79.485	950	1	1
79.647	951	1	1
79.647	952	2	1
79.647	953	4	1
79.809	954	2	2
79.809	955	3	2
79.890	956	2	3
79.890	957	3	3
79.971	958	1	1
79.971	959	3	1
79.971	960	4	1
80.133	961	2	2
80.133	962	3	2
80.215	963	2	3
80.215	964	3	3
80.296	965	2	2
80.296	966	3	2
80.377	967	2	3
80.377	968	3	3
80.458	969	1	1
80.620	970	2	1
80.620	971	3	1
80.620	972	4	1
80.782	973	1	1
80.944	974	3	2
80.944	975	4	2
81.025	976	3	3
81.025	977	4	3
81.106	978	1	1
81.269	979	1	1
81.269	980	3	2
81.269	981	4	2
81.350	982	3	3
81.350	983	4	3
81.431	984	3	2
81.431	985	4	2
81.512	986	3	3
81.512	987	4	3
81.593	988	2	1
81.593	989	3	1
81.593	990	4	1
81.755	991	3	2
81.755	992	4	2
81.836	993	3	3
81.836	994	4	3
81.917	995	3	2
81.917	996	4	2
81.998	997	3	3
81.998	998	4	3
82.079	999	2	1
82.242	1000	1	1
82.242	1001	2	1
82.242	1002	4	1
82.404	1003	3	2
82.404	1004	4	2
82.485	1005	2	1
82.485	1006	3	3
82.485	1007	4	3
82.566	1008	1	1
82.566	1009	3	1
82.566	1010	4	1
82.728	1011	2	2
82.728	1012	4	2
82.809	1013	2	3
82.809	1014	4	3
82.890	1015	1	2
82.890	1016	3	2
82.890	1017	4	1
82.971	1018	1	3
82.971	1019	3	3
83.052	1020	1	2
83.052	1021	2	2
83.133	1022	1	3
83.133	1023	2	3
83.215	1024	3	2
83.377	1025	2	2
83.377	1026	3	3
83.539	1027	1	2
83.539	1028	2	3
83.701	1029	3	2
83.701	1030	1	3
83.863	1031	4	2
83.863	1032	3	3
84.025	1033	1	2
84.025	1034	4	3
84.187	1035	3	2
84.187	1036	1	3
84.350	1037	2	2
84.350	1038	3	3
84.512	1039	1	2
84.512	1040	2	3
84.674	1041	4	2
84.674	1042	1	3
84.836	1043	3	2
84.836	1044	4	3
84.998	1045	1	2
84.998	1046	3	3
85.160	1047	3	2
85.160	1048	1	3
85.323	1049	2	2
85.323	1050	3	3
85.485	1051	1	2
85.485	1052	2	3
85.647	1053	3	2
85.647	1054	1	3
85.809	1055	4	2
85.809	1056	3	3
85.971	1057	2	2
85.971	1058	4	3
86.133	1059	1	2
86.133	1060	2	3
86.296	1061	3	2
86.296	1062	1	3
86.458	1063	4	2
86.458	1064	3	3
86.620	1065	1	2
86.620	1066	4	3
86.782	1067	3	2
86.782	1068	1	3
86.944	1069	2	2
86.944	1070	3	3
87.106	1071	1	2
87.106	1072	2	3
87.269	1073	4	2
87.269	1074	1	3
87.431	1075	3	2
87.431	1076	4	3
87.593	1077	2	2
87.593	1078	3	3
87.755	1079	1	2
87.755	1080	2	3
87.917	1081	3	2
87.917	1082	1	3
88.079	1083	2	2
88.079	1084	3	3
88.242	1085	3	2
88.242	1086	2	3
88.404	1087	4	2
88.404	1088	3	3
88.566	1089	2	2
88.566	1090	4	3
88.728	1091	1	2
88.728	1092	2	3
88.890	1093	3	2
88.890	1094	1	3
89.052	1095	4	2
89.052	1096	3	3
89.215	1097	1	2
89.215	1098	4	3
89.377	1099	3	2
89.377	1100	1	3
89.539	1101	2	2
89.539	1102	3	3
89.701	1103	1	2
89.701	1104	2	3
89.863	1105	4	2
89.863	1106	1	3
90.025	1107	3	2
90.025	1108	4	3
90.187	1109	1	2
90.187	1110	3	3
90.350	1111	3	2
90.350	1112	1	3
90.512	1113	2	2
90.512	1114	3	3
90.674	1115	1	2
90.674	1116	2	3
90.836	1117	3	2
90.836	1118	1	3
90.998	1119	4	2
90.998	1120	3	3
91.160	1121	2	2
91.160	1122	4	3
91.323	1123	1	2
91.323	1124	2	3
91.485	1125	3	2
91.485	1126	1	3
91.647	1127	4	2
91.647	1128	3	3
91.809	1129	1	2
91.809	1130	4	3
91.971	1131	3	2
91.971	1132	1	3
92.133	1133	2	2
92.133	1134	3	3
92.296	1135	1	2
92.296	1136	2	3
92.458	1137	4	2
92.458	1138	1	3
92.620	1139	3	2
92.620	1140	4	3
92.782	1141	1	2
92.782	1142	3	3
92.944	1143	4	2
92.944	1144	1	3
93.106	1145	3	2
93.106	1146	4	3
93.269	1147	2	2
93.269	1148	3	3
93.431	1149	3	2
93.431	1150	2	3
93.593	1151	1	1
93.593	1152	2	1
93.593	1153	4	2
93.593	1154	3	3
93.755	1155	2	2
93.755	1156	4	3
93.917	1157	1	2
93.917	1158	2	3
94.079	1159	3	2
94.079	1160	1	3
94.160	1161	4	1
94.242	1162	1	1
94.242	1163	2	2
94.242	1164	3	3
94.404	1165	1	2
94.404	1166	2	3
94.566	1167	3	2
94.566	1168	4	1
94.566	1169	1	3
94.728	1170	4	2
94.728	1171	3	3
94.890	1172	1	2
94.890	1173	4	3
95.052	1174	3	2
95.052	1175	1	3
95.133	1176	1	1
95.215	1177	2	2
95.215	1178	4	1
95.215	1179	3	3
95.377	1180	1	2
95.377	1181	3	1
95.377	1182	2	3
95.539	1183	2	1
95.539	1184	4	2
95.539	1185	1	3
95.701	1186	3	2
95.701	1187	4	3
95.863	1188	1	2
95.863	1189	2	1
95.863	1190	3	3
96.025	1191	3	2
96.025	1192	1	3
96.106	1193	4	1
96.187	1194	1	1
96.187	1195	2	2
96.187	1196	3	3
96.350	1197	1	2
96.350	1198	2	3
96.512	1199	3	2
96.512	1200	1	3
96.674	1201	4	2
96.674	1202	3	3
96.755	1203	1	1
96.836	1204	2	2
96.836	1205	4	3
96.998	1206	1	2
96.998	1207	2	3
97.160	1208	3	2
97.160	1209	4	1
97.160	1210	1	3
97.323	1211	4	2
97.323	1212	3	3
97.485	1213	1	2
97.485	1214	4	3
97.647	1215	3	2
97.647	1216	1	3
97.728	1217	4	1
97.809	1218	1	1
97.809	1219	2	2
97.809	1220	3	3
97.971	1221	1	2
97.971	1222	3	1
97.971	1223	2	3
98.133	1224	2	1
98.133	1225	4	2
98.133	1226	1	3
98.296	1227	3	2
98.296	1228	4	3
98.458	1229	1	1
98.458	1230	2	2
98.458	1231	3	3
98.620	1232	1	2
98.620	1233	2	3
98.701	1234	4	1
98.782	1235	2	1
98.782	1236	3	2
98.782	1237	1	3
98.944	1238	2	2
98.944	1239	3	3
99.106	1240	3	2
99.106	1241	2	3
99.269	1242	4	2
99.269	1243	3	3
99.350	1244	1	1
99.431	1245	2	2
99.431	1246	4	3
99.593	1247	1	2
99.593	1248	2	3
99.755	1249	3	2
99.755	1250	4	1
99.755	1251	1	3
99.917	1252	4	2
99.917	1253	3	3
100.079	1254	1	2
100.079	1255	4	3
100.242	1256	3	2
100.242	1257	1	3
100.323	1258	1	1
100.404	1259	2	2
100.404	1260	4	1
100.404	1261	3	3
100.566	1262	1	2
100.566	1263	3	1
100.566	1264	2	3
100.728	1265	2	1
100.728	1266	4	2
100.728	1267	1	3
100.890	1268	3	2
100.890	1269	4	3
101.052	1270	1	2
101.052	1271	4	1
101.052	1272	3	3
101.215	1273	3	2
101.215	1274	1	3
101.296	1275	4	1
101.377	1276	1	1
101.377	1277	2	2
101.377	1278	3	3
101.539	1279	1	2
101.539	1280	2	3
101.701	1281	3	2
101.701	1282	1	3
101.863	1283	4	2
101.863	1284	3	3
101.944	1285	1	1
102.025	1286	2	2
102.025	1287	4	3
102.187	1288	1	2
102.187	1289	2	3
102.350	1290	2	1
102.350	1291	3	2
102.350	1292	1	3
102.512	1293	4	2
102.512	1294	3	3
102.674	1295	1	2
102.674	1296	4	3
102.836	1297	3	2
102.836	1298	1	3
102.917	1299	4	1
102.998	1300	1	1
102.998	1301	2	2
102.998	1302	3	3
103.160	1303	1	2
103.160	1304	4	1
103.160	1305	2	3
103.323	1306	2	1
103.323	1307	3	1
103.323	1308	4	1
103.323	1309	1	3
103.971	1310	1	1
103.971	1311	2	1
103.971	1312	3	1
103.971	1313	4	1
104.133	1314	3	1
104.133	1315	4	1
104.296	1316	3	1
104.296	1317	4	1
104.458	1318	3	1
104.458	1319	4	1
104.620	1320	1	1
104.620	1321	2	1
104.620	1322	4	1
104.782	1323	2	1
104.782	1324	3	1
104.944	1325	2	1
104.944	1326	3	1
105.106	1327	2	1
105.106	1328	3	1
105.269	1329	1	1
105.269	1330	3	1
105.269	1331	4	1
105.431	1332	1	1
105.431	1333	2	1
105.593	1334	1	1
105.593	1335	2	1
105.755	1336	1	1
105.755	1337	2	1
105.917	1338	2	1
105.917	1339	3	1
105.917	1340	4	2
106.566	1341	1	1
106.566	1342	2	1
106.566	1343	3	1
106.566	1344	4	3
106.728	1345	3	1
106.728	1346	4	1
106.890	1347	3	1
106.890	1348	4	1
107.052	1349	3	1
107.052	1350	4	1
107.215	1351	1	1
107.215	1352	2	1
107.215	1353	4	1
107.377	1354	1	1
107.377	1355	3	1
107.539	1356	1	1
107.539	1357	3	1
107.701	1358	1	1
107.701	1359	3	1
107.863	1360	2	1
107.863	1361	3	1
107.863	1362	4	1
108.025	1363	2	1
108.025	1364	4	1
108.187	1365	2	1
108.187	1366	4	1
108.350	1367	2	1
108.350	1368	4	1
108.512	1369	1	1
108.512	1370	3	2
108.512	1371	4	1
108.998	1372	1	1
108.998	1373	3	3
109.079	1374	2	1
109.160	1375	1	1
109.160	1376	3	1
109.160	1377	4	1
109.323	1378	3	1
109.323	1379	4	1
109.485	1380	3	1
109.485	1381	4	1
109.647	1382	3	1
109.647	1383	4	1
109.809	1384	1	1
109.809	1385	2	1
109.809	1386	4	1
109.971	1387	2	1
109.971	1388	3	1
110.133	1389	2	1
110.133	1390	3	1
110.296	1391	2	1
110.296	1392	3	1
110.458	1393	1	1
110.458	1394	3	1
110.458	1395	4	1
110.620	1396	1	1
110.620	1397	2	1
110.782	1398	1	1
110.782	1399	2	1
110.944	1400	1	1
110.944	1401	2	1
111.106	1402	2	1
111.106	1403	3	1
111.106	1404	4	2
111.755	1405	1	1
111.755	1406	2	1
111.755	1407	3	1
111.755	1408	4	3
111.917	1409	3	1
111.917	1410	4	1
112.079	1411	3	1
112.079	1412	4	1
112.242	1413	3	1
112.242	1414	4	1
112.404	1415	1	1
112.404	1416	2	1
112.404	1417	4	1
112.566	1418	1	1
112.566	1419	3	1
112.728	1420	1	1
112.728	1421	3	1
112.890	1422	1	1
112.890	1423	3	1
113.052	1424	2	1
113.052	1425	3	1
113.052	1426	4	1
113.215	1427	2	1
113.215	1428	4	1
113.377	1429	2	1
113.377	1430	4	1
113.539	1431	2	1
113.539	1432	4	1
113.701	1433	1	1
113.701	1434	3	1
113.701	1435	4	1
113.863	1436	1	1
113.863	1437	2	1
114.025	1438	3	1
114.106	1439	2	1
114.187	1440	3	1
114.269	1441	2	1
114.350	1442	1	1
114.350	1443	3	1
114.350	1444	4	1
114.512	1445	1	1
114.512	1446	4	1
114.674	1447	2	1
114.674	1448	4	1
114.836	1449	3	1
114.836	1450	4	1
114.998	1451	1	1
114.998	1452	2	1
114.998	1453	4	1
115.160	1454	1	1
115.160	1455	3	1
115.323	1456	2	1
115.323	1457	3	1
115.485	1458	3	1
115.485	1459	4	1
115.647	1460	1	1
115.647	1461	3	1
115.647	1462	4	1
115.809	1463	1	1
115.809	1464	2	1
115.971	1465	1	1
115.971	1466	3	1
116.133	1467	1	1
116.133	1468	4	1
116.296	1469	2	1
116.296	1470	3	1
116.296	1471	4	2
116.944	1472	1	1
116.944	1473	2	1
116.944	1474	3	1
116.944	1475	4	3
117.106	1476	1	1
117.106	1477	4	1
117.269	1478	2	1
117.269	1479	4	1
117.431	1480	3	1
117.431	1481	4	1
117.593	1482	1	1
117.593	1483	2	1
117.593	1484	4	1
117.755	1485	1	1
117.755	1486	2	1
117.917	1487	1	1
117.917	1488	4	1
118.079	1489	1	1
118.079	1490	3	1
118.242	1491	2	1
118.242	1492	3	1
118.242	1493	4	1
118.404	1494	1	1
118.404	1495	2	1
118.566	1496	2	1
118.566	1497	3	1
118.728	1498	2	1
118.728	1499	4	1
118.890	1500	1	1
118.890	1501	3	2
118.890	1502	4	1
119.377	1503	1	1
119.377	1504	3	3
119.458	1505	2	1
119.539	1506	1	1
119.539	1507	3	1
119.539	1508	4	1
119.701	1509	1	1
119.701	1510	4	1
119.863	1511	2	1
119.863	1512	4	1
120.025	1513	3	1
120.025	1514	4	1
120.187	1515	1	1
120.187	1516	2	1
120.187	1517	4	1
120.350	1518	1	1
120.350	1519	3	1
120.512	1520	2	1
120.512	1521	3	1
120.674	1522	3	1
120.674	1523	4	1
120.836	1524	1	1
120.836	1525	3	1
120.836	1526	4	1
120.998	1527	1	1
120.998	1528	2	1
121.160	1529	1	1
121.160	1530	4	1
121.323	1531	1	1
121.323	1532	3	1
121.485	1533	2	1
121.485	1534	3	1
121.485	1535	4	2
122.133	1536	1	1
122.133	1537	2	1
122.133	1538	3	1
122.133	1539	4	3
122.296	1540	1	1
122.296	1541	4	1
122.458	1542	2	1
122.458	1543	4	1
122.620	1544	3	1
122.620	1545	4	1
122.782	1546	1	1
122.782	1547	2	1
122.782	1548	4	1
122.944	1549	1	1
122.944	1550	2	1
123.106	1551	1	1
123.106	1552	4	1
123.269	1553	1	1
123.269	1554	3	1
123.431	1555	4	2
123.512	1556	4	3
123.593	1557	3	2
123.674	1558	3	3
123.755	1559	2	2
123.836	1560	2	3
123.917	1561	1	2
123.998	1562	1	3
124.728	1563	1	1
124.728	1564	2	1
124.728	1565	3	1
124.728	1566	4	1
124.890	1567	1	1
124.890	1568	4	1
125.052	1569	2	1
125.052	1570	4	1
125.215	1571	3	1
125.215	1572	4	1
125.296	1573	2	1
125.377	1574	1	1
125.377	1575	3	1
125.377	1576	4	1
125.539	1577	1	1
125.539	1578	3	1
125.701	1579	2	1
125.701	1580	3	1
125.863	1581	3	1
125.863	1582	4	1
125.944	1583	2	1
126.025	1584	1	1
126.025	1585	3	1
126.025	1586	4	1
126.187	1587	1	1
126.187	1588	2	1
126.350	1589	1	1
126.350	1590	3	1
126.512	1591	1	1
126.512	1592	4	1
126.593	1593	3	1
126.674	1594	1	1
126.674	1595	2	1
126.674	1596	4	2
127.323	1597	1	1
127.323	1598	2	1
127.323	1599	3	1
127.323	1600	4	3
127.485	1601	1	1
127.485	1602	4	1
127.647	1603	2	1
127.647	1604	4	1
127.809	1605	3	1
127.809	1606	4	1
127.890	1607	2	1
127.971	1608	1	1
127.971	1609	3	1
127.971	1610	4	1
128.133	1611	1	1
128.133	1612	2	1
128.296	1613	1	1
128.296	1614	4	1
128.458	1615	1	1
128.458	1616	3	1
128.620	1617	2	1
128.620	1618	3	1
128.620	1619	4	1
128.782	1620	1	1
128.782	1621	2	1
128.944	1622	2	1
128.944	1623	3	1
129.106	1624	2	1
129.106	1625	4	1
129.187	1626	3	1
129.269	1627	1	2
129.269	1628	2	1
129.269	1629	4	1
129.755	1630	2	1
129.755	1631	1	3
129.836	1632	4	1
129.917	1633	1	1
129.917	1634	2	1
129.917	1635	3	1
130.079	1636	1	1
130.079	1637	4	1
130.242	1638	2	1
130.242	1639	4	1
130.404	1640	3	1
130.404	1641	4	1
130.485	1642	2	1
130.566	1643	1	1
130.566	1644	3	1
130.566	1645	4	1
130.728	1646	1	1
130.728	1647	3	1
130.890	1648	2	1
130.890	1649	3	1
131.052	1650	3	1
131.052	1651	4	1
131.133	1652	2	1
131.215	1653	1	1
131.215	1654	3	1
131.215	1655	4	1
131.377	1656	1	1
131.377	1657	2	1
131.539	1658	1	1
131.539	1659	4	1
131.701	1660	1	1
131.701	1661	3	1
131.782	1662	2	1
131.863	1663	1	1
131.863	1664	3	1
131.863	1665	4	2
132.512	1666	1	1
132.512	1667	2	1
132.512	1668	3	1
132.512	1669	4	3
132.674	1670	1	1
132.674	1671	4	1
132.836	1672	2	1
132.836	1673	4	1
132.998	1674	3	1
132.998	1675	4	1
133.079	1676	2	1
133.160	1677	1	1
133.160	1678	3	1
133.160	1679	4	1
133.323	1680	1	1
133.323	1681	2	1
133.485	1682	1	1
133.485	1683	4	1
133.647	1684	1	1
133.647	1685	3	1
133.809	1686	2	1
133.809	1687	3	1
133.809	1688	4	1
133.971	1689	1	1
133.971	1690	2	1
134.133	1691	2	1
134.133	1692	3	1
134.296	1693	2	1
134.296	1694	4	1
134.377	1695	3	1
134.458	1696	1	1
134.458	1697	2	1
134.458	1698	4	1
134.620	1699	1	1
134.620	1700	2	1
134.782	1701	3	1
134.863	1702	2	1
134.944	1703	3	1
135.025	1704	2	1
135.106	1705	1	1
135.106	1706	3	1
135.106	1707	4	1
135.269	1708	1	1
135.269	1709	4	1
135.431	1710	2	1
135.431	1711	4	1
135.593	1712	3	1
135.593	1713	4	1
135.674	1714	2	1
135.755	1715	1	1
135.755	1716	3	1
135.755	1717	4	1
135.917	1718	1	1
135.917	1719	3	1
136.079	1720	2	1
136.079	1721	3	1
136.242	1722	3	1
136.242	1723	4	1
136.323	1724	2	1
136.404	1725	1	1
136.404	1726	3	1
136.404	1727	4	1
136.566	1728	1	1
136.566	1729	2	1
136.728	1730	1	1
136.728	1731	3	1
136.890	1732	1	1
136.890	1733	4	1
136.971	1734	3	1
137.052	1735	1	1
137.052	1736	2	1
137.052	1737	4	2
137.701	1738	1	1
137.701	1739	2	1
137.701	1740	3	1
137.701	1741	4	3
137.863	1742	1	1
137.863	1743	4	1
138.025	1744	2	1
138.025	1745	4	1
138.187	1746	3	1
138.187	1747	4	1
138.269	1748	2	1
138.350	1749	1	1
138.350	1750	3	1
138.350	1751	4	1
138.512	1752	1	1
138.512	1753	2	1
138.674	1754	1	1
138.674	1755	4	1
138.836	1756	1	1
138.836	1757	3	1
138.998	1758	2	1
138.998	1759	3	1
138.998	1760	4	1
139.160	1761	1	1
139.160	1762	2	1
139.323	1763	2	1
139.323	1764	3	1
139.485	1765	2	1
139.485	1766	4	1
139.566	1767	1	1
139.647	1768	2	1
139.647	1769	3	2
139.647	1770	4	1
140.133	1771	1	1
140.133	1772	3	3
140.215	1773	2	1
140.296	1774	1	1
140.296	1775	3	1
140.296	1776	4	1
140.458	1777	1	1
140.458	1778	4	1
140.620	1779	2	1
140.620	1780	4	1
140.782	1781	3	1
140.782	1782	4	1
140.863	1783	2	1
140.944	1784	1	1
140.944	1785	3	1
140.944	1786	4	1
141.106	1787	1	1
141.106	1788	3	1
141.269	1789	2	1
141.269	1790	3	1
141.431	1791	3	1
141.431	1792	4	1
141.512	1793	2	1
141.593	1794	1	1
141.593	1795	3	1
141.593	1796	4	1
141.755	1797	1	1
141.755	1798	2	1
141.917	1799	1	1
141.917	1800	4	1
142.079	1801	1	1
142.079	1802	3	1
142.160	1803	2	1
142.242	1804	1	1
142.242	1805	3	1
142.242	1806	4	2
142.890	1807	1	1
142.890	1808	2	1
142.890	1809	3	1
142.890	1810	4	3
143.052	1811	1	1
143.052	1812	4	1
143.215	1813	2	1
143.215	1814	4	1
143.377	1815	3	1
143.377	1816	4	1
143.458	1817	2	1
143.539	1818	1	1
143.539	1819	3	1
143.539	1820	4	1
143.701	1821	1	1
143.701	1822	2	1
143.863	1823	1	1
143.863	1824	4	1
144.025	1825	1	1
144.025	1826	3	1
144.187	1827	2	1
144.187	1828	4	2
144.269	1829	4	3
144.350	1830	3	2
144.431	1831	3	3
144.512	1832	2	2
144.593	1833	2	3
144.674	1834	1	1
144.674	1835	3	2
144.755	1836	3	3
144.836	1837	2	2
144.917	1838	2	3
144.998	1839	1	2
145.079	1840	1	3
145.160	1841	3	2
145.160	1842	4	1
145.242	1843	3	3
145.323	1844	2	2
145.404	1845	2	3
145.485	1846	1	2
145.647	1847	2	2
145.809	1848	3	2
145.971	1849	4	2
146.133	1850	1	3
146.133	1851	2	3
146.133	1852	3	3
146.133	1853	4	3
146.458	1854	3	2
146.620	1855	4	2
146.782	1856	1	2
146.944	1857	2	2
147.106	1858	1	3
147.106	1859	2	3
147.106	1860	3	3
147.106	1861	4	3