Song Name	Vaportrailed (Radio Edit) (Hard) by Reku Mochizuki
Difficulty	25
Primary Color	Flow
Secondary Color	Vibe
Last Note Time	143.775
Total Notes	1346
Fever Fill	398
Fever Time	21.566250
Long Notes	153
BPM	134
Song Length	152.113922902

Timing Points
0.492	447.7612


Song Data
0.492	1	1	1
0.492	2	2	1
0.492	3	3	1
0.492	4	4	1
1.387	5	3	1
1.835	6	4	1
2.059	7	3	1
2.730	8	2	1
3.178	9	1	1
3.178	10	3	1
3.626	11	1	1
4.074	12	3	1
4.074	13	4	1
4.745	14	2	1
4.969	15	3	1
5.417	16	4	1
5.641	17	1	1
6.089	18	4	1
6.312	19	3	1
6.536	20	2	1
6.984	21	3	1
7.208	22	1	1
7.432	23	2	1
7.656	24	3	1
7.656	25	4	1
8.327	26	1	1
8.551	27	3	1
8.999	28	4	1
9.223	29	2	1
9.894	30	3	1
10.342	31	1	1
10.342	32	3	1
10.790	33	1	1
11.238	34	1	1
11.238	35	2	1
11.909	36	3	1
12.133	37	2	1
12.581	38	4	1
12.805	39	4	1
13.029	40	1	1
13.253	41	1	1
13.365	42	3	1
13.700	43	1	1
14.036	44	1	1
14.372	45	3	1
14.596	46	2	1
14.820	47	1	1
14.820	48	4	1
15.491	49	2	1
15.715	50	3	1
16.163	51	4	1
16.387	52	2	1
17.059	53	3	1
17.506	54	1	1
17.506	55	3	1
17.954	56	1	1
18.402	57	3	1
18.402	58	4	1
19.074	59	2	1
19.297	60	3	1
19.745	61	4	1
19.969	62	1	1
20.417	63	4	1
20.641	64	3	1
20.865	65	2	1
21.312	66	3	1
21.536	67	1	1
21.760	68	3	1
21.984	69	1	1
21.984	70	4	1
22.656	71	1	1
22.880	72	3	1
23.327	73	4	1
23.551	74	2	1
23.775	75	4	2
24.223	76	1	1
24.671	77	1	1
24.671	78	3	2
25.118	79	2	1
25.566	80	1	2
25.566	81	2	1
25.566	82	3	3
25.566	83	4	3
26.238	84	3	1
26.462	85	2	1
26.909	86	4	1
27.133	87	3	1
27.357	88	2	1
27.357	89	4	2
27.357	90	1	3
27.581	91	3	2
28.029	92	1	2
28.700	93	2	1
28.700	94	1	3
28.700	95	3	3
28.700	96	4	3
28.812	97	2	1
28.924	98	3	1
29.036	99	2	1
29.148	100	1	1
29.148	101	3	1
29.148	102	4	1
29.260	103	2	1
29.372	104	3	1
29.596	105	2	1
29.708	106	3	1
29.932	107	4	1
30.156	108	1	1
30.268	109	3	1
30.492	110	3	1
30.603	111	3	1
30.827	112	2	1
31.051	113	1	1
31.163	114	3	1
31.387	115	2	1
31.499	116	3	1
31.723	117	4	1
31.947	118	3	1
32.059	119	2	1
32.283	120	1	1
32.394	121	3	1
32.618	122	1	1
32.842	123	3	1
32.954	124	2	1
33.178	125	3	1
33.290	126	3	1
33.514	127	4	1
33.738	128	2	1
33.850	129	3	1
34.074	130	2	1
34.186	131	2	1
34.409	132	1	1
34.633	133	3	1
34.745	134	1	1
34.969	135	3	1
35.081	136	4	1
35.305	137	1	1
35.361	138	2	1
35.417	139	4	1
35.641	140	3	1
35.753	141	2	1
35.977	142	1	1
36.200	143	4	1
36.312	144	3	1
36.424	145	2	1
36.536	146	1	1
36.760	147	3	1
36.872	148	1	1
37.096	149	4	1
37.320	150	3	1
37.432	151	4	1
37.656	152	2	1
37.768	153	3	1
37.992	154	1	1
38.215	155	3	1
38.327	156	2	1
38.551	157	1	1
38.663	158	4	1
38.887	159	4	1
39.111	160	4	1
39.223	161	1	1
39.447	162	3	1
39.559	163	1	1
39.783	164	2	1
39.894	165	3	1
40.006	166	1	1
40.118	167	3	1
40.342	168	2	1
40.454	169	3	1
40.678	170	4	1
40.902	171	2	1
41.014	172	4	1
41.238	173	1	1
41.350	174	3	1
41.574	175	2	1
41.686	176	4	2
41.797	177	1	1
41.909	178	3	1
42.133	179	2	1
42.245	180	3	1
42.469	181	1	1
42.525	182	2	1
42.581	183	3	2
42.805	184	2	1
42.917	185	1	1
43.141	186	1	1
43.365	187	2	1
43.477	188	1	1
43.477	189	2	1
43.477	190	3	3
43.477	191	4	3
43.589	192	3	1
43.700	193	4	1
43.812	194	2	1
43.924	195	3	1
44.036	196	1	1
44.260	197	1	1
44.260	198	4	1
44.484	199	3	1
44.596	200	1	1
44.708	201	4	1
44.820	202	3	1
44.932	203	2	1
45.156	204	1	1
45.156	205	2	1
45.380	206	3	1
45.492	207	1	1
45.603	208	3	1
45.715	209	4	1
45.827	210	2	1
46.051	211	1	1
46.051	212	4	1
46.163	213	2	1
46.163	214	3	1
46.275	215	1	1
46.387	216	4	1
46.499	217	3	1
46.611	218	2	1
46.723	219	3	1
46.947	220	3	1
46.947	221	4	1
47.059	222	1	1
47.059	223	2	1
47.171	224	3	1
47.283	225	1	1
47.394	226	4	1
47.506	227	2	1
47.618	228	3	1
47.842	229	3	1
47.842	230	4	1
48.066	231	2	1
48.178	232	4	1
48.290	233	3	1
48.402	234	1	1
48.514	235	3	1
48.738	236	1	1
48.738	237	2	1
48.962	238	3	1
49.074	239	1	1
49.186	240	3	1
49.297	241	4	1
49.409	242	2	1
49.521	243	1	1
49.633	244	4	1
49.689	245	3	1
49.745	246	2	1
49.969	247	2	1
50.081	248	3	1
50.081	249	4	1
50.305	250	1	1
50.305	251	2	1
50.529	252	2	1
50.529	253	3	1
50.641	254	1	1
50.641	255	3	1
50.641	256	4	1
50.865	257	1	1
50.865	258	3	1
50.865	259	4	1
50.977	260	2	1
51.200	261	1	1
51.200	262	2	1
51.200	263	3	1
51.424	264	3	1
51.536	265	1	1
51.536	266	2	1
51.536	267	4	1
51.760	268	2	1
51.760	269	3	1
51.872	270	1	1
51.872	271	2	1
51.872	272	4	1
52.208	273	2	1
52.208	274	3	1
52.208	275	4	1
52.432	276	1	1
52.432	277	3	1
52.432	278	4	1
52.656	279	1	1
52.656	280	2	1
52.656	281	3	1
52.768	282	4	1
52.992	283	1	1
52.992	284	3	1
52.992	285	4	1
53.103	286	2	1
53.215	287	3	1
53.327	288	1	1
53.327	289	2	1
53.327	290	4	1
53.551	291	1	1
53.551	292	2	1
53.663	293	1	1
53.663	294	3	1
53.663	295	4	1
53.887	296	3	1
53.999	297	1	1
53.999	298	2	1
53.999	299	4	1
54.111	300	3	1
54.223	301	1	1
54.223	302	2	1
54.335	303	3	1
54.335	304	4	1
54.447	305	1	1
54.447	306	2	1
54.559	307	3	1
54.559	308	4	1
54.671	309	1	1
54.671	310	2	1
54.783	311	3	1
54.783	312	4	1
54.894	313	1	1
54.894	314	2	1
55.006	315	3	1
55.006	316	4	1
55.118	317	1	1
55.118	318	2	1
55.230	319	3	1
55.230	320	4	1
55.342	321	1	1
55.342	322	2	1
55.454	323	3	1
55.454	324	4	1
55.566	325	1	1
55.566	326	2	1
55.678	327	3	1
55.678	328	4	1
55.790	329	1	1
55.790	330	2	1
55.902	331	3	1
55.902	332	4	1
56.014	333	1	1
56.014	334	2	1
56.126	335	3	1
56.238	336	4	1
56.350	337	4	1
56.462	338	1	1
56.574	339	2	1
56.686	340	3	1
56.797	341	3	1
56.909	342	1	1
56.909	343	4	1
57.133	344	2	1
57.133	345	3	1
57.245	346	2	1
57.245	347	3	1
57.357	348	1	2
57.357	349	4	2
57.693	350	1	3
57.693	351	4	3
57.805	352	1	1
57.805	353	2	1
57.805	354	3	1
57.805	355	4	1
57.917	356	2	1
58.029	357	3	1
58.253	358	1	1
58.253	359	3	1
58.365	360	2	1
58.589	361	3	1
58.589	362	4	1
58.700	363	1	1
58.700	364	2	1
58.812	365	4	1
58.924	366	3	1
59.148	367	2	1
59.148	368	4	1
59.260	369	3	1
59.484	370	2	1
59.484	371	3	1
59.596	372	1	1
59.596	373	3	1
59.708	374	2	1
59.820	375	3	1
60.044	376	2	1
60.044	377	4	1
60.156	378	3	1
60.380	379	3	1
60.380	380	4	1
60.492	381	1	1
60.492	382	2	1
60.603	383	3	1
60.715	384	4	1
60.939	385	1	1
60.939	386	4	1
61.051	387	2	1
61.275	388	2	1
61.275	389	3	1
61.387	390	1	1
61.387	391	4	1
61.499	392	3	1
61.611	393	2	1
61.835	394	2	1
61.835	395	3	1
61.947	396	1	1
62.171	397	3	1
62.171	398	4	1
62.283	399	2	1
62.283	400	4	1
62.394	401	3	1
62.506	402	2	1
62.730	403	3	1
62.730	404	4	1
62.842	405	2	1
63.066	406	1	1
63.066	407	2	1
63.178	408	1	1
63.178	409	3	1
63.290	410	4	1
63.402	411	2	1
63.626	412	1	1
63.626	413	3	1
63.738	414	4	1
63.962	415	1	1
64.018	416	2	1
64.074	417	3	1
64.074	418	4	1
64.297	419	2	1
64.297	420	4	1
64.409	421	1	1
64.409	422	3	1
64.633	423	1	1
64.633	424	2	1
64.857	425	3	1
64.857	426	4	1
64.969	427	1	1
64.969	428	3	1
65.081	429	2	1
65.193	430	3	1
65.417	431	1	1
65.417	432	2	1
65.529	433	3	1
65.753	434	1	1
65.753	435	2	1
65.865	436	3	1
65.865	437	4	1
65.977	438	2	1
66.089	439	3	1
66.312	440	3	1
66.312	441	4	1
66.424	442	2	1
66.648	443	3	1
66.648	444	4	1
66.760	445	1	1
66.760	446	2	1
66.872	447	4	1
66.984	448	3	1
67.208	449	1	1
67.208	450	4	1
67.320	451	3	1
67.544	452	1	1
67.544	453	2	1
67.656	454	1	1
67.656	455	4	1
67.768	456	3	1
67.880	457	4	1
68.103	458	2	1
68.103	459	3	1
68.215	460	1	1
68.439	461	1	1
68.439	462	2	1
68.551	463	3	1
68.551	464	4	1
68.663	465	1	1
68.775	466	3	1
68.999	467	2	1
68.999	468	4	1
69.111	469	3	1
69.335	470	3	1
69.335	471	4	1
69.447	472	1	1
69.447	473	2	1
69.559	474	4	1
69.671	475	1	1
69.894	476	2	1
69.894	477	4	1
70.006	478	3	1
70.230	479	1	1
70.230	480	2	1
70.342	481	3	1
70.342	482	4	1
70.454	483	2	1
70.566	484	3	1
70.790	485	1	1
70.790	486	3	1
70.902	487	4	1
71.126	488	1	1
71.182	489	2	1
71.238	490	3	1
71.238	491	4	1
71.462	492	2	1
71.462	493	4	1
71.574	494	1	1
71.574	495	3	1
71.686	496	2	1
71.686	497	4	1
71.797	498	3	1
71.909	499	1	1
71.909	500	2	1
72.021	501	3	1
72.021	502	4	1
72.133	503	1	1
72.133	504	2	1
72.133	505	4	1
72.245	506	3	1
72.357	507	2	1
72.581	508	1	1
72.581	509	4	1
72.693	510	3	1
72.917	511	3	1
72.917	512	4	1
73.029	513	1	1
73.029	514	2	1
73.141	515	3	1
73.253	516	1	1
73.477	517	2	1
73.477	518	4	1
73.589	519	3	1
73.812	520	1	1
73.812	521	3	1
73.924	522	1	1
73.924	523	2	1
74.036	524	3	1
74.148	525	2	1
74.372	526	3	1
74.372	527	4	1
74.484	528	1	1
74.708	529	2	1
74.708	530	4	1
74.820	531	2	1
74.820	532	3	1
74.932	533	1	1
75.044	534	3	1
75.268	535	1	1
75.268	536	2	1
75.380	537	3	1
75.603	538	3	1
75.603	539	4	1
75.715	540	1	1
75.715	541	3	1
75.827	542	2	1
75.939	543	3	1
76.163	544	1	1
76.163	545	2	1
76.275	546	3	1
76.499	547	1	1
76.499	548	4	1
76.611	549	2	1
76.611	550	4	1
76.723	551	3	1
76.835	552	2	1
77.059	553	3	1
77.059	554	4	1
77.171	555	1	1
77.394	556	2	1
77.394	557	3	1
77.506	558	1	1
77.506	559	3	1
77.618	560	4	1
77.730	561	2	1
77.954	562	1	1
77.954	563	4	1
78.066	564	2	1
78.290	565	3	1
78.346	566	2	1
78.402	567	1	1
78.402	568	4	1
78.514	569	3	1
78.626	570	1	1
78.626	571	2	1
78.738	572	3	1
78.738	573	4	1
78.850	574	1	1
78.962	575	2	1
78.962	576	3	1
79.186	577	1	1
79.186	578	4	1
79.297	579	2	1
79.297	580	3	1
79.409	581	4	1
79.521	582	1	1
79.745	583	3	1
79.745	584	4	1
79.857	585	2	1
80.081	586	1	1
80.081	587	4	1
80.193	588	2	1
80.193	589	3	1
80.305	590	1	1
80.417	591	4	1
80.641	592	1	1
80.641	593	2	1
80.753	594	3	1
80.977	595	2	1
80.977	596	3	1
81.089	597	1	1
81.089	598	4	1
81.200	599	2	1
81.312	600	3	1
81.536	601	2	1
81.536	602	4	1
81.648	603	3	1
81.872	604	3	1
81.872	605	4	1
81.984	606	1	1
81.984	607	2	1
82.096	608	3	1
82.208	609	4	1
82.432	610	2	1
82.432	611	4	1
82.544	612	3	1
82.768	613	3	1
82.768	614	4	1
82.880	615	1	1
82.880	616	2	1
82.992	617	4	1
83.103	618	3	1
83.215	619	2	1
83.327	620	3	1
83.327	621	4	1
83.439	622	1	1
83.551	623	4	1
83.663	624	3	1
83.775	625	1	1
83.775	626	2	1
83.887	627	3	1
83.999	628	4	1
84.111	629	1	1
84.223	630	2	1
84.223	631	3	1
84.335	632	4	1
84.447	633	1	1
84.559	634	3	1
84.671	635	1	1
84.671	636	4	1
84.783	637	3	1
84.894	638	2	1
85.006	639	4	1
85.118	640	1	1
85.230	641	3	1
85.454	642	2	1
85.510	643	3	1
85.566	644	4	1
85.790	645	2	1
85.902	646	3	1
86.014	647	1	2
86.014	648	2	2
86.014	649	3	2
86.014	650	4	2
86.238	651	1	3
86.238	652	2	3
86.238	653	3	3
86.238	654	4	3
86.462	655	1	2
86.462	656	3	1
86.462	657	4	1
86.686	658	3	2
86.686	659	4	2
86.797	660	1	3
86.797	661	3	3
86.797	662	4	3
86.909	663	1	1
86.909	664	2	1
86.909	665	3	1
86.909	666	4	1
87.133	667	1	1
87.133	668	2	1
87.245	669	3	1
87.357	670	1	1
87.357	671	4	2
87.469	672	2	1
87.581	673	3	1
87.805	674	1	1
87.805	675	2	2
87.805	676	4	3
87.917	677	3	1
88.029	678	1	2
88.029	679	2	3
88.141	680	2	1
88.253	681	3	1
88.253	682	4	1
88.365	683	2	1
88.477	684	4	1
88.700	685	2	1
88.700	686	3	1
88.700	687	1	3
88.812	688	4	1
89.036	689	1	1
89.148	690	3	1
89.148	691	4	1
89.260	692	2	1
89.372	693	3	1
89.596	694	1	1
89.596	695	4	1
89.708	696	2	1
89.708	697	3	1
89.932	698	2	1
89.932	699	3	1
90.044	700	1	1
90.044	701	4	2
90.156	702	3	1
90.268	703	2	1
90.492	704	1	1
90.492	705	3	1
90.492	706	4	3
90.603	707	2	1
90.827	708	1	1
90.827	709	2	1
90.939	710	3	1
90.939	711	4	2
91.051	712	1	1
91.163	713	2	1
91.387	714	1	1
91.387	715	3	2
91.387	716	4	3
91.499	717	4	1
91.611	718	1	2
91.611	719	3	3
91.723	720	3	1
91.835	721	2	1
91.835	722	4	1
91.947	723	3	1
92.059	724	4	2
92.059	725	1	3
92.283	726	2	1
92.283	727	3	2
92.283	728	4	3
92.394	729	1	1
92.506	730	2	2
92.506	731	3	3
92.618	732	1	1
92.730	733	3	1
92.730	734	4	1
92.954	735	1	1
92.954	736	4	1
92.954	737	2	3
93.178	738	1	1
93.178	739	2	1
93.402	740	2	1
93.402	741	3	1
93.626	742	1	1
93.626	743	4	2
93.738	744	3	1
93.850	745	2	1
94.074	746	1	1
94.074	747	3	1
94.074	748	4	3
94.186	749	2	1
94.409	750	1	1
94.409	751	2	1
94.521	752	3	1
94.521	753	4	2
94.633	754	1	1
94.745	755	2	1
94.969	756	1	1
94.969	757	3	2
94.969	758	4	3
95.081	759	2	1
95.193	760	1	2
95.193	761	3	3
95.305	762	3	1
95.417	763	2	1
95.417	764	4	1
95.529	765	3	1
95.641	766	4	1
95.865	767	2	1
95.865	768	3	1
95.865	769	1	3
95.977	770	4	1
96.200	771	1	1
96.312	772	3	1
96.312	773	4	1
96.424	774	2	1
96.536	775	4	1
96.760	776	1	1
96.760	777	3	1
96.872	778	2	1
96.872	779	4	1
97.096	780	2	1
97.096	781	3	1
97.208	782	1	2
97.208	783	4	1
97.320	784	3	1
97.432	785	2	1
97.656	786	3	1
97.656	787	4	1
97.656	788	1	3
97.768	789	1	1
97.992	790	4	1
98.103	791	1	1
98.103	792	2	1
98.215	793	3	1
98.327	794	4	1
98.551	795	2	1
98.551	796	4	1
98.663	797	1	1
98.663	798	3	1
98.887	799	2	1
98.887	800	3	1
98.999	801	1	1
98.999	802	4	1
99.111	803	3	1
99.223	804	2	1
99.447	805	1	1
99.447	806	2	1
99.559	807	3	1
99.783	808	1	1
99.839	809	2	1
99.894	810	3	1
99.894	811	4	1
100.118	812	2	1
100.118	813	4	1
100.230	814	2	1
100.230	815	3	1
100.342	816	4	1
100.454	817	1	1
100.454	818	2	1
100.566	819	3	1
100.678	820	2	1
100.678	821	4	1
100.790	822	1	1
100.790	823	3	1
100.790	824	4	1
100.902	825	2	1
101.014	826	3	1
101.238	827	1	1
101.350	828	3	1
101.574	829	4	1
101.686	830	3	2
101.797	831	1	1
101.909	832	2	1
102.133	833	4	2
102.133	834	3	3
102.245	835	2	1
102.357	836	3	2
102.357	837	4	3
102.469	838	1	1
102.581	839	4	1
102.693	840	1	1
102.805	841	2	1
103.029	842	2	2
103.029	843	3	3
103.141	844	3	1
103.365	845	4	1
103.477	846	1	2
103.477	847	2	3
103.589	848	3	1
103.700	849	2	1
103.924	850	3	2
103.924	851	1	3
104.036	852	4	1
104.148	853	1	1
104.148	854	2	1
104.372	855	1	1
104.372	856	2	1
104.372	857	4	2
104.372	858	3	3
104.484	859	3	1
104.596	860	2	1
104.820	861	1	1
104.820	862	4	3
104.932	863	3	1
105.156	864	4	1
105.268	865	3	2
105.380	866	2	1
105.492	867	1	1
105.715	868	4	2
105.715	869	3	3
105.939	870	1	2
105.939	871	2	1
105.939	872	3	1
105.939	873	4	3
106.163	874	2	1
106.163	875	3	1
106.163	876	4	1
106.163	877	1	3
106.387	878	4	2
106.611	879	2	2
106.611	880	4	3
106.835	881	1	2
106.835	882	3	1
106.835	883	4	1
106.835	884	2	3
107.059	885	2	2
107.059	886	3	2
107.059	887	4	2
107.059	888	1	3
107.283	889	1	1
107.283	890	2	3
107.283	891	3	3
107.283	892	4	3
107.394	893	2	2
107.394	894	3	2
107.394	895	4	2
107.506	896	1	1
107.506	897	2	3
107.506	898	3	3
107.506	899	4	3
107.730	900	1	1
107.730	901	2	1
107.730	902	3	1
107.842	903	2	1
107.954	904	1	2
107.954	905	3	2
107.954	906	4	2
108.066	907	1	3
108.066	908	3	3
108.066	909	4	3
108.178	910	1	2
108.178	911	3	2
108.178	912	4	2
108.234	913	1	3
108.234	914	3	3
108.234	915	4	3
108.402	916	2	1
108.514	917	1	2
108.514	918	3	2
108.514	919	4	2
108.570	920	1	3
108.570	921	3	3
108.570	922	4	3
108.850	923	1	2
108.850	924	3	2
108.850	925	4	2
108.906	926	1	3
108.906	927	3	3
108.906	928	4	3
109.186	929	1	2
109.186	930	3	2
109.186	931	4	2
109.242	932	1	3
109.242	933	3	3
109.242	934	4	3
109.297	935	2	1
109.521	936	1	2
109.521	937	3	2
109.521	938	4	2
109.577	939	1	3
109.577	940	3	3
109.577	941	4	3
109.745	942	1	2
109.745	943	2	2
109.745	944	4	2
109.801	945	1	3
109.801	946	2	3
109.801	947	4	3
109.969	948	1	2
109.969	949	2	2
109.969	950	4	2
110.025	951	1	3
110.025	952	2	3
110.025	953	4	3
110.193	954	3	1
110.305	955	1	2
110.305	956	2	2
110.305	957	4	2
110.361	958	1	3
110.361	959	2	3
110.361	960	4	3
110.641	961	1	2
110.641	962	2	2
110.641	963	3	2
110.697	964	1	3
110.697	965	2	3
110.697	966	3	3
110.865	967	4	1
110.977	968	1	2
110.977	969	2	2
110.977	970	3	2
111.033	971	1	3
111.033	972	2	3
111.033	973	3	3
111.312	974	2	2
111.312	975	3	2
111.312	976	4	2
111.368	977	2	3
111.368	978	3	3
111.368	979	4	3
111.536	980	1	1
111.536	981	3	1
111.536	982	4	1
111.648	983	2	1
111.760	984	3	1
111.872	985	1	1
111.984	986	1	1
111.984	987	2	1
111.984	988	4	1
112.096	989	3	1
112.208	990	2	1
112.320	991	4	1
112.432	992	1	1
112.432	993	3	1
112.432	994	4	1
112.544	995	2	1
112.656	996	4	1
112.768	997	2	1
112.880	998	1	1
112.880	999	2	1
112.880	1000	4	1
112.992	1001	3	1
113.103	1002	2	1
113.215	1003	3	1
113.327	1004	1	1
113.327	1005	4	1
113.439	1006	2	1
113.551	1007	4	1
113.663	1008	4	1
113.775	1009	1	1
113.887	1010	2	1
113.999	1011	3	1
114.111	1012	3	1
114.223	1013	1	1
114.223	1014	4	1
114.447	1015	2	1
114.447	1016	3	1
114.559	1017	2	1
114.559	1018	3	1
114.671	1019	1	1
114.671	1020	4	1
114.783	1021	2	1
115.006	1022	3	1
115.118	1023	1	1
115.118	1024	2	1
115.118	1025	3	1
115.118	1026	4	2
115.342	1027	1	1
115.454	1028	3	2
115.566	1029	1	1
115.566	1030	2	1
115.790	1031	2	2
115.790	1032	4	3
115.902	1033	1	1
116.014	1034	4	1
116.126	1035	1	2
116.126	1036	3	3
116.238	1037	3	1
116.350	1038	4	1
116.462	1039	3	2
116.462	1040	1	3
116.462	1041	2	3
116.574	1042	1	1
116.686	1043	4	1
116.686	1044	3	3
116.797	1045	2	1
116.909	1046	3	2
117.133	1047	1	1
117.245	1048	4	2
117.357	1049	1	1
117.357	1050	2	1
117.581	1051	1	2
117.581	1052	3	3
117.805	1053	2	1
117.805	1054	3	1
117.805	1055	4	3
118.029	1056	2	2
118.253	1057	3	1
118.253	1058	4	1
118.253	1059	1	3
118.253	1060	2	3
118.365	1061	1	1
118.477	1062	2	1
118.589	1063	3	1
118.700	1064	1	1
118.700	1065	4	2
118.924	1066	2	1
119.036	1067	3	2
119.148	1068	1	1
119.148	1069	2	1
119.372	1070	2	2
119.372	1071	4	3
119.484	1072	1	1
119.596	1073	4	1
119.708	1074	1	2
119.708	1075	3	3
119.820	1076	3	1
119.932	1077	4	1
120.044	1078	3	2
120.044	1079	1	3
120.044	1080	2	3
120.156	1081	1	1
120.268	1082	4	1
120.268	1083	3	3
120.380	1084	3	1
120.492	1085	2	2
120.715	1086	1	1
120.827	1087	3	2
120.939	1088	1	1
120.939	1089	4	1
121.163	1090	1	1
121.163	1091	4	2
121.163	1092	2	3
121.275	1093	2	1
121.387	1094	1	1
121.611	1095	2	1
121.611	1096	3	3
121.611	1097	4	3
121.723	1098	3	1
121.835	1099	1	2
121.835	1100	2	2
121.947	1101	3	1
121.947	1102	2	3
122.059	1103	4	1
122.059	1104	1	3
122.171	1105	2	1
122.283	1106	1	1
122.283	1107	4	2
122.506	1108	2	1
122.618	1109	3	2
122.730	1110	1	1
122.730	1111	2	1
122.954	1112	1	2
122.954	1113	4	3
123.066	1114	2	1
123.178	1115	4	1
123.290	1116	2	2
123.290	1117	3	3
123.402	1118	3	1
123.514	1119	4	1
123.626	1120	3	2
123.626	1121	1	3
123.626	1122	2	3
123.738	1123	1	1
123.850	1124	2	1
123.850	1125	3	3
123.962	1126	3	1
124.074	1127	2	2
124.297	1128	1	1
124.409	1129	4	2
124.521	1130	1	1
124.521	1131	3	1
124.745	1132	1	2
124.745	1133	2	3
124.969	1134	2	1
124.969	1135	3	1
124.969	1136	4	3
125.193	1137	3	1
125.417	1138	2	1
125.417	1139	4	1
125.417	1140	1	3
125.529	1141	3	1
125.641	1142	1	1
125.753	1143	2	1
125.865	1144	1	1
125.865	1145	4	2
126.089	1146	2	1
126.200	1147	3	2
126.312	1148	1	1
126.312	1149	2	1
126.536	1150	2	2
126.536	1151	4	3
126.648	1152	1	1
126.760	1153	4	1
126.872	1154	1	2
126.872	1155	3	3
126.984	1156	3	1
127.096	1157	4	1
127.208	1158	3	2
127.208	1159	2	3
127.320	1160	2	1
127.320	1161	3	3
127.432	1162	3	1
127.432	1163	1	3
127.544	1164	4	1
127.656	1165	2	2
127.880	1166	1	1
127.992	1167	4	2
128.103	1168	1	1
128.103	1169	3	1
128.327	1170	1	2
128.327	1171	2	3
128.551	1172	2	1
128.551	1173	3	1
128.775	1174	3	1
128.999	1175	2	1
128.999	1176	3	1
128.999	1177	1	3
128.999	1178	4	3
129.111	1179	2	1
129.223	1180	1	1
129.223	1181	4	1
129.447	1182	1	1
129.447	1183	2	1
129.447	1184	3	1
129.447	1185	4	2
129.671	1186	1	1
129.783	1187	3	2
129.894	1188	1	1
129.894	1189	2	1
130.118	1190	2	2
130.118	1191	4	3
130.230	1192	1	1
130.342	1193	4	1
130.454	1194	1	2
130.454	1195	3	3
130.566	1196	3	1
130.678	1197	4	1
130.790	1198	3	2
130.790	1199	1	3
130.790	1200	2	3
130.902	1201	1	1
131.014	1202	4	1
131.014	1203	3	3
131.126	1204	2	1
131.238	1205	3	2
131.462	1206	1	1
131.574	1207	4	2
131.686	1208	1	1
131.686	1209	2	1
131.909	1210	1	2
131.909	1211	3	3
132.133	1212	2	1
132.133	1213	3	1
132.133	1214	4	3
132.357	1215	2	2
132.581	1216	3	1
132.581	1217	4	1
132.581	1218	1	3
132.581	1219	2	3
132.693	1220	1	1
132.805	1221	2	1
132.917	1222	3	1
133.029	1223	1	1
133.029	1224	4	2
133.253	1225	2	1
133.365	1226	3	2
133.477	1227	1	1
133.477	1228	2	1
133.700	1229	2	2
133.700	1230	4	3
133.812	1231	1	1
133.924	1232	4	1
134.036	1233	1	2
134.036	1234	3	3
134.148	1235	3	1
134.260	1236	4	1
134.372	1237	3	2
134.372	1238	1	3
134.372	1239	2	3
134.484	1240	1	1
134.596	1241	4	1
134.596	1242	3	3
134.708	1243	3	1
134.820	1244	2	2
135.044	1245	1	1
135.156	1246	3	2
135.268	1247	1	1
135.268	1248	4	1
135.492	1249	1	1
135.492	1250	4	2
135.492	1251	2	3
135.603	1252	2	1
135.715	1253	1	1
135.939	1254	2	1
135.939	1255	3	3
135.939	1256	4	3
136.051	1257	3	1
136.163	1258	1	2
136.163	1259	2	2
136.275	1260	3	1
136.275	1261	2	3
136.387	1262	4	1
136.387	1263	1	3
136.499	1264	2	1
136.611	1265	1	1
136.611	1266	4	2
136.835	1267	2	1
136.947	1268	3	2
137.059	1269	1	1
137.059	1270	2	1
137.283	1271	1	2
137.283	1272	4	3
137.506	1273	4	1
137.618	1274	2	2
137.618	1275	3	3
137.730	1276	3	1
137.954	1277	3	2
137.954	1278	4	1
137.954	1279	1	3
137.954	1280	2	3
138.178	1281	1	1
138.178	1282	2	1
138.178	1283	3	3
138.290	1284	3	1
138.290	1285	4	1
138.402	1286	1	1
138.402	1287	2	2
138.626	1288	3	1
138.738	1289	4	2
138.850	1290	1	1
138.850	1291	3	1
139.074	1292	1	2
139.074	1293	2	3
139.297	1294	2	1
139.297	1295	3	1
139.297	1296	4	3
139.521	1297	3	1
139.745	1298	2	1
139.745	1299	4	1
139.745	1300	1	3
139.857	1301	3	1
139.969	1302	1	1
140.081	1303	2	1
140.193	1304	3	1
140.193	1305	4	1
140.305	1306	1	1
140.305	1307	2	1
140.417	1308	3	1
140.529	1309	1	1
140.641	1310	2	1
140.641	1311	4	1
140.753	1312	1	1
140.753	1313	3	1
140.865	1314	4	1
140.977	1315	2	1
141.089	1316	1	1
141.089	1317	4	1
141.200	1318	2	1
141.200	1319	3	1
141.312	1320	1	1
141.424	1321	4	1
141.536	1322	1	1
141.536	1323	2	1
141.648	1324	3	1
141.648	1325	4	1
141.760	1326	1	1
141.872	1327	4	1
141.984	1328	1	2
142.096	1329	3	1
142.208	1330	4	1
142.320	1331	2	2
142.320	1332	1	3
142.544	1333	3	1
142.656	1334	4	2
142.656	1335	2	3
142.768	1336	2	1
142.992	1337	1	1
143.103	1338	3	1
143.215	1339	2	1
143.327	1340	1	1
143.327	1341	3	2
143.327	1342	4	3
143.775	1343	1	1
143.775	1344	2	1
143.775	1345	4	1
143.775	1346	3	3