Song Name	We Magicians Still Alive in 2021 [EXTENDED CUT] by Camellia
Title	We Magicians Still Alive in 2021 [EXTENDED CUT]
Artist	Camellia
Description	A spiritual sequel for 2021? Track 11 on Camellia's album U.U.F.O. Genres: Genre Melodic Dubstep / Colour Bass. Art by SpeedyTurtle_again. Map by fritzy.
Difficulty	24
Primary Color	Flow
Secondary Color	Rush
Cover Image ID	8255744824
Audio Asset ID	rbxassetid://9064873509
Audio File	9064873509.ogg
Last Note Time	319.952
Total Notes	2951
Fever Fill	812
Fever Time	47.992800
Long Notes	514
BPM	155
Song Length	320.952000000

Timing Points
4.082	387.096774


Song Data
4.082	1	4	1
4.082	2	1	1
5.243	3	4	1
5.436	4	3	1
6.791	5	2	1
6.985	6	1	1
7.178	7	3	1
8.340	8	1	1
8.533	9	2	1
9.307	10	3	1
9.888	11	4	1
10.275	12	4	1
10.275	13	1	1
11.436	14	4	1
11.630	15	3	1
12.985	16	2	1
13.178	17	1	1
13.372	18	3	1
14.340	19	2	1
14.533	20	4	1
14.727	21	1	1
14.920	22	4	2
15.694	23	4	3
15.114	24	3	2
15.694	25	3	3
15.307	26	2	2
15.694	27	2	3
15.694	28	1	2
16.469	29	1	3
16.081	30	4	2
16.469	31	4	3
16.469	32	2	1
16.759	33	2	1
17.049	34	2	1
17.340	35	3	1
17.630	36	4	1
17.823	37	2	1
17.920	38	3	1
18.211	39	1	1
18.501	40	1	1
18.791	41	1	1
19.081	42	1	1
19.178	43	3	1
19.372	44	2	1
19.565	45	4	1
19.856	46	4	1
20.146	47	4	1
20.340	48	2	1
20.436	49	3	1
20.727	50	1	1
20.920	51	3	1
21.017	52	2	1
21.307	53	3	1
21.598	54	2	1
21.694	55	4	1
21.888	56	4	2
22.275	57	4	3
22.081	58	2	2
22.275	59	2	3
22.275	60	3	1
22.275	61	1	1
22.662	62	4	1
22.662	63	1	1
22.952	64	3	1
23.243	65	3	1
23.533	66	2	1
23.823	67	4	1
24.017	68	1	1
24.114	69	3	1
24.404	70	2	1
24.694	71	2	1
24.985	72	1	1
25.275	73	1	1
25.372	74	4	1
25.565	75	3	1
25.759	76	4	1
26.049	77	4	1
26.340	78	2	1
26.630	79	2	1
26.920	80	3	1
27.114	81	1	1
27.211	82	4	1
27.501	83	2	1
27.791	84	3	1
28.081	85	3	1
28.372	86	3	1
28.469	87	2	2
28.856	88	2	3
28.662	89	3	1
28.856	90	1	2
29.243	91	1	3
29.243	92	2	2
29.630	93	2	3
29.630	94	4	2
30.017	95	4	3
29.630	96	1	2
30.404	97	1	3
30.017	98	3	2
30.404	99	3	3
30.404	100	4	2
30.791	101	4	3
30.404	102	2	2
31.178	103	2	3
30.791	104	1	2
31.178	105	1	3
31.178	106	4	2
31.565	107	4	3
31.178	108	3	2
31.952	109	3	3
31.565	110	2	2
31.952	111	2	3
31.952	112	1	2
32.340	113	1	3
31.952	114	4	2
32.727	115	4	3
32.340	116	2	2
32.727	117	2	3
32.727	118	1	2
33.114	119	1	3
32.727	120	3	2
33.501	121	3	3
33.114	122	4	2
33.501	123	4	3
33.501	124	1	2
33.888	125	1	3
33.501	126	2	2
34.275	127	2	3
33.888	128	4	2
34.275	129	4	3
34.275	130	1	2
34.662	131	1	3
34.275	132	3	2
35.049	133	3	3
34.662	134	2	2
35.049	135	2	3
35.049	136	4	2
35.436	137	4	3
35.049	138	1	2
36.598	139	1	3
35.436	140	2	2
35.823	141	2	3
35.823	142	4	1
36.017	143	3	1
36.211	144	2	1
36.404	145	4	1
36.598	146	3	1
36.791	147	2	1
36.985	148	4	2
37.372	149	4	3
36.985	150	1	2
37.372	151	1	3
37.372	152	2	2
37.759	153	2	3
37.565	154	3	1
37.759	155	3	2
38.146	156	3	3
37.952	157	2	1
38.146	158	1	2
38.920	159	1	3
38.533	160	4	1
38.533	161	3	1
38.920	162	4	1
39.114	163	3	1
39.307	164	1	2
39.501	165	1	3
39.501	166	2	2
39.694	167	2	3
39.694	168	3	2
40.469	169	3	3
39.888	170	2	1
40.081	171	1	1
40.275	172	2	1
40.469	173	4	2
41.049	174	4	3
41.049	175	2	1
41.243	176	2	1
41.243	177	3	2
42.017	178	3	3
42.404	179	2	2
42.598	180	2	3
42.598	181	1	2
43.565	182	1	3
42.791	183	4	1
42.985	184	3	1
43.178	185	2	1
43.952	186	3	2
44.146	187	3	3
44.146	188	4	2
45.114	189	4	3
44.340	190	2	1
45.501	191	1	2
45.694	192	1	3
45.694	193	4	2
46.662	194	4	3
45.888	195	2	1
46.662	196	1	2
47.436	197	1	3
47.049	198	4	1
47.436	199	3	2
48.985	200	3	3
47.727	201	2	1
48.017	202	2	1
48.307	203	2	1
48.598	204	2	1
48.888	205	2	1
48.985	206	4	1
49.081	207	1	1
49.178	208	2	1
49.275	209	3	1
49.372	210	4	1
49.469	211	2	1
49.565	212	1	1
49.662	213	3	1
49.759	214	2	1
49.856	215	4	1
49.952	216	3	1
50.049	217	2	1
50.146	218	4	1
50.243	219	1	1
50.340	220	2	1
50.436	221	3	1
50.533	222	2	1
50.533	223	1	1
50.533	224	4	1
50.630	225	3	1
50.727	226	4	1
50.823	227	3	1
50.920	228	2	1
50.920	229	1	1
51.017	230	3	1
51.114	231	4	1
51.211	232	2	1
51.307	233	4	1
51.307	234	3	1
51.404	235	2	1
51.501	236	1	1
51.598	237	2	1
51.694	238	4	1
51.694	239	3	1
51.791	240	2	1
51.888	241	1	1
51.985	242	2	1
52.081	243	4	1
52.178	244	3	1
52.275	245	1	1
52.372	246	2	1
52.469	247	4	1
52.565	248	3	1
52.662	249	1	1
52.759	250	2	1
52.856	251	4	1
53.049	252	1	1
53.146	253	2	1
53.243	254	3	1
53.340	255	4	1
53.436	256	1	1
53.533	257	2	1
53.630	258	4	2
54.017	259	4	3
53.630	260	3	2
54.017	261	3	3
53.823	262	2	1
54.017	263	1	1
54.114	264	3	1
54.211	265	2	1
54.307	266	4	2
54.501	267	4	3
54.501	268	1	1
54.598	269	1	2
54.791	270	1	3
54.791	271	4	2
55.178	272	4	3
54.791	273	3	2
55.178	274	3	3
54.985	275	2	1
55.178	276	1	1
55.275	277	2	1
55.372	278	3	1
55.565	279	4	1
55.565	280	2	1
55.759	281	4	1
55.759	282	2	1
55.856	283	3	1
55.856	284	2	1
56.049	285	3	1
56.049	286	1	1
56.146	287	3	1
56.146	288	2	1
56.340	289	1	1
56.436	290	2	1
56.533	291	4	1
56.630	292	3	1
56.727	293	2	2
57.114	294	2	3
56.727	295	1	2
57.114	296	1	3
56.920	297	4	1
57.114	298	3	1
57.211	299	4	1
57.307	300	2	1
57.404	301	3	2
57.598	302	3	3
57.598	303	2	1
57.694	304	1	1
57.791	305	3	1
57.888	306	1	2
58.275	307	1	3
57.888	308	4	2
58.275	309	4	3
58.081	310	2	1
58.275	311	3	1
58.372	312	2	1
58.469	313	4	1
58.662	314	4	1
58.662	315	3	1
58.856	316	4	1
58.856	317	3	1
58.952	318	2	1
58.952	319	1	2
59.243	320	1	3
59.243	321	4	1
59.243	322	2	1
59.436	323	1	1
59.533	324	2	1
59.630	325	4	1
59.727	326	3	1
59.823	327	2	2
60.211	328	2	3
59.823	329	1	2
60.211	330	1	3
60.017	331	4	1
60.211	332	3	1
60.307	333	4	1
60.404	334	3	1
60.501	335	2	1
60.598	336	1	1
60.791	337	2	1
60.888	338	2	1
60.985	339	4	2
61.372	340	4	3
60.985	341	3	2
61.372	342	3	3
61.178	343	1	1
61.372	344	2	1
61.469	345	3	1
61.565	346	4	1
61.662	347	2	2
61.856	348	2	3
61.952	349	3	2
62.146	350	3	3
61.952	351	1	2
62.146	352	1	3
62.146	353	4	1
62.146	354	2	1
62.340	355	4	1
62.340	356	2	1
62.436	357	3	1
62.436	358	2	1
62.630	359	3	1
62.630	360	1	1
62.727	361	3	1
62.727	362	2	1
62.920	363	1	2
63.307	364	1	3
62.920	365	4	2
63.307	366	4	3
63.114	367	2	1
63.307	368	3	1
63.404	369	2	1
63.501	370	1	1
63.598	371	3	1
63.694	372	2	1
63.694	373	4	2
63.888	374	4	3
63.888	375	1	1
64.081	376	4	2
65.243	377	4	3
64.081	378	1	2
65.630	379	1	3
65.243	380	2	2
66.017	381	2	3
65.630	382	3	2
66.017	383	3	3
66.017	384	1	2
66.404	385	1	3
66.017	386	4	2
66.404	387	4	3
66.211	388	2	1
66.404	389	3	1
66.501	390	2	1
66.598	391	3	1
66.694	392	4	1
66.791	393	2	1
66.791	394	1	1
66.888	395	3	1
66.985	396	1	1
67.178	397	2	2
67.565	398	2	3
67.178	399	4	2
67.565	400	4	3
67.372	401	3	1
67.372	402	1	1
67.565	403	1	1
67.662	404	4	1
67.662	405	3	1
67.759	406	1	1
67.759	407	2	1
67.952	408	3	1
67.952	409	4	1
68.146	410	4	1
68.146	411	1	1
68.340	412	4	1
68.340	413	2	1
68.436	414	3	1
68.533	415	2	1
68.727	416	1	2
68.920	417	1	3
68.823	418	2	1
68.920	419	4	2
69.114	420	4	3
69.114	421	2	2
69.501	422	2	3
69.114	423	1	2
69.501	424	1	3
69.307	425	3	1
69.501	426	4	1
69.598	427	3	1
69.694	428	2	1
69.791	429	3	1
69.888	430	4	2
70.081	431	4	3
69.888	432	2	2
70.081	433	2	3
69.985	434	1	1
70.081	435	3	1
70.275	436	1	2
70.662	437	1	3
70.275	438	4	2
70.662	439	4	3
70.469	440	2	1
70.662	441	3	1
70.759	442	2	1
70.856	443	3	1
71.049	444	2	1
71.049	445	1	1
71.243	446	4	1
71.243	447	1	1
71.436	448	4	1
71.436	449	3	1
71.533	450	2	1
71.727	451	3	1
71.727	452	2	1
72.017	453	4	1
72.017	454	1	1
72.114	455	3	1
72.114	456	2	1
72.211	457	4	2
72.888	458	4	3
72.211	459	1	1
72.404	460	2	1
72.598	461	2	1
72.791	462	1	1
72.985	463	2	1
72.985	464	4	2
73.662	465	4	3
73.081	466	3	1
73.178	467	2	1
73.372	468	3	1
73.565	469	1	1
73.759	470	2	1
73.759	471	4	2
74.436	472	4	3
73.952	473	3	1
74.049	474	2	1
74.146	475	1	1
74.243	476	3	1
74.340	477	1	1
74.533	478	2	1
74.533	479	4	2
75.211	480	4	3
74.630	481	1	1
74.727	482	2	1
74.920	483	3	1
75.017	484	2	1
75.114	485	3	1
75.307	486	4	1
75.307	487	1	2
75.985	488	1	3
75.501	489	3	1
75.694	490	3	1
75.888	491	4	1
76.081	492	3	1
76.081	493	1	2
76.759	494	1	3
76.178	495	2	1
76.275	496	3	1
76.469	497	4	1
76.662	498	3	1
76.856	499	4	1
76.856	500	1	2
77.533	501	1	3
77.049	502	3	1
77.243	503	3	1
77.340	504	2	1
77.436	505	4	1
77.630	506	4	1
77.630	507	1	2
78.307	508	1	3
77.823	509	3	1
77.920	510	4	1
78.114	511	2	1
78.211	512	4	1
78.307	513	2	1
78.404	514	4	2
79.081	515	4	3
78.404	516	3	2
79.081	517	3	3
79.178	518	3	2
79.759	519	3	3
79.178	520	4	2
79.759	521	4	3
79.565	522	2	1
79.759	523	2	1
79.952	524	1	2
80.727	525	1	3
79.952	526	2	2
80.727	527	2	3
80.146	528	4	1
80.340	529	4	1
80.533	530	3	1
80.727	531	4	1
80.727	532	3	1
80.823	533	2	1
80.920	534	1	1
81.114	535	1	1
81.211	536	2	1
81.307	537	4	1
81.404	538	3	1
81.501	539	1	2
81.888	540	1	3
81.888	541	2	2
82.275	542	2	3
82.275	543	3	2
82.662	544	3	3
82.662	545	4	2
83.049	546	4	3
83.049	547	1	1
83.243	548	2	1
83.436	549	3	1
83.630	550	4	1
83.823	551	1	1
83.920	552	2	1
84.017	553	4	1
84.017	554	3	1
84.114	555	1	1
84.114	556	2	1
84.211	557	4	1
84.211	558	3	1
84.404	559	3	1
84.404	560	2	1
84.598	561	4	1
84.598	562	3	1
84.598	563	2	1
84.598	564	1	1
86.146	565	4	1
86.146	566	2	1
87.694	567	1	1
87.694	568	2	1
88.081	569	1	1
88.178	570	2	1
88.275	571	3	1
88.372	572	1	1
88.469	573	4	1
88.565	574	3	1
88.662	575	2	1
88.759	576	4	1
88.856	577	3	1
89.049	578	1	1
89.146	579	2	1
89.243	580	4	1
89.340	581	1	1
89.436	582	2	1
89.533	583	4	1
89.727	584	3	1
89.823	585	2	1
89.920	586	1	1
90.017	587	3	1
90.114	588	4	1
90.211	589	2	1
90.307	590	3	1
90.404	591	4	2
90.598	592	4	3
90.598	593	1	1
90.791	594	4	1
90.888	595	3	1
90.985	596	2	1
91.081	597	1	1
91.178	598	4	1
91.275	599	3	1
91.372	600	2	1
91.469	601	1	1
91.565	602	4	1
91.662	603	3	1
91.759	604	2	1
91.856	605	1	1
91.952	606	4	1
92.049	607	2	1
92.146	608	4	2
92.340	609	4	3
92.340	610	1	1
92.436	611	2	1
92.533	612	3	1
92.630	613	4	1
92.727	614	1	1
92.823	615	2	1
92.920	616	3	1
93.017	617	4	1
93.114	618	1	1
93.211	619	2	1
93.307	620	3	1
93.404	621	4	1
93.501	622	1	1
93.598	623	3	1
93.694	624	1	2
93.888	625	1	3
93.888	626	4	2
94.081	627	4	3
93.888	628	3	2
94.081	629	3	3
94.081	630	2	1
94.178	631	3	1
94.275	632	1	2
94.469	633	1	3
94.275	634	2	2
94.469	635	2	3
94.469	636	3	1
94.565	637	2	1
94.662	638	4	2
94.856	639	4	3
94.662	640	3	2
94.856	641	3	3
94.856	642	2	1
94.952	643	3	1
95.049	644	1	2
95.243	645	1	3
95.049	646	2	2
95.243	647	2	3
95.243	648	3	1
95.340	649	2	1
95.436	650	4	1
95.436	651	1	1
95.630	652	1	1
95.630	653	4	1
95.823	654	1	1
95.823	655	4	1
96.017	656	4	1
96.017	657	1	1
96.211	658	3	1
96.211	659	2	1
96.598	660	1	1
96.694	661	2	1
96.791	662	3	1
96.888	663	4	1
96.985	664	2	1
96.985	665	1	1
97.081	666	3	1
97.178	667	4	2
97.372	668	4	3
97.275	669	2	1
97.372	670	3	1
97.372	671	1	1
97.469	672	2	1
97.565	673	4	1
97.662	674	1	2
97.856	675	1	3
97.759	676	4	1
97.759	677	3	1
97.856	678	2	1
97.952	679	4	1
98.049	680	3	1
98.146	681	2	1
98.146	682	1	1
98.243	683	3	1
98.340	684	2	1
98.436	685	4	1
98.533	686	3	1
98.533	687	1	1
98.630	688	2	1
98.727	689	3	1
98.823	690	4	1
98.920	691	3	1
98.920	692	1	1
99.017	693	2	1
99.114	694	3	1
99.211	695	4	2
99.404	696	4	3
99.307	697	2	1
99.307	698	1	1
99.404	699	3	1
99.501	700	4	1
99.501	701	2	1
99.598	702	1	1
99.694	703	3	1
99.694	704	2	1
99.791	705	4	1
99.888	706	1	1
99.888	707	2	1
99.985	708	3	1
100.081	709	1	1
100.081	710	4	1
100.178	711	2	1
100.275	712	1	1
100.275	713	4	2
100.469	714	4	3
100.469	715	3	1
100.469	716	2	1
100.565	717	1	1
100.662	718	3	1
100.759	719	2	2
100.952	720	2	3
100.856	721	4	1
100.856	722	3	1
100.952	723	1	1
101.049	724	4	1
101.146	725	2	1
101.243	726	4	1
101.243	727	1	1
101.340	728	3	1
101.436	729	2	1
101.533	730	1	1
101.630	731	4	1
101.630	732	2	1
101.727	733	3	1
101.823	734	2	1
101.920	735	1	1
102.017	736	4	1
102.017	737	2	1
102.114	738	3	1
102.211	739	2	1
102.307	740	4	2
102.501	741	4	3
102.404	742	2	1
102.404	743	1	1
102.501	744	3	1
102.598	745	1	1
102.694	746	2	1
102.791	747	4	1
102.791	748	3	1
102.888	749	2	1
102.985	750	4	1
103.081	751	1	1
103.178	752	3	1
103.178	753	4	1
103.275	754	2	1
103.372	755	4	2
103.565	756	4	3
103.469	757	3	1
103.565	758	2	1
103.565	759	1	1
103.662	760	3	1
103.759	761	2	1
103.856	762	1	2
104.049	763	1	3
103.952	764	4	1
103.952	765	3	1
104.049	766	2	1
104.146	767	4	1
104.243	768	3	1
104.340	769	2	1
104.340	770	1	1
104.436	771	4	1
104.533	772	3	1
104.630	773	2	1
104.727	774	4	1
104.727	775	1	1
104.823	776	3	1
104.920	777	2	1
105.017	778	3	1
105.114	779	4	1
105.114	780	1	1
105.211	781	2	1
105.307	782	3	1
105.404	783	2	2
105.598	784	2	3
105.501	785	4	1
105.501	786	3	1
105.598	787	1	1
105.694	788	4	1
105.694	789	2	1
105.791	790	3	1
105.888	791	2	1
105.888	792	1	1
105.985	793	3	1
106.081	794	4	1
106.081	795	1	1
106.178	796	2	1
106.275	797	3	1
106.275	798	1	1
106.372	799	2	1
106.469	800	4	1
106.469	801	3	1
106.662	802	4	1
106.662	803	2	1
106.759	804	3	1
106.856	805	2	1
106.856	806	1	1
107.049	807	3	1
107.049	808	1	1
107.146	809	2	1
107.243	810	3	1
107.243	811	1	1
107.436	812	4	1
107.436	813	2	1
107.533	814	3	1
107.630	815	4	1
107.630	816	2	1
107.727	817	1	1
107.823	818	3	1
107.823	819	4	1
107.920	820	2	1
108.017	821	4	1
108.114	822	3	1
108.211	823	2	1
108.211	824	1	1
108.307	825	3	1
108.404	826	2	2
108.598	827	2	3
108.501	828	3	2
108.598	829	3	3
108.598	830	4	1
108.598	831	1	1
108.856	832	4	1
108.856	833	1	1
109.114	834	4	1
109.114	835	1	1
109.372	836	2	1
109.469	837	3	1
109.565	838	4	2
109.759	839	4	3
109.759	840	3	1
109.759	841	1	1
109.856	842	2	1
109.952	843	4	1
110.049	844	1	2
110.243	845	1	3
110.146	846	4	1
110.146	847	3	1
110.243	848	2	1
110.340	849	4	1
110.436	850	3	1
110.533	851	2	1
110.533	852	1	1
110.630	853	3	1
110.727	854	2	1
110.823	855	4	1
110.920	856	3	1
110.920	857	1	1
111.017	858	2	1
111.114	859	3	1
111.211	860	4	1
111.307	861	3	1
111.307	862	1	1
111.404	863	2	1
111.501	864	3	1
111.598	865	4	2
111.791	866	4	3
111.694	867	2	1
111.694	868	1	1
111.791	869	3	1
111.888	870	4	1
111.888	871	2	1
111.985	872	1	1
112.081	873	3	1
112.081	874	2	1
112.178	875	4	1
112.275	876	1	1
112.275	877	2	1
112.372	878	3	1
112.469	879	1	1
112.469	880	4	1
112.565	881	2	1
112.662	882	1	1
112.662	883	4	2
112.856	884	4	3
112.856	885	3	1
112.856	886	2	1
112.952	887	1	1
113.049	888	3	1
113.146	889	2	2
113.340	890	2	3
113.243	891	4	1
113.243	892	3	1
113.340	893	1	1
113.436	894	3	1
113.533	895	2	1
113.630	896	4	1
113.630	897	1	1
113.727	898	2	1
113.823	899	3	1
113.920	900	4	2
114.114	901	4	3
114.017	902	2	1
114.017	903	1	1
114.114	904	3	1
114.211	905	1	2
114.404	906	1	3
114.307	907	3	1
114.404	908	4	2
114.598	909	4	3
114.404	910	2	1
114.501	911	3	1
114.598	912	1	1
114.598	913	2	2
114.791	914	2	3
114.791	915	4	1
114.791	916	1	1
114.856	917	3	1
114.920	918	2	1
114.985	919	1	2
115.178	920	1	3
115.178	921	4	1
115.178	922	3	1
115.275	923	2	1
115.372	924	3	1
115.469	925	2	1
115.565	926	4	1
115.565	927	1	1
115.662	928	3	1
115.759	929	2	2
115.952	930	2	3
115.856	931	1	1
115.952	932	4	1
115.952	933	3	1
116.049	934	2	1
116.146	935	4	1
116.243	936	3	1
116.340	937	2	1
116.340	938	1	1
116.436	939	4	1
116.533	940	3	1
116.630	941	1	1
116.727	942	4	1
116.727	943	2	1
116.823	944	3	1
116.920	945	1	1
117.017	946	4	1
117.114	947	1	1
117.114	948	2	1
117.211	949	4	1
117.307	950	3	2
117.501	951	3	3
117.404	952	1	1
117.501	953	4	1
117.501	954	2	1
117.598	955	3	1
117.694	956	2	1
117.791	957	1	1
117.888	958	2	1
117.888	959	4	2
117.985	960	4	3
117.985	961	3	2
118.081	962	3	3
118.081	963	2	2
118.178	964	2	3
118.178	965	1	2
118.275	966	1	3
118.275	967	3	1
118.275	968	4	2
118.372	969	4	3
118.372	970	2	2
118.469	971	2	3
118.469	972	3	2
118.565	973	3	3
118.565	974	1	2
118.662	975	1	3
118.662	976	4	1
118.662	977	2	1
118.856	978	3	1
118.856	979	2	1
119.049	980	3	1
119.049	981	1	1
119.146	982	2	1
119.243	983	4	1
119.340	984	3	2
119.533	985	3	3
119.436	986	2	1
119.436	987	1	1
119.533	988	4	1
119.630	989	1	2
119.823	990	1	3
119.823	991	4	1
119.823	992	3	1
119.920	993	2	1
120.017	994	3	1
120.114	995	4	1
120.211	996	3	1
120.211	997	1	1
120.307	998	2	1
120.404	999	3	1
120.404	1000	1	1
120.598	1001	4	1
120.598	1002	2	1
120.694	1003	3	1
120.791	1004	1	1
120.791	1005	4	1
120.985	1006	3	1
120.985	1007	2	1
121.081	1008	4	1
121.178	1009	2	1
121.178	1010	1	1
121.275	1011	3	1
121.372	1012	4	1
121.372	1013	1	1
121.469	1014	3	1
121.565	1015	2	1
121.662	1016	1	1
121.759	1017	4	1
121.759	1018	3	1
121.856	1019	2	1
121.952	1020	4	2
122.146	1021	4	3
122.146	1022	3	1
122.243	1023	2	1
122.340	1024	1	1
122.436	1025	3	2
122.630	1026	3	3
122.630	1027	4	1
122.727	1028	2	1
122.823	1029	1	2
123.017	1030	1	3
123.017	1031	2	1
123.114	1032	3	1
123.211	1033	4	2
123.404	1034	4	3
123.404	1035	1	1
123.501	1036	2	1
123.598	1037	4	2
123.791	1038	4	3
123.791	1039	1	1
123.888	1040	2	1
123.985	1041	3	2
124.178	1042	3	3
124.178	1043	2	1
124.275	1044	4	2
124.372	1045	4	3
124.372	1046	2	2
124.469	1047	2	3
124.469	1048	3	2
124.565	1049	3	3
124.565	1050	2	2
124.662	1051	2	3
124.662	1052	1	2
124.759	1053	1	3
124.759	1054	4	2
124.856	1055	4	3
124.856	1056	3	2
124.952	1057	3	3
124.952	1058	1	2
125.049	1059	1	3
125.049	1060	2	2
125.146	1061	2	3
125.146	1062	4	2
125.340	1063	4	3
125.340	1064	1	2
125.436	1065	1	3
125.436	1066	2	2
125.533	1067	2	3
125.533	1068	4	2
125.727	1069	4	3
125.727	1070	1	2
125.823	1071	1	3
125.823	1072	2	2
125.920	1073	2	3
125.920	1074	4	2
126.114	1075	4	3
126.114	1076	1	1
126.211	1077	2	1
126.307	1078	3	1
126.404	1079	4	1
126.501	1080	3	1
126.598	1081	2	1
126.694	1082	1	1
126.791	1083	4	1
126.888	1084	3	1
126.985	1085	2	1
127.081	1086	1	1
127.178	1087	4	1
127.275	1088	2	1
127.275	1089	1	1
127.469	1090	4	1
127.469	1091	3	1
127.662	1092	3	1
127.662	1093	2	1
127.759	1094	1	1
127.856	1095	2	1
127.952	1096	3	2
128.340	1097	3	3
127.952	1098	4	2
128.340	1099	4	3
128.146	1100	2	1
128.340	1101	2	1
128.340	1102	1	1
128.533	1103	2	1
128.630	1104	2	1
128.630	1105	3	2
128.823	1106	3	3
128.823	1107	2	1
128.920	1108	1	2
129.114	1109	1	3
128.920	1110	4	2
129.114	1111	4	3
129.114	1112	2	2
129.501	1113	2	3
129.114	1114	3	2
129.501	1115	3	3
129.307	1116	4	1
129.501	1117	1	1
129.598	1118	4	1
129.791	1119	2	1
129.888	1120	4	2
129.985	1121	4	3
129.985	1122	3	2
130.081	1123	3	3
130.081	1124	2	2
130.178	1125	2	3
130.178	1126	1	2
130.275	1127	1	3
130.275	1128	4	1
130.372	1129	3	1
130.469	1130	2	2
130.856	1131	2	3
130.565	1132	1	1
130.662	1133	4	1
130.759	1134	3	1
130.856	1135	4	1
130.952	1136	2	1
131.049	1137	4	2
131.436	1138	4	3
131.049	1139	1	2
131.436	1140	1	3
131.243	1141	2	1
131.340	1142	3	1
131.436	1143	2	1
131.533	1144	1	1
131.630	1145	3	1
131.727	1146	4	1
131.823	1147	2	1
131.823	1148	1	1
131.920	1149	3	1
132.017	1150	2	1
132.017	1151	1	1
132.017	1152	4	1
132.211	1153	4	2
132.404	1154	4	3
132.211	1155	3	2
132.404	1156	3	3
132.211	1157	1	2
132.598	1158	1	3
132.598	1159	2	1
132.694	1160	3	1
132.694	1161	2	1
132.888	1162	4	1
132.985	1163	4	1
132.985	1164	1	1
133.081	1165	2	2
133.275	1166	2	3
133.275	1167	3	1
133.372	1168	4	1
133.372	1169	2	1
133.662	1170	3	1
133.662	1171	1	1
133.952	1172	4	1
133.952	1173	1	1
134.146	1174	4	2
134.340	1175	4	3
134.340	1176	1	2
134.533	1177	1	3
134.533	1178	4	2
134.920	1179	4	3
134.533	1180	3	2
134.920	1181	3	3
134.920	1182	2	1
134.920	1183	1	1
135.017	1184	3	1
135.114	1185	4	1
135.211	1186	3	1
135.307	1187	1	2
135.694	1188	1	3
135.307	1189	2	2
135.694	1190	2	3
135.501	1191	3	1
135.694	1192	4	1
135.791	1193	1	1
135.888	1194	3	2
136.081	1195	3	3
136.081	1196	2	1
136.178	1197	4	1
136.275	1198	2	1
136.372	1199	1	1
136.469	1200	4	2
136.856	1201	4	3
136.469	1202	3	2
136.856	1203	3	3
136.662	1204	2	2
136.856	1205	2	3
136.856	1206	1	1
136.952	1207	4	1
137.049	1208	3	1
137.146	1209	2	1
137.243	1210	1	2
137.630	1211	1	3
137.243	1212	4	2
137.630	1213	4	3
137.436	1214	3	1
137.630	1215	2	1
137.727	1216	2	1
137.823	1217	3	1
138.017	1218	4	1
138.017	1219	2	1
138.114	1220	3	1
138.211	1221	2	1
138.211	1222	1	1
138.404	1223	3	2
138.791	1224	3	3
138.404	1225	4	2
139.178	1226	4	3
138.598	1227	2	1
138.791	1228	1	1
138.888	1229	2	1
138.985	1230	3	1
139.081	1231	1	1
139.178	1232	2	1
139.275	1233	2	1
139.372	1234	3	1
139.469	1235	3	1
139.565	1236	2	1
139.565	1237	1	1
139.823	1238	4	1
139.823	1239	3	1
140.081	1240	2	1
140.081	1241	1	1
140.340	1242	4	1
140.436	1243	4	1
140.436	1244	2	1
140.727	1245	1	2
141.114	1246	1	3
140.727	1247	4	2
141.114	1248	4	3
140.920	1249	2	1
141.017	1250	3	1
141.114	1251	2	1
141.211	1252	3	1
141.307	1253	4	1
141.404	1254	1	1
141.501	1255	4	2
141.888	1256	4	3
141.501	1257	2	2
141.888	1258	2	3
141.694	1259	3	1
141.888	1260	1	1
141.985	1261	3	1
142.081	1262	2	1
142.081	1263	1	1
142.275	1264	3	1
142.372	1265	2	1
142.469	1266	3	1
142.565	1267	1	1
142.662	1268	3	2
142.952	1269	3	3
142.662	1270	4	2
142.952	1271	4	3
143.049	1272	3	2
143.340	1273	3	3
143.049	1274	2	2
143.340	1275	2	3
143.436	1276	2	2
143.823	1277	2	3
143.436	1278	1	2
143.823	1279	1	3
143.630	1280	4	1
143.823	1281	3	1
144.017	1282	2	1
144.114	1283	4	1
144.211	1284	3	2
144.598	1285	3	3
144.211	1286	2	2
144.598	1287	2	3
144.404	1288	1	1
144.598	1289	4	2
144.791	1290	4	3
144.791	1291	1	2
145.178	1292	1	3
144.791	1293	2	2
145.178	1294	2	3
144.985	1295	3	1
145.178	1296	4	1
145.275	1297	2	1
145.372	1298	4	1
145.469	1299	4	1
145.565	1300	4	1
145.662	1301	1	1
145.759	1302	3	2
145.952	1303	3	3
145.759	1304	2	1
145.952	1305	2	2
146.340	1306	2	3
146.146	1307	3	2
146.340	1308	3	3
146.340	1309	4	2
146.533	1310	4	3
146.533	1311	1	2
146.920	1312	1	3
146.533	1313	2	2
146.920	1314	2	3
146.727	1315	3	1
146.920	1316	4	1
147.017	1317	3	1
147.114	1318	3	1
147.211	1319	2	1
147.307	1320	4	1
147.307	1321	1	1
147.404	1322	2	1
147.501	1323	3	1
147.694	1324	4	2
147.888	1325	4	3
147.694	1326	2	2
147.888	1327	2	3
147.888	1328	3	2
148.081	1329	3	3
148.081	1330	1	2
148.275	1331	1	3
148.275	1332	4	1
148.275	1333	2	1
148.469	1334	2	1
148.469	1335	1	1
148.565	1336	3	1
148.662	1337	4	1
148.662	1338	2	1
148.759	1339	3	1
148.856	1340	4	1
148.856	1341	1	1
148.856	1342	2	1
149.243	1343	2	1
149.372	1344	1	1
149.501	1345	2	1
149.630	1346	4	2
150.017	1347	4	3
149.630	1348	3	2
150.017	1349	3	3
150.017	1350	1	1
150.114	1351	2	1
150.211	1352	2	1
150.307	1353	3	1
150.404	1354	4	1
150.404	1355	1	1
150.501	1356	3	1
150.598	1357	2	1
150.694	1358	1	1
150.791	1359	4	1
150.985	1360	2	1
151.178	1361	3	1
151.372	1362	3	1
151.372	1363	2	1
151.565	1364	3	1
151.565	1365	2	1
151.662	1366	1	1
151.759	1367	3	1
151.759	1368	2	1
151.952	1369	2	1
151.952	1370	4	1
151.952	1371	1	1
152.146	1372	3	1
152.243	1373	3	1
152.243	1374	2	1
152.436	1375	2	1
152.533	1376	3	1
152.533	1377	2	1
152.630	1378	1	1
152.727	1379	3	2
153.114	1380	3	3
152.727	1381	4	2
153.114	1382	4	3
152.920	1383	2	1
153.114	1384	1	1
153.211	1385	3	1
153.307	1386	2	1
153.404	1387	3	1
153.501	1388	2	1
153.501	1389	1	1
153.598	1390	4	1
153.694	1391	3	1
153.888	1392	2	1
153.888	1393	4	1
154.081	1394	3	1
154.081	1395	2	1
154.275	1396	4	1
154.275	1397	1	1
154.469	1398	2	1
154.469	1399	1	1
154.662	1400	2	1
154.662	1401	1	1
154.759	1402	3	1
154.856	1403	4	1
154.856	1404	2	1
155.049	1405	4	1
155.049	1406	3	1
155.049	1407	1	1
155.146	1408	2	1
155.243	1409	3	1
155.340	1410	4	1
155.436	1411	1	1
155.533	1412	2	1
155.630	1413	4	1
155.727	1414	3	1
155.823	1415	2	1
155.952	1416	3	1
156.081	1417	2	1
156.211	1418	3	1
156.340	1419	2	1
156.469	1420	3	1
156.598	1421	2	1
156.727	1422	3	1
156.856	1423	2	1
156.985	1424	3	1
157.114	1425	2	1
157.243	1426	3	1
157.372	1427	1	1
157.501	1428	4	1
157.630	1429	1	1
157.759	1430	4	1
157.888	1431	1	1
158.017	1432	4	1
158.340	1433	1	1
158.436	1434	2	1
158.533	1435	3	1
158.630	1436	4	1
158.727	1437	2	1
158.823	1438	3	1
158.920	1439	2	2
159.307	1440	2	3
158.920	1441	1	2
159.307	1442	1	3
159.307	1443	3	2
159.694	1444	3	3
159.694	1445	4	2
160.081	1446	4	3
159.694	1447	1	2
160.469	1448	1	3
160.081	1449	3	2
160.469	1450	3	3
160.469	1451	4	2
160.856	1452	4	3
160.469	1453	2	2
161.243	1454	2	3
160.856	1455	1	2
161.243	1456	1	3
161.243	1457	4	2
161.630	1458	4	3
161.243	1459	3	2
162.017	1460	3	3
161.630	1461	2	2
162.017	1462	2	3
162.017	1463	1	2
162.404	1464	1	3
162.017	1465	4	2
162.791	1466	4	3
162.404	1467	2	2
162.791	1468	2	3
162.791	1469	1	2
163.178	1470	1	3
162.791	1471	3	2
163.565	1472	3	3
163.178	1473	4	2
163.565	1474	4	3
163.565	1475	1	2
163.952	1476	1	3
163.565	1477	2	2
164.340	1478	2	3
163.952	1479	4	2
164.340	1480	4	3
164.340	1481	1	2
164.727	1482	1	3
164.340	1483	3	2
165.114	1484	3	3
164.727	1485	2	2
165.114	1486	2	3
165.114	1487	4	2
165.501	1488	4	3
165.114	1489	1	2
166.662	1490	1	3
165.501	1491	2	2
165.888	1492	2	3
165.888	1493	4	1
166.081	1494	3	1
166.275	1495	2	1
166.469	1496	4	1
166.662	1497	3	1
166.856	1498	1	1
167.049	1499	4	2
167.436	1500	4	3
167.049	1501	2	2
167.436	1502	2	3
167.436	1503	3	2
167.823	1504	3	3
167.630	1505	2	1
167.823	1506	2	2
168.211	1507	2	3
168.017	1508	3	1
168.211	1509	3	2
168.598	1510	3	3
168.211	1511	4	2
168.598	1512	4	3
168.211	1513	1	2
168.985	1514	1	3
168.598	1515	2	1
168.985	1516	4	1
169.178	1517	3	1
169.372	1518	4	1
169.372	1519	1	2
169.565	1520	1	3
169.565	1521	2	2
169.759	1522	2	3
169.759	1523	3	2
170.146	1524	3	3
169.759	1525	1	2
170.146	1526	1	3
169.759	1527	4	2
170.533	1528	4	3
170.146	1529	2	1
170.340	1530	1	1
170.533	1531	3	2
171.114	1532	3	3
170.727	1533	2	1
170.920	1534	4	1
170.920	1535	1	1
171.114	1536	2	1
171.307	1537	3	1
171.307	1538	1	1
171.307	1539	4	2
172.081	1540	4	3
171.598	1541	3	1
171.694	1542	2	1
171.694	1543	1	1
171.888	1544	3	1
172.081	1545	1	1
172.178	1546	2	1
172.372	1547	3	1
172.469	1548	4	1
172.469	1549	2	2
172.662	1550	2	3
172.662	1551	1	2
173.630	1552	1	3
172.856	1553	4	1
172.856	1554	3	1
173.049	1555	2	1
173.243	1556	4	1
173.243	1557	3	1
173.340	1558	2	1
173.630	1559	2	1
173.630	1560	4	1
173.823	1561	2	1
174.017	1562	1	1
174.017	1563	3	2
174.211	1564	3	3
174.211	1565	4	2
175.178	1566	4	3
174.404	1567	2	1
174.404	1568	1	1
174.694	1569	3	1
174.791	1570	2	1
174.791	1571	1	1
174.985	1572	3	1
175.081	1573	2	1
175.178	1574	3	1
175.178	1575	1	1
175.372	1576	2	1
175.565	1577	3	1
175.565	1578	1	2
175.759	1579	1	3
175.759	1580	4	2
176.727	1581	4	3
175.952	1582	3	1
175.952	1583	2	1
176.146	1584	2	1
176.340	1585	3	1
176.340	1586	1	1
176.436	1587	2	1
176.727	1588	3	1
176.727	1589	2	2
177.501	1590	2	3
176.920	1591	3	1
177.114	1592	4	1
177.114	1593	3	1
177.501	1594	1	1
177.501	1595	4	1
177.598	1596	3	1
177.694	1597	2	1
177.791	1598	1	1
177.888	1599	4	1
177.985	1600	3	1
178.081	1601	2	1
178.178	1602	4	1
178.275	1603	1	1
178.372	1604	3	1
178.469	1605	2	1
178.565	1606	4	1
178.662	1607	1	1
178.759	1608	2	1
178.856	1609	3	1
178.952	1610	4	1
179.049	1611	1	1
179.146	1612	2	1
179.243	1613	3	1
179.340	1614	4	1
179.436	1615	1	2
179.823	1616	1	3
179.533	1617	2	1
179.630	1618	3	1
179.727	1619	4	1
179.823	1620	2	2
180.211	1621	2	3
179.920	1622	3	1
180.017	1623	4	1
180.114	1624	1	1
180.211	1625	3	2
180.598	1626	3	3
180.307	1627	2	1
180.404	1628	1	1
180.501	1629	2	1
180.598	1630	4	2
182.146	1631	4	3
180.694	1632	1	1
180.791	1633	2	1
180.888	1634	3	1
180.985	1635	1	1
181.081	1636	2	1
181.178	1637	3	1
181.275	1638	1	1
181.372	1639	2	1
181.469	1640	3	1
181.565	1641	1	1
181.662	1642	2	1
181.759	1643	3	1
181.856	1644	1	1
181.952	1645	2	1
182.049	1646	3	1
182.146	1647	2	1
182.146	1648	1	1
182.340	1649	2	1
182.340	1650	1	1
182.533	1651	4	1
182.533	1652	3	1
182.727	1653	4	1
182.727	1654	3	1
182.920	1655	4	1
182.920	1656	1	1
183.114	1657	4	1
183.114	1658	1	1
183.307	1659	4	1
183.307	1660	1	1
183.501	1661	4	1
183.501	1662	1	1
183.694	1663	3	1
183.694	1664	2	1
186.791	1665	2	1
186.791	1666	1	1
189.888	1667	4	1
189.888	1668	3	1
190.081	1669	2	1
190.275	1670	3	1
190.469	1671	4	1
190.662	1672	1	1
190.856	1673	3	1
191.049	1674	2	1
191.243	1675	1	1
191.436	1676	4	1
191.630	1677	2	1
191.823	1678	4	1
192.017	1679	3	1
192.211	1680	2	1
192.404	1681	4	1
192.598	1682	1	1
192.791	1683	3	1
192.985	1684	2	1
193.178	1685	1	1
193.372	1686	2	1
193.565	1687	3	1
193.759	1688	4	1
193.952	1689	3	1
194.146	1690	2	1
194.340	1691	1	1
194.533	1692	4	1
194.727	1693	3	1
194.920	1694	2	1
195.114	1695	1	1
195.307	1696	3	1
195.501	1697	2	1
195.694	1698	4	1
195.888	1699	3	1
196.081	1700	2	1
196.081	1701	1	1
196.275	1702	4	1
196.275	1703	3	1
196.469	1704	1	1
196.469	1705	2	1
196.662	1706	4	1
196.662	1707	3	1
196.856	1708	1	1
196.856	1709	2	1
197.049	1710	4	1
197.049	1711	3	1
197.243	1712	1	1
197.243	1713	2	1
197.436	1714	3	1
197.436	1715	4	1
197.630	1716	1	1
197.630	1717	2	1
197.823	1718	4	1
197.823	1719	3	1
198.017	1720	1	1
198.017	1721	2	1
198.211	1722	4	1
198.211	1723	3	1
198.404	1724	1	1
198.404	1725	2	1
198.598	1726	4	1
198.598	1727	3	1
198.791	1728	1	1
198.791	1729	2	1
198.985	1730	4	2
199.178	1731	4	3
198.985	1732	3	2
199.178	1733	3	3
199.178	1734	1	1
199.178	1735	2	1
199.372	1736	4	1
199.372	1737	3	1
199.565	1738	1	1
199.565	1739	2	1
199.759	1740	4	1
199.759	1741	3	1
199.952	1742	1	1
199.952	1743	2	1
200.146	1744	4	1
200.146	1745	3	1
200.340	1746	1	1
200.340	1747	2	1
200.533	1748	4	1
200.533	1749	3	1
200.727	1750	1	1
200.727	1751	2	1
200.920	1752	4	1
200.920	1753	3	1
201.114	1754	1	1
201.114	1755	2	1
201.307	1756	4	1
201.307	1757	3	1
201.501	1758	1	1
201.501	1759	2	1
201.694	1760	4	1
201.694	1761	3	1
201.888	1762	2	1
201.888	1763	1	1
202.081	1764	4	2
202.275	1765	4	3
202.081	1766	3	2
202.275	1767	3	3
202.275	1768	1	1
202.275	1769	2	1
202.469	1770	2	1
202.469	1771	1	1
202.662	1772	1	1
202.662	1773	2	1
202.856	1774	2	1
202.856	1775	1	1
203.049	1776	1	1
203.049	1777	2	1
203.243	1778	2	1
203.243	1779	1	1
203.436	1780	1	1
203.436	1781	2	1
203.630	1782	1	2
203.823	1783	1	3
203.630	1784	2	2
203.823	1785	2	3
203.823	1786	4	1
203.823	1787	3	1
204.017	1788	4	1
204.017	1789	3	1
204.211	1790	4	1
204.211	1791	3	1
204.404	1792	4	1
204.404	1793	3	1
204.598	1794	4	1
204.598	1795	3	1
204.791	1796	4	1
204.791	1797	3	1
204.985	1798	4	1
204.985	1799	3	1
205.178	1800	3	2
205.372	1801	3	3
205.178	1802	4	2
205.372	1803	4	3
205.372	1804	2	1
205.372	1805	1	1
205.565	1806	2	2
205.759	1807	2	3
205.565	1808	1	2
205.759	1809	1	3
205.759	1810	4	1
205.759	1811	3	1
205.952	1812	4	2
206.146	1813	4	3
205.952	1814	3	2
206.146	1815	3	3
206.146	1816	1	1
206.146	1817	2	1
206.340	1818	2	2
206.533	1819	2	3
206.340	1820	1	2
206.533	1821	1	3
206.533	1822	4	1
206.533	1823	3	1
206.727	1824	3	2
206.920	1825	3	3
206.727	1826	4	2
206.920	1827	4	3
206.920	1828	2	2
207.114	1829	2	3
206.920	1830	1	2
207.114	1831	1	3
207.114	1832	4	2
207.307	1833	4	3
207.114	1834	3	2
207.307	1835	3	3
207.307	1836	1	2
207.501	1837	1	3
207.307	1838	2	2
207.501	1839	2	3
207.501	1840	4	2
207.694	1841	4	3
207.501	1842	3	2
207.694	1843	3	3
207.694	1844	1	2
207.888	1845	1	3
207.694	1846	2	2
207.888	1847	2	3
207.888	1848	4	2
208.081	1849	4	3
207.888	1850	3	2
208.081	1851	3	3
208.081	1852	1	2
208.275	1853	1	3
208.081	1854	2	2
208.275	1855	2	3
208.275	1856	4	2
208.469	1857	4	3
208.275	1858	3	2
208.469	1859	3	3
208.469	1860	2	1
208.469	1861	1	1
208.856	1862	2	1
209.243	1863	4	1
209.630	1864	1	1
210.017	1865	3	1
210.404	1866	2	1
210.791	1867	4	1
211.178	1868	1	1
211.565	1869	2	1
211.759	1870	4	2
211.952	1871	4	3
211.952	1872	3	1
212.146	1873	1	1
212.340	1874	2	1
212.533	1875	4	2
212.727	1876	4	3
212.727	1877	3	1
212.920	1878	1	1
213.114	1879	4	1
213.114	1880	3	1
213.211	1881	2	1
213.307	1882	1	1
213.404	1883	2	1
213.501	1884	4	1
213.501	1885	3	1
213.598	1886	2	1
213.694	1887	1	1
213.791	1888	2	1
213.888	1889	3	1
213.888	1890	4	1
214.275	1891	1	1
214.372	1892	2	1
214.469	1893	3	1
214.565	1894	4	1
214.662	1895	2	1
214.662	1896	1	1
214.759	1897	3	1
214.856	1898	4	2
215.049	1899	4	3
214.952	1900	1	1
215.049	1901	3	1
215.049	1902	2	1
215.146	1903	1	1
215.243	1904	3	1
215.340	1905	2	2
215.533	1906	2	3
215.436	1907	4	1
215.436	1908	3	1
215.533	1909	1	1
215.630	1910	4	1
215.727	1911	3	1
215.823	1912	2	1
215.823	1913	1	1
215.920	1914	3	1
216.017	1915	4	1
216.114	1916	3	1
216.211	1917	2	1
216.211	1918	1	1
216.307	1919	4	1
216.404	1920	3	1
216.501	1921	2	1
216.598	1922	4	1
216.598	1923	3	1
216.694	1924	2	1
216.791	1925	1	1
216.888	1926	4	2
217.081	1927	4	3
216.985	1928	2	1
216.985	1929	1	1
217.081	1930	3	1
217.178	1931	4	1
217.178	1932	2	1
217.275	1933	3	1
217.372	1934	4	1
217.372	1935	1	1
217.469	1936	2	1
217.565	1937	3	1
217.565	1938	1	1
217.662	1939	2	1
217.759	1940	4	1
217.759	1941	3	1
217.856	1942	1	1
217.952	1943	4	2
218.146	1944	4	3
218.049	1945	3	1
218.146	1946	2	1
218.146	1947	1	1
218.243	1948	3	1
218.340	1949	2	1
218.436	1950	1	1
218.533	1951	4	1
218.533	1952	2	1
218.630	1953	3	1
218.727	1954	1	1
218.823	1955	4	1
218.920	1956	3	1
218.920	1957	2	1
219.017	1958	4	1
219.114	1959	2	1
219.211	1960	1	2
219.404	1961	1	3
219.307	1962	3	1
219.307	1963	2	1
219.404	1964	4	1
219.501	1965	2	2
219.694	1966	2	3
219.598	1967	3	1
219.694	1968	4	1
219.694	1969	1	1
219.791	1970	3	1
219.888	1971	2	1
219.985	1972	1	1
220.081	1973	4	1
220.081	1974	3	1
220.081	1975	2	1
220.178	1976	1	1
220.275	1977	2	1
220.372	1978	4	1
220.372	1979	3	1
220.372	1980	1	1
220.565	1981	3	1
220.662	1982	4	1
220.662	1983	2	1
220.662	1984	1	1
220.759	1985	3	1
220.856	1986	4	1
220.856	1987	1	1
221.049	1988	2	1
221.049	1989	1	1
221.146	1990	2	1
221.146	1991	1	1
221.243	1992	4	1
221.243	1993	3	1
221.340	1994	2	1
221.436	1995	1	1
221.533	1996	4	2
221.727	1997	4	3
221.630	1998	3	1
221.630	1999	2	1
221.727	2000	1	1
221.823	2001	3	1
221.920	2002	2	2
222.114	2003	2	3
222.017	2004	4	1
222.017	2005	3	1
222.114	2006	1	1
222.211	2007	3	1
222.307	2008	4	1
222.404	2009	2	1
222.404	2010	1	1
222.501	2011	3	1
222.598	2012	4	1
222.694	2013	3	1
222.791	2014	2	1
222.791	2015	1	1
222.888	2016	4	1
222.985	2017	1	1
223.081	2018	3	2
223.275	2019	3	3
223.178	2020	4	1
223.178	2021	2	1
223.275	2022	1	1
223.372	2023	4	1
223.372	2024	2	1
223.469	2025	3	1
223.565	2026	4	1
223.565	2027	2	1
223.565	2028	1	1
223.759	2029	4	1
223.759	2030	3	1
223.759	2031	1	1
223.952	2032	3	2
224.146	2033	3	3
223.952	2034	2	2
224.146	2035	2	3
224.340	2036	1	2
224.533	2037	1	3
224.340	2038	2	2
224.533	2039	2	3
224.340	2040	3	2
224.533	2041	3	3
224.340	2042	4	2
224.533	2043	4	3
224.727	2044	4	2
224.920	2045	4	3
224.727	2046	1	2
224.920	2047	1	3
225.114	2048	1	2
225.307	2049	1	3
225.114	2050	2	2
225.307	2051	2	3
225.114	2052	3	2
225.307	2053	3	3
225.114	2054	4	2
225.307	2055	4	3
225.501	2056	3	1
225.501	2057	2	1
225.694	2058	2	1
225.694	2059	3	1
225.888	2060	2	1
225.888	2061	1	1
225.888	2062	3	2
226.081	2063	3	3
225.888	2064	4	2
226.081	2065	4	3
226.081	2066	2	2
226.275	2067	2	3
226.081	2068	1	2
226.275	2069	1	3
226.275	2070	4	1
226.275	2071	3	1
226.404	2072	2	1
226.533	2073	4	1
226.533	2074	3	1
226.533	2075	1	1
226.662	2076	2	1
226.791	2077	4	1
226.791	2078	3	1
226.791	2079	1	1
226.920	2080	2	1
227.049	2081	3	1
227.146	2082	2	1
227.243	2083	4	2
227.436	2084	4	3
227.436	2085	3	1
227.436	2086	2	1
227.533	2087	1	1
227.630	2088	3	1
227.727	2089	2	2
227.920	2090	2	3
227.823	2091	4	1
227.823	2092	3	1
227.920	2093	1	1
228.017	2094	4	1
228.114	2095	3	1
228.211	2096	2	1
228.211	2097	1	1
228.307	2098	3	1
228.404	2099	4	1
228.501	2100	3	1
228.598	2101	2	1
228.598	2102	1	1
228.694	2103	4	1
228.791	2104	3	1
228.888	2105	2	1
228.985	2106	4	1
228.985	2107	3	1
229.081	2108	2	1
229.178	2109	1	1
229.275	2110	4	2
229.469	2111	4	3
229.372	2112	2	1
229.372	2113	1	1
229.469	2114	3	1
229.565	2115	4	1
229.565	2116	2	1
229.662	2117	3	1
229.759	2118	4	1
229.759	2119	1	1
229.856	2120	2	1
229.952	2121	3	1
229.952	2122	1	1
230.049	2123	2	1
230.146	2124	4	1
230.146	2125	3	1
230.243	2126	1	1
230.340	2127	4	2
230.533	2128	4	3
230.436	2129	3	1
230.533	2130	2	1
230.533	2131	1	1
230.630	2132	3	1
230.727	2133	1	1
230.823	2134	4	2
231.017	2135	4	3
230.920	2136	3	1
230.920	2137	2	1
231.017	2138	1	1
231.114	2139	3	1
231.211	2140	2	2
231.404	2141	2	3
231.307	2142	4	1
231.307	2143	3	1
231.404	2144	1	1
231.501	2145	2	1
231.598	2146	4	1
231.598	2147	1	1
231.598	2148	3	1
231.791	2149	3	1
231.888	2150	4	1
231.888	2151	2	1
231.888	2152	1	1
231.985	2153	3	1
232.081	2154	2	1
232.081	2155	4	1
232.081	2156	1	1
232.275	2157	3	1
232.275	2158	2	1
232.275	2159	1	1
232.469	2160	4	1
232.469	2161	3	1
232.533	2162	1	1
232.533	2163	2	1
232.598	2164	4	1
232.598	2165	3	1
232.662	2166	1	2
233.049	2167	1	3
232.662	2168	2	2
233.049	2169	2	3
232.856	2170	3	2
233.049	2171	3	3
233.049	2172	4	2
233.243	2173	4	3
233.243	2174	3	1
233.243	2175	1	1
233.340	2176	2	1
233.436	2177	3	2
233.630	2178	3	3
233.533	2179	1	1
233.630	2180	4	1
233.630	2181	2	1
233.727	2182	3	1
233.823	2183	2	1
233.920	2184	1	2
234.114	2185	1	3
234.017	2186	4	1
234.017	2187	3	1
234.114	2188	2	1
234.211	2189	4	2
234.404	2190	4	3
234.307	2191	3	1
234.404	2192	2	1
234.404	2193	1	1
234.501	2194	3	1
234.598	2195	2	1
234.694	2196	4	1
234.791	2197	3	1
234.791	2198	1	1
234.888	2199	2	1
234.985	2200	3	2
235.178	2201	3	3
235.081	2202	4	1
235.178	2203	2	1
235.178	2204	1	1
235.275	2205	3	1
235.372	2206	4	1
235.469	2207	2	2
235.662	2208	2	3
235.565	2209	4	1
235.565	2210	3	1
235.662	2211	1	1
235.759	2212	3	1
235.856	2213	2	1
235.952	2214	3	1
235.952	2215	1	1
236.049	2216	2	1
236.146	2217	4	1
236.146	2218	1	1
236.243	2219	3	1
236.340	2220	4	1
236.340	2221	2	1
236.436	2222	3	1
236.533	2223	2	1
236.533	2224	1	1
236.727	2225	3	1
236.727	2226	1	1
236.823	2227	2	1
236.920	2228	3	1
236.920	2229	1	1
237.114	2230	4	1
237.114	2231	2	1
237.211	2232	3	1
237.307	2233	4	1
237.307	2234	2	1
237.501	2235	4	1
237.501	2236	3	1
237.598	2237	2	1
237.694	2238	4	1
237.694	2239	3	1
237.791	2240	1	1
237.888	2241	4	1
237.888	2242	2	1
237.985	2243	3	1
238.081	2244	2	1
238.178	2245	1	1
238.275	2246	2	1
238.275	2247	4	1
238.372	2248	3	1
238.469	2249	4	1
238.469	2250	2	1
238.565	2251	1	1
238.662	2252	4	1
238.662	2253	3	1
238.759	2254	1	1
238.759	2255	2	1
238.856	2256	3	1
238.952	2257	4	1
239.049	2258	2	1
239.049	2259	1	1
239.146	2260	4	1
239.243	2261	3	1
239.340	2262	2	1
239.436	2263	3	1
239.436	2264	1	1
239.533	2265	2	1
239.630	2266	4	2
239.823	2267	4	3
239.823	2268	3	1
239.920	2269	2	1
240.017	2270	1	1
240.114	2271	4	2
240.307	2272	4	3
240.307	2273	3	1
240.404	2274	2	1
240.501	2275	1	2
240.694	2276	1	3
240.694	2277	2	1
240.791	2278	3	1
240.888	2279	4	2
241.081	2280	4	3
241.081	2281	2	1
241.178	2282	3	1
241.275	2283	4	2
241.469	2284	4	3
241.469	2285	1	1
241.565	2286	2	1
241.662	2287	4	2
241.856	2288	4	3
241.856	2289	2	1
241.952	2290	4	1
242.049	2291	2	1
242.146	2292	3	1
242.243	2293	1	1
242.340	2294	4	1
242.436	2295	2	1
242.533	2296	4	1
242.630	2297	1	1
242.727	2298	2	1
242.823	2299	4	2
243.017	2300	4	3
243.017	2301	1	1
243.114	2302	2	1
243.211	2303	4	2
243.404	2304	4	3
243.404	2305	1	1
243.501	2306	2	1
243.598	2307	4	2
243.791	2308	4	3
243.791	2309	1	1
243.888	2310	2	1
243.985	2311	3	1
244.081	2312	4	1
244.178	2313	3	1
244.275	2314	2	1
244.372	2315	1	1
244.469	2316	4	1
244.565	2317	3	1
244.662	2318	2	1
244.759	2319	1	1
244.856	2320	4	1
245.049	2321	4	1
245.243	2322	4	1
245.243	2323	3	1
245.436	2324	4	1
245.436	2325	3	1
245.630	2326	4	2
246.017	2327	4	3
245.630	2328	2	2
246.017	2329	2	3
246.791	2330	3	2
247.178	2331	3	3
246.791	2332	1	2
247.178	2333	1	3
247.372	2334	3	1
247.372	2335	2	1
247.565	2336	3	1
247.565	2337	2	1
247.759	2338	3	1
247.759	2339	2	1
247.952	2340	1	1
248.049	2341	2	1
248.146	2342	3	1
248.243	2343	4	1
248.340	2344	1	2
248.436	2345	1	3
248.436	2346	2	2
248.533	2347	2	3
248.533	2348	4	2
248.630	2349	4	3
248.630	2350	1	2
248.727	2351	1	3
248.727	2352	4	2
249.017	2353	4	3
248.727	2354	3	2
249.017	2355	3	3
249.017	2356	2	1
249.114	2357	3	1
249.211	2358	3	1
249.307	2359	1	1
249.404	2360	1	1
249.501	2361	4	1
249.501	2362	3	1
249.598	2363	2	1
249.694	2364	4	1
249.888	2365	2	2
250.275	2366	2	3
249.888	2367	1	2
250.275	2368	1	3
250.081	2369	3	1
250.275	2370	4	1
250.372	2371	2	1
250.469	2372	3	1
250.565	2373	2	1
250.662	2374	1	1
250.759	2375	4	2
251.049	2376	4	3
250.856	2377	3	1
250.952	2378	2	1
251.049	2379	3	1
251.049	2380	1	1
251.146	2381	2	1
251.243	2382	1	2
251.340	2383	1	3
251.243	2384	4	2
251.340	2385	4	3
251.243	2386	3	2
251.340	2387	3	3
251.533	2388	4	2
251.630	2389	4	3
251.533	2390	2	2
251.630	2391	2	3
251.533	2392	1	2
251.630	2393	1	3
251.823	2394	1	2
252.211	2395	1	3
251.823	2396	4	2
252.211	2397	4	3
252.017	2398	3	1
252.114	2399	2	1
252.211	2400	3	1
252.307	2401	3	1
252.404	2402	3	1
252.598	2403	2	1
252.598	2404	1	1
252.694	2405	3	1
252.694	2406	1	1
252.888	2407	4	1
252.985	2408	2	1
253.081	2409	2	1
253.178	2410	4	2
253.372	2411	4	3
253.275	2412	3	2
253.372	2413	3	3
253.501	2414	4	1
253.501	2415	1	1
253.630	2416	4	1
253.630	2417	1	1
253.759	2418	1	2
254.146	2419	1	3
253.759	2420	4	2
254.146	2421	4	3
254.146	2422	3	1
254.146	2423	2	1
254.243	2424	2	2
254.436	2425	2	3
254.436	2426	3	1
254.533	2427	1	1
254.630	2428	2	1
254.727	2429	4	1
254.823	2430	3	1
254.920	2431	1	2
255.307	2432	1	3
254.920	2433	2	2
255.307	2434	2	3
255.307	2435	4	1
255.404	2436	3	1
255.501	2437	1	1
255.598	2438	2	1
255.694	2439	4	1
255.694	2440	3	1
255.888	2441	4	1
255.888	2442	2	1
255.985	2443	3	1
256.081	2444	2	2
256.275	2445	2	3
256.081	2446	1	2
256.275	2447	1	3
256.275	2448	4	2
256.469	2449	4	3
256.469	2450	2	2
256.662	2451	2	3
256.469	2452	1	2
256.662	2453	1	3
256.662	2454	3	2
256.856	2455	3	3
256.856	2456	2	2
257.049	2457	2	3
256.856	2458	1	2
257.049	2459	1	3
257.049	2460	4	2
257.243	2461	4	3
257.243	2462	3	1
257.243	2463	1	1
257.501	2464	4	1
257.501	2465	1	1
257.759	2466	3	1
257.759	2467	1	1
258.017	2468	4	1
258.017	2469	3	1
258.017	2470	2	1
258.275	2471	4	1
258.275	2472	3	1
258.275	2473	2	1
258.533	2474	4	1
258.533	2475	3	1
258.533	2476	2	1
258.791	2477	3	1
258.791	2478	1	1
258.888	2479	2	1
258.985	2480	3	1
258.985	2481	1	1
259.178	2482	2	1
259.178	2483	4	2
259.565	2484	4	3
259.372	2485	3	2
259.565	2486	3	3
259.565	2487	2	1
259.662	2488	3	1
259.759	2489	1	2
260.146	2490	1	3
259.759	2491	2	2
260.146	2492	2	3
259.856	2493	4	1
260.146	2494	3	1
260.243	2495	2	1
260.340	2496	4	1
260.340	2497	3	1
260.340	2498	1	1
260.533	2499	4	1
260.533	2500	3	1
260.727	2501	1	1
260.727	2502	2	1
260.920	2503	1	2
261.114	2504	1	3
260.920	2505	2	2
261.114	2506	2	3
261.114	2507	3	2
261.501	2508	3	3
261.307	2509	2	1
261.404	2510	1	1
261.501	2511	2	1
261.694	2512	1	2
262.081	2513	1	3
261.694	2514	4	2
262.081	2515	4	3
262.081	2516	2	1
262.178	2517	4	1
262.275	2518	3	1
262.372	2519	2	1
262.469	2520	3	2
262.856	2521	3	3
262.469	2522	1	2
262.856	2523	1	3
262.856	2524	2	1
262.952	2525	4	1
262.952	2526	3	1
263.146	2527	4	1
263.146	2528	2	1
263.243	2529	3	1
263.243	2530	1	1
263.340	2531	4	1
263.340	2532	2	1
263.436	2533	3	1
263.436	2534	1	1
263.630	2535	3	2
264.017	2536	3	3
263.630	2537	2	2
264.017	2538	2	3
263.823	2539	1	1
264.017	2540	4	1
264.017	2541	1	1
264.114	2542	3	1
264.114	2543	2	1
264.211	2544	1	1
264.211	2545	4	2
264.404	2546	4	3
264.404	2547	2	1
264.598	2548	2	1
264.791	2549	3	1
264.888	2550	3	1
265.081	2551	3	1
265.178	2552	3	1
265.372	2553	4	2
265.565	2554	4	3
265.565	2555	2	1
265.759	2556	1	2
265.952	2557	1	3
265.952	2558	3	1
266.146	2559	2	1
266.340	2560	2	1
266.436	2561	2	1
266.630	2562	2	1
266.727	2563	2	1
266.920	2564	3	2
267.114	2565	3	3
267.114	2566	2	1
267.307	2567	2	2
267.501	2568	2	3
267.307	2569	4	2
267.501	2570	4	3
267.694	2571	4	2
267.888	2572	4	3
267.694	2573	2	2
267.888	2574	2	3
268.081	2575	1	2
268.275	2576	1	3
268.081	2577	3	2
268.275	2578	3	3
268.469	2579	3	2
268.662	2580	3	3
268.469	2581	1	2
268.662	2582	1	3
268.856	2583	1	1
268.856	2584	4	1
269.049	2585	1	1
269.049	2586	4	1
269.243	2587	1	1
269.243	2588	4	1
269.436	2589	1	1
269.436	2590	4	1
269.630	2591	1	1
269.630	2592	4	1
269.823	2593	4	1
269.823	2594	1	1
270.017	2595	2	2
270.404	2596	2	3
270.211	2597	3	2
270.404	2598	3	3
270.404	2599	1	2
270.791	2600	1	3
270.404	2601	4	2
270.791	2602	4	3
270.791	2603	2	1
270.985	2604	3	1
271.081	2605	1	2
271.178	2606	1	3
271.081	2607	2	2
271.178	2608	2	3
271.275	2609	4	2
271.469	2610	4	3
271.275	2611	3	2
271.469	2612	3	3
271.469	2613	2	1
271.662	2614	4	1
271.759	2615	3	2
271.952	2616	3	3
271.952	2617	2	1
271.952	2618	1	1
272.146	2619	1	2
272.340	2620	1	3
272.146	2621	2	2
272.340	2622	2	3
272.436	2623	1	1
272.630	2624	2	1
272.823	2625	4	1
272.920	2626	3	1
273.017	2627	2	1
273.114	2628	4	1
273.211	2629	4	1
273.307	2630	1	1
273.404	2631	1	1
273.501	2632	4	2
273.888	2633	4	3
273.501	2634	3	2
273.888	2635	3	3
273.694	2636	2	1
273.888	2637	2	2
274.275	2638	2	3
273.888	2639	1	2
274.275	2640	1	3
274.081	2641	3	1
274.275	2642	4	1
274.275	2643	3	1
274.404	2644	4	1
274.404	2645	2	1
274.533	2646	3	1
274.533	2647	1	1
274.662	2648	4	1
274.662	2649	2	1
274.856	2650	4	2
275.049	2651	4	3
274.856	2652	1	2
275.049	2653	1	3
275.049	2654	3	1
275.049	2655	2	1
275.243	2656	2	1
275.243	2657	3	1
275.436	2658	4	2
275.630	2659	4	3
275.436	2660	2	2
275.630	2661	2	3
275.533	2662	3	1
275.630	2663	1	1
275.823	2664	1	1
275.920	2665	2	1
276.017	2666	3	1
276.114	2667	4	1
276.211	2668	2	1
276.340	2669	3	2
276.598	2670	3	3
276.598	2671	1	2
276.985	2672	1	3
276.598	2673	4	2
276.985	2674	4	3
276.791	2675	2	1
276.985	2676	3	1
277.178	2677	2	1
277.372	2678	3	1
277.372	2679	1	1
277.501	2680	2	1
277.630	2681	4	1
277.759	2682	3	1
277.856	2683	2	1
277.856	2684	1	1
277.952	2685	4	1
277.952	2686	3	1
278.049	2687	1	1
278.049	2688	2	1
278.146	2689	3	2
278.533	2690	3	3
278.146	2691	4	2
278.533	2692	4	3
278.340	2693	2	1
278.533	2694	2	1
278.533	2695	1	1
278.630	2696	4	1
278.727	2697	2	1
278.823	2698	3	1
278.823	2699	2	1
278.920	2700	3	1
279.114	2701	2	1
279.114	2702	4	2
279.307	2703	4	3
279.307	2704	1	1
279.404	2705	4	1
279.501	2706	3	1
279.598	2707	2	1
279.694	2708	4	2
280.081	2709	4	3
279.694	2710	1	1
279.694	2711	3	2
280.081	2712	3	3
280.081	2713	1	2
280.469	2714	1	3
280.081	2715	2	2
280.469	2716	2	3
280.275	2717	3	1
280.469	2718	4	1
280.565	2719	3	1
280.662	2720	2	1
280.759	2721	4	2
280.952	2722	4	3
280.952	2723	2	1
281.049	2724	1	2
281.243	2725	1	3
281.243	2726	4	1
281.243	2727	2	1
281.436	2728	4	1
281.436	2729	2	1
281.533	2730	4	1
281.533	2731	2	1
281.727	2732	4	1
281.727	2733	2	1
281.823	2734	3	1
281.823	2735	1	1
281.920	2736	3	1
281.920	2737	1	1
282.017	2738	3	2
282.791	2739	3	3
282.404	2740	2	2
282.791	2741	2	3
282.791	2742	1	1
282.791	2743	4	2
283.178	2744	4	3
282.985	2745	3	1
283.178	2746	2	1
283.178	2747	1	1
283.372	2748	3	1
283.565	2749	3	1
283.565	2750	2	1
283.662	2751	2	2
283.856	2752	2	3
283.662	2753	4	2
283.856	2754	4	3
283.856	2755	3	1
283.952	2756	1	1
283.952	2757	2	1
284.049	2758	4	1
284.146	2759	1	1
284.146	2760	2	1
284.340	2761	1	2
284.727	2762	1	3
284.340	2763	2	2
284.727	2764	2	3
284.533	2765	4	1
284.727	2766	4	1
284.727	2767	3	1
284.823	2768	2	1
284.920	2769	4	1
285.114	2770	2	1
285.114	2771	1	1
285.211	2772	3	1
285.307	2773	2	1
285.404	2774	2	1
285.501	2775	4	1
285.501	2776	2	1
285.694	2777	3	2
285.888	2778	3	3
285.888	2779	2	2
286.081	2780	2	3
285.888	2781	1	2
286.275	2782	1	3
286.081	2783	4	1
286.178	2784	3	1
286.275	2785	4	1
286.275	2786	2	1
286.372	2787	3	1
286.469	2788	2	1
286.565	2789	1	1
286.662	2790	4	1
286.662	2791	3	1
286.759	2792	2	1
286.856	2793	4	1
286.952	2794	3	1
287.049	2795	2	1
287.049	2796	1	1
287.146	2797	3	1
287.243	2798	1	1
287.340	2799	3	1
287.436	2800	4	1
287.436	2801	2	1
287.533	2802	3	1
287.630	2803	2	1
287.630	2804	1	1
287.823	2805	3	1
287.823	2806	1	1
287.920	2807	2	1
288.017	2808	4	1
288.017	2809	3	1
288.114	2810	2	1
288.211	2811	3	2
288.404	2812	3	3
288.211	2813	1	2
288.404	2814	1	3
288.501	2815	3	1
288.501	2816	1	1
288.598	2817	4	2
288.888	2818	4	3
288.598	2819	2	2
288.888	2820	2	3
288.985	2821	1	2
289.372	2822	1	3
288.985	2823	4	2
289.372	2824	4	3
289.372	2825	3	1
289.469	2826	2	1
289.565	2827	2	1
289.662	2828	2	1
289.856	2829	3	1
289.952	2830	3	1
290.146	2831	3	2
290.533	2832	3	3
290.146	2833	2	2
290.533	2834	2	3
290.630	2835	1	1
290.727	2836	1	1
290.823	2837	4	1
290.920	2838	4	1
291.114	2839	4	1
291.114	2840	2	1
291.307	2841	1	1
291.404	2842	2	1
291.501	2843	3	1
291.598	2844	4	1
291.694	2845	1	1
291.791	2846	2	1
291.888	2847	3	1
291.985	2848	4	1
292.081	2849	1	2
292.469	2850	1	3
292.081	2851	2	2
292.469	2852	2	3
292.469	2853	3	1
292.565	2854	2	1
292.565	2855	3	1
292.759	2856	4	2
292.952	2857	4	3
292.759	2858	2	2
292.952	2859	2	3
292.952	2860	3	1
293.049	2861	1	1
293.146	2862	3	1
293.243	2863	1	2
293.630	2864	1	3
293.243	2865	4	2
293.630	2866	4	3
293.630	2867	2	1
293.727	2868	3	1
293.823	2869	2	1
293.920	2870	3	1
294.017	2871	2	1
294.114	2872	3	1
294.211	2873	2	1
294.307	2874	3	1
294.404	2875	4	1
294.533	2876	2	1
294.662	2877	1	1
294.791	2878	4	1
294.920	2879	3	1
295.049	2880	2	1
295.178	2881	4	2
295.952	2882	4	3
295.178	2883	1	2
298.275	2884	1	3
295.952	2885	3	2
296.727	2886	3	3
296.727	2887	2	2
297.501	2888	2	3
297.501	2889	3	2
297.888	2890	3	3
297.888	2891	4	2
298.275	2892	4	3
298.275	2893	2	2
298.469	2894	2	3
298.275	2895	3	2
299.049	2896	3	3
298.662	2897	2	2
298.856	2898	2	3
299.049	2899	1	2
299.243	2900	1	3
299.049	2901	4	2
299.823	2902	4	3
299.436	2903	1	2
299.630	2904	1	3
299.823	2905	3	1
299.823	2906	1	1
300.598	2907	4	1
300.598	2908	3	1
301.372	2909	1	1
301.372	2910	2	1
302.533	2911	4	2
302.727	2912	4	3
302.727	2913	2	2
304.081	2914	2	3
304.081	2915	3	2
304.275	2916	3	3
304.275	2917	1	2
305.243	2918	1	3
305.630	2919	1	2
305.823	2920	1	3
305.823	2921	2	2
306.598	2922	2	3
306.598	2923	3	2
307.178	2924	3	3
307.178	2925	4	1
307.178	2926	2	1
307.565	2927	4	2
308.727	2928	4	3
308.727	2929	3	2
308.920	2930	3	3
308.920	2931	2	2
310.275	2932	2	3
310.275	2933	3	2
310.469	2934	3	3
310.469	2935	1	2
311.243	2936	1	3
311.243	2937	4	1
311.436	2938	1	1
311.630	2939	2	1
311.823	2940	3	2
312.727	2941	3	3
312.727	2942	2	1
312.985	2943	1	1
313.243	2944	2	1
313.565	2945	3	1
313.952	2946	4	1
314.404	2947	2	1
314.920	2948	1	2
319.952	2949	1	3
314.920	2950	4	2
319.952	2951	4	3