Song Name	What You Love (Hard) by garlagan
Title	What You Love (Hard)
Artist	garlagan
Description	garlagan: this one took me the longest to make I believe. bit more than 6 months. it talks about trying to figure out if one should just give up their dreams and focus on a 'safer' path or take the plunge. Map by gold_wolf.
Difficulty	26
Primary Color	Rush
Secondary Color	Vibe
Cover Image ID	7486776374
Audio Asset ID	rbxassetid://9059849079
Audio File	9059849079.ogg
Last Note Time	152.094
Total Notes	1408
Fever Fill	413
Fever Time	22.814100
Long Notes	170
BPM	128
Song Length	153.094000000

Timing Points
0.000	468.750000
0.453	468.750000
1.860	468.750000
7.485	468.750000
52.485	468.750000
82.485	468.750000
104.985	468.750000
152.094	468.750000


Song Data
0.000	1	2	2
0.453	2	2	3
0.687	3	3	2
0.921	4	3	3
0.921	5	1	1
1.156	6	3	2
1.390	7	3	3
1.390	8	2	1
1.624	9	3	1
1.859	10	4	1
2.211	11	4	1
2.563	12	2	2
2.797	13	2	3
3.031	14	1	1
3.383	15	1	1
3.735	16	4	1
4.086	17	4	1
4.438	18	1	2
4.672	19	1	3
4.672	20	4	1
4.906	21	2	2
5.141	22	2	3
5.141	23	1	1
5.375	24	2	1
5.492	25	3	1
5.610	26	1	1
5.961	27	1	1
6.313	28	3	2
6.547	29	3	3
6.781	30	4	1
7.133	31	4	1
7.485	32	4	1
7.485	33	1	1
7.836	34	1	1
8.188	35	3	2
8.422	36	3	3
8.422	37	1	2
8.656	38	1	3
8.656	39	3	2
8.891	40	3	3
8.891	41	2	1
9.125	42	3	1
9.242	43	2	1
9.360	44	4	1
9.711	45	4	1
10.063	46	2	2
10.297	47	2	3
10.531	48	1	1
10.883	49	1	1
11.235	50	4	1
11.586	51	4	1
11.938	52	1	2
12.172	53	1	3
12.172	54	4	2
12.406	55	4	3
12.406	56	2	2
12.641	57	2	3
12.641	58	1	1
12.758	59	4	1
12.875	60	2	1
12.992	61	3	1
13.110	62	1	1
13.461	63	1	1
13.813	64	3	2
14.047	65	3	3
14.281	66	4	1
14.281	67	1	1
14.516	68	3	1
14.574	69	2	1
14.633	70	1	1
14.633	71	4	1
14.867	72	3	1
14.985	73	2	2
15.336	74	2	3
14.985	75	1	2
15.336	76	1	3
14.985	77	4	1
15.102	78	3	1
15.336	79	3	1
15.453	80	1	1
15.453	81	4	1
15.453	82	2	1
15.688	83	1	2
15.922	84	1	3
15.922	85	4	2
16.156	86	4	3
15.922	87	3	1
16.156	88	2	2
16.391	89	2	3
16.391	90	3	1
16.391	91	4	1
16.508	92	1	1
16.625	93	3	1
16.742	94	3	1
16.860	95	1	1
16.860	96	4	1
16.977	97	2	1
17.211	98	2	1
17.328	99	4	1
17.328	100	1	1
17.563	101	4	1
17.621	102	1	1
17.680	103	3	2
17.797	104	3	3
17.738	105	2	2
17.797	106	2	3
17.797	107	1	1
17.797	108	4	1
18.031	109	1	1
18.061	110	3	1
18.090	111	2	1
18.383	112	4	1
18.412	113	2	1
18.442	114	3	1
18.735	115	4	1
18.735	116	2	1
18.735	117	1	1
18.852	118	3	1
19.086	119	3	1
19.203	120	1	1
19.203	121	4	1
19.203	122	2	1
19.438	123	1	2
19.672	124	1	3
19.672	125	3	2
19.906	126	3	3
19.672	127	4	2
19.906	128	4	3
19.906	129	2	2
20.141	130	2	3
20.141	131	4	1
20.141	132	1	1
20.258	133	3	1
20.375	134	2	1
20.492	135	2	1
20.610	136	4	1
20.610	137	1	1
20.727	138	3	1
20.961	139	2	1
21.078	140	1	1
21.078	141	4	1
21.313	142	4	1
21.371	143	1	1
21.430	144	3	2
21.547	145	3	3
21.488	146	2	2
21.547	147	2	3
21.547	148	1	1
21.547	149	4	1
21.781	150	2	1
21.811	151	4	1
21.840	152	3	1
22.133	153	3	1
22.162	154	1	1
22.250	155	2	1
22.485	156	4	2
22.836	157	4	3
22.485	158	3	2
22.836	159	3	3
22.485	160	1	1
22.602	161	2	1
22.836	162	2	1
22.953	163	3	1
22.953	164	4	1
22.953	165	1	1
23.188	166	1	2
23.422	167	1	3
23.422	168	4	2
23.656	169	4	3
23.422	170	3	2
23.656	171	3	3
23.656	172	2	2
23.891	173	2	3
23.891	174	1	1
23.891	175	4	1
24.008	176	1	1
24.125	177	3	1
24.242	178	3	1
24.360	179	4	1
24.360	180	1	1
24.477	181	2	1
24.711	182	2	1
24.828	183	4	1
24.828	184	1	1
24.828	185	3	1
25.063	186	4	1
25.121	187	1	1
25.180	188	3	2
25.297	189	3	3
25.238	190	2	2
25.297	191	2	3
25.297	192	4	1
25.297	193	1	1
25.531	194	4	1
25.561	195	2	1
25.590	196	3	1
25.883	197	1	1
25.912	198	3	1
25.942	199	2	1
26.235	200	2	1
26.235	201	1	1
26.235	202	4	1
26.352	203	3	1
26.586	204	3	1
26.703	205	2	1
26.703	206	1	1
26.703	207	4	1
26.938	208	1	2
27.172	209	1	3
27.172	210	3	1
27.231	211	2	1
27.289	212	4	2
27.406	213	4	3
27.348	214	1	2
27.406	215	1	3
27.406	216	2	2
27.641	217	2	3
27.641	218	4	1
27.641	219	3	1
27.758	220	1	1
27.875	221	3	1
27.992	222	2	1
28.110	223	1	1
28.110	224	4	1
28.227	225	3	1
28.461	226	3	1
28.578	227	4	1
28.578	228	1	1
28.813	229	4	1
28.871	230	1	1
28.930	231	3	2
29.047	232	3	3
28.988	233	2	2
29.047	234	2	3
29.047	235	4	1
29.047	236	1	1
29.281	237	4	1
29.399	238	3	1
29.516	239	1	1
29.516	240	2	1
29.633	241	3	1
29.750	242	3	1
29.867	243	2	1
29.985	244	1	1
29.985	245	4	2
31.391	246	4	3
31.391	247	2	2
33.031	248	2	3
32.563	249	4	2
33.031	250	4	3
33.031	251	1	2
33.735	252	1	3
33.500	253	3	2
33.735	254	3	3
33.735	255	2	2
35.141	256	2	3
34.203	257	4	2
35.141	258	4	3
35.141	259	1	2
36.781	260	1	3
35.492	261	3	2
36.781	262	3	3
36.430	263	4	2
36.781	264	4	3
36.781	265	2	1
37.133	266	2	1
37.485	267	1	1
37.485	268	4	1
38.188	269	3	1
38.188	270	1	1
38.305	271	4	1
38.422	272	2	1
38.539	273	3	1
38.656	274	2	1
38.774	275	1	1
38.891	276	4	1
39.008	277	2	1
39.125	278	4	1
39.242	279	2	1
39.360	280	3	1
39.477	281	2	1
39.594	282	4	1
39.711	283	1	1
39.828	284	4	1
39.945	285	2	1
40.063	286	3	1
40.180	287	2	1
40.297	288	4	1
40.414	289	3	1
40.531	290	4	1
40.649	291	1	1
40.707	292	2	1
40.766	293	3	1
40.824	294	2	1
40.883	295	1	1
41.000	296	4	1
41.059	297	3	1
41.117	298	2	1
41.176	299	3	1
41.235	300	4	1
41.352	301	1	1
41.410	302	2	1
41.469	303	3	1
41.586	304	2	1
41.703	305	4	1
41.762	306	3	1
41.820	307	2	1
41.938	308	3	1
42.055	309	4	1
42.172	310	1	1
42.289	311	3	1
42.406	312	2	1
42.524	313	3	1
42.641	314	1	1
42.758	315	2	1
42.875	316	1	1
42.992	317	3	1
43.110	318	2	1
43.227	319	3	1
43.344	320	1	1
43.461	321	3	1
43.578	322	1	1
43.695	323	4	1
43.813	324	2	1
43.930	325	4	1
44.047	326	2	1
44.164	327	3	1
44.281	328	1	2
44.633	329	1	3
44.399	330	2	2
44.633	331	2	3
44.633	332	4	2
44.985	333	4	3
44.750	334	3	2
44.985	335	3	3
44.985	336	2	2
45.688	337	2	3
44.985	338	1	2
45.688	339	1	3
45.336	340	4	1
45.688	341	4	1
45.805	342	3	1
45.922	343	2	1
46.156	344	2	1
46.274	345	3	1
46.508	346	3	1
46.625	347	2	1
46.742	348	1	1
46.860	349	4	1
46.977	350	2	1
47.211	351	3	1
47.328	352	2	1
47.445	353	3	1
47.563	354	1	1
47.680	355	2	1
47.797	356	3	1
48.031	357	3	1
48.149	358	1	1
48.207	359	2	1
48.266	360	3	1
48.324	361	2	1
48.383	362	1	1
48.500	363	4	1
48.559	364	3	1
48.617	365	2	1
48.676	366	3	1
48.735	367	4	1
48.852	368	1	1
48.910	369	2	1
48.969	370	3	1
49.086	371	2	1
49.203	372	4	1
49.262	373	3	1
49.320	374	2	1
49.438	375	3	1
49.555	376	4	1
49.672	377	1	1
49.789	378	2	1
49.906	379	3	1
50.024	380	2	1
50.141	381	4	1
50.258	382	1	1
50.375	383	3	1
50.492	384	2	1
50.610	385	4	1
50.727	386	1	1
50.844	387	2	1
50.961	388	4	1
51.078	389	1	1
51.195	390	2	1
51.313	391	4	1
51.430	392	1	1
51.547	393	4	1
51.664	394	2	1
51.781	395	3	1
52.133	396	2	1
52.367	397	3	1
52.485	398	2	2
52.836	399	2	3
52.485	400	4	1
52.485	401	1	2
52.836	402	1	3
52.602	403	3	1
52.836	404	3	1
52.953	405	2	1
52.953	406	1	1
52.953	407	4	1
53.188	408	1	2
53.891	409	1	3
53.422	410	3	1
53.422	411	4	2
53.656	412	4	3
53.656	413	2	2
53.891	414	2	3
53.891	415	3	1
53.891	416	4	1
54.008	417	1	1
54.125	418	3	1
54.242	419	3	1
54.360	420	1	1
54.360	421	4	2
54.711	422	4	3
54.477	423	2	1
54.711	424	2	1
54.828	425	4	1
54.828	426	1	1
55.063	427	4	1
55.121	428	1	1
55.180	429	3	2
55.297	430	3	3
55.238	431	2	2
55.297	432	2	3
55.297	433	1	1
55.297	434	4	1
55.531	435	1	2
55.883	436	1	3
55.561	437	3	1
55.590	438	2	1
55.883	439	4	2
56.117	440	4	3
55.912	441	2	1
55.942	442	3	1
56.235	443	1	2
56.586	444	1	3
56.235	445	4	1
56.235	446	2	2
56.586	447	2	3
56.352	448	3	1
56.586	449	3	1
56.703	450	2	1
56.703	451	4	1
56.703	452	1	1
56.938	453	1	2
57.172	454	1	3
57.172	455	3	2
57.406	456	3	3
57.172	457	4	2
57.406	458	4	3
57.406	459	2	2
57.641	460	2	3
57.641	461	1	1
57.641	462	4	1
57.758	463	3	1
57.875	464	2	1
57.992	465	2	1
58.110	466	1	1
58.110	467	4	1
58.227	468	3	1
58.461	469	2	1
58.578	470	1	1
58.578	471	4	1
58.813	472	4	1
58.871	473	1	1
58.930	474	3	2
59.047	475	3	3
58.988	476	2	2
59.047	477	2	3
59.047	478	1	1
59.047	479	4	1
59.281	480	2	1
59.311	481	4	1
59.340	482	3	1
59.633	483	3	1
59.662	484	1	1
59.750	485	2	2
59.985	486	2	3
59.985	487	3	2
60.336	488	3	3
59.985	489	4	2
60.336	490	4	3
59.985	491	1	1
60.102	492	2	1
60.336	493	2	1
60.453	494	4	1
60.453	495	3	1
60.453	496	1	1
60.688	497	1	2
60.922	498	1	3
60.922	499	4	2
61.156	500	4	3
60.922	501	3	2
61.156	502	3	3
61.156	503	2	2
61.391	504	2	3
61.391	505	4	1
61.391	506	1	1
61.508	507	1	1
61.625	508	3	1
61.742	509	3	1
61.860	510	1	1
61.860	511	4	2
62.211	512	4	3
61.977	513	2	1
62.211	514	2	1
62.328	515	4	1
62.328	516	1	1
62.328	517	3	1
62.563	518	4	1
62.621	519	1	1
62.680	520	3	2
62.797	521	3	3
62.738	522	2	2
62.797	523	2	3
62.797	524	4	1
62.797	525	1	1
63.031	526	4	2
63.383	527	4	3
63.061	528	2	1
63.090	529	3	1
63.383	530	1	2
63.617	531	1	3
63.412	532	3	1
63.442	533	2	1
63.735	534	4	1
63.735	535	1	2
64.086	536	1	3
63.735	537	2	2
64.086	538	2	3
63.852	539	3	1
64.086	540	3	1
64.203	541	2	1
64.203	542	4	1
64.203	543	1	1
64.438	544	1	2
64.672	545	1	3
64.672	546	3	1
64.731	547	2	1
64.789	548	4	2
64.906	549	4	3
64.848	550	1	2
64.906	551	1	3
64.906	552	2	2
65.141	553	2	3
65.141	554	4	1
65.141	555	3	1
65.258	556	1	1
65.375	557	3	1
65.492	558	2	1
65.610	559	4	1
65.610	560	1	1
65.727	561	3	1
65.961	562	3	1
66.078	563	1	1
66.078	564	4	1
66.313	565	4	1
66.371	566	1	1
66.430	567	3	2
66.547	568	3	3
66.488	569	2	2
66.547	570	2	3
66.547	571	1	1
66.547	572	4	1
66.781	573	4	1
66.781	574	1	1
67.016	575	3	1
67.074	576	2	1
67.133	577	1	1
67.133	578	4	1
67.367	579	2	1
67.485	580	4	2
67.836	581	4	3
67.485	582	3	2
67.836	583	3	3
67.485	584	1	1
67.602	585	2	1
67.836	586	2	1
67.953	587	3	1
67.953	588	1	1
67.953	589	4	1
68.188	590	1	2
68.422	591	1	3
68.422	592	4	2
68.656	593	4	3
68.422	594	3	1
68.656	595	2	2
68.891	596	2	3
68.891	597	4	1
68.891	598	3	1
69.008	599	1	1
69.125	600	3	1
69.242	601	3	1
69.360	602	1	1
69.360	603	4	1
69.477	604	2	1
69.711	605	2	1
69.828	606	4	1
69.828	607	1	1
70.063	608	4	1
70.121	609	1	1
70.180	610	3	2
70.297	611	3	3
70.238	612	2	2
70.297	613	2	3
70.297	614	4	1
70.297	615	1	1
70.531	616	1	1
70.561	617	3	1
70.590	618	2	1
70.883	619	4	1
70.912	620	2	1
70.942	621	3	1
71.235	622	4	1
71.235	623	2	1
71.235	624	1	1
71.352	625	3	1
71.586	626	3	1
71.703	627	4	1
71.703	628	2	1
71.703	629	1	1
71.938	630	1	2
72.172	631	1	3
72.172	632	4	2
72.406	633	4	3
72.172	634	3	2
72.406	635	3	3
72.406	636	2	2
72.641	637	2	3
72.641	638	1	1
72.641	639	4	1
72.758	640	3	1
72.875	641	2	1
72.992	642	2	1
73.110	643	4	1
73.110	644	1	1
73.227	645	3	1
73.461	646	2	1
73.578	647	4	1
73.578	648	1	1
73.813	649	4	1
73.871	650	1	1
73.930	651	3	2
74.047	652	3	3
73.988	653	2	2
74.047	654	2	3
74.047	655	1	1
74.047	656	4	1
74.281	657	2	1
74.311	658	4	1
74.340	659	3	1
74.633	660	3	1
74.662	661	1	1
74.750	662	2	1
74.985	663	3	2
75.336	664	3	3
74.985	665	1	1
74.985	666	4	2
75.336	667	4	3
75.102	668	2	1
75.336	669	2	1
75.453	670	1	1
75.453	671	3	1
75.453	672	4	1
75.688	673	1	2
75.922	674	1	3
75.922	675	3	2
76.156	676	3	3
75.922	677	4	2
76.156	678	4	3
76.156	679	2	2
76.391	680	2	3
76.391	681	1	1
76.391	682	4	1
76.508	683	1	1
76.625	684	3	1
76.742	685	3	1
76.860	686	1	1
76.860	687	4	1
76.977	688	2	1
77.211	689	2	1
77.328	690	4	1
77.328	691	1	1
77.328	692	3	1
77.563	693	4	1
77.621	694	1	1
77.680	695	3	2
77.797	696	3	3
77.738	697	2	2
77.797	698	2	3
77.797	699	1	1
77.797	700	4	1
78.031	701	4	1
78.061	702	2	1
78.090	703	3	1
78.383	704	1	1
78.412	705	3	1
78.442	706	2	1
78.735	707	4	1
78.735	708	1	1
78.735	709	2	1
78.852	710	3	1
79.086	711	3	1
79.203	712	4	1
79.203	713	2	1
79.203	714	1	1
79.438	715	1	2
79.672	716	1	3
79.672	717	3	2
79.906	718	3	3
79.731	719	2	1
79.789	720	4	2
79.906	721	4	3
79.848	722	1	2
79.906	723	1	3
79.906	724	2	2
80.141	725	2	3
80.141	726	3	1
80.141	727	4	1
80.258	728	1	1
80.375	729	3	1
80.492	730	2	1
80.610	731	4	1
80.610	732	1	1
80.727	733	3	1
80.961	734	3	1
81.078	735	4	1
81.078	736	1	1
81.313	737	4	1
81.371	738	1	1
81.430	739	3	2
81.547	740	3	3
81.488	741	2	2
81.547	742	2	3
81.547	743	4	1
81.547	744	1	1
81.781	745	2	1
81.811	746	4	1
81.840	747	3	1
82.133	748	3	1
82.162	749	1	1
82.250	750	2	1
88.578	751	2	1
88.695	752	3	1
88.813	753	1	1
88.930	754	2	1
89.047	755	4	1
89.399	756	4	1
89.750	757	4	1
89.985	758	1	1
90.102	759	2	1
90.219	760	1	1
90.336	761	4	1
90.453	762	2	1
90.570	763	3	1
90.688	764	1	1
90.805	765	2	1
90.922	766	4	1
91.274	767	4	1
91.391	768	1	1
91.625	769	1	1
91.742	770	2	1
91.860	771	1	1
91.977	772	3	1
92.328	773	2	1
92.445	774	3	1
92.563	775	1	1
92.680	776	2	1
92.797	777	4	1
93.149	778	4	1
93.500	779	4	1
93.735	780	1	1
93.852	781	2	1
93.969	782	1	1
94.086	783	4	1
94.203	784	2	1
94.320	785	3	1
94.438	786	1	1
94.555	787	2	1
94.672	788	4	1
95.024	789	4	1
95.141	790	1	1
95.375	791	1	1
95.492	792	2	1
95.610	793	1	1
95.727	794	3	1
96.078	795	1	1
96.195	796	3	1
96.313	797	1	1
96.430	798	2	1
96.547	799	4	1
96.899	800	4	1
97.250	801	4	1
97.485	802	1	1
97.602	803	2	1
97.719	804	1	1
97.836	805	3	1
97.895	806	4	1
97.953	807	2	1
98.070	808	3	1
98.188	809	1	1
98.305	810	2	1
98.422	811	4	1
98.539	812	2	1
98.656	813	1	1
98.774	814	4	1
98.891	815	1	1
99.125	816	1	1
99.242	817	2	1
99.477	818	1	1
99.594	819	3	1
99.828	820	2	1
99.945	821	3	1
100.063	822	1	1
100.180	823	2	1
100.297	824	4	1
100.531	825	3	1
100.649	826	4	1
100.766	827	2	2
101.235	828	2	3
101.235	829	1	1
101.352	830	2	1
101.469	831	1	1
101.586	832	3	1
101.645	833	4	1
101.703	834	2	1
101.820	835	3	1
101.938	836	1	1
102.055	837	2	1
102.172	838	4	1
102.641	839	1	1
102.875	840	1	1
102.992	841	2	1
103.110	842	1	1
103.227	843	3	1
103.578	844	2	2
103.695	845	2	3
103.695	846	3	2
103.813	847	3	3
103.813	848	1	1
103.930	849	2	1
104.047	850	4	2
104.164	851	4	3
104.281	852	2	1
104.399	853	4	2
104.516	854	4	3
104.985	855	3	1
104.985	856	1	2
105.336	857	1	3
104.985	858	4	2
105.336	859	4	3
105.336	860	2	1
105.453	861	1	1
105.453	862	4	1
105.570	863	4	1
105.688	864	2	1
105.805	865	3	1
105.922	866	1	1
105.922	867	2	1
106.039	868	4	1
106.156	869	1	1
106.274	870	1	1
106.391	871	3	1
106.391	872	4	1
106.625	873	2	1
106.742	874	1	1
106.860	875	4	1
106.860	876	3	1
106.977	877	1	1
107.094	878	2	1
107.123	879	4	1
107.152	880	3	1
107.328	881	1	1
107.328	882	4	1
107.328	883	2	1
107.445	884	1	1
107.563	885	3	1
107.680	886	2	1
107.797	887	3	1
107.797	888	4	1
108.031	889	3	1
108.149	890	2	1
108.266	891	3	2
108.500	892	3	3
108.266	893	4	2
108.617	894	4	3
108.266	895	1	2
108.617	896	1	3
108.500	897	2	1
108.617	898	3	1
108.735	899	4	1
108.735	900	1	1
108.852	901	1	1
108.969	902	3	1
109.086	903	2	1
109.145	904	1	1
109.203	905	4	1
109.203	906	3	1
109.320	907	4	1
109.438	908	2	1
109.555	909	1	1
109.672	910	4	1
109.672	911	2	1
109.731	912	3	1
109.906	913	1	1
109.936	914	3	1
109.965	915	2	1
110.141	916	1	1
110.141	917	4	1
110.141	918	3	1
110.258	919	4	1
110.375	920	2	1
110.492	921	3	1
110.610	922	1	1
110.610	923	2	1
110.727	924	4	1
110.844	925	1	1
110.902	926	3	1
110.932	927	2	1
110.961	928	4	1
111.078	929	3	1
111.078	930	1	1
111.195	931	2	1
111.313	932	4	1
111.430	933	4	1
111.547	934	2	1
111.547	935	1	1
111.664	936	4	1
111.781	937	2	1
111.899	938	3	1
112.016	939	4	2
112.367	940	4	3
112.016	941	1	2
112.367	942	1	3
112.016	943	2	1
112.250	944	3	1
112.367	945	2	1
112.485	946	4	1
112.485	947	1	1
112.602	948	4	1
112.719	949	2	1
112.836	950	3	1
112.895	951	4	1
112.953	952	2	1
112.953	953	1	1
113.070	954	1	1
113.188	955	3	1
113.305	956	2	1
113.422	957	4	1
113.422	958	3	1
113.539	959	1	1
113.656	960	4	1
113.774	961	4	1
113.891	962	2	1
113.891	963	1	1
114.125	964	3	1
114.242	965	2	1
114.360	966	4	1
114.360	967	3	1
114.477	968	1	1
114.594	969	2	1
114.652	970	3	1
114.711	971	1	1
114.770	972	2	1
114.828	973	3	1
114.828	974	4	1
114.945	975	4	1
115.063	976	2	1
115.180	977	3	1
115.297	978	2	1
115.297	979	1	1
115.531	980	2	1
115.649	981	3	1
115.766	982	2	2
116.000	983	2	3
115.766	984	1	2
116.117	985	1	3
115.766	986	4	2
116.117	987	4	3
116.117	988	2	1
116.235	989	4	1
116.235	990	1	1
116.352	991	4	1
116.469	992	2	1
116.586	993	3	1
116.645	994	4	1
116.703	995	1	1
116.703	996	2	1
116.820	997	1	1
116.938	998	3	1
117.055	999	2	1
117.172	1000	4	1
117.172	1001	1	1
117.231	1002	3	1
117.406	1003	2	1
117.436	1004	3	1
117.465	1005	1	1
117.641	1006	2	1
117.641	1007	4	1
117.758	1008	4	1
117.875	1009	2	1
117.992	1010	3	1
118.110	1011	1	1
118.110	1012	2	1
118.344	1013	1	1
118.402	1014	3	1
118.432	1015	2	1
118.461	1016	4	1
118.578	1017	3	1
118.578	1018	1	1
118.695	1019	2	1
118.813	1020	4	1
118.930	1021	4	1
119.047	1022	1	1
119.047	1023	2	1
119.164	1024	4	1
119.281	1025	2	1
119.399	1026	3	1
119.516	1027	1	2
119.867	1028	1	3
119.516	1029	4	1
119.516	1030	2	2
119.867	1031	2	3
119.750	1032	4	1
119.750	1033	3	1
119.867	1034	4	1
119.867	1035	3	1
119.985	1036	2	1
119.985	1037	1	1
120.102	1038	1	1
120.219	1039	3	1
120.336	1040	2	1
120.395	1041	1	1
120.453	1042	4	1
120.453	1043	3	1
120.570	1044	4	1
120.688	1045	2	1
120.805	1046	3	1
120.922	1047	2	1
120.922	1048	1	1
121.039	1049	3	1
121.274	1050	2	1
121.391	1051	1	2
122.211	1052	1	3
121.391	1053	4	2
122.211	1054	4	3
121.391	1055	3	1
122.211	1056	3	1
122.328	1057	1	1
122.328	1058	4	1
122.445	1059	1	1
122.563	1060	3	1
122.592	1061	2	1
122.680	1062	4	1
122.797	1063	3	1
122.797	1064	1	1
122.914	1065	1	1
123.031	1066	3	1
123.149	1067	3	1
123.266	1068	1	2
123.617	1069	1	3
123.266	1070	4	2
123.617	1071	4	3
123.500	1072	3	1
123.617	1073	2	1
123.735	1074	1	1
123.735	1075	4	1
123.852	1076	4	1
123.969	1077	2	1
124.086	1078	3	1
124.145	1079	4	1
124.203	1080	1	1
124.203	1081	2	1
124.320	1082	1	1
124.438	1083	3	1
124.555	1084	2	1
124.672	1085	1	1
124.672	1086	4	1
124.731	1087	3	1
124.906	1088	2	1
124.936	1089	3	1
124.965	1090	1	1
125.141	1091	4	1
125.141	1092	2	1
125.258	1093	4	1
125.375	1094	2	1
125.492	1095	3	1
125.610	1096	2	1
125.610	1097	1	1
125.727	1098	4	1
125.844	1099	1	1
125.902	1100	3	1
125.932	1101	2	1
125.961	1102	4	1
126.078	1103	3	1
126.078	1104	1	1
126.195	1105	2	1
126.313	1106	4	1
126.430	1107	4	1
126.547	1108	2	1
126.547	1109	1	1
126.664	1110	1	1
126.781	1111	3	1
126.899	1112	2	1
127.016	1113	4	2
127.367	1114	4	3
127.016	1115	3	1
127.250	1116	1	2
127.602	1117	1	3
127.485	1118	4	2
127.836	1119	4	3
127.485	1120	3	1
127.602	1121	2	1
127.719	1122	1	2
128.305	1123	1	3
127.953	1124	3	1
127.953	1125	4	2
128.305	1126	4	3
128.188	1127	2	1
128.305	1128	3	1
128.422	1129	1	1
128.422	1130	4	1
128.539	1131	1	1
128.656	1132	3	1
128.774	1133	2	1
128.891	1134	1	2
129.242	1135	1	3
128.891	1136	3	2
129.360	1137	3	3
128.891	1138	4	2
129.360	1139	4	3
129.360	1140	1	1
129.418	1141	2	1
129.477	1142	4	1
129.535	1143	1	1
129.594	1144	2	1
129.652	1145	3	1
129.711	1146	4	2
129.945	1147	4	3
129.945	1148	1	1
130.004	1149	2	1
130.063	1150	4	1
130.121	1151	1	1
130.180	1152	3	1
130.238	1153	4	1
130.297	1154	1	2
130.531	1155	1	3
130.531	1156	3	1
130.649	1157	2	1
130.766	1158	4	2
131.117	1159	4	3
130.766	1160	1	2
131.117	1161	1	3
131.117	1162	3	1
131.235	1163	1	1
131.235	1164	4	1
131.352	1165	1	1
131.469	1166	3	1
131.586	1167	2	1
131.645	1168	1	1
131.703	1169	4	1
131.703	1170	3	1
131.820	1171	4	1
131.938	1172	1	1
132.055	1173	3	1
132.172	1174	2	1
132.172	1175	1	1
132.328	1176	3	1
132.328	1177	4	1
132.485	1178	2	1
132.485	1179	1	1
132.641	1180	1	1
132.641	1181	3	1
132.641	1182	4	1
132.797	1183	2	1
132.875	1184	3	1
132.953	1185	4	1
133.031	1186	1	1
133.070	1187	2	1
133.110	1188	4	1
133.110	1189	3	1
133.227	1190	4	1
133.344	1191	1	1
133.402	1192	3	1
133.432	1193	2	1
133.461	1194	4	1
133.578	1195	3	1
133.578	1196	1	1
133.695	1197	2	1
133.813	1198	4	1
133.930	1199	4	1
134.047	1200	3	1
134.047	1201	1	1
134.164	1202	1	1
134.281	1203	3	1
134.399	1204	2	1
134.516	1205	1	1
134.516	1206	3	1
134.516	1207	4	1
134.633	1208	1	1
134.750	1209	4	1
134.867	1210	4	1
134.985	1211	2	1
134.985	1212	1	1
135.102	1213	3	1
135.219	1214	1	1
135.336	1215	3	1
135.395	1216	4	1
135.453	1217	2	1
135.453	1218	1	1
135.570	1219	1	1
135.688	1220	4	1
135.805	1221	2	1
135.922	1222	3	1
135.922	1223	1	1
135.981	1224	4	1
136.391	1225	1	1
136.391	1226	3	1
136.449	1227	2	1
136.625	1228	3	1
136.742	1229	2	1
136.860	1230	4	1
136.860	1231	1	1
136.977	1232	4	1
137.328	1233	1	1
137.328	1234	2	1
137.445	1235	1	1
137.563	1236	3	1
137.680	1237	2	1
137.797	1238	4	1
137.797	1239	3	1
138.031	1240	2	1
138.149	1241	3	1
138.266	1242	1	2
138.617	1243	1	3
138.266	1244	4	2
138.617	1245	4	3
138.266	1246	2	2
138.500	1247	2	3
138.617	1248	2	1
138.735	1249	4	1
138.735	1250	1	1
138.852	1251	4	1
138.969	1252	2	1
139.086	1253	3	1
139.145	1254	4	1
139.203	1255	1	1
139.203	1256	2	1
139.320	1257	1	1
139.438	1258	4	1
139.555	1259	3	1
139.672	1260	4	1
139.672	1261	2	1
139.731	1262	1	1
139.906	1263	3	1
140.024	1264	3	1
140.141	1265	4	1
140.141	1266	1	1
140.258	1267	1	1
140.375	1268	3	1
140.492	1269	2	1
140.610	1270	4	1
140.610	1271	3	1
140.727	1272	4	1
140.844	1273	1	1
140.902	1274	3	1
140.932	1275	2	1
140.961	1276	4	1
141.078	1277	1	1
141.078	1278	3	1
141.195	1279	2	1
141.313	1280	4	1
141.430	1281	2	1
141.547	1282	3	1
141.547	1283	4	1
141.664	1284	1	1
141.781	1285	3	1
141.899	1286	2	1
142.016	1287	1	1
142.016	1288	4	2
142.367	1289	4	3
142.016	1290	3	2
142.367	1291	3	3
142.250	1292	2	1
142.250	1293	1	1
142.367	1294	2	1
142.367	1295	1	1
142.485	1296	4	1
142.485	1297	3	1
142.602	1298	4	1
142.719	1299	2	1
142.836	1300	3	1
142.895	1301	4	1
142.953	1302	1	1
142.953	1303	2	1
143.070	1304	1	1
143.188	1305	4	1
143.305	1306	3	1
143.422	1307	4	1
143.422	1308	2	1
143.481	1309	1	1
143.656	1310	3	1
143.774	1311	2	1
143.891	1312	3	1
143.891	1313	1	1
143.949	1314	4	1
144.125	1315	2	1
144.242	1316	2	1
144.360	1317	1	1
144.360	1318	4	1
144.477	1319	4	1
144.594	1320	2	1
144.711	1321	3	1
144.828	1322	1	1
144.828	1323	2	1
144.945	1324	1	1
145.063	1325	3	1
145.180	1326	2	1
145.297	1327	4	1
145.297	1328	3	1
145.531	1329	2	1
145.649	1330	3	1
145.766	1331	4	2
146.117	1332	4	3
145.766	1333	1	2
146.117	1334	1	3
145.766	1335	2	2
146.000	1336	2	3
146.117	1337	2	1
146.235	1338	4	1
146.235	1339	1	1
146.352	1340	4	1
146.469	1341	2	1
146.586	1342	3	1
146.703	1343	1	1
146.703	1344	2	1
146.820	1345	1	1
146.938	1346	3	1
147.055	1347	2	1
147.172	1348	3	1
147.172	1349	1	1
147.231	1350	4	1
147.406	1351	2	1
147.524	1352	2	1
147.641	1353	4	1
147.641	1354	1	1
147.758	1355	4	1
147.875	1356	2	1
147.992	1357	3	1
148.110	1358	4	1
148.110	1359	2	1
148.227	1360	4	1
148.344	1361	1	1
148.402	1362	3	1
148.432	1363	2	1
148.461	1364	4	1
148.578	1365	1	1
148.578	1366	3	1
148.695	1367	2	1
148.813	1368	4	1
148.930	1369	4	1
149.047	1370	2	1
149.047	1371	1	1
149.164	1372	1	1
149.281	1373	3	1
149.399	1374	2	1
149.516	1375	3	2
149.750	1376	3	3
149.516	1377	4	2
149.867	1378	4	3
149.516	1379	1	2
149.867	1380	1	3
149.750	1381	2	1
149.867	1382	3	1
149.985	1383	1	1
149.985	1384	4	1
150.102	1385	1	1
150.219	1386	3	2
150.453	1387	3	3
150.336	1388	2	1
150.453	1389	1	1
150.453	1390	4	1
150.570	1391	4	1
150.805	1392	1	1
150.922	1393	1	1
150.922	1394	3	1
151.039	1395	4	1
151.156	1396	2	2
151.391	1397	2	3
151.274	1398	3	1
151.391	1399	1	1
151.391	1400	4	1
151.508	1401	1	1
151.625	1402	3	1
151.742	1403	3	1
151.860	1404	1	1
151.860	1405	4	1
151.977	1406	2	1
152.094	1407	1	1
152.094	1408	4	1