Song Name	Where We Wanna Be (Hard) by Hyper Potions & Mega Flare feat. Slyleaf
Difficulty	24
Primary Color	Rush
Secondary Color	Vibe
Last Note Time	134.474
Total Notes	1514
Fever Fill	378
Fever Time	20.171100
Long Notes	379
BPM	135
Song Length	134.880362812

Timing Points
0.030	444.4444


Song Data
0.030	1	2	1
0.030	2	3	1
0.252	3	1	1
0.474	4	3	1
0.696	5	1	1
0.835	6	3	1
0.918	7	2	1
1.141	8	3	1
1.141	9	4	1
1.363	10	1	1
1.585	11	3	1
1.807	12	1	1
1.807	13	2	1
2.029	14	2	1
2.252	15	3	1
2.474	16	1	1
2.613	17	3	1
2.696	18	2	1
2.918	19	3	1
2.918	20	4	1
3.141	21	2	1
3.363	22	4	1
3.585	23	2	1
3.585	24	3	1
3.807	25	4	1
4.029	26	2	1
4.252	27	4	1
4.391	28	2	1
4.474	29	3	1
4.696	30	1	1
4.696	31	2	1
4.918	32	4	1
5.141	33	2	1
5.363	34	3	1
5.363	35	4	1
5.585	36	3	1
5.807	37	2	1
6.029	38	4	1
6.168	39	2	1
6.252	40	3	1
6.363	41	4	1
6.474	42	1	1
6.474	43	2	1
6.585	44	4	1
6.696	45	2	1
6.696	46	3	1
6.807	47	4	1
6.918	48	1	1
7.141	49	2	1
7.141	50	3	1
7.363	51	1	1
7.474	52	2	1
7.585	53	1	1
7.585	54	4	1
7.696	55	3	1
7.807	56	4	2
7.918	57	1	1
8.029	58	2	1
8.029	59	3	1
8.029	60	4	3
8.252	61	1	2
8.474	62	3	2
8.474	63	4	1
8.696	64	2	1
8.918	65	2	1
8.918	66	4	1
8.918	67	1	3
8.918	68	3	3
9.252	69	2	1
9.252	70	4	1
9.363	71	1	1
9.363	72	3	1
9.585	73	2	1
9.585	74	4	1
9.807	75	1	1
9.807	76	3	1
10.029	77	2	1
10.141	78	1	1
10.141	79	3	1
10.252	80	2	1
10.252	81	4	1
10.474	82	1	1
10.474	83	3	2
10.696	84	1	1
10.696	85	2	1
10.696	86	3	3
10.918	87	1	2
11.141	88	3	1
11.141	89	4	2
11.363	90	2	2
11.363	91	1	3
11.363	92	4	3
11.474	93	3	1
11.585	94	1	1
11.585	95	4	1
11.585	96	2	3
11.807	97	3	2
12.029	98	1	1
12.029	99	4	1
12.029	100	3	3
12.252	101	2	1
12.474	102	1	1
12.474	103	3	1
12.696	104	2	1
12.807	105	1	1
12.807	106	3	1
12.918	107	2	1
12.918	108	4	1
13.141	109	1	1
13.141	110	3	1
13.363	111	2	1
13.363	112	4	1
13.585	113	3	1
13.696	114	2	1
13.696	115	4	1
13.807	116	1	1
13.807	117	3	1
14.029	118	2	1
14.029	119	4	1
14.252	120	1	1
14.252	121	3	2
14.474	122	4	1
14.474	123	3	3
14.696	124	2	1
14.696	125	4	1
14.918	126	1	1
15.029	127	3	1
15.141	128	1	1
15.141	129	2	1
15.363	130	1	2
15.585	131	3	1
15.585	132	4	1
15.807	133	2	1
15.807	134	1	3
16.029	135	1	1
16.029	136	3	1
16.363	137	1	1
16.363	138	3	1
16.474	139	2	1
16.474	140	4	1
16.696	141	1	1
16.696	142	3	1
16.918	143	2	1
16.918	144	4	1
17.141	145	1	1
17.252	146	2	1
17.252	147	4	1
17.363	148	1	1
17.363	149	3	1
17.585	150	2	1
17.585	151	4	2
17.807	152	2	1
17.807	153	3	1
17.807	154	4	3
18.029	155	1	2
18.252	156	2	1
18.252	157	4	2
18.474	158	3	2
18.474	159	1	3
18.474	160	4	3
18.585	161	2	1
18.696	162	1	1
18.696	163	4	1
18.696	164	3	3
18.918	165	2	2
19.141	166	1	1
19.141	167	4	1
19.141	168	2	3
19.363	169	3	1
19.585	170	2	1
19.585	171	4	1
19.807	172	1	1
19.918	173	2	1
19.918	174	4	1
20.029	175	1	1
20.029	176	3	1
20.252	177	2	1
20.252	178	4	1
20.474	179	1	1
20.474	180	3	1
20.696	181	4	1
20.807	182	1	1
20.807	183	3	1
20.918	184	2	1
20.918	185	4	1
21.141	186	1	1
21.141	187	3	1
21.363	188	2	1
21.363	189	3	1
21.585	190	4	2
21.696	191	4	3
21.807	192	1	1
21.807	193	4	2
22.141	194	3	1
22.252	195	1	2
22.252	196	2	1
22.252	197	4	3
22.363	198	1	3
22.474	199	1	2
22.696	200	4	1
22.918	201	3	1
22.918	202	1	3
23.141	203	2	1
23.141	204	4	1
23.363	205	3	1
23.474	206	2	1
23.474	207	4	1
23.585	208	1	1
23.585	209	3	1
23.807	210	2	1
23.807	211	4	1
24.029	212	1	1
24.029	213	3	1
24.363	214	1	1
24.363	215	3	1
24.474	216	2	1
24.474	217	4	1
24.696	218	1	1
24.696	219	3	1
24.918	220	1	1
24.918	221	2	1
25.141	222	3	2
25.252	223	3	3
25.363	224	3	2
25.363	225	4	1
25.585	226	2	1
25.585	227	3	3
25.696	228	4	1
25.807	229	1	1
25.807	230	2	2
25.918	231	2	3
26.029	232	2	2
26.252	233	3	1
26.252	234	4	1
26.252	235	2	3
26.474	236	2	1
26.696	237	1	1
26.696	238	3	1
26.918	239	2	1
27.029	240	1	1
27.029	241	3	1
27.141	242	2	1
27.141	243	4	1
27.363	244	1	1
27.363	245	3	1
27.585	246	2	1
27.585	247	4	1
27.807	248	3	1
27.918	249	2	1
27.918	250	4	1
28.029	251	1	1
28.029	252	3	1
28.252	253	2	1
28.252	254	4	1
28.474	255	1	1
28.474	256	3	1
28.696	257	3	1
28.918	258	2	1
28.918	259	4	1
29.141	260	1	1
29.252	261	3	1
29.363	262	1	1
29.363	263	2	1
29.585	264	1	2
29.807	265	3	1
29.807	266	4	1
30.029	267	2	1
30.029	268	1	3
30.252	269	1	1
30.252	270	3	1
30.585	271	1	1
30.585	272	3	1
30.696	273	2	1
30.696	274	4	1
30.918	275	1	1
30.918	276	3	1
31.141	277	2	1
31.141	278	4	1
31.363	279	1	1
31.474	280	2	1
31.474	281	4	1
31.585	282	1	1
31.585	283	3	1
31.807	284	2	1
31.807	285	4	2
32.029	286	1	1
32.029	287	3	1
32.029	288	4	3
32.252	289	4	2
32.474	290	1	2
32.474	291	2	1
32.696	292	3	2
32.696	293	1	3
32.696	294	4	3
32.807	295	2	1
32.918	296	1	1
32.918	297	4	1
32.918	298	3	3
33.141	299	2	2
33.363	300	1	1
33.363	301	4	1
33.363	302	2	3
33.585	303	3	1
33.807	304	2	1
33.807	305	4	1
34.029	306	1	1
34.141	307	2	1
34.141	308	4	1
34.252	309	1	1
34.252	310	3	1
34.474	311	2	1
34.474	312	4	1
34.529	313	3	1
34.585	314	1	1
34.641	315	2	1
34.696	316	3	1
34.696	317	4	1
34.844	318	1	1
34.844	319	2	1
34.992	320	3	1
34.992	321	4	1
35.141	322	1	1
35.141	323	2	1
35.141	324	4	1
35.363	325	2	2
35.474	326	3	2
35.585	327	1	2
35.585	328	4	1
35.807	329	4	1
35.807	330	1	3
35.807	331	2	3
35.807	332	3	3
36.029	333	2	1
36.029	334	4	1
36.252	335	3	2
36.363	336	4	2
36.474	337	1	1
36.474	338	2	2
36.696	339	1	1
36.696	340	2	3
36.696	341	3	3
36.696	342	4	3
36.918	343	1	1
36.918	344	3	1
37.141	345	3	2
37.363	346	2	1
37.363	347	4	2
37.585	348	1	1
37.585	349	3	3
37.585	350	4	3
37.696	351	2	1
37.696	352	4	1
37.807	353	1	1
37.807	354	3	1
38.029	355	2	1
38.029	356	4	1
38.141	357	3	1
38.252	358	1	1
38.252	359	4	1
38.363	360	2	1
38.474	361	3	1
38.585	362	1	1
38.585	363	4	1
38.696	364	2	1
38.696	365	3	1
38.918	366	1	2
38.918	367	4	1
39.029	368	3	2
39.141	369	2	2
39.141	370	4	1
39.363	371	4	1
39.363	372	1	3
39.363	373	2	3
39.363	374	3	3
39.585	375	3	1
39.585	376	4	1
39.807	377	2	2
39.918	378	4	2
40.029	379	1	1
40.029	380	3	2
40.252	381	1	1
40.252	382	2	3
40.252	383	3	3
40.252	384	4	3
40.474	385	1	1
40.474	386	2	1
40.696	387	3	2
40.918	388	1	1
40.918	389	4	2
41.141	390	2	1
41.141	391	3	3
41.141	392	4	3
41.252	393	1	1
41.252	394	4	1
41.363	395	2	1
41.363	396	3	1
41.585	397	1	1
41.585	398	4	1
41.696	399	2	1
41.807	400	1	1
41.807	401	3	1
41.918	402	2	1
42.029	403	4	1
42.141	404	1	1
42.141	405	3	1
42.252	406	2	1
42.252	407	4	1
42.474	408	1	1
42.474	409	3	2
42.696	410	1	2
42.696	411	4	1
42.918	412	2	1
43.141	413	2	1
43.141	414	4	1
43.141	415	1	3
43.141	416	3	3
43.363	417	2	2
43.474	418	3	1
43.585	419	1	1
43.585	420	4	2
43.807	421	3	1
44.029	422	1	1
44.029	423	3	1
44.029	424	2	3
44.029	425	4	3
44.252	426	1	2
44.474	427	3	2
44.474	428	4	1
44.696	429	2	1
44.696	430	1	3
44.696	431	3	3
44.807	432	1	1
44.807	433	3	1
44.918	434	2	1
44.918	435	4	1
45.141	436	1	1
45.141	437	3	1
45.252	438	2	1
45.363	439	1	1
45.363	440	4	1
45.474	441	3	1
45.585	442	2	1
45.696	443	1	1
45.696	444	4	1
45.807	445	2	1
45.807	446	3	1
46.029	447	1	2
46.029	448	4	1
46.252	449	2	2
46.252	450	3	1
46.474	451	3	2
46.474	452	1	3
46.474	453	2	3
46.585	454	3	3
46.696	455	1	2
46.696	456	4	1
46.807	457	1	3
46.918	458	1	2
47.029	459	2	1
47.029	460	1	3
47.141	461	3	2
47.141	462	4	1
47.252	463	3	3
47.363	464	3	2
47.474	465	3	3
47.585	466	1	1
47.585	467	4	1
47.807	468	2	1
48.029	469	1	1
48.029	470	4	1
48.252	471	2	1
48.363	472	1	1
48.363	473	4	1
48.474	474	2	1
48.474	475	3	1
48.696	476	1	1
48.696	477	4	1
48.807	478	3	1
48.918	479	2	1
48.918	480	4	1
49.029	481	3	1
49.141	482	1	1
49.252	483	2	1
49.252	484	4	1
49.363	485	3	1
49.807	486	1	1
50.252	487	4	1
50.696	488	1	1
51.141	489	4	1
51.585	490	1	1
52.029	491	4	1
52.474	492	1	1
52.918	493	4	1
53.363	494	1	1
53.807	495	4	1
54.141	496	3	1
54.252	497	1	1
54.474	498	2	1
54.696	499	4	1
54.918	500	3	1
55.141	501	1	1
55.474	502	2	1
55.585	503	4	1
55.807	504	2	1
56.029	505	1	1
56.363	506	2	1
56.474	507	4	1
56.696	508	3	1
56.918	509	1	1
57.363	510	4	2
57.474	511	4	3
57.696	512	3	2
57.807	513	1	1
57.807	514	3	3
58.029	515	2	2
58.141	516	2	3
58.252	517	4	1
58.474	518	3	2
58.585	519	3	3
58.696	520	2	2
58.807	521	2	3
59.029	522	1	2
59.141	523	4	1
59.141	524	1	3
59.363	525	1	2
59.474	526	1	3
59.585	527	4	2
59.696	528	4	3
59.918	529	3	2
60.029	530	1	1
60.029	531	3	3
60.252	532	2	2
60.363	533	2	3
60.474	534	4	1
60.696	535	1	1
60.918	536	3	2
60.918	537	4	2
61.029	538	3	3
61.029	539	4	3
61.141	540	1	1
61.252	541	2	2
61.252	542	4	2
61.363	543	3	1
61.363	544	2	3
61.363	545	4	3
61.474	546	2	1
61.585	547	1	2
61.585	548	3	2
61.696	549	4	1
61.696	550	1	3
61.696	551	3	3
61.807	552	2	1
61.918	553	3	1
62.029	554	2	2
62.029	555	4	2
62.141	556	1	1
62.141	557	2	3
62.141	558	4	3
62.252	559	3	1
62.585	560	1	2
62.696	561	1	3
62.918	562	2	2
63.029	563	2	3
63.141	564	1	2
63.141	565	3	2
63.252	566	1	3
63.252	567	3	3
63.474	568	2	2
63.474	569	4	2
63.585	570	1	1
63.585	571	3	1
63.585	572	2	3
63.585	573	4	3
63.807	574	2	2
63.807	575	3	2
63.918	576	2	3
63.918	577	3	3
64.029	578	1	2
64.029	579	3	1
64.029	580	4	1
64.141	581	1	3
64.474	582	1	2
64.474	583	3	2
64.474	584	4	2
64.585	585	1	3
64.585	586	3	3
64.585	587	4	3
64.807	588	1	2
64.807	589	4	2
64.918	590	2	1
64.918	591	3	1
64.918	592	1	3
64.918	593	4	3
65.141	594	1	2
65.141	595	2	2
65.141	596	3	2
65.252	597	1	3
65.252	598	2	3
65.252	599	3	3
65.585	600	1	2
65.585	601	3	2
65.585	602	4	2
65.696	603	1	3
65.696	604	3	3
65.696	605	4	3
65.807	606	1	2
65.807	607	2	2
65.807	608	4	2
65.918	609	1	3
65.918	610	2	3
65.918	611	4	3
66.141	612	2	2
66.141	613	3	2
66.252	614	1	1
66.252	615	4	1
66.252	616	2	3
66.252	617	3	3
66.474	618	1	2
66.474	619	2	2
66.474	620	3	2
66.585	621	1	3
66.585	622	2	3
66.585	623	3	3
66.696	624	1	2
66.696	625	3	2
66.696	626	4	2
66.807	627	1	3
66.807	628	3	3
66.807	629	4	3
67.029	630	1	2
67.029	631	2	2
67.029	632	4	2
67.141	633	1	3
67.141	634	2	3
67.141	635	4	3
67.363	636	1	2
67.363	637	3	2
67.363	638	4	2
67.474	639	1	3
67.474	640	3	3
67.474	641	4	3
67.585	642	1	2
67.585	643	2	1
67.696	644	1	3
68.029	645	1	2
68.029	646	3	2
68.029	647	4	2
68.141	648	1	3
68.141	649	3	3
68.141	650	4	3
68.363	651	1	2
68.363	652	4	2
68.474	653	2	1
68.474	654	3	1
68.474	655	1	3
68.474	656	4	3
68.696	657	1	2
68.696	658	2	2
68.696	659	3	2
68.807	660	1	3
68.807	661	2	3
68.807	662	3	3
69.141	663	1	2
69.141	664	2	2
69.141	665	4	2
69.252	666	1	3
69.252	667	2	3
69.252	668	4	3
69.363	669	1	2
69.363	670	3	2
69.363	671	4	2
69.474	672	1	3
69.474	673	3	3
69.474	674	4	3
69.696	675	1	2
69.696	676	3	2
69.807	677	2	1
69.807	678	4	1
69.807	679	1	3
69.807	680	3	3
70.029	681	1	2
70.029	682	2	2
70.029	683	3	2
70.141	684	1	3
70.141	685	2	3
70.141	686	3	3
70.252	687	1	2
70.252	688	3	2
70.252	689	4	2
70.363	690	1	3
70.363	691	3	3
70.363	692	4	3
70.585	693	1	2
70.585	694	2	2
70.585	695	4	2
70.696	696	1	3
70.696	697	2	3
70.696	698	4	3
70.918	699	2	2
70.918	700	3	2
70.918	701	4	2
71.029	702	2	3
71.029	703	3	3
71.029	704	4	3
71.141	705	1	2
71.141	706	3	1
71.252	707	1	3
71.585	708	1	2
71.585	709	3	2
71.585	710	4	2
71.696	711	1	3
71.696	712	3	3
71.696	713	4	3
71.918	714	1	2
71.918	715	4	2
72.029	716	2	1
72.029	717	3	1
72.029	718	1	3
72.029	719	4	3
72.252	720	1	2
72.252	721	2	2
72.252	722	3	2
72.363	723	1	3
72.363	724	2	3
72.363	725	3	3
72.696	726	1	2
72.696	727	3	2
72.696	728	4	2
72.807	729	1	3
72.807	730	3	3
72.807	731	4	3
72.918	732	1	2
72.918	733	2	2
72.918	734	4	2
73.029	735	1	3
73.029	736	2	3
73.029	737	4	3
73.252	738	2	2
73.252	739	3	2
73.363	740	1	1
73.363	741	4	1
73.363	742	2	3
73.363	743	3	3
73.585	744	1	2
73.585	745	2	2
73.585	746	3	2
73.696	747	1	3
73.696	748	2	3
73.696	749	3	3
73.807	750	1	2
73.807	751	3	2
73.807	752	4	2
73.918	753	1	3
73.918	754	3	3
73.918	755	4	3
74.141	756	1	2
74.141	757	2	2
74.141	758	4	2
74.252	759	1	3
74.252	760	2	3
74.252	761	4	3
74.474	762	1	2
74.474	763	3	2
74.474	764	4	2
74.585	765	1	3
74.585	766	3	3
74.585	767	4	3
74.696	768	1	2
74.696	769	2	1
74.807	770	1	3
74.918	771	2	1
75.141	772	1	2
75.141	773	3	2
75.141	774	4	2
75.252	775	1	3
75.252	776	3	3
75.252	777	4	3
75.363	778	2	1
75.474	779	1	2
75.474	780	4	2
75.585	781	2	1
75.585	782	3	1
75.585	783	1	3
75.585	784	4	3
75.807	785	1	2
75.807	786	2	2
75.807	787	3	2
75.918	788	1	3
75.918	789	2	3
75.918	790	3	3
76.029	791	4	1
76.252	792	1	2
76.252	793	2	2
76.252	794	4	2
76.363	795	1	3
76.363	796	2	3
76.363	797	4	3
76.474	798	1	2
76.474	799	3	2
76.474	800	4	2
76.585	801	1	3
76.585	802	3	3
76.585	803	4	3
76.807	804	1	2
76.807	805	3	2
76.918	806	2	1
76.918	807	4	1
76.918	808	1	3
76.918	809	3	3
77.141	810	1	2
77.141	811	3	2
77.141	812	4	2
77.252	813	1	3
77.252	814	3	3
77.252	815	4	3
77.363	816	1	2
77.363	817	2	2
77.363	818	4	2
77.474	819	3	1
77.474	820	1	3
77.474	821	2	3
77.474	822	4	3
77.696	823	1	2
77.696	824	3	2
77.696	825	4	2
77.807	826	2	1
77.807	827	1	3
77.807	828	3	3
77.807	829	4	3
78.029	830	1	2
78.029	831	2	2
78.029	832	4	2
78.141	833	1	3
78.141	834	2	3
78.141	835	4	3
78.252	836	1	2
78.252	837	3	1
78.252	838	4	1
78.363	839	1	3
78.696	840	1	2
78.696	841	3	2
78.696	842	4	2
78.807	843	1	3
78.807	844	3	3
78.807	845	4	3
79.029	846	1	2
79.029	847	4	2
79.141	848	2	1
79.141	849	3	1
79.141	850	1	3
79.141	851	4	3
79.363	852	1	2
79.363	853	2	2
79.363	854	3	2
79.474	855	1	3
79.474	856	2	3
79.474	857	3	3
79.585	858	4	1
79.807	859	1	2
79.807	860	3	2
79.807	861	4	2
79.918	862	1	3
79.918	863	3	3
79.918	864	4	3
80.029	865	1	2
80.029	866	2	2
80.029	867	4	2
80.141	868	1	3
80.141	869	2	3
80.141	870	4	3
80.363	871	2	2
80.363	872	3	2
80.474	873	1	1
80.474	874	4	1
80.474	875	2	3
80.474	876	3	3
80.696	877	1	2
80.696	878	2	2
80.696	879	3	2
80.807	880	1	3
80.807	881	2	3
80.807	882	3	3
80.918	883	1	2
80.918	884	3	2
80.918	885	4	2
81.029	886	1	3
81.029	887	3	3
81.029	888	4	3
81.252	889	1	2
81.252	890	2	2
81.252	891	4	2
81.363	892	3	1
81.363	893	1	3
81.363	894	2	3
81.363	895	4	3
81.585	896	1	2
81.585	897	3	2
81.585	898	4	2
81.696	899	1	3
81.696	900	3	3
81.696	901	4	3
81.807	902	1	2
81.807	903	2	1
81.918	904	1	3
82.252	905	1	2
82.252	906	3	2
82.252	907	4	2
82.363	908	1	3
82.363	909	3	3
82.363	910	4	3
82.585	911	1	2
82.585	912	4	2
82.696	913	2	1
82.696	914	3	1
82.696	915	1	3
82.696	916	4	3
82.918	917	1	2
82.918	918	2	2
82.918	919	3	2
83.029	920	1	3
83.029	921	2	3
83.029	922	3	3
83.141	923	4	1
83.363	924	1	2
83.363	925	2	2
83.363	926	4	2
83.474	927	1	3
83.474	928	2	3
83.474	929	4	3
83.585	930	1	2
83.585	931	3	2
83.585	932	4	2
83.696	933	1	3
83.696	934	3	3
83.696	935	4	3
83.918	936	1	2
83.918	937	3	2
84.029	938	2	1
84.029	939	4	1
84.029	940	1	3
84.029	941	3	3
84.252	942	1	2
84.252	943	2	2
84.252	944	3	2
84.363	945	1	3
84.363	946	2	3
84.363	947	3	3
84.474	948	1	2
84.474	949	3	2
84.474	950	4	2
84.585	951	1	3
84.585	952	3	3
84.585	953	4	3
84.807	954	1	2
84.807	955	2	2
84.807	956	4	2
84.918	957	3	1
84.918	958	1	3
84.918	959	2	3
84.918	960	4	3
85.141	961	2	2
85.141	962	3	2
85.141	963	4	2
85.252	964	2	3
85.252	965	3	3
85.252	966	4	3
85.363	967	1	2
85.363	968	3	1
85.474	969	1	3
85.807	970	1	2
85.807	971	3	2
85.807	972	4	2
85.918	973	1	3
85.918	974	3	3
85.918	975	4	3
86.141	976	1	2
86.141	977	4	2
86.252	978	2	1
86.252	979	3	1
86.252	980	1	3
86.252	981	4	3
86.474	982	1	2
86.474	983	2	2
86.474	984	3	2
86.585	985	1	3
86.585	986	2	3
86.585	987	3	3
86.696	988	4	1
86.918	989	1	2
86.918	990	3	2
86.918	991	4	2
87.029	992	1	3
87.029	993	3	3
87.029	994	4	3
87.141	995	1	2
87.141	996	2	2
87.141	997	4	2
87.252	998	1	3
87.252	999	2	3
87.252	1000	4	3
87.474	1001	2	2
87.474	1002	3	2
87.585	1003	1	1
87.585	1004	4	1
87.585	1005	2	3
87.585	1006	3	3
87.807	1007	1	2
87.807	1008	2	2
87.807	1009	3	2
87.918	1010	1	3
87.918	1011	2	3
87.918	1012	3	3
88.029	1013	1	2
88.029	1014	3	2
88.029	1015	4	2
88.141	1016	1	3
88.141	1017	3	3
88.141	1018	4	3
88.363	1019	1	2
88.363	1020	2	2
88.363	1021	4	2
88.474	1022	3	1
88.474	1023	1	3
88.474	1024	2	3
88.474	1025	4	3
88.696	1026	1	2
88.696	1027	3	2
88.696	1028	4	2
88.807	1029	1	3
88.807	1030	3	3
88.807	1031	4	3
88.918	1032	1	2
88.918	1033	2	1
89.029	1034	1	3
89.141	1035	2	1
89.363	1036	1	2
89.363	1037	3	2
89.363	1038	4	2
89.474	1039	1	3
89.474	1040	3	3
89.474	1041	4	3
89.585	1042	2	1
89.696	1043	1	2
89.696	1044	4	2
89.807	1045	2	1
89.807	1046	3	1
89.807	1047	1	3
89.807	1048	4	3
90.029	1049	1	2
90.029	1050	2	2
90.029	1051	3	2
90.141	1052	1	3
90.141	1053	2	3
90.141	1054	3	3
90.252	1055	4	1
90.474	1056	1	2
90.474	1057	2	2
90.474	1058	4	2
90.585	1059	1	3
90.585	1060	2	3
90.585	1061	4	3
90.696	1062	1	2
90.696	1063	3	2
90.807	1064	1	3
90.807	1065	3	3
91.029	1066	1	2
91.029	1067	2	2
91.141	1068	1	3
91.141	1069	2	3
91.363	1070	1	2
91.363	1071	3	2
91.474	1072	1	3
91.474	1073	3	3
91.585	1074	2	2
91.585	1075	4	2
91.696	1076	2	3
91.696	1077	4	3
91.918	1078	3	2
91.918	1079	4	2
92.029	1080	2	2
92.029	1081	3	3
92.029	1082	4	3
92.141	1083	2	3
92.252	1084	1	2
92.252	1085	2	2
92.363	1086	1	3
92.363	1087	2	3
92.474	1088	3	2
92.474	1089	4	1
92.585	1090	3	3
92.696	1091	3	2
92.807	1092	3	3
92.918	1093	1	1
92.918	1094	4	1
93.141	1095	4	2
93.252	1096	1	1
93.363	1097	2	1
93.363	1098	3	1
93.363	1099	4	3
93.585	1100	1	2
93.807	1101	3	2
93.807	1102	4	1
94.029	1103	2	1
94.252	1104	2	1
94.252	1105	4	1
94.252	1106	1	3
94.252	1107	3	3
94.585	1108	2	1
94.585	1109	4	1
94.696	1110	1	1
94.696	1111	3	1
94.918	1112	2	1
94.918	1113	4	1
95.141	1114	1	1
95.141	1115	3	1
95.474	1116	1	1
95.474	1117	3	1
95.585	1118	2	1
95.585	1119	4	1
95.807	1120	1	1
95.807	1121	3	1
96.029	1122	1	1
96.029	1123	2	2
96.363	1124	1	2
96.363	1125	2	3
96.474	1126	3	1
96.474	1127	4	1
96.696	1128	3	2
96.696	1129	1	3
96.918	1130	1	1
96.918	1131	2	1
97.029	1132	4	2
97.029	1133	3	3
97.141	1134	1	1
97.363	1135	1	1
97.363	1136	2	1
97.363	1137	4	3
97.585	1138	2	1
97.807	1139	1	1
97.807	1140	3	1
98.141	1141	1	1
98.141	1142	3	1
98.252	1143	2	1
98.252	1144	4	1
98.474	1145	1	1
98.474	1146	3	1
98.696	1147	2	1
98.696	1148	4	1
98.807	1149	3	1
99.029	1150	2	1
99.029	1151	4	1
99.141	1152	1	1
99.141	1153	3	1
99.363	1154	2	1
99.363	1155	4	1
99.585	1156	1	1
99.585	1157	3	2
99.807	1158	4	1
99.807	1159	3	3
100.029	1160	2	1
100.029	1161	4	1
100.252	1162	1	1
100.363	1163	3	1
100.474	1164	1	1
100.474	1165	2	1
100.696	1166	1	2
100.918	1167	3	1
100.918	1168	4	1
101.141	1169	2	1
101.141	1170	1	3
101.363	1171	1	1
101.363	1172	3	1
101.696	1173	1	1
101.696	1174	3	1
101.807	1175	2	1
101.807	1176	4	1
102.029	1177	1	1
102.029	1178	3	1
102.252	1179	2	1
102.252	1180	4	1
102.585	1181	2	1
102.585	1182	4	1
102.696	1183	1	1
102.696	1184	3	1
102.918	1185	2	1
102.918	1186	4	1
103.141	1187	2	1
103.141	1188	3	2
103.474	1189	4	2
103.474	1190	3	3
103.585	1191	1	1
103.585	1192	2	1
103.807	1193	2	2
103.807	1194	4	3
104.029	1195	3	1
104.029	1196	4	1
104.141	1197	1	2
104.141	1198	2	3
104.252	1199	4	1
104.474	1200	3	1
104.474	1201	4	1
104.474	1202	1	3
104.696	1203	3	1
104.918	1204	2	1
104.918	1205	4	1
105.252	1206	2	1
105.252	1207	4	1
105.363	1208	1	1
105.363	1209	3	1
105.585	1210	2	1
105.585	1211	4	1
105.807	1212	1	1
105.807	1213	3	1
105.918	1214	2	1
106.141	1215	1	1
106.141	1216	3	1
106.252	1217	2	1
106.252	1218	4	1
106.474	1219	1	1
106.474	1220	3	1
106.696	1221	2	1
106.696	1222	3	1
106.918	1223	4	2
107.029	1224	4	3
107.141	1225	1	1
107.141	1226	4	2
107.474	1227	3	1
107.585	1228	1	2
107.585	1229	2	1
107.585	1230	4	3
107.696	1231	1	3
107.807	1232	1	2
108.029	1233	4	1
108.252	1234	3	1
108.252	1235	1	3
108.474	1236	2	1
108.474	1237	4	1
108.696	1238	3	1
108.807	1239	2	1
108.807	1240	4	1
108.918	1241	1	1
108.918	1242	3	1
109.141	1243	2	1
109.141	1244	4	2
109.252	1245	4	3
109.363	1246	1	1
109.363	1247	3	2
109.474	1248	3	3
109.585	1249	2	2
109.696	1250	1	1
109.696	1251	3	1
109.696	1252	2	3
109.807	1253	2	1
109.807	1254	4	1
110.029	1255	1	1
110.029	1256	3	1
110.252	1257	1	1
110.252	1258	2	1
110.474	1259	3	2
110.585	1260	3	3
110.696	1261	3	2
110.696	1262	4	1
110.918	1263	2	1
110.918	1264	3	3
111.029	1265	4	1
111.141	1266	1	1
111.141	1267	2	2
111.252	1268	2	3
111.363	1269	2	2
111.585	1270	3	1
111.585	1271	4	1
111.585	1272	2	3
111.807	1273	2	1
112.029	1274	1	1
112.029	1275	3	1
112.252	1276	2	1
112.363	1277	1	1
112.363	1278	3	1
112.474	1279	2	1
112.474	1280	4	1
112.696	1281	1	1
112.696	1282	3	1
112.918	1283	2	1
112.918	1284	4	1
113.141	1285	3	1
113.252	1286	2	1
113.252	1287	4	1
113.363	1288	1	1
113.363	1289	3	1
113.585	1290	2	1
113.585	1291	4	1
113.807	1292	1	1
113.807	1293	3	1
114.029	1294	3	1
114.252	1295	2	1
114.252	1296	4	1
114.474	1297	1	1
114.585	1298	3	1
114.696	1299	1	1
114.696	1300	2	1
114.918	1301	4	2
115.141	1302	1	1
115.141	1303	3	1
115.141	1304	4	3
115.363	1305	2	1
115.585	1306	1	1
115.585	1307	3	1
115.807	1308	4	1
115.918	1309	1	1
115.918	1310	3	1
116.029	1311	2	1
116.029	1312	4	1
116.252	1313	1	1
116.252	1314	3	2
116.363	1315	3	3
116.474	1316	2	2
116.474	1317	4	1
116.585	1318	2	3
116.696	1319	1	2
116.807	1320	2	1
116.807	1321	4	1
116.807	1322	1	3
116.918	1323	1	1
116.918	1324	3	1
117.141	1325	2	1
117.141	1326	4	2
117.363	1327	1	1
117.363	1328	3	1
117.363	1329	4	3
117.585	1330	4	2
117.807	1331	1	2
117.807	1332	2	1
118.029	1333	3	2
118.029	1334	1	3
118.029	1335	4	3
118.141	1336	2	1
118.252	1337	1	1
118.252	1338	4	1
118.252	1339	3	3
118.474	1340	2	2
118.696	1341	1	1
118.696	1342	4	1
118.696	1343	2	3
118.918	1344	3	1
119.141	1345	2	1
119.141	1346	4	1
119.363	1347	1	1
119.474	1348	2	1
119.474	1349	4	1
119.585	1350	1	1
119.585	1351	3	1
119.807	1352	2	1
119.807	1353	4	1
119.863	1354	3	1
119.918	1355	1	1
119.974	1356	2	1
120.029	1357	3	1
120.029	1358	4	1
120.178	1359	1	1
120.178	1360	2	1
120.326	1361	3	1
120.326	1362	4	1
120.474	1363	1	1
120.474	1364	2	1
120.474	1365	4	1
120.696	1366	2	2
120.807	1367	3	2
120.918	1368	1	2
120.918	1369	4	1
121.141	1370	4	1
121.141	1371	1	3
121.141	1372	2	3
121.141	1373	3	3
121.363	1374	2	1
121.363	1375	4	1
121.585	1376	3	2
121.696	1377	4	2
121.807	1378	1	1
121.807	1379	2	2
122.029	1380	1	1
122.029	1381	2	3
122.029	1382	3	3
122.029	1383	4	3
122.252	1384	1	1
122.252	1385	3	1
122.474	1386	3	2
122.696	1387	2	1
122.696	1388	4	2
122.918	1389	1	1
122.918	1390	3	3
122.918	1391	4	3
123.029	1392	2	1
123.029	1393	4	1
123.141	1394	1	1
123.141	1395	3	1
123.363	1396	2	1
123.363	1397	4	1
123.474	1398	3	1
123.585	1399	1	1
123.585	1400	4	1
123.696	1401	2	1
123.807	1402	3	1
123.918	1403	1	1
123.918	1404	4	1
124.029	1405	2	1
124.029	1406	3	1
124.252	1407	1	2
124.252	1408	4	1
124.363	1409	3	2
124.474	1410	2	2
124.474	1411	4	1
124.696	1412	4	1
124.696	1413	1	3
124.696	1414	2	3
124.696	1415	3	3
124.918	1416	3	1
124.918	1417	4	1
125.141	1418	2	2
125.252	1419	4	2
125.363	1420	1	1
125.363	1421	3	2
125.585	1422	1	1
125.585	1423	2	3
125.585	1424	3	3
125.585	1425	4	3
125.807	1426	1	1
125.807	1427	2	1
126.029	1428	3	2
126.252	1429	1	1
126.252	1430	4	2
126.474	1431	2	1
126.474	1432	3	3
126.474	1433	4	3
126.585	1434	1	1
126.585	1435	4	1
126.696	1436	2	1
126.696	1437	3	1
126.918	1438	1	1
126.918	1439	4	1
127.029	1440	2	1
127.141	1441	1	1
127.141	1442	3	1
127.252	1443	2	1
127.363	1444	4	1
127.474	1445	1	1
127.474	1446	3	1
127.585	1447	2	1
127.585	1448	4	1
127.807	1449	1	1
127.807	1450	3	2
128.029	1451	1	2
128.029	1452	4	1
128.252	1453	2	1
128.474	1454	2	1
128.474	1455	4	1
128.474	1456	1	3
128.474	1457	3	3
128.696	1458	2	2
128.807	1459	3	1
128.918	1460	1	1
128.918	1461	4	2
129.141	1462	3	1
129.363	1463	1	1
129.363	1464	3	1
129.363	1465	2	3
129.363	1466	4	3
129.585	1467	1	2
129.807	1468	3	2
129.807	1469	4	1
130.029	1470	2	1
130.029	1471	1	3
130.029	1472	3	3
130.141	1473	1	1
130.141	1474	3	1
130.252	1475	2	1
130.252	1476	4	1
130.474	1477	1	1
130.474	1478	3	1
130.585	1479	2	1
130.696	1480	1	1
130.696	1481	4	1
130.807	1482	3	1
130.918	1483	2	1
131.029	1484	1	1
131.029	1485	4	1
131.141	1486	2	1
131.141	1487	3	1
131.363	1488	1	2
131.363	1489	4	1
131.585	1490	2	2
131.585	1491	3	1
131.807	1492	3	2
131.807	1493	1	3
131.807	1494	2	3
131.918	1495	3	3
132.029	1496	1	2
132.029	1497	4	1
132.141	1498	1	3
132.252	1499	1	2
132.363	1500	2	1
132.363	1501	1	3
132.474	1502	3	2
132.474	1503	4	1
132.585	1504	3	3
132.696	1505	3	2
132.807	1506	3	3
132.918	1507	1	1
132.918	1508	4	1
133.141	1509	2	2
133.474	1510	2	3
133.585	1511	2	2
133.807	1512	2	3
134.029	1513	3	2
134.474	1514	3	3