Song Name	9876734123 by Silentroom
Title	9876734123
Artist	Silentroom
Description	A 2020 track created for rhythm games. From the artist: The title '9876734123' derived from the tone row that was used many times in this track. Map by Fritzy.
Difficulty	19
Primary Color	Chill
Secondary Color	Rush
Cover Image ID	7392283087
Audio Asset ID	rbxassetid://9063719219
Audio File	9063719219.ogg
Last Note Time	122.268
Total Notes	928
Fever Fill	276
Fever Time	18.340200
Long Notes	100
BPM	157
Song Length	123.268000000

Timing Points
1.504	382.165605


Song Data
1.504	1	4	1
1.504	2	1	1
2.077	3	3	1
2.077	4	2	1
3.032	5	2	1
3.032	6	1	1
3.605	7	4	1
3.605	8	3	1
4.561	9	4	1
4.561	10	3	1
4.656	11	1	1
4.752	12	2	1
4.943	13	1	1
5.039	14	3	1
5.230	15	2	1
5.325	16	4	1
5.516	17	1	1
5.612	18	2	1
5.707	19	3	1
5.803	20	4	1
5.898	21	3	1
6.089	22	2	1
6.185	23	1	1
6.281	24	2	1
6.376	25	3	1
6.472	26	4	1
6.663	27	1	1
6.758	28	2	1
6.854	29	3	1
6.949	30	2	1
7.045	31	4	1
7.236	32	1	2
7.618	33	1	3
7.236	34	2	2
7.618	35	2	3
7.618	36	4	1
7.714	37	3	1
7.809	38	2	1
7.905	39	1	1
8.000	40	4	1
8.096	41	3	1
8.191	42	2	1
8.287	43	1	1
8.382	44	3	1
8.478	45	4	1
8.574	46	1	1
8.669	47	2	1
8.765	48	4	1
8.860	49	3	1
8.956	50	2	1
9.051	51	1	1
9.147	52	4	1
9.242	53	3	1
9.338	54	2	1
9.433	55	1	1
9.529	56	3	1
9.625	57	4	1
9.720	58	1	1
9.816	59	2	1
9.911	60	3	1
10.007	61	4	1
10.102	62	1	1
10.198	63	2	1
10.389	64	3	1
10.484	65	2	1
10.580	66	4	1
10.675	67	2	1
10.675	68	1	1
10.867	69	2	1
10.867	70	1	1
11.058	71	2	1
11.058	72	1	1
11.249	73	3	1
11.344	74	2	1
11.440	75	4	1
11.440	76	3	1
11.567	77	2	1
11.567	78	1	1
11.695	79	4	1
11.695	80	3	1
11.822	81	2	1
11.822	82	1	1
11.949	83	4	1
11.949	84	3	1
12.077	85	1	1
12.077	86	2	1
12.204	87	4	1
12.204	88	3	1
12.586	89	1	2
13.351	90	1	3
12.586	91	4	2
13.351	92	4	3
13.733	93	4	1
13.733	94	1	1
14.115	95	4	1
14.115	96	1	1
14.593	97	2	1
14.784	98	3	1
14.975	99	1	1
15.070	100	4	1
15.261	101	4	1
15.261	102	1	1
15.644	103	4	1
15.644	104	1	1
16.026	105	3	1
16.121	106	2	1
16.312	107	3	1
16.599	108	2	1
16.790	109	4	1
16.790	110	1	1
17.172	111	4	1
17.172	112	1	1
17.554	113	2	1
17.650	114	3	1
17.841	115	2	1
17.937	116	1	1
18.032	117	4	1
18.128	118	1	1
18.319	119	4	1
18.319	120	1	1
18.510	121	4	1
18.605	122	3	1
18.701	123	2	1
18.796	124	1	1
18.892	125	4	1
18.988	126	3	1
19.083	127	1	1
19.179	128	2	1
19.274	129	4	1
19.370	130	3	1
19.465	131	1	1
19.561	132	2	1
19.656	133	3	1
19.752	134	2	1
19.847	135	4	1
19.847	136	1	1
20.230	137	4	1
20.230	138	1	1
20.612	139	3	1
20.707	140	2	1
20.898	141	3	1
21.185	142	2	1
21.376	143	4	1
21.376	144	1	1
21.758	145	4	1
21.758	146	1	1
22.140	147	2	1
22.236	148	1	1
22.332	149	2	1
22.427	150	3	1
22.523	151	4	1
22.618	152	2	1
22.714	153	4	1
22.809	154	2	1
22.905	155	3	1
22.905	156	1	2
24.433	157	1	3
23.478	158	2	1
23.574	159	3	1
23.669	160	4	1
23.956	161	3	1
24.242	162	2	1
24.529	163	3	1
24.625	164	4	1
24.720	165	2	1
24.816	166	3	1
24.911	167	1	1
25.007	168	2	1
25.102	169	3	1
25.198	170	4	1
25.293	171	3	1
25.389	172	2	1
25.484	173	1	1
25.580	174	3	1
25.675	175	2	1
25.771	176	1	1
25.867	177	2	1
25.962	178	4	1
26.058	179	3	1
26.153	180	2	1
26.249	181	1	1
26.344	182	4	1
26.440	183	3	1
26.535	184	2	1
26.631	185	1	1
26.726	186	3	1
26.822	187	4	1
26.918	188	1	1
27.013	189	2	1
27.109	190	4	1
27.204	191	3	1
27.300	192	2	1
27.395	193	1	1
27.491	194	4	1
27.586	195	3	1
27.682	196	1	1
27.777	197	2	1
27.873	198	3	1
27.968	199	4	1
28.064	200	1	1
28.160	201	2	1
28.255	202	3	1
28.351	203	1	1
28.446	204	3	1
28.542	205	4	1
28.637	206	2	1
28.733	207	3	1
28.828	208	1	1
28.924	209	2	1
29.019	210	3	1
29.115	211	4	1
29.211	212	1	1
29.306	213	2	1
29.402	214	4	1
29.497	215	3	1
29.593	216	2	1
29.688	217	1	1
29.784	218	4	1
29.879	219	3	1
29.975	220	2	1
30.070	221	1	1
30.166	222	3	1
30.261	223	4	1
30.357	224	1	1
30.453	225	2	1
30.548	226	4	1
30.548	227	3	1
30.739	228	2	1
30.835	229	1	1
30.930	230	3	2
31.312	231	3	3
31.312	232	1	1
31.503	233	2	1
31.599	234	3	1
31.695	235	2	1
31.886	236	3	1
31.981	237	2	1
32.077	238	4	1
32.204	239	2	1
32.332	240	4	1
32.586	241	1	1
32.714	242	3	1
32.841	243	2	1
32.937	244	4	1
33.032	245	1	1
33.128	246	2	1
33.223	247	4	1
33.319	248	3	1
33.414	249	2	1
33.510	250	1	1
33.605	251	4	1
33.701	252	2	1
33.796	253	3	1
33.892	254	1	1
33.988	255	2	1
34.083	256	4	1
34.179	257	1	1
34.274	258	2	1
34.370	259	4	1
34.465	260	3	1
34.561	261	2	1
34.656	262	1	1
34.752	263	2	1
34.847	264	3	1
34.943	265	2	1
35.039	266	4	1
35.134	267	2	2
36.567	268	2	3
35.134	269	1	2
36.567	270	1	3
35.898	271	4	1
35.898	272	3	1
36.567	273	4	1
36.567	274	3	1
36.758	275	1	1
36.854	276	2	1
36.949	277	3	1
37.045	278	1	1
37.140	279	4	1
37.236	280	3	1
37.332	281	1	1
37.427	282	2	1
37.523	283	3	1
37.714	284	4	1
37.809	285	1	1
37.905	286	2	1
38.000	287	3	1
38.096	288	4	1
38.191	289	2	1
38.191	290	1	1
38.574	291	4	2
39.529	292	4	3
38.956	293	2	1
39.338	294	2	1
39.529	295	3	1
39.625	296	1	1
39.720	297	3	2
40.102	298	3	3
40.102	299	1	2
40.484	300	1	3
40.484	301	4	1
40.675	302	1	1
40.771	303	2	1
40.867	304	3	1
40.962	305	4	1
41.058	306	3	1
41.153	307	2	1
41.249	308	1	2
41.631	309	1	3
41.631	310	4	2
42.586	311	4	3
42.013	312	2	1
42.395	313	2	1
42.586	314	1	1
42.682	315	2	1
42.777	316	3	2
42.968	317	3	3
42.968	318	1	2
43.160	319	1	3
43.160	320	4	2
43.446	321	4	3
43.446	322	2	2
43.733	323	2	3
43.542	324	3	1
43.733	325	1	1
43.828	326	3	1
43.924	327	4	1
44.019	328	3	1
44.115	329	2	1
44.211	330	1	1
44.306	331	3	2
44.688	332	3	3
44.688	333	4	2
45.644	334	4	3
45.070	335	2	1
45.453	336	2	1
45.644	337	3	1
45.739	338	2	1
45.835	339	1	1
45.962	340	3	1
46.089	341	4	1
46.217	342	2	2
46.790	343	2	3
46.599	344	3	1
46.790	345	1	2
46.981	346	1	3
46.981	347	3	2
47.172	348	3	3
47.172	349	4	2
47.363	350	4	3
47.363	351	3	2
47.937	352	3	3
47.746	353	1	1
47.937	354	2	1
48.032	355	1	1
48.128	356	2	2
48.319	357	2	3
48.319	358	1	1
48.414	359	4	1
48.414	360	3	1
48.605	361	3	1
48.605	362	2	1
48.796	363	1	1
48.892	364	2	1
48.892	365	3	2
49.083	366	3	3
49.083	367	1	1
49.179	368	4	1
49.274	369	3	1
49.370	370	2	1
49.465	371	1	1
49.561	372	4	1
49.656	373	2	1
49.752	374	3	1
49.847	375	2	1
49.943	376	1	1
50.039	377	4	1
50.134	378	3	1
50.230	379	1	1
50.325	380	2	1
50.421	381	4	1
50.421	382	1	2
50.803	383	1	3
50.612	384	4	1
50.803	385	4	2
51.567	386	4	3
50.898	387	2	1
51.185	388	2	1
51.567	389	2	1
51.663	390	3	1
51.758	391	4	1
51.854	392	3	1
51.854	393	1	2
52.140	394	1	3
52.140	395	3	2
52.523	396	3	3
52.427	397	2	1
52.523	398	1	1
52.618	399	2	1
52.714	400	4	2
53.096	401	4	3
53.096	402	3	1
53.191	403	2	1
53.287	404	1	1
53.382	405	3	1
53.478	406	4	1
53.478	407	1	1
53.669	408	4	2
54.051	409	4	3
53.669	410	1	1
54.051	411	1	1
54.147	412	2	1
54.242	413	4	2
54.529	414	4	3
54.338	415	1	1
54.529	416	3	2
54.816	417	3	3
54.816	418	2	1
54.816	419	1	1
55.102	420	4	1
55.102	421	1	1
55.198	422	3	1
55.293	423	2	1
55.389	424	4	1
55.389	425	1	1
55.484	426	2	1
55.580	427	3	1
55.675	428	2	1
55.771	429	4	1
55.867	430	3	1
55.962	431	2	1
56.058	432	1	1
56.153	433	3	1
56.249	434	2	1
56.344	435	4	1
56.440	436	1	1
56.631	437	4	1
56.631	438	3	1
56.726	439	1	1
56.726	440	2	2
56.918	441	2	3
56.918	442	4	2
57.204	443	4	3
57.109	444	2	1
57.204	445	1	1
57.395	446	3	1
57.395	447	2	1
57.491	448	1	1
57.586	449	4	1
57.682	450	2	1
57.682	451	1	1
57.777	452	4	1
57.873	453	3	2
58.160	454	3	3
57.968	455	2	1
58.160	456	2	2
58.733	457	2	3
58.446	458	3	1
58.733	459	4	1
58.733	460	3	1
58.828	461	1	2
59.115	462	1	3
59.019	463	3	1
59.115	464	2	2
59.306	465	2	3
59.211	466	4	1
59.306	467	3	1
59.402	468	4	1
59.497	469	1	2
59.784	470	1	3
59.593	471	3	1
59.784	472	2	1
59.784	473	4	2
60.548	474	4	3
60.070	475	2	1
60.070	476	1	1
60.357	477	2	1
60.357	478	1	1
60.548	479	1	1
60.644	480	2	1
60.739	481	3	1
60.835	482	4	1
60.930	483	1	1
61.026	484	3	2
61.217	485	3	3
61.217	486	1	1
61.312	487	2	1
61.408	488	1	1
61.503	489	2	1
61.599	490	3	1
61.695	491	4	1
61.790	492	2	1
61.886	493	4	1
61.886	494	1	1
61.981	495	3	1
62.172	496	1	1
62.363	497	2	1
62.459	498	3	1
62.650	499	3	1
62.650	500	2	1
62.650	501	4	1
62.650	502	1	1
66.663	503	4	1
66.663	504	3	1
66.949	505	3	1
66.949	506	2	1
67.236	507	2	1
67.236	508	1	1
67.523	509	4	1
67.523	510	3	1
67.809	511	2	1
67.809	512	1	1
68.096	513	4	1
68.096	514	1	1
68.382	515	4	1
68.382	516	3	1
68.574	517	2	1
68.574	518	1	1
68.765	519	3	1
68.956	520	4	1
69.051	521	3	1
69.242	522	2	1
69.433	523	1	2
69.911	524	1	3
70.007	525	2	1
70.102	526	3	1
70.198	527	4	2
70.771	528	4	3
70.771	529	2	1
70.867	530	1	1
70.962	531	2	1
71.058	532	3	1
71.249	533	4	1
71.344	534	2	1
71.535	535	4	1
71.631	536	2	1
71.726	537	1	1
71.822	538	3	2
72.013	539	3	3
72.013	540	4	1
72.109	541	2	1
72.300	542	3	1
72.491	543	1	1
72.682	544	2	1
72.873	545	4	1
73.064	546	3	1
73.160	547	2	1
73.255	548	1	1
73.446	549	4	1
73.542	550	3	1
73.637	551	2	1
73.733	552	3	1
73.828	553	4	1
73.924	554	1	1
74.019	555	2	1
74.211	556	1	1
74.306	557	2	1
74.402	558	4	1
74.497	559	3	1
74.593	560	4	1
74.688	561	2	1
74.784	562	1	1
74.879	563	4	1
74.879	564	3	1
75.070	565	2	1
75.166	566	4	1
75.166	567	3	1
75.357	568	2	1
75.548	569	1	1
76.408	570	2	1
76.408	571	1	1
76.599	572	3	1
76.695	573	1	1
76.695	574	2	1
76.886	575	3	1
77.077	576	4	1
77.937	577	2	2
78.319	578	2	3
77.937	579	1	2
78.319	580	1	3
78.701	581	3	2
79.083	582	3	3
78.701	583	2	2
79.083	584	2	3
79.465	585	3	2
79.847	586	3	3
79.465	587	4	2
79.847	588	4	3
80.039	589	1	2
80.612	590	1	3
80.039	591	2	2
80.612	592	2	3
80.994	593	3	1
81.185	594	4	1
81.281	595	3	1
81.472	596	2	1
81.663	597	1	2
82.140	598	1	3
82.523	599	4	1
82.523	600	1	1
82.905	601	1	2
83.287	602	1	3
83.287	603	2	2
83.669	604	2	3
83.669	605	3	2
84.051	606	3	3
84.051	607	4	2
85.389	608	4	3
84.242	609	2	1
84.433	610	2	1
84.625	611	3	1
84.625	612	1	1
84.911	613	2	1
85.198	614	3	1
85.198	615	1	1
85.389	616	3	1
85.484	617	2	1
85.675	618	4	1
85.771	619	3	1
85.867	620	2	1
85.962	621	1	2
86.153	622	1	3
86.344	623	2	2
86.535	624	2	3
86.344	625	1	2
86.535	626	1	3
86.726	627	4	2
86.918	628	4	3
86.726	629	3	2
86.918	630	3	3
87.109	631	3	1
87.109	632	2	2
87.300	633	2	3
87.300	634	4	1
87.395	635	2	1
87.491	636	1	1
87.586	637	3	2
87.777	638	3	3
87.777	639	1	2
88.255	640	1	3
87.873	641	3	1
88.255	642	2	1
88.255	643	4	2
88.637	644	4	3
88.637	645	2	1
88.637	646	3	2
89.019	647	3	3
89.019	648	4	1
89.019	649	2	2
89.402	650	2	3
89.402	651	1	1
89.402	652	3	2
89.784	653	3	3
89.784	654	4	1
89.784	655	2	2
90.166	656	2	3
90.166	657	4	1
90.166	658	1	2
90.357	659	1	3
90.357	660	2	2
90.548	661	2	3
90.548	662	4	1
90.548	663	3	2
90.739	664	3	3
90.739	665	1	2
91.121	666	1	3
90.930	667	2	1
91.121	668	3	2
91.312	669	3	3
91.312	670	1	1
91.312	671	4	2
91.503	672	4	3
91.503	673	2	2
92.268	674	2	3
91.695	675	3	1
92.077	676	3	1
92.268	677	3	1
92.363	678	4	1
92.459	679	1	1
92.459	680	2	2
93.032	681	2	3
92.841	682	3	1
93.032	683	4	1
93.128	684	3	1
93.223	685	2	1
93.223	686	1	2
93.510	687	1	3
93.510	688	4	1
93.605	689	3	1
93.796	690	1	2
94.370	691	1	3
93.988	692	3	1
94.370	693	3	1
94.561	694	1	1
94.656	695	2	1
94.752	696	1	1
94.752	697	3	2
95.039	698	3	3
95.039	699	4	1
95.134	700	2	1
95.325	701	1	2
95.516	702	1	3
95.421	703	3	1
95.516	704	4	2
95.803	705	4	3
95.707	706	2	1
95.803	707	3	1
95.994	708	3	1
96.089	709	1	1
96.185	710	2	1
96.281	711	4	1
96.376	712	3	1
96.472	713	2	1
96.567	714	1	1
96.758	715	3	1
96.758	716	4	1
96.949	717	2	1
96.949	718	1	1
97.140	719	1	1
97.236	720	2	1
97.332	721	3	1
97.427	722	4	1
97.523	723	3	1
97.618	724	2	1
97.714	725	1	1
97.809	726	4	1
97.809	727	3	1
98.000	728	2	1
98.000	729	1	1
98.191	730	4	1
98.191	731	3	1
98.574	732	4	1
98.574	733	1	1
98.956	734	4	1
98.956	735	1	1
99.338	736	3	1
99.338	737	1	2
100.102	738	1	3
99.720	739	3	1
100.102	740	2	1
100.102	741	4	2
100.867	742	4	3
100.484	743	2	1
100.867	744	3	1
100.867	745	1	2
101.440	746	1	3
101.249	747	3	1
101.440	748	2	1
101.535	749	3	1
101.631	750	1	1
101.631	751	2	2
101.822	752	2	3
101.822	753	4	2
102.013	754	4	3
102.013	755	2	1
102.013	756	3	2
102.204	757	3	3
102.204	758	1	2
102.395	759	1	3
102.395	760	4	1
102.395	761	2	2
102.682	762	2	3
102.682	763	3	2
102.968	764	3	3
102.777	765	1	1
102.968	766	4	1
103.160	767	1	1
103.160	768	2	2
103.446	769	2	3
103.446	770	4	2
103.733	771	4	3
103.542	772	3	1
103.733	773	3	2
103.924	774	3	3
103.924	775	1	1
103.924	776	2	2
104.497	777	2	3
104.306	778	3	1
104.497	779	4	1
104.593	780	1	2
105.261	781	1	3
104.688	782	4	1
104.688	783	3	1
105.070	784	3	1
105.261	785	3	1
105.357	786	2	1
105.453	787	4	1
105.453	788	1	1
105.644	789	4	1
105.739	790	3	1
105.930	791	2	1
106.121	792	1	1
106.217	793	3	1
106.312	794	4	1
106.408	795	1	1
106.503	796	2	1
106.599	797	4	1
106.695	798	3	1
106.790	799	2	1
106.886	800	1	1
106.981	801	2	1
106.981	802	3	1
107.172	803	4	1
107.268	804	2	1
107.459	805	3	1
107.650	806	1	1
107.746	807	4	1
107.841	808	3	1
107.937	809	2	1
108.032	810	1	1
108.128	811	4	1
108.223	812	3	1
108.319	813	2	1
108.414	814	1	1
108.510	815	4	1
108.510	816	3	1
108.701	817	2	1
108.796	818	3	1
108.892	819	1	1
109.083	820	4	1
109.274	821	1	1
109.370	822	2	1
109.465	823	3	1
109.561	824	4	1
109.656	825	1	1
109.752	826	2	1
109.847	827	3	1
109.943	828	4	1
110.134	829	4	1
110.230	830	3	1
110.325	831	2	1
110.421	832	1	1
110.516	833	4	1
110.612	834	2	1
110.707	835	3	2
110.898	836	3	3
110.898	837	1	1
110.994	838	2	1
111.089	839	4	1
111.185	840	3	1
111.281	841	2	1
111.376	842	1	1
111.472	843	3	1
111.567	844	4	1
111.567	845	1	1
111.949	846	4	1
111.949	847	1	1
112.427	848	3	1
112.618	849	2	1
112.714	850	4	1
112.714	851	1	1
113.096	852	2	1
113.478	853	4	1
113.478	854	1	1
113.860	855	2	1
114.051	856	3	1
114.147	857	4	1
114.242	858	2	1
114.338	859	3	1
114.433	860	1	1
114.529	861	2	1
114.625	862	4	1
114.720	863	4	1
114.816	864	2	1
115.007	865	4	1
115.007	866	1	1
115.198	867	2	1
115.293	868	3	1
115.484	869	1	1
115.580	870	2	1
115.675	871	3	1
115.771	872	4	1
115.771	873	1	1
115.962	874	2	1
116.153	875	3	1
116.535	876	4	1
116.535	877	1	1
116.918	878	3	1
117.013	879	4	1
117.109	880	1	1
117.204	881	3	1
117.300	882	1	1
117.395	883	2	1
117.491	884	3	1
117.586	885	4	1
117.682	886	2	1
117.682	887	1	1
117.873	888	2	1
117.873	889	1	1
118.160	890	3	1
118.160	891	1	1
118.446	892	3	1
118.446	893	4	1
118.637	894	4	1
118.637	895	3	1
118.924	896	4	1
118.924	897	2	1
119.211	898	3	1
119.211	899	2	1
119.402	900	3	1
119.402	901	2	1
119.688	902	4	1
119.688	903	1	1
119.879	904	4	1
119.879	905	1	1
120.070	906	2	1
120.070	907	1	1
120.357	908	4	1
120.357	909	3	1
120.548	910	2	1
120.548	911	1	1
120.739	912	3	1
120.930	913	1	1
121.026	914	2	1
121.121	915	3	1
121.217	916	1	1
121.312	917	2	1
121.408	918	3	1
121.503	919	2	1
121.599	920	3	1
121.695	921	4	1
121.790	922	2	1
121.886	923	3	1
121.981	924	1	1
122.077	925	4	1
122.172	926	1	1
122.268	927	3	1
122.268	928	2	1