Song Name	Beautiful Memories by HyuN
Difficulty	22
Primary Color	Chill
Secondary Color	Flow
Last Note Time	126.647
Total Notes	1564
Fever Fill	402
Fever Time	18.997050
Long Notes	358
BPM	200
Song Length	134.676712018

Timing Points
0.647	300.0000


Song Data
0.647	1	1	1
0.647	2	4	2
0.797	3	1	1
0.947	4	2	2
0.947	5	4	3
1.247	6	1	2
1.247	7	2	3
1.397	8	4	2
1.397	9	1	3
1.547	10	1	1
1.547	11	4	3
1.697	12	3	2
1.847	13	2	1
1.847	14	3	3
1.997	15	2	2
2.147	16	4	1
2.147	17	2	3
2.297	18	1	2
2.447	19	1	3
2.597	20	4	2
2.747	21	1	1
2.747	22	4	3
2.897	23	4	2
3.047	24	2	2
3.047	25	4	3
3.197	26	3	1
3.347	27	4	1
3.797	28	1	1
3.947	29	4	1
4.247	30	4	1
4.397	31	4	1
4.397	32	2	3
4.547	33	1	2
4.697	34	3	2
4.697	35	1	3
4.847	36	3	3
4.997	37	2	2
5.147	38	2	3
5.297	39	3	2
5.447	40	4	2
5.447	41	3	3
5.597	42	1	1
5.597	43	4	3
5.747	44	2	2
6.047	45	2	3
6.197	46	3	2
6.347	47	2	1
6.347	48	3	3
6.497	49	4	2
6.647	50	3	2
6.647	51	4	3
6.797	52	2	1
6.797	53	3	3
6.947	54	1	2
7.097	55	3	2
7.097	56	1	3
7.247	57	3	3
7.397	58	2	2
7.547	59	3	2
7.547	60	2	3
7.697	61	4	2
7.697	62	3	3
7.847	63	1	1
7.997	64	1	1
8.147	65	2	1
8.297	66	1	2
8.297	67	4	3
8.597	68	3	1
8.747	69	4	1
9.047	70	2	1
9.197	71	2	1
9.347	72	4	1
9.497	73	1	3
9.647	74	2	1
9.722	75	3	1
9.872	76	2	1
9.947	77	3	1
10.097	78	2	1
10.172	79	3	1
10.247	80	1	1
10.247	81	4	1
10.397	82	3	1
10.472	83	1	1
10.472	84	2	1
10.547	85	4	1
10.697	86	4	2
10.847	87	2	1
10.847	88	3	1
10.847	89	4	3
10.997	90	1	2
11.147	91	2	2
11.147	92	3	1
11.147	93	1	3
11.297	94	3	2
11.297	95	2	3
11.447	96	1	1
11.447	97	2	1
11.447	98	3	3
11.597	99	3	1
11.672	100	1	1
11.672	101	4	1
11.747	102	2	1
11.897	103	2	2
12.047	104	1	1
12.047	105	3	1
12.047	106	2	3
12.197	107	4	2
12.347	108	2	1
12.347	109	3	2
12.347	110	4	3
12.497	111	2	2
12.497	112	3	3
12.647	113	3	1
12.647	114	4	1
12.647	115	2	3
12.797	116	2	1
12.872	117	1	1
12.872	118	3	1
12.947	119	4	1
13.097	120	4	2
13.247	121	1	1
13.247	122	3	1
13.247	123	4	3
13.397	124	2	2
13.547	125	3	2
13.547	126	4	1
13.547	127	2	3
13.697	128	4	2
13.697	129	3	3
13.847	130	2	1
13.847	131	3	1
13.847	132	4	3
13.997	133	1	1
14.072	134	2	1
14.072	135	4	1
14.147	136	3	1
14.297	137	3	2
14.447	138	1	1
14.447	139	2	1
14.447	140	3	3
14.597	141	4	2
14.747	142	2	1
14.747	143	3	2
14.747	144	4	3
14.897	145	1	1
14.897	146	2	2
14.897	147	3	3
15.047	148	1	1
15.047	149	4	1
15.047	150	2	3
15.197	151	3	1
15.272	152	2	1
15.272	153	4	1
15.347	154	1	1
15.497	155	4	2
15.647	156	1	1
15.647	157	3	1
15.647	158	4	3
15.797	159	2	2
15.947	160	3	2
15.947	161	4	1
15.947	162	2	3
16.097	163	4	2
16.247	164	1	1
16.247	165	2	1
16.247	166	3	3
16.247	167	4	3
16.397	168	3	1
16.472	169	1	1
16.472	170	4	1
16.547	171	2	1
16.547	172	3	1
16.697	173	1	2
16.847	174	3	1
16.847	175	4	1
16.847	176	1	3
16.997	177	4	2
17.147	178	1	1
17.147	179	2	2
17.147	180	4	3
17.297	181	1	2
17.447	182	3	1
17.447	183	4	1
17.447	184	1	3
17.447	185	2	3
17.597	186	1	1
17.672	187	2	1
17.672	188	3	1
17.747	189	4	1
17.897	190	3	2
18.047	191	2	1
18.047	192	4	1
18.047	193	3	3
18.197	194	1	2
18.347	195	2	2
18.347	196	4	1
18.497	197	3	1
18.497	198	1	3
18.497	199	2	3
18.572	200	2	1
18.647	201	1	2
18.647	202	4	2
18.797	203	1	3
18.797	204	4	3
18.872	205	3	2
18.872	206	4	2
19.022	207	3	3
19.022	208	4	3
19.097	209	1	2
19.097	210	2	2
19.247	211	1	3
19.247	212	2	3
19.322	213	1	2
19.322	214	4	2
19.472	215	1	3
19.472	216	4	3
19.547	217	2	1
19.547	218	3	2
19.697	219	4	2
19.847	220	1	1
19.847	221	3	3
19.847	222	4	3
20.072	223	3	1
20.147	224	1	1
20.147	225	4	1
20.297	226	4	2
20.447	227	2	1
20.447	228	3	1
20.447	229	4	3
20.597	230	1	2
20.747	231	2	2
20.747	232	3	1
20.747	233	1	3
20.897	234	3	2
20.897	235	2	3
21.047	236	1	1
21.047	237	2	1
21.047	238	3	3
21.197	239	3	1
21.272	240	1	1
21.272	241	4	1
21.347	242	2	1
21.497	243	2	2
21.647	244	1	1
21.647	245	3	1
21.647	246	2	3
21.797	247	4	2
21.947	248	2	1
21.947	249	3	2
21.947	250	4	3
22.097	251	2	2
22.097	252	3	3
22.247	253	3	1
22.247	254	4	1
22.247	255	2	3
22.397	256	2	1
22.472	257	1	1
22.472	258	3	1
22.547	259	4	1
22.697	260	4	2
22.847	261	1	1
22.847	262	3	1
22.847	263	4	3
22.997	264	2	2
23.147	265	3	2
23.147	266	4	1
23.147	267	2	3
23.297	268	4	2
23.297	269	3	3
23.447	270	2	1
23.447	271	3	1
23.447	272	4	3
23.597	273	1	1
23.672	274	2	1
23.672	275	4	1
23.747	276	3	1
23.897	277	3	2
24.047	278	1	1
24.047	279	2	1
24.047	280	3	3
24.197	281	4	2
24.347	282	2	1
24.347	283	3	2
24.347	284	4	3
24.497	285	2	2
24.497	286	3	3
24.647	287	1	1
24.647	288	4	1
24.647	289	2	3
24.722	290	2	1
24.797	291	3	1
24.872	292	4	1
24.947	293	1	1
25.022	294	3	1
25.097	295	2	1
25.172	296	4	1
25.247	297	1	1
25.322	298	2	1
25.397	299	4	1
25.472	300	3	1
25.547	301	1	1
25.547	302	2	1
25.622	303	4	1
25.697	304	2	1
25.772	305	3	1
25.847	306	1	1
25.847	307	4	1
25.922	308	3	1
25.997	309	2	1
26.072	310	1	1
26.147	311	4	1
26.222	312	2	1
26.297	313	3	1
26.372	314	1	1
26.447	315	2	1
26.447	316	4	1
26.522	317	3	1
26.597	318	1	1
26.672	319	3	1
26.747	320	1	1
26.747	321	2	1
26.822	322	4	1
26.897	323	2	1
26.897	324	3	1
26.972	325	1	1
27.047	326	3	1
27.047	327	4	1
27.122	328	2	1
27.197	329	3	1
27.272	330	4	1
27.347	331	1	1
27.422	332	3	1
27.497	333	2	1
27.572	334	4	1
27.647	335	1	1
27.647	336	3	1
27.722	337	2	1
27.797	338	4	1
27.872	339	3	1
27.947	340	1	1
28.022	341	2	1
28.097	342	3	1
28.172	343	4	1
28.247	344	1	2
28.247	345	2	2
28.397	346	1	3
28.397	347	2	3
28.472	348	3	2
28.472	349	4	2
28.622	350	3	3
28.622	351	4	3
28.697	352	1	2
28.697	353	4	2
28.847	354	2	1
28.847	355	3	1
28.847	356	1	3
28.847	357	4	3
28.997	358	1	2
29.147	359	2	2
29.147	360	3	1
29.147	361	1	3
29.297	362	3	2
29.297	363	2	3
29.447	364	1	1
29.447	365	4	1
29.447	366	3	3
29.597	367	1	1
29.747	368	4	1
29.822	369	3	1
29.897	370	1	1
29.972	371	2	1
30.047	372	3	1
30.122	373	4	1
30.197	374	2	1
30.272	375	1	1
30.347	376	3	1
30.347	377	4	1
30.647	378	1	2
30.647	379	4	1
30.797	380	3	1
30.797	381	1	3
30.872	382	4	1
30.947	383	1	1
30.947	384	2	1
31.097	385	4	1
31.247	386	2	2
31.397	387	4	2
31.397	388	2	3
31.547	389	1	1
31.547	390	3	1
31.547	391	4	3
31.697	392	4	1
31.847	393	1	2
31.997	394	3	1
31.997	395	1	3
32.072	396	2	1
32.147	397	1	1
32.147	398	4	1
32.297	399	2	2
32.447	400	3	2
32.447	401	2	3
32.597	402	2	2
32.597	403	3	3
32.747	404	3	1
32.747	405	4	2
32.747	406	2	3
32.897	407	1	1
32.897	408	2	1
33.047	409	1	2
33.047	410	2	1
33.047	411	4	3
33.197	412	3	1
33.197	413	1	3
33.272	414	4	1
33.347	415	1	1
33.347	416	2	1
33.497	417	4	1
33.647	418	2	2
33.797	419	4	2
33.797	420	2	3
33.947	421	1	1
33.947	422	3	1
33.947	423	4	3
34.097	424	4	1
34.247	425	1	2
34.397	426	3	1
34.397	427	1	3
34.472	428	2	1
34.547	429	1	1
34.547	430	4	1
34.697	431	2	2
34.847	432	4	2
34.847	433	2	3
34.997	434	1	2
34.997	435	4	3
35.147	436	3	2
35.147	437	4	1
35.147	438	1	3
35.297	439	2	1
35.297	440	3	3
35.372	441	3	1
35.447	442	1	1
35.447	443	4	2
35.597	444	2	1
35.597	445	4	3
35.672	446	1	1
35.747	447	3	1
35.747	448	4	1
35.897	449	1	1
36.047	450	2	1
36.047	451	3	2
36.197	452	1	2
36.197	453	3	3
36.347	454	2	1
36.347	455	4	1
36.347	456	1	3
36.497	457	1	1
36.647	458	3	1
36.647	459	4	2
36.797	460	2	1
36.797	461	4	3
36.872	462	3	1
36.947	463	1	1
36.947	464	4	1
37.097	465	3	2
37.247	466	1	1
37.247	467	2	2
37.247	468	3	3
37.397	469	3	2
37.397	470	2	3
37.547	471	1	2
37.547	472	2	1
37.547	473	3	3
37.697	474	3	1
37.697	475	4	1
37.847	476	3	1
37.847	477	4	2
37.847	478	1	3
37.997	479	2	1
37.997	480	4	3
38.072	481	1	1
38.147	482	3	1
38.147	483	4	1
38.297	484	1	1
38.447	485	2	1
38.447	486	3	2
38.597	487	1	2
38.597	488	3	3
38.747	489	2	1
38.747	490	4	1
38.747	491	1	3
38.897	492	1	1
39.047	493	3	1
39.047	494	4	2
39.197	495	2	1
39.197	496	4	3
39.272	497	3	1
39.347	498	1	1
39.347	499	4	1
39.497	500	3	2
39.647	501	1	2
39.647	502	2	1
39.647	503	3	3
39.797	504	4	2
39.797	505	1	3
39.947	506	1	1
39.947	507	2	2
39.947	508	4	3
40.097	509	3	1
40.097	510	2	3
40.172	511	2	1
40.247	512	1	1
40.247	513	4	1
40.397	514	4	2
40.547	515	2	1
40.547	516	3	1
40.547	517	4	3
40.697	518	4	2
40.847	519	1	1
40.847	520	3	1
40.847	521	4	3
40.997	522	4	2
41.147	523	1	1
41.147	524	2	1
41.147	525	4	3
41.297	526	2	1
41.372	527	3	1
41.447	528	1	1
41.447	529	4	1
41.597	530	1	2
41.747	531	2	1
41.747	532	3	1
41.747	533	1	3
41.897	534	1	2
42.047	535	3	1
42.047	536	4	2
42.047	537	1	3
42.197	538	4	3
42.347	539	1	2
42.347	540	4	1
42.497	541	3	1
42.497	542	1	3
42.647	543	1	1
42.647	544	2	1
42.797	545	3	2
42.947	546	1	1
42.947	547	4	1
42.947	548	3	3
43.097	549	3	2
43.247	550	2	1
43.247	551	4	1
43.247	552	3	3
43.397	553	3	2
43.547	554	1	1
43.547	555	2	1
43.547	556	3	3
43.697	557	4	1
43.772	558	3	1
43.847	559	1	1
43.847	560	2	1
43.997	561	2	2
44.147	562	3	1
44.147	563	4	1
44.147	564	2	3
44.297	565	3	1
44.372	566	4	1
44.447	567	1	1
44.447	568	2	2
44.597	569	3	2
44.597	570	2	3
44.747	571	2	2
44.747	572	4	1
44.747	573	3	3
44.897	574	3	1
44.897	575	2	3
44.972	576	2	1
45.047	577	1	1
45.047	578	4	1
45.197	579	4	2
45.347	580	1	1
45.347	581	2	1
45.347	582	4	3
45.497	583	1	2
45.647	584	3	1
45.647	585	4	1
45.647	586	1	3
45.797	587	3	2
45.947	588	1	1
45.947	589	2	1
45.947	590	3	3
46.097	591	3	1
46.172	592	2	1
46.247	593	1	1
46.247	594	4	1
46.397	595	4	2
46.547	596	2	1
46.547	597	3	1
46.547	598	4	3
46.697	599	2	2
46.847	600	3	2
46.847	601	4	1
46.847	602	2	3
46.997	603	2	1
46.997	604	3	3
47.147	605	1	1
47.147	606	3	1
47.222	607	4	1
47.297	608	2	1
47.372	609	1	1
47.447	610	3	1
47.447	611	4	1
47.597	612	3	1
47.747	613	1	1
47.747	614	2	1
47.897	615	1	1
48.047	616	3	1
48.047	617	4	1
48.197	618	4	1
48.347	619	1	1
48.347	620	2	1
48.497	621	2	1
48.647	622	3	1
48.647	623	4	1
48.722	624	1	1
48.797	625	2	1
48.872	626	3	1
48.947	627	1	2
48.947	628	4	1
49.097	629	3	2
49.097	630	1	3
49.247	631	1	1
49.247	632	2	1
49.247	633	3	3
49.322	634	4	1
49.397	635	3	1
49.472	636	2	1
49.547	637	1	1
49.547	638	4	1
49.622	639	3	1
49.697	640	2	1
49.772	641	1	1
49.847	642	3	1
49.847	643	4	1
50.072	644	3	1
50.147	645	1	1
50.147	646	2	1
50.297	647	3	1
50.447	648	2	1
50.447	649	4	1
50.597	650	1	2
50.747	651	3	1
50.747	652	4	1
50.747	653	1	3
50.897	654	1	2
51.047	655	2	1
51.047	656	4	1
51.047	657	1	3
51.272	658	4	1
51.347	659	1	1
51.347	660	2	1
51.497	661	4	1
51.647	662	1	1
51.647	663	3	1
51.797	664	2	2
51.947	665	3	1
51.947	666	4	1
51.947	667	2	3
52.097	668	2	2
52.247	669	1	1
52.247	670	4	1
52.247	671	2	3
52.472	672	1	1
52.547	673	2	1
52.547	674	3	1
52.697	675	1	1
52.847	676	2	1
52.847	677	4	1
52.997	678	3	2
53.147	679	1	1
53.147	680	4	1
53.147	681	3	3
53.297	682	3	2
53.447	683	1	1
53.447	684	2	1
53.447	685	3	3
53.672	686	2	1
53.747	687	3	1
53.747	688	4	1
53.897	689	2	1
54.047	690	1	1
54.047	691	3	1
54.197	692	4	2
54.347	693	1	1
54.347	694	2	1
54.347	695	4	3
54.497	696	1	2
54.497	697	2	1
54.647	698	3	1
54.647	699	4	1
54.647	700	1	3
54.872	701	3	1
54.947	702	1	1
54.947	703	2	1
55.097	704	3	1
55.247	705	2	1
55.247	706	4	1
55.397	707	1	2
55.547	708	3	1
55.547	709	4	1
55.547	710	1	3
55.697	711	1	2
55.847	712	2	1
55.847	713	4	1
55.847	714	1	3
56.072	715	4	1
56.147	716	1	1
56.147	717	2	1
56.297	718	4	1
56.447	719	1	1
56.447	720	3	1
56.597	721	2	2
56.747	722	3	1
56.747	723	4	1
56.747	724	2	3
56.897	725	3	2
57.047	726	1	1
57.047	727	4	1
57.047	728	3	3
57.272	729	1	1
57.347	730	2	1
57.347	731	3	1
57.497	732	1	1
57.647	733	2	1
57.647	734	4	1
57.797	735	3	2
57.947	736	1	1
57.947	737	4	1
57.947	738	3	3
58.097	739	3	1
58.172	740	2	1
58.247	741	1	2
58.247	742	4	2
58.397	743	1	3
58.397	744	4	3
58.472	745	1	2
58.472	746	2	2
58.622	747	1	3
58.622	748	2	3
58.697	749	3	2
58.697	750	4	2
58.847	751	3	3
58.847	752	4	3
58.922	753	2	2
58.922	754	3	2
59.072	755	2	3
59.072	756	3	3
59.147	757	1	2
59.147	758	2	2
59.297	759	3	1
59.297	760	4	1
59.297	761	1	3
59.297	762	2	3
59.447	763	2	1
59.672	764	4	1
59.747	765	1	1
59.747	766	2	1
59.897	767	3	1
60.047	768	2	1
60.047	769	4	1
60.197	770	1	2
60.347	771	3	1
60.347	772	4	1
60.347	773	1	3
60.497	774	1	2
60.647	775	2	1
60.647	776	4	1
60.647	777	1	3
60.872	778	4	1
60.947	779	1	1
60.947	780	2	1
61.097	781	4	1
61.247	782	1	1
61.247	783	3	1
61.397	784	2	2
61.547	785	3	1
61.547	786	4	1
61.547	787	2	3
61.697	788	2	2
61.847	789	1	1
61.847	790	4	1
61.847	791	2	3
62.072	792	1	1
62.147	793	2	1
62.147	794	3	1
62.297	795	1	1
62.447	796	2	1
62.447	797	4	1
62.597	798	3	2
62.747	799	1	1
62.747	800	4	1
62.747	801	3	3
62.897	802	3	2
63.047	803	1	1
63.047	804	2	1
63.047	805	3	3
63.272	806	2	1
63.347	807	3	1
63.347	808	4	1
63.497	809	2	1
63.647	810	1	1
63.647	811	3	1
63.797	812	4	2
63.947	813	1	1
63.947	814	2	1
63.947	815	4	3
64.097	816	3	1
64.172	817	2	1
64.247	818	1	1
64.247	819	4	1
64.397	820	4	1
64.547	821	1	1
64.547	822	2	1
64.697	823	1	1
64.847	824	3	1
64.847	825	4	1
64.997	826	3	1
65.147	827	1	1
65.147	828	2	1
65.297	829	3	1
65.372	830	2	1
65.447	831	1	1
65.447	832	4	1
65.597	833	1	1
65.747	834	3	1
65.747	835	4	1
65.897	836	4	1
66.047	837	1	1
66.047	838	2	1
66.197	839	2	1
66.347	840	3	1
66.347	841	4	1
66.497	842	3	1
66.647	843	1	1
66.647	844	2	1
66.797	845	1	1
66.797	846	2	1
66.947	847	3	1
66.947	848	4	1
67.097	849	3	1
67.097	850	4	1
67.247	851	1	1
67.247	852	4	1
67.322	853	2	1
67.397	854	3	1
67.472	855	4	1
67.547	856	1	1
67.547	857	2	1
67.697	858	3	1
67.772	859	2	1
67.847	860	1	2
67.847	861	4	2
67.997	862	1	3
67.997	863	4	3
68.072	864	1	2
68.072	865	2	2
68.222	866	1	3
68.222	867	2	3
68.297	868	3	2
68.297	869	4	2
68.447	870	1	1
68.447	871	2	1
68.447	872	3	3
68.447	873	4	3
68.597	874	3	1
68.672	875	2	1
68.747	876	1	1
68.747	877	4	1
68.897	878	2	1
68.972	879	3	1
69.047	880	1	1
69.047	881	4	2
69.347	882	2	2
69.347	883	4	3
69.647	884	1	2
69.647	885	2	3
69.797	886	4	2
69.797	887	1	3
69.947	888	4	3
70.097	889	3	2
70.247	890	1	1
70.247	891	3	3
70.397	892	2	2
70.547	893	2	3
70.697	894	1	2
70.847	895	1	3
70.997	896	4	2
71.147	897	4	3
71.297	898	4	2
71.447	899	2	2
71.447	900	3	1
71.447	901	4	3
72.647	902	4	1
72.797	903	2	3
72.947	904	1	2
73.097	905	3	2
73.097	906	1	3
73.247	907	3	3
73.397	908	2	2
73.547	909	4	2
73.547	910	2	3
73.697	911	3	2
73.697	912	4	3
73.847	913	1	2
73.847	914	2	1
73.847	915	3	3
73.997	916	1	3
74.147	917	3	2
74.447	918	3	3
74.597	919	2	2
74.747	920	2	3
74.897	921	2	2
75.047	922	4	1
75.197	923	2	3
75.347	924	1	2
75.497	925	3	2
75.497	926	1	3
75.647	927	3	3
75.797	928	2	2
75.947	929	3	2
75.947	930	2	3
76.097	931	4	2
76.097	932	3	3
76.247	933	1	2
76.247	934	2	1
76.247	935	4	3
76.397	936	2	2
76.547	937	4	2
76.547	938	1	3
76.547	939	2	3
76.697	940	3	2
76.847	941	2	2
76.847	942	3	3
76.847	943	4	3
76.997	944	4	2
76.997	945	2	3
77.147	946	4	3
77.297	947	4	2
77.447	948	1	1
78.497	949	4	3
78.647	950	3	2
78.797	951	4	1
78.797	952	3	3
78.947	953	2	2
79.097	954	3	1
79.097	955	2	3
79.247	956	1	2
79.397	957	4	2
79.397	958	1	3
79.547	959	4	3
79.697	960	3	2
79.847	961	1	1
79.847	962	3	3
79.997	963	2	2
80.147	964	2	3
80.297	965	1	2
80.447	966	1	3
80.597	967	4	2
80.747	968	4	3
80.897	969	4	2
81.047	970	2	2
81.047	971	3	1
81.047	972	4	3
81.197	973	1	1
81.497	974	4	1
81.797	975	3	1
82.097	976	1	1
82.097	977	2	3
82.247	978	2	2
82.397	979	4	1
82.397	980	2	3
82.547	981	1	2
82.697	982	3	2
82.697	983	1	3
82.847	984	3	3
82.997	985	2	2
83.147	986	4	2
83.147	987	2	3
83.297	988	3	2
83.297	989	4	3
83.447	990	1	2
83.447	991	2	1
83.447	992	3	3
83.597	993	4	1
83.597	994	1	3
83.747	995	3	2
83.897	996	1	1
84.047	997	3	3
84.197	998	2	2
84.347	999	2	3
84.497	1000	2	2
84.647	1001	4	1
84.797	1002	3	1
84.797	1003	2	3
84.947	1004	1	2
85.097	1005	4	1
85.097	1006	1	3
85.247	1007	2	2
85.397	1008	3	2
85.397	1009	2	3
85.547	1010	3	3
85.697	1011	4	2
85.847	1012	2	1
85.997	1013	1	1
86.297	1014	3	1
86.597	1015	2	1
86.897	1016	1	1
87.047	1017	3	2
87.197	1018	3	3
87.647	1019	2	1
87.722	1020	3	1
87.872	1021	2	1
87.947	1022	3	1
87.947	1023	4	3
88.097	1024	2	1
88.172	1025	3	1
88.247	1026	1	1
88.247	1027	4	1
88.397	1028	3	1
88.472	1029	2	1
88.547	1030	1	1
88.547	1031	4	1
88.697	1032	4	2
88.847	1033	3	1
88.847	1034	4	3
88.997	1035	1	2
89.147	1036	2	2
89.147	1037	4	1
89.147	1038	1	3
89.297	1039	3	2
89.297	1040	2	3
89.447	1041	2	1
89.447	1042	3	3
89.597	1043	3	1
89.672	1044	1	1
89.747	1045	2	1
89.747	1046	4	1
89.897	1047	2	2
90.047	1048	1	1
90.047	1049	2	3
90.197	1050	4	2
90.347	1051	1	1
90.347	1052	3	2
90.347	1053	4	3
90.497	1054	2	2
90.497	1055	3	3
90.647	1056	4	1
90.647	1057	2	3
90.797	1058	2	1
90.872	1059	1	1
90.947	1060	3	1
90.947	1061	4	1
91.097	1062	4	2
91.247	1063	1	1
91.247	1064	4	3
91.397	1065	2	2
91.547	1066	1	1
91.547	1067	3	2
91.547	1068	2	3
91.697	1069	4	2
91.697	1070	3	3
91.847	1071	3	1
91.847	1072	4	3
91.997	1073	1	1
92.072	1074	4	1
92.147	1075	2	1
92.147	1076	3	1
92.297	1077	3	2
92.447	1078	1	1
92.447	1079	3	3
92.597	1080	4	2
92.747	1081	1	1
92.747	1082	3	2
92.747	1083	4	3
92.897	1084	2	2
92.897	1085	3	3
93.047	1086	3	1
93.047	1087	4	1
93.047	1088	2	3
93.197	1089	2	1
93.272	1090	3	1
93.347	1091	1	1
93.347	1092	4	1
93.497	1093	4	2
93.647	1094	3	1
93.647	1095	4	3
93.797	1096	2	2
93.947	1097	1	1
93.947	1098	3	2
93.947	1099	2	3
94.097	1100	4	2
94.097	1101	3	3
94.247	1102	2	1
94.247	1103	4	3
94.397	1104	3	1
94.472	1105	4	1
94.547	1106	1	1
94.547	1107	2	1
94.697	1108	1	2
94.847	1109	3	1
94.847	1110	1	3
94.997	1111	4	2
95.147	1112	2	2
95.147	1113	3	1
95.147	1114	4	3
95.297	1115	1	2
95.297	1116	2	3
95.447	1117	4	1
95.447	1118	1	3
95.597	1119	1	1
95.672	1120	2	1
95.747	1121	3	1
95.747	1122	4	1
95.897	1123	3	2
96.047	1124	2	1
96.047	1125	3	3
96.197	1126	1	2
96.347	1127	2	2
96.347	1128	4	1
96.347	1129	1	3
96.497	1130	3	2
96.497	1131	2	3
96.647	1132	4	2
96.647	1133	3	3
96.797	1134	4	3
96.872	1135	1	2
96.947	1136	2	1
97.022	1137	1	3
97.097	1138	3	2
97.247	1139	4	1
97.247	1140	3	3
97.322	1141	2	2
97.472	1142	2	3
97.547	1143	3	1
97.547	1144	4	1
97.697	1145	2	1
97.847	1146	1	1
97.847	1147	4	1
97.997	1148	4	2
98.147	1149	2	1
98.147	1150	4	3
98.297	1151	1	2
98.447	1152	1	3
98.597	1153	4	2
98.747	1154	1	1
98.747	1155	3	1
98.747	1156	4	3
98.897	1157	1	2
99.047	1158	2	1
99.047	1159	3	1
99.047	1160	1	3
99.197	1161	3	2
99.347	1162	1	1
99.347	1163	3	3
99.497	1164	2	2
99.647	1165	3	1
99.647	1166	4	1
99.647	1167	2	3
99.797	1168	3	2
99.947	1169	1	1
99.947	1170	2	1
99.947	1171	3	3
100.097	1172	2	2
100.247	1173	3	1
100.247	1174	4	1
100.247	1175	2	3
100.397	1176	4	2
100.547	1177	2	1
100.547	1178	4	3
100.697	1179	1	2
100.847	1180	3	1
100.847	1181	4	1
100.847	1182	1	3
100.997	1183	4	2
101.147	1184	1	1
101.147	1185	2	1
101.147	1186	4	3
101.297	1187	1	2
101.447	1188	3	2
101.447	1189	4	2
101.447	1190	1	3
101.597	1191	3	3
101.597	1192	4	3
101.672	1193	1	2
101.672	1194	2	2
101.822	1195	1	3
101.822	1196	2	3
101.897	1197	1	2
101.897	1198	4	2
102.047	1199	1	3
102.047	1200	4	3
102.122	1201	2	2
102.122	1202	3	2
102.272	1203	2	3
102.272	1204	3	3
102.347	1205	3	2
102.347	1206	4	2
102.497	1207	1	1
102.497	1208	2	1
102.497	1209	3	3
102.497	1210	4	3
102.647	1211	1	1
102.647	1212	4	1
102.797	1213	4	1
102.947	1214	1	1
102.947	1215	2	1
103.097	1216	2	1
103.247	1217	3	1
103.247	1218	4	1
103.397	1219	3	1
103.547	1220	1	1
103.547	1221	2	1
103.697	1222	3	1
103.772	1223	2	1
103.847	1224	1	1
103.847	1225	4	1
103.997	1226	1	1
104.147	1227	3	1
104.147	1228	4	1
104.297	1229	4	1
104.447	1230	1	1
104.447	1231	2	1
104.597	1232	2	1
104.747	1233	3	1
104.747	1234	4	1
104.897	1235	2	1
104.972	1236	3	1
105.047	1237	1	1
105.047	1238	4	1
105.122	1239	2	1
105.197	1240	3	1
105.272	1241	4	1
105.347	1242	1	1
105.347	1243	2	1
105.422	1244	3	1
105.497	1245	4	1
105.572	1246	2	1
105.647	1247	1	1
105.647	1248	4	1
105.722	1249	3	1
105.797	1250	2	1
105.872	1251	1	1
105.947	1252	3	1
105.947	1253	4	1
106.022	1254	1	1
106.097	1255	2	1
106.172	1256	3	1
106.247	1257	1	2
106.247	1258	4	2
106.397	1259	1	3
106.397	1260	4	3
106.472	1261	1	2
106.472	1262	2	2
106.622	1263	1	3
106.622	1264	2	3
106.697	1265	3	2
106.697	1266	4	2
106.847	1267	1	1
106.847	1268	2	1
106.847	1269	3	3
106.847	1270	4	3
106.997	1271	2	1
107.147	1272	3	1
107.147	1273	4	1
107.297	1274	3	1
107.447	1275	1	1
107.447	1276	4	1
107.672	1277	2	1
107.747	1278	1	1
107.747	1279	4	1
107.897	1280	4	2
108.047	1281	2	1
108.047	1282	3	1
108.047	1283	4	3
108.197	1284	1	2
108.347	1285	2	2
108.347	1286	4	2
108.347	1287	1	3
108.497	1288	3	2
108.497	1289	2	3
108.647	1290	1	1
108.647	1291	2	1
108.647	1292	3	3
108.647	1293	4	3
108.797	1294	3	1
108.872	1295	1	1
108.872	1296	4	1
108.947	1297	2	1
108.947	1298	3	1
109.097	1299	2	2
109.247	1300	1	1
109.247	1301	3	1
109.247	1302	2	3
109.397	1303	4	2
109.547	1304	1	2
109.547	1305	3	2
109.547	1306	4	3
109.697	1307	2	2
109.697	1308	3	3
109.847	1309	3	1
109.847	1310	4	1
109.847	1311	1	3
109.847	1312	2	3
109.997	1313	2	1
110.072	1314	1	1
110.072	1315	3	1
110.147	1316	2	1
110.147	1317	4	1
110.297	1318	4	2
110.447	1319	1	1
110.447	1320	3	1
110.447	1321	4	3
110.597	1322	2	2
110.747	1323	1	2
110.747	1324	3	2
110.747	1325	2	3
110.897	1326	4	2
110.897	1327	3	3
111.047	1328	2	1
111.047	1329	3	1
111.047	1330	1	3
111.047	1331	4	3
111.197	1332	1	1
111.272	1333	2	1
111.272	1334	4	1
111.347	1335	1	1
111.347	1336	3	1
111.497	1337	3	2
111.647	1338	1	1
111.647	1339	2	1
111.647	1340	3	3
111.797	1341	4	2
111.947	1342	1	2
111.947	1343	3	2
111.947	1344	4	3
112.097	1345	2	2
112.097	1346	4	1
112.097	1347	3	3
112.247	1348	3	1
112.247	1349	4	1
112.247	1350	1	3
112.247	1351	2	3
112.397	1352	3	1
112.472	1353	2	1
112.472	1354	4	1
112.547	1355	1	1
112.547	1356	3	1
112.697	1357	4	2
112.847	1358	1	1
112.847	1359	3	1
112.847	1360	4	3
112.997	1361	2	2
113.147	1362	1	2
113.147	1363	3	2
113.147	1364	2	3
113.297	1365	4	2
113.297	1366	1	3
113.447	1367	1	1
113.447	1368	2	1
113.447	1369	3	3
113.447	1370	4	3
113.597	1371	3	1
113.672	1372	1	1
113.672	1373	4	1
113.747	1374	2	1
113.747	1375	3	1
113.897	1376	1	2
114.047	1377	3	1
114.047	1378	4	1
114.047	1379	1	3
114.197	1380	4	2
114.347	1381	2	2
114.347	1382	3	2
114.347	1383	4	3
114.497	1384	1	2
114.497	1385	3	3
114.647	1386	3	1
114.647	1387	4	1
114.647	1388	1	3
114.647	1389	2	3
114.797	1390	1	1
114.872	1391	2	1
114.872	1392	3	1
114.947	1393	1	1
114.947	1394	4	1
115.097	1395	3	2
115.247	1396	2	1
115.247	1397	4	1
115.247	1398	3	3
115.397	1399	1	2
115.547	1400	2	2
115.547	1401	4	2
115.697	1402	3	1
115.697	1403	1	3
115.697	1404	2	3
115.697	1405	4	3
115.772	1406	2	1
115.847	1407	1	2
115.847	1408	4	2
115.997	1409	1	3
115.997	1410	4	3
116.072	1411	3	2
116.072	1412	4	2
116.222	1413	3	3
116.222	1414	4	3
116.297	1415	1	2
116.297	1416	2	2
116.447	1417	1	3
116.447	1418	2	3
116.522	1419	1	2
116.522	1420	4	2
116.672	1421	1	3
116.672	1422	4	3
116.747	1423	2	2
116.747	1424	3	2
116.897	1425	4	2
116.897	1426	2	3
117.047	1427	1	1
117.047	1428	3	3
117.047	1429	4	3
117.272	1430	3	1
117.347	1431	1	1
117.347	1432	4	1
117.497	1433	4	2
117.647	1434	2	1
117.647	1435	3	1
117.647	1436	4	3
117.797	1437	1	2
117.947	1438	2	2
117.947	1439	4	2
117.947	1440	1	3
118.097	1441	3	2
118.097	1442	2	3
118.247	1443	1	1
118.247	1444	2	1
118.247	1445	3	3
118.247	1446	4	3
118.397	1447	3	1
118.472	1448	1	1
118.472	1449	4	1
118.547	1450	2	1
118.547	1451	3	1
118.697	1452	2	2
118.847	1453	1	1
118.847	1454	3	1
118.847	1455	2	3
118.997	1456	4	2
119.147	1457	1	2
119.147	1458	3	2
119.147	1459	4	3
119.297	1460	2	2
119.297	1461	3	3
119.447	1462	3	1
119.447	1463	4	1
119.447	1464	1	3
119.447	1465	2	3
119.597	1466	2	1
119.672	1467	1	1
119.672	1468	3	1
119.747	1469	2	1
119.747	1470	4	1
119.897	1471	4	2
120.047	1472	1	1
120.047	1473	3	1
120.047	1474	4	3
120.197	1475	2	2
120.347	1476	1	2
120.347	1477	3	2
120.347	1478	2	3
120.497	1479	4	2
120.497	1480	3	3
120.647	1481	2	1
120.647	1482	3	1
120.647	1483	1	3
120.647	1484	4	3
120.797	1485	1	1
120.872	1486	2	1
120.872	1487	4	1
120.947	1488	1	1
120.947	1489	3	1
121.097	1490	3	2
121.247	1491	1	1
121.247	1492	2	1
121.247	1493	3	3
121.397	1494	4	2
121.547	1495	1	2
121.547	1496	3	2
121.547	1497	4	3
121.697	1498	2	2
121.697	1499	3	3
121.847	1500	3	1
121.847	1501	4	1
121.847	1502	1	3
121.847	1503	2	3
121.997	1504	4	1
122.072	1505	3	1
122.147	1506	1	1
122.147	1507	2	1
122.297	1508	1	1
122.447	1509	3	1
122.447	1510	4	1
122.597	1511	3	1
122.747	1512	1	1
122.747	1513	2	1
122.897	1514	3	1
122.972	1515	2	1
123.047	1516	1	1
123.047	1517	4	1
123.197	1518	1	1
123.272	1519	2	1
123.347	1520	3	1
123.347	1521	4	1
123.497	1522	3	1
123.647	1523	1	1
123.647	1524	2	1
123.797	1525	2	1
123.947	1526	3	1
123.947	1527	4	1
124.097	1528	1	1
124.172	1529	2	1
124.247	1530	4	1
124.322	1531	3	1
124.397	1532	2	1
124.472	1533	1	1
124.547	1534	4	1
124.622	1535	3	1
124.697	1536	4	1
124.772	1537	2	1
124.847	1538	3	1
124.847	1539	4	1
124.922	1540	1	1
124.997	1541	3	1
125.072	1542	4	1
125.147	1543	1	1
125.222	1544	2	1
125.297	1545	1	1
125.372	1546	3	1
125.447	1547	1	1
125.447	1548	2	1
125.597	1549	4	1
125.672	1550	2	1
125.747	1551	1	1
125.747	1552	3	1
125.897	1553	2	1
125.972	1554	3	1
126.047	1555	1	1
126.047	1556	4	1
126.197	1557	3	1
126.272	1558	1	1
126.347	1559	2	1
126.347	1560	4	1
126.497	1561	1	1
126.572	1562	2	1
126.647	1563	3	1
126.647	1564	4	1