Song Name	Candyland (Mo Falk Remix) by Tobu (Remix by Mo Falk)
Difficulty	15
Primary Color	Vibe
Secondary Color	Chill
Audio Asset ID	rbxassetid://117662313464840
Audio File	117662313464840.ogg
Last Note Time	156.942
Total Notes	918
Fever Fill	272
Fever Time	23.541300
Long Notes	104
BPM	128
Song Length	157.942000000

Timing Points
15.380	468.750000
47.255	468.750000
77.255	468.750000
111.005	468.750000
141.005	468.750000


Song Data
15.380	1	1	1
15.380	2	4	2
16.083	3	4	3
16.083	4	3	1
16.083	5	1	2
17.255	6	1	3
17.255	7	4	1
17.255	8	3	2
17.958	9	3	3
17.958	10	1	1
17.958	11	2	2
19.130	12	2	3
19.130	13	3	2
19.833	14	3	3
19.130	15	1	1
19.833	16	4	1
19.833	17	1	2
21.005	18	1	3
21.005	19	2	2
21.708	20	2	3
21.005	21	4	1
21.708	22	4	2
22.880	23	4	3
21.708	24	1	1
22.880	25	1	1
22.997	26	2	1
23.114	27	3	1
23.231	28	4	1
23.348	29	3	1
23.465	30	2	1
23.583	31	1	1
23.700	32	2	1
23.817	33	4	1
23.817	34	3	1
24.520	35	3	1
24.755	36	3	1
24.872	37	2	1
24.989	38	1	1
25.106	39	2	1
25.223	40	3	1
25.340	41	4	1
25.458	42	3	1
25.575	43	2	1
25.692	44	4	1
25.692	45	3	1
25.926	46	1	1
26.044	47	2	1
26.161	48	3	1
26.395	49	4	1
26.630	50	1	1
26.747	51	2	1
26.864	52	3	1
26.981	53	4	1
27.098	54	3	1
27.215	55	2	1
27.333	56	1	1
27.450	57	2	1
27.567	58	4	1
27.567	59	3	1
28.270	60	3	1
28.505	61	3	1
28.622	62	2	1
28.739	63	1	1
28.856	64	3	1
28.973	65	4	1
29.090	66	3	1
29.208	67	2	1
29.325	68	1	1
29.442	69	4	1
29.442	70	3	1
29.676	71	4	1
29.911	72	2	1
30.145	73	1	1
30.380	74	4	1
30.380	75	3	1
31.317	76	1	1
31.395	77	2	1
31.551	78	4	1
31.630	79	3	1
31.864	80	2	1
31.942	81	1	1
32.098	82	3	1
32.176	83	4	1
32.255	84	1	1
32.255	85	2	1
32.489	86	2	1
32.723	87	3	1
32.958	88	1	1
33.075	89	4	1
33.192	90	1	1
33.426	91	2	1
33.661	92	4	1
33.895	93	2	1
34.130	94	1	1
34.130	95	3	1
34.364	96	3	1
34.598	97	4	1
34.833	98	3	1
34.950	99	2	1
35.067	100	3	1
35.301	101	1	1
35.536	102	2	1
35.653	103	3	1
35.770	104	4	1
36.005	105	1	1
36.005	106	2	1
36.239	107	2	1
36.473	108	3	1
36.708	109	1	1
36.825	110	4	1
36.942	111	1	1
37.176	112	2	1
37.411	113	4	1
37.645	114	3	1
37.880	115	1	1
37.880	116	4	1
38.114	117	4	1
38.348	118	3	1
38.583	119	4	1
38.700	120	2	1
38.817	121	4	1
39.051	122	1	1
39.286	123	2	1
39.403	124	3	1
39.520	125	4	1
39.755	126	1	1
39.755	127	2	1
39.989	128	3	1
40.223	129	2	1
40.223	130	4	1
40.458	131	1	1
40.692	132	4	1
40.692	133	3	1
40.926	134	2	1
41.161	135	3	1
41.161	136	1	1
41.395	137	4	1
41.630	138	2	1
41.630	139	1	1
41.864	140	4	1
42.098	141	1	1
42.098	142	3	1
42.333	143	2	1
42.567	144	4	1
42.567	145	3	1
42.801	146	1	1
43.036	147	4	1
43.036	148	2	1
43.270	149	3	1
43.505	150	1	1
43.505	151	2	1
43.739	152	4	1
43.973	153	1	1
44.208	154	4	1
44.442	155	1	1
44.559	156	4	1
44.676	157	1	1
44.794	158	4	1
44.911	159	1	1
45.028	160	4	1
45.145	161	1	1
45.262	162	4	1
45.380	163	1	1
45.614	164	2	1
45.731	165	2	1
45.848	166	4	1
46.083	167	4	1
46.317	168	3	1
46.551	169	2	1
46.786	170	1	1
47.020	171	1	1
47.255	172	3	2
47.489	173	3	3
47.255	174	4	1
47.489	175	2	1
47.606	176	3	1
47.723	177	4	1
47.723	178	1	1
47.958	179	3	1
48.075	180	1	1
48.192	181	2	1
48.192	182	4	2
49.130	183	4	3
48.426	184	3	1
48.661	185	1	1
48.661	186	2	1
48.895	187	3	1
49.130	188	1	2
49.364	189	1	3
49.364	190	3	1
49.481	191	1	1
49.598	192	4	1
49.598	193	2	1
49.833	194	3	1
49.950	195	2	1
50.067	196	4	1
50.067	197	1	2
51.005	198	1	3
50.301	199	3	1
50.536	200	4	1
50.536	201	2	1
50.770	202	3	1
51.005	203	4	2
51.239	204	4	3
51.239	205	1	1
51.356	206	2	1
51.473	207	4	1
51.473	208	3	1
51.708	209	2	1
51.825	210	1	1
51.942	211	4	1
51.942	212	3	2
52.880	213	3	3
52.176	214	2	1
52.411	215	4	1
52.411	216	1	1
52.645	217	2	1
52.880	218	1	2
53.114	219	1	3
53.114	220	3	1
53.231	221	4	1
53.348	222	2	1
53.348	223	1	1
53.583	224	4	1
53.700	225	3	1
53.817	226	1	1
53.817	227	2	2
54.755	228	2	3
54.051	229	4	1
54.286	230	1	1
54.286	231	3	1
54.520	232	4	1
54.755	233	3	2
54.989	234	3	3
54.989	235	1	1
55.106	236	4	1
55.223	237	2	1
55.223	238	3	1
55.458	239	2	1
55.575	240	1	1
55.692	241	3	1
55.692	242	4	2
56.630	243	4	3
55.926	244	2	1
56.161	245	3	1
56.161	246	1	1
56.395	247	2	1
56.630	248	1	2
56.864	249	1	3
56.864	250	3	1
56.981	251	2	1
57.098	252	4	1
57.098	253	1	1
57.333	254	3	1
57.450	255	4	1
57.567	256	1	1
57.567	257	2	2
58.505	258	2	3
57.801	259	3	1
58.036	260	1	1
58.036	261	4	1
58.270	262	3	1
58.505	263	4	2
58.739	264	4	3
58.739	265	1	1
58.856	266	3	1
58.973	267	2	1
58.973	268	4	1
59.208	269	3	1
59.325	270	4	1
59.442	271	2	1
59.442	272	1	2
60.380	273	1	3
59.676	274	4	1
59.911	275	2	1
59.911	276	3	1
60.145	277	4	1
60.380	278	4	1
60.380	279	3	2
60.614	280	3	3
60.614	281	2	2
60.848	282	2	3
60.848	283	1	1
60.848	284	3	2
61.317	285	3	3
61.317	286	4	2
62.255	287	4	3
61.786	288	3	2
62.255	289	3	3
62.255	290	2	1
62.255	291	1	2
62.489	292	1	3
62.489	293	3	1
62.606	294	2	1
62.723	295	4	1
62.840	296	3	1
62.958	297	1	1
63.075	298	2	1
63.192	299	3	2
64.130	300	3	3
63.426	301	1	1
63.661	302	4	1
63.661	303	2	1
63.895	304	1	1
64.130	305	2	2
64.364	306	2	3
64.364	307	3	1
64.481	308	4	1
64.598	309	1	1
64.715	310	4	1
64.833	311	3	1
64.950	312	2	1
65.067	313	1	2
66.005	314	1	3
65.301	315	2	1
65.536	316	4	1
65.536	317	3	1
65.770	318	2	1
66.005	319	3	2
66.239	320	3	3
66.239	321	4	1
66.356	322	2	1
66.473	323	1	1
66.590	324	3	1
66.708	325	4	1
66.825	326	1	1
66.942	327	2	2
67.880	328	2	3
67.176	329	3	1
67.411	330	1	1
67.411	331	4	1
67.645	332	3	1
67.880	333	4	2
68.114	334	4	3
68.114	335	2	1
68.231	336	1	1
68.348	337	3	1
68.465	338	4	1
68.583	339	2	1
68.700	340	3	1
68.817	341	4	2
69.755	342	4	3
69.051	343	1	1
69.286	344	3	1
69.286	345	2	1
69.520	346	1	1
69.755	347	2	2
69.989	348	2	3
69.989	349	4	1
70.106	350	3	1
70.223	351	1	1
70.340	352	2	1
70.458	353	3	1
70.575	354	4	1
70.692	355	1	2
71.630	356	1	3
70.926	357	4	1
71.161	358	2	1
71.161	359	3	1
71.395	360	4	1
71.630	361	3	2
71.864	362	3	3
71.864	363	2	1
71.981	364	1	1
72.098	365	4	1
72.215	366	2	1
72.333	367	1	1
72.450	368	3	1
72.567	369	4	2
73.505	370	4	3
72.801	371	2	1
73.036	372	1	1
73.036	373	3	1
73.270	374	2	1
73.505	375	1	2
73.739	376	1	3
73.739	377	3	1
73.856	378	4	1
73.973	379	2	1
74.090	380	4	1
74.208	381	1	1
74.325	382	2	1
74.442	383	3	2
75.380	384	3	3
74.676	385	1	1
74.911	386	4	1
74.911	387	2	1
75.145	388	1	1
75.380	389	4	2
75.614	390	4	3
75.614	391	2	1
75.731	392	3	1
75.848	393	4	1
75.848	394	2	2
76.317	395	2	3
76.317	396	1	2
77.255	397	1	3
76.786	398	2	2
77.255	399	2	3
77.255	400	4	1
77.255	401	3	1
81.005	402	1	1
81.005	403	4	2
81.708	404	4	3
81.473	405	1	1
81.708	406	3	1
81.708	407	1	2
82.880	408	1	3
81.942	409	4	1
82.411	410	4	1
82.880	411	4	1
82.880	412	3	2
83.583	413	3	3
83.348	414	2	1
83.583	415	1	1
83.583	416	2	2
84.755	417	2	3
83.817	418	3	1
84.286	419	3	1
84.755	420	3	2
85.458	421	3	3
84.755	422	1	1
85.223	423	1	1
85.458	424	4	1
85.458	425	1	2
86.630	426	1	3
85.692	427	3	1
86.161	428	3	1
86.630	429	2	2
87.333	430	2	3
86.630	431	4	1
87.098	432	4	1
87.333	433	4	2
88.505	434	4	3
87.333	435	1	1
87.567	436	2	1
88.036	437	2	1
88.505	438	1	1
88.622	439	2	1
88.739	440	3	1
88.856	441	4	1
88.973	442	3	1
89.090	443	2	1
89.208	444	1	1
89.325	445	2	1
89.442	446	3	1
89.559	447	4	1
89.676	448	1	1
89.911	449	1	1
90.145	450	3	1
90.380	451	3	1
90.497	452	2	1
90.614	453	1	1
90.731	454	2	1
90.848	455	3	1
90.965	456	4	1
91.083	457	3	1
91.200	458	2	1
91.317	459	3	1
91.434	460	4	1
91.551	461	1	1
91.669	462	2	1
91.786	463	3	1
92.020	464	4	1
92.255	465	1	1
92.372	466	2	1
92.489	467	3	1
92.606	468	4	1
92.723	469	3	1
92.840	470	2	1
92.958	471	1	1
93.075	472	2	1
93.192	473	3	1
93.309	474	4	1
93.426	475	1	1
93.661	476	1	1
93.895	477	3	1
94.130	478	3	1
94.247	479	2	1
94.364	480	1	1
94.481	481	3	1
94.598	482	4	1
94.715	483	3	1
94.833	484	2	1
94.950	485	1	1
95.067	486	3	1
95.301	487	4	1
95.536	488	2	1
95.770	489	1	1
96.005	490	3	1
96.005	491	4	1
96.239	492	3	1
96.473	493	2	1
96.708	494	4	1
96.825	495	1	1
96.942	496	4	1
97.176	497	3	1
97.411	498	1	1
97.645	499	3	1
97.880	500	4	1
97.880	501	2	1
98.114	502	2	1
98.348	503	1	1
98.583	504	2	1
98.700	505	3	1
98.817	506	2	1
99.051	507	4	1
99.286	508	3	1
99.403	509	2	1
99.520	510	1	1
99.755	511	4	1
99.755	512	3	1
99.989	513	3	1
100.223	514	2	1
100.458	515	4	1
100.575	516	1	1
100.692	517	4	1
100.926	518	3	1
101.161	519	1	1
101.395	520	2	1
101.630	521	4	1
101.630	522	1	1
101.864	523	1	1
102.098	524	2	1
102.333	525	1	1
102.450	526	3	1
102.567	527	1	1
102.801	528	4	1
103.036	529	3	1
103.153	530	2	1
103.270	531	1	1
103.505	532	4	1
103.505	533	3	1
103.739	534	2	1
103.973	535	3	1
103.973	536	1	1
104.208	537	4	1
104.442	538	1	1
104.442	539	2	1
104.676	540	3	1
104.911	541	2	1
104.911	542	4	1
105.145	543	1	1
105.380	544	3	1
105.380	545	4	1
105.614	546	1	1
105.848	547	4	1
105.848	548	2	1
106.083	549	3	1
106.317	550	1	1
106.317	551	2	1
106.551	552	4	1
106.786	553	1	1
106.786	554	3	1
107.020	555	2	1
107.255	556	4	1
107.255	557	3	1
107.489	558	1	1
107.723	559	4	1
107.958	560	1	1
108.192	561	4	1
108.309	562	1	1
108.426	563	4	1
108.544	564	1	1
108.661	565	4	1
108.778	566	1	1
108.895	567	4	1
109.012	568	1	1
109.130	569	4	1
109.364	570	3	1
109.481	571	3	1
109.598	572	1	1
109.833	573	1	1
110.067	574	2	1
110.301	575	3	1
110.419	576	3	1
110.536	577	4	1
110.770	578	4	1
111.005	579	1	1
111.005	580	2	2
111.239	581	2	3
111.356	582	4	1
111.473	583	2	1
111.473	584	1	1
111.590	585	3	1
111.825	586	2	1
111.942	587	1	1
112.176	588	3	1
112.411	589	1	1
112.411	590	4	1
112.645	591	2	1
112.880	592	1	1
112.880	593	4	2
113.114	594	4	3
113.231	595	3	1
113.348	596	4	1
113.348	597	1	1
113.465	598	2	1
113.700	599	4	1
113.817	600	1	1
114.051	601	4	1
114.286	602	2	2
114.520	603	2	3
114.286	604	3	1
114.520	605	1	2
114.755	606	1	3
114.755	607	4	1
114.755	608	3	2
114.989	609	3	3
115.106	610	1	1
115.223	611	4	1
115.223	612	3	1
115.340	613	2	1
115.575	614	1	1
115.692	615	4	1
115.926	616	2	1
116.161	617	3	1
116.161	618	4	1
116.395	619	1	1
116.630	620	4	1
116.630	621	3	2
116.864	622	3	3
116.981	623	2	1
117.098	624	4	1
117.098	625	3	1
117.215	626	1	1
117.450	627	4	1
117.508	628	3	1
117.567	629	2	1
117.801	630	2	2
118.036	631	2	3
118.036	632	4	2
118.270	633	4	3
118.270	634	3	1
118.387	635	2	1
118.505	636	1	2
118.739	637	1	3
118.856	638	4	1
118.973	639	2	1
118.973	640	3	1
119.090	641	1	1
119.325	642	3	1
119.442	643	2	1
119.676	644	4	1
119.911	645	1	1
119.911	646	3	1
120.145	647	2	1
120.380	648	4	1
120.380	649	3	2
120.614	650	3	3
120.731	651	1	1
120.848	652	3	1
120.848	653	4	1
120.965	654	2	1
121.200	655	4	1
121.317	656	1	1
121.551	657	2	1
121.786	658	3	2
122.020	659	3	3
121.786	660	4	1
122.020	661	2	2
122.255	662	2	3
122.255	663	4	1
122.255	664	1	2
122.489	665	1	3
122.606	666	3	1
122.723	667	2	1
122.723	668	4	1
122.840	669	1	1
123.075	670	3	1
123.192	671	2	1
123.426	672	4	1
123.661	673	1	1
123.661	674	3	1
123.895	675	2	1
124.130	676	4	1
124.130	677	3	2
124.364	678	3	3
124.364	679	2	2
124.598	680	2	3
124.598	681	3	2
125.301	682	3	3
124.598	683	1	1
124.950	684	1	1
125.184	685	1	1
125.301	686	2	1
125.536	687	4	2
125.770	688	4	3
125.770	689	2	1
125.887	690	1	1
126.005	691	4	1
126.005	692	3	2
126.239	693	3	3
126.356	694	1	1
126.473	695	3	1
126.473	696	4	1
126.590	697	2	1
126.825	698	3	1
126.942	699	4	1
127.176	700	2	1
127.411	701	4	1
127.411	702	1	1
127.645	703	3	1
127.880	704	4	1
127.880	705	1	2
128.114	706	1	3
128.231	707	2	1
128.348	708	1	1
128.348	709	4	1
128.465	710	3	1
128.700	711	1	1
128.817	712	4	1
129.051	713	1	1
129.286	714	3	2
129.520	715	3	3
129.286	716	2	1
129.520	717	4	2
129.755	718	4	3
129.755	719	1	1
129.755	720	2	2
129.989	721	2	3
130.106	722	4	1
130.223	723	1	1
130.223	724	2	1
130.340	725	3	1
130.575	726	4	1
130.692	727	1	1
130.926	728	3	1
131.161	729	2	1
131.161	730	1	1
131.395	731	4	1
131.630	732	1	1
131.630	733	2	2
131.864	734	2	3
131.981	735	3	1
132.098	736	1	1
132.098	737	2	1
132.215	738	4	1
132.450	739	1	1
132.508	740	2	1
132.567	741	3	1
132.801	742	3	2
133.036	743	3	3
133.036	744	1	2
133.270	745	1	3
133.270	746	2	1
133.387	747	3	1
133.505	748	4	2
133.739	749	4	3
133.856	750	1	1
133.973	751	3	1
133.973	752	2	1
134.090	753	4	1
134.325	754	2	1
134.442	755	3	1
134.676	756	1	1
134.911	757	4	1
134.911	758	2	1
135.145	759	3	1
135.380	760	1	1
135.380	761	2	2
135.614	762	2	3
135.731	763	4	1
135.848	764	2	1
135.848	765	1	1
135.965	766	3	1
136.200	767	1	1
136.317	768	4	1
136.551	769	3	1
136.786	770	2	2
137.020	771	2	3
136.786	772	1	1
137.020	773	3	2
137.255	774	3	3
137.255	775	1	1
137.255	776	4	2
137.489	777	4	3
137.606	778	2	1
137.723	779	3	1
137.723	780	1	1
137.840	781	4	1
138.075	782	2	1
138.192	783	3	1
138.426	784	1	1
138.661	785	4	1
138.661	786	2	1
138.895	787	3	1
139.130	788	1	2
139.364	789	1	3
139.130	790	2	1
139.364	791	4	1
139.481	792	3	1
139.598	793	2	2
140.301	794	2	3
139.598	795	1	1
139.950	796	4	1
140.184	797	4	1
140.301	798	3	1
140.536	799	1	2
140.770	800	1	3
140.770	801	2	1
140.887	802	3	1
141.005	803	4	2
141.239	804	4	3
141.005	805	1	1
141.239	806	2	1
141.356	807	3	1
141.473	808	4	1
141.473	809	1	1
141.708	810	2	1
141.942	811	3	2
142.880	812	3	3
142.176	813	4	1
142.411	814	1	1
142.411	815	2	1
142.645	816	4	1
142.880	817	1	2
143.114	818	1	3
143.114	819	4	1
143.231	820	3	1
143.348	821	1	1
143.348	822	2	1
143.583	823	3	1
143.817	824	4	2
144.755	825	4	3
144.051	826	1	1
144.286	827	3	1
144.286	828	2	1
144.403	829	1	1
144.520	830	3	1
144.755	831	2	2
144.989	832	2	3
144.989	833	4	1
145.106	834	1	1
145.223	835	3	1
145.223	836	2	1
145.458	837	4	1
145.692	838	1	2
146.630	839	1	3
145.926	840	2	1
146.161	841	4	1
146.161	842	3	1
146.395	843	2	1
146.630	844	3	2
146.864	845	3	3
146.864	846	1	1
146.981	847	2	1
147.098	848	4	1
147.098	849	3	1
147.215	850	2	1
147.333	851	1	1
147.567	852	2	2
148.505	853	2	3
147.801	854	3	1
148.036	855	1	1
148.036	856	4	1
148.153	857	3	1
148.270	858	1	1
148.505	859	4	2
148.739	860	4	3
148.739	861	2	1
148.856	862	1	1
148.973	863	3	1
148.973	864	4	1
149.208	865	2	1
149.442	866	3	2
150.380	867	3	3
149.676	868	1	1
149.911	869	4	1
149.911	870	2	1
150.145	871	1	1
150.380	872	2	2
150.614	873	2	3
150.614	874	4	1
150.731	875	3	1
150.848	876	1	1
150.848	877	2	1
151.083	878	3	1
151.317	879	1	2
152.255	880	1	3
151.551	881	2	1
151.786	882	4	1
151.786	883	3	1
151.903	884	2	1
152.020	885	4	1
152.255	886	3	2
152.489	887	3	3
152.489	888	1	1
152.606	889	2	1
152.723	890	4	1
152.723	891	3	1
152.958	892	1	1
153.192	893	4	2
154.130	894	4	3
153.426	895	3	1
153.661	896	1	1
153.661	897	2	1
153.895	898	3	1
154.130	899	2	2
154.364	900	2	3
154.364	901	4	1
154.481	902	3	1
154.598	903	2	1
154.598	904	1	2
155.067	905	1	3
155.067	906	4	2
156.005	907	4	3
155.536	908	3	2
156.005	909	3	3
156.005	910	1	1
156.122	911	2	1
156.239	912	3	1
156.356	913	4	1
156.473	914	3	1
156.590	915	2	1
156.708	916	1	1
156.825	917	2	1
156.942	918	3	1