Song Name	Chillout by Rutra
Difficulty	6
Primary Color	Vibe
Secondary Color	Rush
Audio Asset ID	rbxassetid://9065523926
Audio File	9065523926.ogg
Last Note Time	166.878
Total Notes	690
Fever Fill	156
Fever Time	25.031700
Long Notes	224
BPM	105
Song Length	167.878000000

Timing Points
2.307	571.428571


Song Data
2.592	1	3	2
3.449	2	4	2
3.449	3	3	3
4.164	4	1	1
4.164	5	4	3
4.306	6	2	2
4.592	7	2	3
4.878	8	4	2
5.735	9	3	2
5.735	10	4	3
6.449	11	1	1
6.449	12	3	3
6.592	13	2	2
6.878	14	2	3
7.164	15	1	2
8.021	16	4	2
8.021	17	1	3
8.735	18	2	1
8.735	19	4	3
8.878	20	3	2
9.164	21	3	3
9.449	22	2	2
10.306	23	1	2
10.306	24	2	3
11.021	25	3	1
11.021	26	1	3
11.164	27	4	2
11.449	28	4	3
11.735	29	3	2
12.592	30	4	2
12.592	31	3	3
13.306	32	1	1
13.306	33	4	3
13.449	34	2	2
13.735	35	2	3
14.021	36	4	2
14.878	37	3	2
14.878	38	4	3
15.592	39	1	1
15.592	40	3	3
15.735	41	2	2
16.021	42	2	3
16.306	43	1	2
17.164	44	4	2
17.164	45	1	3
17.878	46	2	1
17.878	47	4	3
18.021	48	3	2
18.306	49	3	3
18.592	50	2	2
19.449	51	1	2
19.449	52	2	3
20.164	53	3	1
20.164	54	1	3
20.306	55	4	2
20.592	56	1	1
20.592	57	2	1
20.592	58	4	3
20.878	59	3	2
21.164	60	1	1
21.735	61	4	2
21.735	62	3	3
22.306	63	3	1
22.306	64	4	3
22.449	65	1	1
22.592	66	2	2
22.878	67	2	3
23.164	68	4	2
23.449	69	1	1
24.021	70	3	2
24.021	71	4	3
24.592	72	4	1
24.592	73	3	3
24.735	74	1	1
24.878	75	2	2
25.164	76	2	3
25.449	77	1	2
25.735	78	3	1
26.306	79	4	2
26.306	80	1	3
26.878	81	1	1
26.878	82	4	3
27.021	83	2	1
27.164	84	3	2
27.449	85	3	3
27.735	86	2	2
28.021	87	4	1
28.592	88	1	2
28.592	89	2	3
29.164	90	2	1
29.164	91	1	3
29.306	92	3	1
29.449	93	4	2
29.735	94	4	3
30.021	95	3	2
30.306	96	1	1
30.878	97	4	2
30.878	98	3	3
31.449	99	3	1
31.449	100	4	3
31.592	101	1	1
31.735	102	2	2
32.021	103	2	3
32.306	104	4	2
32.592	105	1	1
33.164	106	3	2
33.164	107	4	3
33.735	108	4	1
33.735	109	3	3
33.878	110	1	1
34.021	111	2	2
34.306	112	2	3
34.592	113	1	2
34.878	114	3	1
35.449	115	4	2
35.449	116	1	3
36.021	117	1	1
36.021	118	4	3
36.164	119	2	1
36.306	120	3	2
36.592	121	3	3
36.878	122	2	2
37.164	123	4	1
37.592	124	4	1
37.735	125	1	2
37.735	126	2	3
37.878	127	4	1
38.306	128	2	1
38.306	129	1	3
38.449	130	3	1
38.592	131	4	2
38.878	132	1	1
38.878	133	2	1
38.878	134	4	3
39.164	135	3	2
39.449	136	1	1
40.021	137	4	2
40.021	138	3	3
40.592	139	3	1
40.592	140	4	3
40.735	141	1	1
40.878	142	2	2
41.164	143	3	1
41.164	144	2	3
41.449	145	4	2
41.735	146	1	1
42.306	147	3	2
42.306	148	4	3
42.878	149	4	1
42.878	150	3	3
43.021	151	1	1
43.164	152	2	2
43.449	153	4	1
43.449	154	2	3
43.735	155	1	2
44.021	156	3	1
44.592	157	4	2
44.592	158	1	3
45.164	159	1	1
45.164	160	4	3
45.306	161	2	1
45.449	162	3	2
45.735	163	1	1
45.735	164	3	3
46.021	165	2	2
46.306	166	4	1
46.878	167	1	2
46.878	168	2	3
47.449	169	2	1
47.449	170	1	3
47.592	171	3	1
47.735	172	4	2
48.021	173	2	1
48.021	174	4	3
48.306	175	3	2
48.592	176	1	1
49.164	177	4	2
49.164	178	3	3
49.735	179	3	1
49.735	180	4	3
49.878	181	1	1
50.021	182	2	2
50.306	183	3	1
50.306	184	2	3
50.592	185	4	2
50.878	186	1	1
51.449	187	3	2
51.449	188	4	3
52.021	189	4	1
52.021	190	3	3
52.164	191	1	1
52.306	192	2	2
52.592	193	4	1
52.592	194	2	3
52.878	195	1	2
53.164	196	3	1
53.735	197	4	2
53.735	198	1	3
54.306	199	1	1
54.306	200	4	3
54.449	201	2	1
54.592	202	3	2
54.878	203	3	3
55.164	204	2	2
55.449	205	4	1
55.878	206	4	1
56.021	207	1	2
56.021	208	2	3
56.164	209	4	1
56.592	210	2	1
56.592	211	1	3
56.735	212	3	1
56.878	213	4	2
57.164	214	1	1
57.164	215	2	1
57.164	216	4	3
57.449	217	3	2
57.735	218	1	1
58.306	219	4	2
58.306	220	3	3
58.592	221	2	1
58.878	222	3	1
58.878	223	4	3
59.021	224	1	1
59.164	225	2	2
59.449	226	3	1
59.449	227	2	3
59.735	228	4	2
60.021	229	1	1
60.592	230	3	2
60.592	231	4	3
60.878	232	2	1
61.164	233	4	1
61.164	234	3	3
61.306	235	1	1
61.449	236	2	2
61.735	237	4	1
61.735	238	2	3
62.021	239	1	2
62.306	240	3	1
62.878	241	4	2
62.878	242	1	3
63.164	243	3	1
63.449	244	1	1
63.449	245	4	3
63.592	246	2	1
63.735	247	3	2
64.021	248	1	1
64.021	249	3	3
64.306	250	2	2
64.592	251	4	1
65.164	252	1	2
65.164	253	2	3
65.449	254	4	1
65.735	255	2	1
65.735	256	1	3
65.878	257	3	1
66.021	258	4	2
66.306	259	1	1
66.306	260	2	1
66.306	261	4	3
66.592	262	3	2
66.878	263	1	1
67.449	264	4	2
67.449	265	3	3
67.735	266	2	1
68.021	267	3	1
68.021	268	4	3
68.164	269	1	1
68.306	270	2	2
68.592	271	3	1
68.592	272	2	3
68.878	273	4	2
69.164	274	1	1
69.735	275	3	2
69.735	276	4	3
70.021	277	2	1
70.306	278	4	1
70.306	279	3	3
70.449	280	1	1
70.592	281	2	2
70.878	282	4	1
70.878	283	2	3
71.164	284	1	2
71.449	285	3	1
72.021	286	4	2
72.021	287	1	3
72.306	288	3	1
72.592	289	1	1
72.592	290	4	3
72.735	291	2	1
72.878	292	3	2
73.164	293	3	3
73.449	294	2	2
73.735	295	4	1
74.164	296	4	1
74.306	297	1	2
74.306	298	2	3
74.449	299	4	1
74.878	300	2	1
74.878	301	1	3
75.021	302	3	1
75.164	303	4	2
75.449	304	3	2
75.449	305	4	3
76.021	306	1	2
76.021	307	3	3
76.592	308	4	2
76.592	309	1	3
77.164	310	3	2
77.164	311	4	3
77.735	312	4	2
77.735	313	3	3
78.306	314	1	2
78.306	315	4	3
78.878	316	2	2
78.878	317	1	3
79.449	318	1	2
79.449	319	2	3
80.021	320	3	2
80.021	321	1	3
80.592	322	1	2
80.592	323	3	3
81.164	324	4	2
81.164	325	1	3
81.735	326	3	2
81.735	327	4	3
82.306	328	4	2
82.306	329	3	3
82.878	330	2	2
82.878	331	4	3
83.449	332	3	2
83.449	333	2	3
84.021	334	1	2
84.021	335	3	3
84.592	336	3	2
84.592	337	1	3
85.164	338	1	2
85.164	339	3	3
85.735	340	4	2
85.735	341	1	3
86.306	342	3	2
86.306	343	4	3
86.878	344	4	2
86.878	345	3	3
87.449	346	1	2
87.449	347	4	3
88.021	348	2	2
88.021	349	1	3
88.592	350	1	2
88.592	351	2	3
89.164	352	3	2
89.164	353	1	3
89.735	354	1	2
89.735	355	3	3
90.306	356	4	2
90.306	357	1	3
90.878	358	3	2
90.878	359	4	3
91.449	360	4	2
91.449	361	3	3
92.021	362	2	2
92.021	363	4	3
92.592	364	3	2
92.592	365	2	3
93.164	366	1	2
93.164	367	3	3
93.735	368	1	3
94.021	369	3	2
94.306	370	1	1
94.878	371	4	2
94.878	372	3	3
95.449	373	3	1
95.449	374	4	3
95.592	375	1	1
95.735	376	2	2
96.021	377	2	3
96.306	378	4	2
96.592	379	1	1
97.164	380	3	2
97.164	381	4	3
97.735	382	4	1
97.735	383	3	3
97.878	384	1	1
98.021	385	2	2
98.306	386	2	3
98.592	387	1	2
98.878	388	3	1
99.449	389	4	2
99.449	390	1	3
100.021	391	1	1
100.021	392	4	3
100.164	393	2	1
100.306	394	3	2
100.592	395	3	3
100.878	396	2	2
101.164	397	4	1
101.735	398	1	2
101.735	399	2	3
102.306	400	2	1
102.306	401	1	3
102.449	402	3	1
102.592	403	4	2
102.878	404	4	3
103.164	405	3	2
103.449	406	1	1
104.021	407	4	2
104.021	408	3	3
104.592	409	3	1
104.592	410	4	3
104.735	411	1	1
104.878	412	2	2
105.164	413	2	3
105.449	414	4	2
105.735	415	1	1
106.306	416	3	2
106.306	417	4	3
106.878	418	4	1
106.878	419	3	3
107.021	420	1	1
107.164	421	2	2
107.449	422	2	3
107.735	423	1	2
108.021	424	3	1
108.592	425	4	2
108.592	426	1	3
109.164	427	1	1
109.164	428	4	3
109.306	429	2	1
109.449	430	3	2
109.735	431	3	3
110.021	432	2	2
110.306	433	4	1
110.735	434	4	1
110.878	435	1	2
110.878	436	2	3
111.021	437	4	1
111.449	438	2	1
111.449	439	1	3
111.592	440	3	1
111.735	441	4	2
112.021	442	1	1
112.021	443	2	1
112.021	444	4	3
112.306	445	3	2
112.592	446	1	1
113.164	447	4	2
113.164	448	3	3
113.449	449	2	1
113.735	450	3	1
113.735	451	4	3
113.878	452	1	1
114.021	453	2	2
114.306	454	3	1
114.306	455	2	3
114.592	456	4	2
114.878	457	1	1
115.449	458	3	2
115.449	459	4	3
115.735	460	2	1
116.021	461	4	1
116.021	462	3	3
116.164	463	1	1
116.306	464	2	2
116.592	465	4	1
116.592	466	2	3
116.878	467	1	2
117.164	468	3	1
117.735	469	4	2
117.735	470	1	3
118.021	471	3	1
118.306	472	1	1
118.306	473	4	3
118.449	474	2	1
118.592	475	3	2
118.878	476	1	1
118.878	477	3	3
119.164	478	2	2
119.449	479	4	1
120.021	480	1	2
120.021	481	2	3
120.306	482	4	1
120.592	483	2	1
120.592	484	1	3
120.735	485	3	1
120.878	486	4	2
121.164	487	1	1
121.164	488	2	1
121.164	489	4	3
121.449	490	3	2
121.735	491	1	1
122.306	492	4	2
122.306	493	3	3
122.592	494	2	1
122.878	495	3	1
122.878	496	4	3
123.021	497	1	1
123.164	498	2	2
123.449	499	3	1
123.449	500	2	3
123.735	501	4	2
124.021	502	1	1
124.592	503	3	2
124.592	504	4	3
124.878	505	2	1
125.164	506	4	1
125.164	507	3	3
125.306	508	1	1
125.449	509	2	2
125.735	510	4	1
125.735	511	2	3
126.021	512	1	2
126.306	513	3	1
126.878	514	4	2
126.878	515	1	3
127.164	516	3	1
127.449	517	1	1
127.449	518	4	3
127.592	519	2	1
127.735	520	3	2
128.021	521	3	3
128.306	522	2	2
128.592	523	4	1
129.021	524	4	1
129.164	525	1	2
129.164	526	2	3
129.306	527	4	1
129.735	528	2	1
129.735	529	1	3
129.878	530	3	1
130.021	531	4	2
130.306	532	1	1
130.306	533	2	1
130.306	534	4	3
130.592	535	3	2
130.878	536	1	1
131.449	537	4	2
131.449	538	3	3
131.735	539	2	1
132.021	540	3	1
132.021	541	4	3
132.164	542	1	1
132.306	543	2	2
132.592	544	3	1
132.592	545	2	3
132.878	546	4	2
133.164	547	1	1
133.735	548	3	2
133.735	549	4	3
134.021	550	2	1
134.306	551	4	1
134.306	552	3	3
134.449	553	1	1
134.592	554	2	2
134.878	555	4	1
134.878	556	2	3
135.164	557	1	2
135.449	558	3	1
136.021	559	4	2
136.021	560	1	3
136.306	561	3	1
136.592	562	1	1
136.592	563	4	3
136.735	564	2	1
136.878	565	3	2
137.164	566	1	1
137.164	567	3	3
137.449	568	2	2
137.735	569	4	1
138.306	570	1	2
138.306	571	2	3
138.592	572	4	1
138.878	573	2	1
138.878	574	1	3
139.021	575	3	1
139.164	576	4	2
139.449	577	1	1
139.449	578	2	1
139.449	579	4	3
139.735	580	3	2
140.021	581	1	1
140.592	582	4	2
140.592	583	3	3
140.878	584	2	1
141.164	585	3	1
141.164	586	4	3
141.306	587	1	1
141.449	588	2	2
141.735	589	3	1
141.735	590	2	3
142.021	591	4	2
142.306	592	1	1
142.878	593	3	2
142.878	594	4	3
143.164	595	2	1
143.449	596	4	1
143.449	597	3	3
143.592	598	1	1
143.735	599	2	2
144.021	600	4	1
144.021	601	2	3
144.306	602	1	2
144.592	603	3	1
145.164	604	4	2
145.164	605	1	3
145.449	606	3	1
145.735	607	1	1
145.735	608	4	3
145.878	609	2	1
146.021	610	3	2
146.306	611	3	3
146.592	612	2	2
146.878	613	4	1
147.306	614	4	1
147.449	615	1	2
147.449	616	2	3
147.592	617	4	1
148.021	618	2	1
148.021	619	1	3
148.164	620	3	1
148.306	621	4	2
148.592	622	2	1
148.592	623	4	3
148.878	624	3	2
149.164	625	1	1
149.735	626	4	2
149.735	627	3	3
150.306	628	3	1
150.306	629	4	3
150.449	630	1	1
150.592	631	2	2
150.878	632	2	3
151.164	633	4	2
151.449	634	1	1
152.021	635	3	2
152.021	636	4	3
152.592	637	4	1
152.592	638	3	3
152.735	639	1	1
152.878	640	2	2
153.164	641	2	3
153.449	642	1	2
153.735	643	3	1
154.306	644	4	2
154.306	645	1	3
154.878	646	1	1
154.878	647	4	3
155.021	648	2	1
155.164	649	3	2
155.449	650	3	3
155.735	651	2	2
156.021	652	4	1
156.592	653	1	2
156.592	654	2	3
157.164	655	2	1
157.164	656	1	3
157.306	657	3	1
157.449	658	4	2
157.735	659	2	1
157.735	660	4	3
158.021	661	3	2
158.878	662	4	2
158.878	663	3	3
159.592	664	1	1
159.592	665	4	3
159.735	666	2	2
160.021	667	2	3
160.306	668	4	2
161.164	669	3	2
161.164	670	4	3
161.878	671	1	1
161.878	672	3	3
162.021	673	2	2
162.306	674	2	3
162.592	675	1	2
163.449	676	4	2
163.449	677	1	3
164.164	678	2	1
164.164	679	4	3
164.306	680	3	2
164.592	681	3	3
164.878	682	2	2
165.735	683	1	2
165.735	684	2	3
166.449	685	3	1
166.449	686	1	3
166.592	687	4	2
166.878	688	1	1
166.878	689	2	1
166.878	690	4	3