Song Name	Circle of Life by AmyKawashima
Title	Circle of Life
Artist	AmyKawashima
Description	The circle of life rotates objects on the X, Y and Z axis in increments of 45 degrees. Map by andrewpro011.
Difficulty	22
Primary Color	Chill
Secondary Color	Vibe
Cover Image ID	7676044420
Audio Asset ID	rbxassetid://9065429757
Audio File	9065429757.ogg
Last Note Time	146.947
Total Notes	1467
Fever Fill	488
Fever Time	22.042050
Long Notes	2
BPM	153
Song Length	147.947000000

Timing Points
0.046	-77.519380
0.046	441.176471
17.655	441.176471
17.655	340.909091
62.649	340.909091
62.649	447.761194
64.440	447.761194
64.440	419.580420
66.128	419.580420
66.128	375.000000
67.630	375.000000
67.630	355.029586
69.054	355.029586
69.054	441.176471
70.810	441.176471
70.810	340.909091
136.258	340.909091
136.258	355.029586
137.682	355.029586
137.682	375.000000
139.178	375.000000
139.178	419.580420
140.862	419.580420
140.862	447.761194
142.653	447.761194
142.653	413.793103
142.859	413.793103
142.859	413.793103
143.052	413.793103
143.052	413.793103
143.265	413.793103
143.265	413.793103
143.534	413.793103
143.534	413.793103
143.844	413.793103
143.844	413.793103
144.213	413.793103
144.213	521.739130
144.730	521.739130
144.730	521.739130


Song Data
0.046	1	3	1
0.707	2	1	1
0.928	3	2	1
1.148	4	3	1
1.369	5	4	1
1.810	6	3	1
2.472	7	1	1
2.693	8	2	1
2.913	9	4	1
3.134	10	3	1
3.354	11	1	1
3.575	12	2	1
4.237	13	1	1
4.457	14	4	1
4.678	15	3	1
4.898	16	2	1
5.340	17	1	1
6.001	18	3	1
6.222	19	2	1
6.443	20	1	1
6.663	21	2	1
6.884	22	3	1
7.104	23	4	1
7.766	24	1	1
7.987	25	2	1
8.207	26	3	1
8.428	27	4	1
8.869	28	3	1
9.531	29	1	1
9.751	30	2	1
9.972	31	4	1
10.193	32	3	1
10.634	33	2	1
11.295	34	1	1
11.516	35	2	1
11.737	36	3	1
11.957	37	4	1
12.398	38	3	1
12.619	39	2	1
12.840	40	1	1
13.060	41	3	1
13.281	42	4	1
13.501	43	1	1
13.722	44	2	1
13.943	45	4	2
16.810	46	4	3
13.943	47	3	1
17.655	48	4	1
17.740	49	3	1
17.825	50	2	1
17.910	51	1	1
17.995	52	4	1
18.081	53	3	1
18.166	54	2	1
18.251	55	1	1
18.336	56	4	1
18.422	57	3	1
18.507	58	1	1
18.592	59	2	1
18.677	60	4	1
18.762	61	1	1
18.848	62	3	1
18.933	63	2	1
19.018	64	3	1
19.018	65	4	1
19.103	66	1	1
19.189	67	2	1
19.274	68	3	1
19.359	69	1	1
19.359	70	4	1
19.444	71	2	1
19.530	72	3	1
19.615	73	1	1
19.700	74	4	1
19.785	75	2	1
19.870	76	1	1
19.956	77	3	1
20.041	78	4	1
20.041	79	2	1
20.126	80	1	1
20.211	81	2	1
20.297	82	3	1
20.382	83	4	1
20.552	84	2	1
20.723	85	4	1
20.723	86	1	1
20.808	87	3	1
20.893	88	2	1
20.978	89	4	1
21.064	90	1	1
21.149	91	3	1
21.234	92	4	1
21.405	93	1	1
21.405	94	2	1
21.575	95	3	1
21.745	96	1	1
21.831	97	2	1
21.916	98	3	1
22.001	99	4	1
22.086	100	1	1
22.086	101	3	1
22.172	102	4	1
22.257	103	2	1
22.342	104	3	1
22.427	105	1	1
22.512	106	4	1
22.598	107	2	1
22.683	108	3	1
22.768	109	4	1
22.768	110	1	1
22.853	111	3	1
22.939	112	1	1
23.024	113	2	1
23.109	114	4	1
23.194	115	3	1
23.280	116	2	1
23.365	117	1	1
23.450	118	2	1
23.450	119	4	1
23.535	120	1	1
23.620	121	3	1
23.706	122	2	1
23.791	123	4	1
23.876	124	1	1
23.961	125	3	1
24.047	126	2	1
24.132	127	1	1
24.132	128	4	1
24.217	129	3	1
24.302	130	2	1
24.387	131	1	1
24.473	132	4	1
24.558	133	3	1
24.643	134	2	1
24.728	135	3	1
24.814	136	4	1
24.814	137	1	1
24.899	138	2	1
24.984	139	3	1
25.069	140	1	1
25.155	141	4	1
25.240	142	2	1
25.325	143	1	1
25.410	144	3	1
25.495	145	4	1
25.495	146	1	1
25.581	147	2	1
25.666	148	3	1
25.751	149	1	1
25.836	150	4	1
26.007	151	3	1
26.177	152	1	1
26.177	153	4	1
26.262	154	3	1
26.348	155	2	1
26.433	156	4	1
26.518	157	1	1
26.603	158	3	1
26.689	159	4	1
26.859	160	1	1
26.859	161	2	1
27.030	162	3	1
27.200	163	1	1
27.285	164	2	1
27.370	165	3	1
27.456	166	4	1
27.541	167	3	1
27.541	168	1	1
27.626	169	4	1
27.711	170	2	1
27.797	171	3	1
27.882	172	1	1
27.967	173	4	1
28.052	174	2	1
28.137	175	3	1
28.223	176	4	1
28.223	177	1	1
28.308	178	3	1
28.393	179	1	1
28.478	180	2	1
28.564	181	4	1
28.649	182	3	1
28.734	183	2	1
28.819	184	1	1
28.905	185	2	1
28.905	186	4	1
28.990	187	1	1
29.075	188	3	1
29.160	189	2	1
29.245	190	1	1
29.245	191	4	1
29.331	192	3	1
29.416	193	1	1
29.416	194	4	1
29.501	195	2	1
29.586	196	3	1
29.586	197	4	1
29.672	198	2	1
29.757	199	3	1
29.842	200	1	1
29.927	201	3	1
29.927	202	4	1
30.012	203	1	1
30.098	204	2	1
30.183	205	3	1
30.268	206	1	1
30.268	207	4	1
30.353	208	2	1
30.439	209	3	1
30.524	210	1	1
30.609	211	4	1
30.694	212	2	1
30.780	213	1	1
30.865	214	3	1
30.950	215	4	1
30.950	216	2	1
31.035	217	1	1
31.120	218	2	1
31.206	219	3	1
31.291	220	4	1
31.461	221	2	1
31.632	222	4	1
31.632	223	1	1
31.717	224	3	1
31.802	225	2	1
31.887	226	4	1
31.973	227	1	1
32.058	228	3	1
32.143	229	4	1
32.314	230	1	1
32.314	231	2	1
32.484	232	3	1
32.655	233	1	1
32.740	234	2	1
32.825	235	3	1
32.910	236	4	1
32.995	237	1	1
32.995	238	3	1
33.081	239	4	1
33.166	240	2	1
33.251	241	3	1
33.336	242	1	1
33.422	243	4	1
33.507	244	2	1
33.592	245	3	1
33.677	246	4	1
33.677	247	1	1
33.762	248	3	1
33.848	249	1	1
33.933	250	2	1
34.018	251	4	1
34.103	252	3	1
34.189	253	2	1
34.274	254	1	1
34.359	255	2	1
34.359	256	4	1
34.444	257	1	1
34.530	258	3	1
34.615	259	2	1
34.700	260	4	1
34.785	261	1	1
34.870	262	3	1
34.956	263	2	1
35.041	264	1	1
35.041	265	4	1
35.126	266	3	1
35.211	267	2	1
35.297	268	1	1
35.382	269	4	1
35.467	270	3	1
35.552	271	2	1
35.637	272	3	1
35.723	273	4	1
35.723	274	1	1
35.808	275	2	1
35.893	276	3	1
35.978	277	1	1
36.064	278	4	1
36.149	279	2	1
36.234	280	1	1
36.319	281	3	1
36.405	282	4	1
36.405	283	1	1
36.490	284	2	1
36.575	285	3	1
36.660	286	1	1
36.745	287	4	1
36.916	288	3	1
37.086	289	1	1
37.086	290	4	1
37.172	291	3	1
37.257	292	2	1
37.342	293	4	1
37.427	294	1	1
37.512	295	3	1
37.598	296	4	1
37.768	297	1	1
37.768	298	2	1
37.939	299	3	1
38.109	300	1	1
38.194	301	2	1
38.280	302	3	1
38.365	303	4	1
38.450	304	3	1
38.450	305	1	1
38.535	306	4	1
38.620	307	2	1
38.706	308	3	1
38.791	309	1	1
38.876	310	4	1
38.961	311	2	1
39.047	312	3	1
39.132	313	4	1
39.132	314	1	1
39.217	315	2	1
39.302	316	3	1
39.387	317	4	1
39.473	318	1	1
39.473	319	2	1
39.558	320	3	1
39.643	321	4	1
39.643	322	2	1
39.728	323	1	1
39.814	324	3	1
39.814	325	4	1
39.899	326	2	1
39.984	327	4	1
40.069	328	1	1
40.155	329	3	1
40.155	330	4	1
40.240	331	2	1
40.325	332	1	1
40.325	333	3	1
40.410	334	4	1
40.495	335	1	1
40.495	336	2	1
40.581	337	3	1
40.666	338	1	1
40.751	339	4	1
40.836	340	1	1
40.836	341	2	1
41.177	342	3	1
41.348	343	4	1
41.518	344	3	1
41.689	345	2	1
41.859	346	1	1
42.030	347	4	1
42.200	348	3	1
42.370	349	2	1
42.541	350	1	1
42.711	351	2	1
42.882	352	3	1
42.882	353	4	1
43.052	354	2	1
43.052	355	1	1
43.223	356	4	1
43.223	357	3	1
43.308	358	1	1
43.393	359	3	1
43.478	360	2	1
43.564	361	3	1
43.564	362	4	1
43.905	363	1	1
43.905	364	2	1
43.990	365	3	1
44.075	366	1	1
44.160	367	4	1
44.245	368	2	1
44.331	369	3	1
44.416	370	1	1
44.586	371	4	1
44.586	372	2	1
44.757	373	3	1
44.927	374	1	1
45.098	375	2	1
45.268	376	4	1
45.268	377	3	1
45.353	378	2	1
45.439	379	4	1
45.524	380	1	1
45.609	381	3	1
45.694	382	2	1
45.950	383	3	1
45.950	384	1	1
46.291	385	4	1
46.461	386	3	1
46.632	387	1	1
46.632	388	2	1
46.717	389	3	1
46.802	390	1	1
46.887	391	4	1
46.973	392	2	1
47.058	393	3	1
47.143	394	1	1
47.314	395	2	1
47.314	396	4	1
47.484	397	3	1
47.655	398	4	1
47.740	399	3	1
47.825	400	2	1
47.910	401	1	1
47.995	402	4	1
47.995	403	3	1
48.081	404	2	1
48.166	405	4	1
48.251	406	1	1
48.336	407	3	1
48.422	408	2	1
48.507	409	1	1
48.592	410	3	1
48.677	411	2	1
48.677	412	4	1
48.762	413	1	1
48.848	414	2	1
48.933	415	3	1
49.018	416	4	1
49.189	417	3	1
49.359	418	2	1
49.359	419	1	1
49.444	420	3	1
49.530	421	1	1
49.615	422	4	1
49.700	423	2	1
49.785	424	3	1
49.870	425	1	1
50.041	426	4	1
50.041	427	2	1
50.211	428	3	1
50.382	429	2	1
50.552	430	1	1
50.723	431	4	1
50.723	432	3	1
50.808	433	2	1
50.893	434	4	1
50.978	435	1	1
51.064	436	3	1
51.149	437	2	1
51.234	438	4	1
51.405	439	1	1
51.405	440	2	1
51.575	441	2	1
51.745	442	3	1
51.745	443	4	1
51.916	444	3	1
52.086	445	1	1
52.086	446	2	1
52.172	447	4	1
52.257	448	2	1
52.342	449	3	1
52.427	450	1	1
52.512	451	4	1
52.598	452	2	1
52.768	453	1	1
52.768	454	4	1
52.939	455	4	1
53.109	456	2	1
53.280	457	2	1
53.450	458	3	1
53.450	459	4	1
53.535	460	1	1
53.620	461	3	1
53.706	462	2	1
53.791	463	4	1
53.876	464	1	1
53.961	465	3	1
54.132	466	4	1
54.132	467	1	1
54.302	468	1	1
54.473	469	3	1
54.643	470	4	1
54.814	471	1	1
54.814	472	2	1
54.899	473	4	1
54.984	474	2	1
55.069	475	3	1
55.155	476	1	1
55.240	477	4	1
55.325	478	2	1
55.495	479	4	1
55.495	480	1	1
55.666	481	3	1
55.836	482	1	1
56.007	483	2	1
56.177	484	3	1
56.177	485	4	1
56.262	486	1	1
56.348	487	3	1
56.433	488	2	1
56.518	489	4	1
56.603	490	1	1
56.689	491	3	1
56.859	492	4	1
56.859	493	1	1
57.030	494	2	1
57.200	495	3	1
57.370	496	3	1
57.541	497	1	1
57.541	498	2	1
57.626	499	4	1
57.711	500	2	1
57.797	501	3	1
57.882	502	1	1
57.967	503	4	1
58.052	504	2	1
58.223	505	1	1
58.223	506	4	1
58.393	507	1	1
58.564	508	4	1
58.649	509	3	1
58.734	510	2	1
58.819	511	1	1
58.905	512	3	1
58.905	513	4	1
58.990	514	1	1
59.075	515	3	1
59.160	516	2	1
59.245	517	4	1
59.331	518	1	1
59.416	519	3	1
59.501	520	2	1
59.586	521	1	1
59.586	522	4	1
59.672	523	3	1
59.757	524	2	1
59.842	525	4	1
59.927	526	1	1
60.012	527	2	1
60.098	528	3	1
60.183	529	4	1
60.268	530	1	1
60.268	531	2	1
60.353	532	4	1
60.439	533	2	1
60.524	534	3	1
60.609	535	1	1
60.694	536	4	1
60.780	537	2	1
60.865	538	3	1
60.950	539	4	1
60.950	540	1	1
61.035	541	2	1
61.120	542	3	1
61.206	543	1	1
61.291	544	4	1
61.376	545	3	1
61.461	546	2	1
61.547	547	1	1
61.632	548	3	1
61.632	549	4	1
61.717	550	1	1
61.802	551	3	1
61.887	552	2	1
61.973	553	3	1
61.973	554	4	1
62.058	555	1	1
62.143	556	4	1
62.143	557	2	1
62.228	558	3	1
62.314	559	1	1
62.314	560	2	1
62.399	561	4	1
62.484	562	1	1
62.569	563	4	1
62.649	564	3	1
62.649	565	1	1
62.872	566	3	1
63.096	567	2	1
63.096	568	1	1
63.208	569	4	1
63.320	570	2	1
63.432	571	4	1
63.544	572	1	1
63.544	573	3	1
63.656	574	2	1
63.768	575	3	1
63.992	576	4	1
63.992	577	1	1
64.216	578	4	1
64.440	579	1	1
64.440	580	2	1
64.649	581	2	1
64.859	582	3	1
64.859	583	4	1
64.964	584	1	1
65.069	585	3	1
65.174	586	1	1
65.279	587	2	1
65.279	588	4	1
65.384	589	3	1
65.488	590	2	1
65.698	591	1	1
65.698	592	4	1
65.908	593	1	1
66.128	594	4	1
66.128	595	3	1
66.315	596	3	1
66.503	597	2	1
66.503	598	1	1
66.596	599	4	1
66.690	600	2	1
66.784	601	4	1
66.878	602	3	1
66.878	603	1	1
66.971	604	2	1
67.065	605	3	1
67.253	606	1	1
67.253	607	4	1
67.440	608	4	1
67.630	609	1	1
67.630	610	2	1
67.807	611	2	1
67.985	612	4	1
67.985	613	3	1
68.162	614	3	1
68.251	615	1	1
68.340	616	2	1
68.340	617	4	1
68.428	618	3	1
68.517	619	2	1
68.695	620	1	1
68.695	621	4	1
68.872	622	1	1
69.054	623	3	1
69.274	624	3	1
69.495	625	2	1
69.715	626	2	1
69.936	627	4	1
69.936	628	3	1
70.156	629	4	1
70.156	630	3	1
70.377	631	2	1
70.377	632	1	1
70.487	633	3	1
70.598	634	1	1
70.708	635	3	1
70.810	636	2	1
70.810	637	1	1
71.150	638	2	1
71.150	639	1	1
71.236	640	3	1
71.321	641	2	1
71.406	642	4	1
71.491	643	1	1
71.577	644	3	1
71.662	645	4	1
71.832	646	4	1
71.832	647	1	1
71.917	648	3	1
72.003	649	2	1
72.088	650	1	1
72.173	651	4	1
72.258	652	3	1
72.344	653	2	1
72.429	654	1	1
72.514	655	3	1
72.514	656	4	1
72.599	657	2	1
72.685	658	3	1
72.770	659	1	1
72.855	660	4	1
72.940	661	2	1
73.025	662	1	1
73.111	663	4	1
73.196	664	1	1
73.196	665	3	1
73.281	666	2	1
73.366	667	4	1
73.452	668	3	1
73.537	669	1	1
73.622	670	2	1
73.707	671	3	1
73.792	672	4	1
73.878	673	2	1
73.878	674	1	1
73.963	675	3	1
74.048	676	2	1
74.133	677	4	1
74.219	678	1	1
74.304	679	3	1
74.389	680	4	1
74.474	681	2	1
74.560	682	1	1
74.560	683	4	1
74.645	684	3	1
74.730	685	2	1
74.815	686	1	1
74.900	687	4	1
74.986	688	3	1
75.071	689	2	1
75.156	690	1	1
75.241	691	3	1
75.241	692	4	1
75.327	693	2	1
75.412	694	3	1
75.497	695	1	1
75.582	696	4	1
75.667	697	2	1
75.753	698	1	1
75.838	699	4	1
75.923	700	1	1
75.923	701	3	1
76.008	702	2	1
76.094	703	4	1
76.179	704	1	1
76.264	705	3	1
76.435	706	4	1
76.605	707	2	1
76.605	708	1	1
76.690	709	3	1
76.775	710	1	1
76.861	711	4	1
76.946	712	2	1
77.031	713	3	1
77.116	714	4	1
77.202	715	2	1
77.287	716	4	1
77.287	717	1	1
77.372	718	3	1
77.457	719	2	1
77.542	720	1	1
77.628	721	4	1
77.713	722	3	1
77.798	723	2	1
77.883	724	1	1
77.969	725	3	1
77.969	726	4	1
78.054	727	2	1
78.139	728	4	1
78.224	729	1	1
78.310	730	3	1
78.395	731	2	1
78.480	732	1	1
78.565	733	3	1
78.650	734	1	1
78.650	735	4	1
78.736	736	3	1
78.821	737	2	1
78.906	738	1	1
78.991	739	4	1
79.077	740	3	1
79.162	741	2	1
79.247	742	4	1
79.332	743	1	1
79.332	744	2	1
79.417	745	3	1
79.503	746	1	1
79.588	747	4	1
79.673	748	2	1
79.758	749	3	1
79.844	750	4	1
79.929	751	2	1
80.014	752	1	1
80.014	753	4	1
80.099	754	3	1
80.185	755	2	1
80.270	756	1	1
80.355	757	4	1
80.440	758	3	1
80.525	759	2	1
80.611	760	1	1
80.696	761	3	1
80.696	762	4	1
80.781	763	2	1
80.866	764	4	1
80.952	765	1	1
81.037	766	3	1
81.122	767	2	1
81.207	768	1	1
81.292	769	3	1
81.378	770	1	1
81.378	771	4	1
81.463	772	2	1
81.548	773	3	1
81.719	774	4	1
81.804	775	3	1
81.889	776	2	1
81.974	777	1	1
82.060	778	4	1
82.060	779	3	1
82.145	780	1	1
82.230	781	3	1
82.315	782	2	1
82.400	783	4	1
82.486	784	1	1
82.571	785	2	1
82.656	786	4	1
82.741	787	3	1
82.741	788	1	1
82.827	789	2	1
82.912	790	4	1
82.997	791	1	1
83.082	792	4	1
83.167	793	3	1
83.253	794	2	1
83.338	795	1	1
83.423	796	4	1
83.423	797	3	1
83.508	798	1	1
83.594	799	4	1
83.679	800	2	1
83.764	801	3	1
83.849	802	1	1
83.935	803	2	1
84.020	804	4	1
84.105	805	1	1
84.105	806	3	1
84.190	807	2	1
84.275	808	4	1
84.361	809	1	1
84.446	810	4	1
84.531	811	3	1
84.616	812	2	1
84.702	813	1	1
84.787	814	4	1
84.787	815	3	1
84.872	816	2	1
84.957	817	3	1
85.042	818	1	1
85.128	819	4	1
85.213	820	2	1
85.298	821	1	1
85.383	822	4	1
85.469	823	3	1
85.469	824	1	1
85.554	825	2	1
85.639	826	4	1
85.724	827	1	1
85.810	828	4	1
85.895	829	3	1
85.980	830	2	1
86.065	831	1	1
86.150	832	4	1
86.150	833	3	1
86.236	834	2	1
86.321	835	4	1
86.406	836	1	1
86.491	837	3	1
86.577	838	2	1
86.662	839	1	1
86.747	840	3	1
86.832	841	2	1
86.832	842	4	1
86.917	843	1	1
87.003	844	3	1
87.088	845	2	1
87.173	846	1	1
87.173	847	4	1
87.258	848	3	1
87.344	849	2	1
87.429	850	4	1
87.514	851	1	1
87.514	852	2	1
87.599	853	4	1
87.685	854	2	1
87.770	855	3	1
87.855	856	1	1
87.940	857	4	1
88.025	858	2	1
88.111	859	3	1
88.196	860	1	1
88.196	861	4	1
88.281	862	2	1
88.366	863	3	1
88.452	864	2	1
88.537	865	4	1
88.537	866	1	1
88.622	867	3	1
88.707	868	2	1
88.792	869	4	1
88.878	870	1	1
88.878	871	2	1
88.963	872	4	1
89.048	873	1	1
89.133	874	3	1
89.219	875	2	1
89.304	876	4	1
89.389	877	1	1
89.474	878	3	1
89.560	879	2	1
89.560	880	4	1
89.645	881	1	1
89.730	882	3	1
89.815	883	2	1
89.900	884	4	1
89.900	885	1	1
89.986	886	3	1
90.071	887	2	1
90.156	888	4	1
90.241	889	1	1
90.241	890	2	1
90.327	891	3	1
90.412	892	2	1
90.497	893	4	1
90.582	894	1	1
90.667	895	3	1
90.753	896	2	1
90.838	897	1	1
90.923	898	3	1
90.923	899	4	1
91.008	900	1	1
91.094	901	2	1
91.179	902	3	1
91.264	903	1	1
91.264	904	4	1
91.349	905	3	1
91.435	906	2	1
91.520	907	1	1
91.605	908	3	1
91.605	909	4	1
91.690	910	1	1
91.775	911	2	1
91.861	912	3	1
91.946	913	1	1
91.946	914	2	1
92.031	915	4	1
92.116	916	3	1
92.116	917	1	1
92.202	918	2	1
92.287	919	3	1
92.287	920	4	1
92.372	921	1	1
92.457	922	4	1
92.542	923	1	1
92.628	924	4	1
92.628	925	3	1
92.713	926	2	1
92.798	927	3	1
92.883	928	4	1
92.969	929	1	1
93.054	930	2	1
93.139	931	3	1
93.224	932	4	1
93.310	933	1	1
93.395	934	2	1
93.480	935	3	1
93.565	936	4	1
93.650	937	2	1
93.736	938	1	1
93.821	939	2	1
93.906	940	3	1
93.991	941	4	1
94.162	942	3	1
94.332	943	2	1
94.503	944	1	1
94.673	945	3	1
94.673	946	4	1
94.844	947	3	1
94.844	948	4	1
95.014	949	2	1
95.014	950	1	1
95.099	951	3	1
95.185	952	1	1
95.270	953	3	1
95.355	954	1	1
95.355	955	2	1
95.440	956	4	1
95.525	957	3	1
95.611	958	2	1
95.696	959	4	1
95.696	960	1	1
95.781	961	3	1
95.866	962	2	1
95.952	963	3	1
96.037	964	4	1
96.122	965	1	1
96.207	966	2	1
96.292	967	3	1
96.378	968	1	1
96.378	969	4	1
96.463	970	2	1
96.548	971	3	1
96.633	972	4	1
96.719	973	1	1
96.804	974	4	1
96.889	975	3	1
96.974	976	2	1
97.060	977	1	1
97.060	978	4	1
97.145	979	3	1
97.230	980	2	1
97.315	981	3	1
97.400	982	4	1
97.486	983	1	1
97.571	984	2	1
97.656	985	3	1
97.741	986	4	1
97.741	987	1	1
97.827	988	2	1
97.912	989	3	1
97.997	990	2	1
98.082	991	1	1
98.167	992	4	1
98.253	993	3	1
98.338	994	2	1
98.423	995	4	1
98.423	996	1	1
98.508	997	3	1
98.594	998	2	1
98.679	999	3	1
98.764	1000	4	1
98.849	1001	1	1
98.935	1002	2	1
99.020	1003	3	1
99.105	1004	1	1
99.105	1005	4	1
99.190	1006	2	1
99.275	1007	3	1
99.361	1008	4	1
99.446	1009	3	1
99.616	1010	2	1
99.787	1011	1	1
99.787	1012	4	1
99.872	1013	3	1
99.957	1014	2	1
100.042	1015	3	1
100.128	1016	4	1
100.213	1017	1	1
100.298	1018	2	1
100.469	1019	4	1
100.469	1020	1	1
100.639	1021	3	1
100.810	1022	1	1
100.895	1023	4	1
100.980	1024	3	1
101.065	1025	2	1
101.150	1026	4	1
101.150	1027	1	1
101.236	1028	3	1
101.321	1029	2	1
101.406	1030	3	1
101.491	1031	4	1
101.577	1032	1	1
101.662	1033	2	1
101.747	1034	3	1
101.832	1035	1	1
101.832	1036	4	1
101.917	1037	2	1
102.003	1038	3	1
102.088	1039	4	1
102.173	1040	1	1
102.258	1041	4	1
102.344	1042	3	1
102.429	1043	2	1
102.514	1044	1	1
102.514	1045	4	1
102.599	1046	3	1
102.685	1047	2	1
102.770	1048	3	1
102.855	1049	1	1
102.855	1050	2	1
102.940	1051	4	1
103.025	1052	1	1
103.025	1053	3	1
103.111	1054	2	1
103.196	1055	3	1
103.196	1056	4	1
103.281	1057	1	1
103.366	1058	4	1
103.452	1059	2	1
103.537	1060	3	1
103.537	1061	4	1
103.878	1062	2	1
103.878	1063	1	1
103.963	1064	3	1
104.048	1065	4	1
104.133	1066	2	1
104.219	1067	1	1
104.219	1068	4	1
104.389	1069	2	1
104.389	1070	3	1
104.560	1071	1	1
104.560	1072	4	1
104.900	1073	2	1
104.900	1074	3	1
105.241	1075	4	1
105.241	1076	3	1
105.327	1077	2	1
105.412	1078	1	1
105.497	1079	3	1
105.582	1080	4	1
105.582	1081	1	1
105.753	1082	2	1
105.753	1083	3	1
105.923	1084	4	1
105.923	1085	1	1
106.094	1086	2	1
106.094	1087	1	1
106.264	1088	3	1
106.264	1089	4	1
106.605	1090	2	1
106.605	1091	1	1
106.690	1092	3	1
106.775	1093	4	1
106.861	1094	1	1
106.946	1095	2	1
106.946	1096	4	1
107.116	1097	1	1
107.116	1098	3	1
107.287	1099	4	1
107.287	1100	2	1
107.628	1101	3	1
107.628	1102	1	1
107.969	1103	3	1
107.969	1104	4	1
108.054	1105	2	1
108.139	1106	1	1
108.224	1107	4	1
108.310	1108	3	1
108.310	1109	1	1
108.480	1110	2	1
108.480	1111	4	1
108.650	1112	1	1
108.650	1113	3	1
108.821	1114	2	1
108.821	1115	3	1
108.991	1116	1	1
108.991	1117	4	1
109.332	1118	1	1
109.332	1119	2	1
109.417	1120	4	1
109.503	1121	3	1
109.588	1122	1	1
109.673	1123	3	1
109.673	1124	2	1
109.844	1125	4	1
109.844	1126	1	1
110.014	1127	2	1
110.014	1128	3	1
110.355	1129	4	1
110.355	1130	1	1
110.696	1131	3	1
110.696	1132	4	1
110.781	1133	1	1
110.866	1134	2	1
110.952	1135	4	1
111.037	1136	3	1
111.037	1137	2	1
111.207	1138	1	1
111.207	1139	4	1
111.378	1140	3	1
111.378	1141	2	1
111.719	1142	4	1
112.060	1143	1	1
112.060	1144	2	1
112.145	1145	4	1
112.230	1146	3	1
112.315	1147	1	1
112.400	1148	4	1
112.400	1149	3	1
112.571	1150	1	1
112.571	1151	2	1
112.741	1152	4	1
112.741	1153	3	1
113.082	1154	3	1
113.082	1155	4	1
113.253	1156	2	1
113.253	1157	1	1
113.423	1158	4	1
113.423	1159	3	1
113.508	1160	1	1
113.594	1161	2	1
113.679	1162	3	1
113.764	1163	1	1
113.764	1164	2	1
113.849	1165	4	1
113.935	1166	1	1
113.935	1167	3	1
114.020	1168	2	1
114.105	1169	4	1
114.105	1170	3	1
114.190	1171	1	1
114.275	1172	4	1
114.361	1173	2	1
114.446	1174	3	1
114.446	1175	4	1
114.787	1176	2	1
114.787	1177	1	1
114.872	1178	3	1
114.957	1179	4	1
115.042	1180	2	1
115.128	1181	1	1
115.128	1182	4	1
115.298	1183	2	1
115.298	1184	3	1
115.469	1185	1	1
115.469	1186	4	1
115.810	1187	1	1
115.895	1188	4	1
115.980	1189	3	1
116.065	1190	2	1
116.150	1191	1	1
116.150	1192	4	1
116.236	1193	2	1
116.321	1194	3	1
116.406	1195	4	1
116.491	1196	1	1
116.577	1197	2	1
116.662	1198	3	1
116.747	1199	2	1
116.832	1200	4	1
116.832	1201	1	1
116.917	1202	3	1
117.003	1203	2	1
117.088	1204	1	1
117.173	1205	3	1
117.173	1206	2	1
117.514	1207	4	1
117.514	1208	3	1
117.599	1209	2	1
117.685	1210	1	1
117.770	1211	4	1
117.855	1212	3	1
117.855	1213	1	1
118.025	1214	2	1
118.025	1215	4	1
118.196	1216	1	1
118.196	1217	3	1
118.537	1218	4	1
118.622	1219	1	1
118.707	1220	2	1
118.792	1221	3	1
118.878	1222	1	1
118.878	1223	4	1
118.963	1224	3	1
119.048	1225	2	1
119.133	1226	1	1
119.219	1227	4	1
119.304	1228	3	1
119.389	1229	2	1
119.474	1230	3	1
119.560	1231	4	1
119.560	1232	1	1
119.645	1233	2	1
119.730	1234	3	1
119.815	1235	4	1
119.900	1236	2	1
119.900	1237	1	1
120.241	1238	2	1
120.241	1239	1	1
120.327	1240	4	1
120.412	1241	3	1
120.497	1242	1	1
120.582	1243	2	1
120.582	1244	3	1
120.753	1245	1	1
120.753	1246	4	1
120.923	1247	2	1
120.923	1248	3	1
121.264	1249	1	1
121.349	1250	4	1
121.435	1251	3	1
121.520	1252	2	1
121.605	1253	1	1
121.605	1254	4	1
121.690	1255	2	1
121.775	1256	3	1
121.861	1257	4	1
121.946	1258	1	1
122.031	1259	2	1
122.116	1260	3	1
122.202	1261	2	1
122.287	1262	4	1
122.287	1263	1	1
122.372	1264	3	1
122.457	1265	2	1
122.542	1266	1	1
122.628	1267	3	1
122.628	1268	4	1
122.969	1269	4	1
122.969	1270	3	1
123.054	1271	1	1
123.139	1272	2	1
123.224	1273	4	1
123.310	1274	1	1
123.310	1275	2	1
123.480	1276	3	1
123.480	1277	4	1
123.650	1278	1	1
123.650	1279	2	1
123.991	1280	1	1
124.077	1281	4	1
124.162	1282	3	1
124.247	1283	2	1
124.332	1284	4	1
124.332	1285	1	1
124.417	1286	3	1
124.503	1287	2	1
124.588	1288	3	1
124.673	1289	1	1
124.673	1290	2	1
124.758	1291	4	1
124.844	1292	3	1
124.844	1293	1	1
124.929	1294	2	1
125.014	1295	4	1
125.014	1296	3	1
125.099	1297	1	1
125.185	1298	4	1
125.270	1299	2	1
125.355	1300	4	1
125.355	1301	3	1
125.696	1302	1	1
125.696	1303	3	1
125.781	1304	2	1
125.866	1305	3	1
125.952	1306	2	1
126.037	1307	1	1
126.122	1308	4	1
126.207	1309	3	1
126.378	1310	1	1
126.378	1311	2	1
126.548	1312	4	1
126.719	1313	1	1
126.889	1314	3	1
127.060	1315	2	1
127.060	1316	4	1
127.145	1317	3	1
127.230	1318	2	1
127.315	1319	3	1
127.400	1320	4	1
127.486	1321	1	1
127.741	1322	3	1
127.741	1323	2	1
128.082	1324	3	1
128.082	1325	4	1
128.423	1326	4	1
128.423	1327	1	1
128.508	1328	2	1
128.594	1329	4	1
128.679	1330	2	1
128.764	1331	1	1
128.849	1332	3	1
128.935	1333	4	1
129.105	1334	2	1
129.105	1335	1	1
129.275	1336	3	1
129.446	1337	1	1
129.616	1338	2	1
129.787	1339	1	1
129.787	1340	4	1
129.872	1341	3	1
129.957	1342	1	1
130.042	1343	3	1
130.128	1344	4	1
130.213	1345	2	1
130.469	1346	3	1
130.469	1347	4	1
130.639	1348	2	1
130.810	1349	1	1
130.810	1350	4	1
130.980	1351	3	1
131.150	1352	1	1
131.150	1353	2	1
131.236	1354	3	1
131.321	1355	2	1
131.406	1356	4	1
131.491	1357	1	1
131.577	1358	3	1
131.662	1359	2	1
131.832	1360	1	1
131.832	1361	4	1
132.003	1362	3	1
132.173	1363	4	1
132.173	1364	3	1
132.258	1365	2	1
132.344	1366	3	1
132.429	1367	1	1
132.514	1368	4	1
132.599	1369	2	1
132.685	1370	3	1
132.770	1371	1	1
132.855	1372	4	1
132.940	1373	2	1
133.025	1374	3	1
133.111	1375	1	1
133.196	1376	2	1
133.196	1377	4	1
133.281	1378	3	1
133.366	1379	1	1
133.452	1380	2	1
133.537	1381	4	1
133.537	1382	3	1
133.707	1383	2	1
133.878	1384	4	1
133.878	1385	2	1
133.963	1386	1	1
134.048	1387	3	1
134.133	1388	2	1
134.219	1389	3	1
134.219	1390	4	1
134.304	1391	1	1
134.389	1392	2	1
134.560	1393	1	1
134.560	1394	4	1
134.730	1395	3	1
134.900	1396	2	1
134.900	1397	1	1
135.071	1398	3	1
135.241	1399	3	1
135.241	1400	1	1
135.327	1401	4	1
135.412	1402	2	1
135.497	1403	3	1
135.582	1404	2	1
135.582	1405	1	1
135.667	1406	4	1
135.923	1407	4	1
135.923	1408	1	1
136.094	1409	2	1
136.258	1410	4	1
136.258	1411	3	1
136.435	1412	3	1
136.613	1413	2	1
136.613	1414	1	1
136.701	1415	4	1
136.790	1416	2	1
136.879	1417	4	1
136.968	1418	3	1
136.968	1419	1	1
137.056	1420	2	1
137.145	1421	3	1
137.323	1422	1	1
137.323	1423	4	1
137.500	1424	4	1
137.682	1425	1	1
137.682	1426	2	1
137.869	1427	2	1
138.057	1428	3	1
138.244	1429	3	1
138.338	1430	1	1
138.432	1431	2	1
138.525	1432	3	1
138.619	1433	2	1
138.807	1434	4	1
138.807	1435	1	1
138.994	1436	1	1
139.178	1437	4	1
139.178	1438	3	1
139.387	1439	3	1
139.597	1440	2	1
139.807	1441	2	1
140.017	1442	3	1
140.122	1443	2	1
140.226	1444	3	1
140.436	1445	1	1
140.436	1446	4	1
140.646	1447	4	1
140.862	1448	1	1
140.862	1449	2	1
141.085	1450	2	1
141.309	1451	3	1
141.533	1452	3	1
141.757	1453	2	1
141.981	1454	2	1
142.205	1455	4	1
142.205	1456	1	1
142.429	1457	1	1
142.653	1458	3	1
142.859	1459	3	1
143.052	1460	2	1
143.265	1461	2	1
143.534	1462	4	1
143.844	1463	4	1
144.213	1464	1	1
144.730	1465	1	2
146.947	1466	1	3
144.730	1467	2	1