Song Name	Cloud 9 by Itro & Tobu
Difficulty	13
Primary Color	Beat
Secondary Color	Chill
Last Note Time	140.681
Total Notes	762
Fever Fill	230
Fever Time	21.102150
Long Notes	73
BPM	128
Song Length	142.519229025

Timing Points
0.056	468.7500


Song Data
0.056	1	3	1
0.056	2	4	1
0.759	3	2	1
0.759	4	3	1
1.462	5	1	1
1.462	6	2	1
1.931	7	4	1
2.399	8	1	1
2.634	9	2	1
2.868	10	4	1
3.102	11	3	1
3.337	12	1	1
3.571	13	2	1
3.806	14	3	1
3.806	15	4	1
4.509	16	2	1
4.509	17	3	1
5.212	18	1	1
5.212	19	4	1
5.681	20	3	1
7.087	21	1	1
7.321	22	2	1
7.556	23	3	1
7.556	24	4	1
8.259	25	1	1
8.259	26	4	1
8.962	27	1	1
8.962	28	2	1
9.431	29	4	1
9.899	30	1	1
10.134	31	2	1
10.368	32	4	1
10.602	33	3	1
10.837	34	1	1
11.071	35	2	1
11.306	36	3	1
11.306	37	4	1
12.009	38	2	1
12.009	39	3	1
12.712	40	4	1
12.946	41	3	1
13.181	42	1	1
13.181	43	2	1
14.118	44	3	1
14.118	45	4	1
14.587	46	1	2
14.821	47	4	2
14.821	48	1	3
15.056	49	1	1
15.056	50	2	1
15.056	51	4	3
15.524	52	3	1
15.524	53	4	1
15.993	54	1	1
15.993	55	3	1
16.462	56	2	1
16.462	57	4	1
16.931	58	1	1
16.931	59	2	1
17.399	60	3	1
17.399	61	4	1
17.868	62	1	1
17.868	63	3	1
18.337	64	2	1
18.337	65	3	1
18.806	66	2	1
18.806	67	4	1
19.274	68	1	1
19.274	69	2	1
19.743	70	3	1
19.743	71	4	1
20.212	72	1	1
20.212	73	3	1
20.681	74	1	1
20.681	75	4	1
21.149	76	2	1
21.149	77	3	1
21.618	78	1	1
21.618	79	4	1
22.087	80	1	1
22.087	81	2	1
22.556	82	2	1
22.556	83	4	1
23.024	84	3	1
23.024	85	4	1
23.493	86	1	1
23.493	87	3	1
23.962	88	2	1
23.962	89	4	1
24.431	90	1	1
24.431	91	2	1
24.899	92	1	1
24.899	93	3	1
25.368	94	1	1
25.368	95	4	1
25.837	96	2	1
25.837	97	4	1
26.306	98	3	1
26.306	99	4	1
26.774	100	1	1
26.774	101	2	1
27.243	102	2	1
27.243	103	4	1
27.712	104	3	1
27.712	105	4	1
28.181	106	1	1
28.181	107	3	1
28.649	108	1	1
28.649	109	2	1
29.118	110	4	1
29.470	111	3	1
29.704	112	2	1
29.821	113	1	1
30.056	114	1	1
30.056	115	2	1
30.524	116	2	1
30.524	117	4	1
30.759	118	3	1
30.993	119	1	1
30.993	120	2	1
31.227	121	3	1
31.462	122	2	1
31.462	123	4	1
31.696	124	3	1
31.931	125	1	1
31.931	126	2	1
32.399	127	3	1
32.399	128	4	1
32.634	129	2	1
32.868	130	1	1
32.868	131	3	1
33.102	132	2	1
33.337	133	1	1
33.337	134	4	1
33.571	135	3	1
33.806	136	2	1
33.806	137	4	1
34.274	138	1	1
34.274	139	2	1
34.509	140	3	1
34.743	141	2	1
34.743	142	4	1
34.977	143	3	1
35.212	144	1	1
35.212	145	2	1
35.446	146	4	1
35.681	147	2	1
35.681	148	3	1
36.149	149	1	1
36.149	150	4	1
36.618	151	2	1
36.618	152	3	1
37.087	153	1	1
37.087	154	2	1
37.321	155	4	1
37.556	156	1	1
37.556	157	2	1
38.024	158	3	1
38.024	159	4	1
38.259	160	2	1
38.493	161	1	1
38.493	162	3	1
38.727	163	4	1
38.962	164	1	1
38.962	165	2	1
39.196	166	3	1
39.431	167	2	1
39.431	168	4	1
39.899	169	1	1
39.899	170	3	1
40.134	171	2	1
40.368	172	1	1
40.368	173	4	1
40.602	174	3	1
40.837	175	2	1
40.837	176	4	1
41.071	177	1	1
41.306	178	3	1
41.306	179	4	1
41.774	180	1	1
41.774	181	2	1
42.009	182	3	1
42.243	183	2	1
42.243	184	4	1
42.712	185	3	1
42.712	186	4	1
42.946	187	2	1
43.181	188	1	1
44.118	189	4	1
44.470	190	3	1
44.704	191	2	1
44.821	192	1	1
45.056	193	3	1
45.056	194	4	1
45.524	195	1	1
45.759	196	1	1
45.993	197	3	1
46.345	198	2	1
46.696	199	4	1
47.165	200	1	1
47.399	201	1	1
47.634	202	4	1
47.868	203	3	1
48.220	204	2	1
48.571	205	1	1
48.806	206	4	1
49.274	207	1	1
49.509	208	1	1
49.743	209	3	1
50.095	210	2	1
50.446	211	4	1
50.915	212	1	1
51.149	213	1	1
51.384	214	2	1
51.618	215	4	1
51.970	216	3	1
52.321	217	2	1
52.556	218	1	1
53.024	219	4	1
53.259	220	4	1
53.493	221	1	1
53.845	222	2	1
54.196	223	3	1
54.665	224	4	1
54.899	225	4	1
55.134	226	1	1
55.368	227	4	1
55.720	228	3	1
56.071	229	1	1
56.306	230	2	1
56.774	231	4	1
57.009	232	4	1
57.243	233	1	1
57.595	234	2	1
57.946	235	3	1
58.415	236	4	1
58.649	237	4	1
58.884	238	1	1
59.118	239	4	1
59.470	240	3	1
59.821	241	2	1
60.056	242	3	1
60.056	243	4	1
60.524	244	1	1
60.524	245	3	1
60.759	246	1	1
60.993	247	3	1
60.993	248	4	1
61.345	249	2	1
61.462	250	1	1
61.462	251	3	1
61.696	252	4	1
61.931	253	2	1
61.931	254	3	1
62.165	255	1	1
62.399	256	1	1
62.399	257	3	1
62.634	258	4	1
62.868	259	1	1
62.868	260	3	1
63.220	261	2	1
63.337	262	3	1
63.337	263	4	1
63.571	264	1	1
63.806	265	3	1
63.806	266	4	1
64.274	267	1	1
64.274	268	3	1
64.509	269	1	1
64.743	270	3	1
64.743	271	4	1
65.095	272	2	1
65.212	273	1	1
65.212	274	3	1
65.446	275	4	1
65.681	276	2	1
65.681	277	3	1
65.915	278	1	1
66.149	279	1	1
66.149	280	4	1
66.384	281	2	1
66.618	282	3	1
66.618	283	4	1
66.970	284	3	1
67.087	285	1	1
67.087	286	4	1
67.321	287	2	1
67.556	288	1	1
67.556	289	3	1
67.790	290	4	1
68.024	291	1	1
68.024	292	2	1
68.259	293	3	1
68.259	294	4	1
68.493	295	1	1
68.493	296	2	1
68.727	297	4	1
68.845	298	3	1
68.962	299	1	1
68.962	300	2	1
69.196	301	3	1
69.431	302	2	1
69.431	303	4	1
69.665	304	1	1
69.665	305	3	1
69.899	306	2	1
69.899	307	4	1
70.134	308	1	1
70.134	309	3	1
70.368	310	2	1
70.368	311	4	1
70.602	312	1	1
70.720	313	2	1
70.837	314	3	1
70.837	315	4	1
71.071	316	1	1
71.071	317	2	1
71.306	318	3	1
71.423	319	4	1
71.540	320	1	1
71.657	321	2	1
71.774	322	4	1
71.891	323	3	1
72.009	324	1	1
72.126	325	2	1
72.243	326	3	1
72.360	327	4	1
72.477	328	1	1
72.595	329	4	1
72.712	330	3	1
72.829	331	2	1
72.946	332	4	1
73.063	333	1	1
73.181	334	4	2
73.415	335	3	1
73.649	336	2	1
73.884	337	1	1
74.118	338	3	2
74.587	339	1	1
74.587	340	2	1
74.587	341	3	3
74.587	342	4	3
75.056	343	1	1
75.056	344	4	2
75.290	345	4	3
75.524	346	1	1
75.524	347	2	1
75.759	348	3	1
75.759	349	4	1
75.993	350	1	1
75.993	351	2	1
76.345	352	1	1
76.345	353	3	1
76.696	354	2	1
76.696	355	4	1
77.165	356	3	1
77.165	357	4	1
77.399	358	3	1
77.399	359	4	1
77.634	360	2	1
77.634	361	4	1
77.868	362	1	1
77.868	363	3	1
78.220	364	1	1
78.220	365	2	1
78.571	366	2	1
78.571	367	3	1
78.806	368	1	1
78.806	369	4	2
79.040	370	4	3
79.274	371	1	1
79.274	372	2	1
79.509	373	3	1
79.509	374	4	1
79.743	375	1	1
79.743	376	2	1
80.095	377	1	1
80.095	378	3	1
80.446	379	2	1
80.446	380	4	1
80.915	381	1	1
80.915	382	3	1
81.149	383	1	1
81.149	384	3	1
81.384	385	2	1
81.384	386	3	1
81.618	387	3	1
81.618	388	4	1
81.970	389	2	1
81.970	390	3	1
82.321	391	1	1
82.321	392	2	1
82.556	393	1	2
82.556	394	4	1
82.790	395	1	3
83.024	396	3	1
83.024	397	4	1
83.259	398	1	1
83.259	399	2	1
83.493	400	3	1
83.493	401	4	1
83.845	402	1	1
83.845	403	3	1
84.196	404	2	1
84.196	405	4	1
84.665	406	2	1
84.665	407	4	1
84.899	408	2	1
84.899	409	4	1
85.134	410	3	1
85.134	411	4	1
85.368	412	1	1
85.368	413	2	1
85.602	414	3	1
85.602	415	4	1
85.837	416	2	1
85.837	417	3	1
86.071	418	1	1
86.071	419	2	1
86.306	420	1	2
86.306	421	4	1
86.540	422	1	3
86.774	423	3	1
86.774	424	4	1
87.009	425	1	1
87.009	426	2	1
87.243	427	3	1
87.243	428	4	1
87.595	429	1	1
87.595	430	2	1
87.946	431	2	1
87.946	432	4	1
88.415	433	2	1
88.415	434	4	1
88.649	435	2	1
88.649	436	3	1
88.884	437	1	1
88.884	438	3	1
89.118	439	1	1
89.118	440	4	1
89.587	441	2	1
89.587	442	3	1
90.056	443	1	1
90.056	444	2	1
90.524	445	2	1
90.524	446	3	2
90.759	447	4	2
90.993	448	1	1
90.993	449	3	3
90.993	450	4	3
91.345	451	2	1
91.462	452	3	1
91.462	453	4	1
91.696	454	4	1
91.931	455	1	1
92.165	456	4	2
92.399	457	2	1
92.399	458	3	2
92.634	459	1	2
92.634	460	3	3
92.634	461	4	3
92.868	462	4	1
92.868	463	1	3
93.220	464	3	1
93.337	465	1	1
93.337	466	2	1
93.571	467	1	1
93.806	468	4	2
94.040	469	4	3
94.274	470	2	2
94.274	471	3	1
94.509	472	1	2
94.743	473	4	1
94.743	474	1	3
94.743	475	2	3
95.095	476	1	1
95.212	477	2	1
95.212	478	3	1
95.446	479	4	1
95.681	480	2	1
95.915	481	1	2
96.149	482	2	2
96.149	483	4	1
96.384	484	3	2
96.384	485	1	3
96.384	486	2	3
96.618	487	4	2
96.618	488	3	3
96.852	489	3	2
96.852	490	4	3
97.087	491	1	2
97.087	492	4	1
97.087	493	3	3
97.321	494	3	2
97.321	495	1	3
97.556	496	1	2
97.556	497	3	3
97.790	498	1	3
98.024	499	2	1
98.024	500	3	2
98.259	501	4	2
98.493	502	1	1
98.493	503	3	3
98.493	504	4	3
98.845	505	2	1
98.962	506	3	1
98.962	507	4	1
99.196	508	4	1
99.431	509	1	1
99.665	510	4	2
99.899	511	2	1
99.899	512	3	2
100.134	513	1	2
100.134	514	3	3
100.134	515	4	3
100.368	516	3	2
100.368	517	1	3
100.602	518	4	2
100.602	519	3	3
100.837	520	2	2
100.837	521	3	1
100.837	522	4	3
101.071	523	1	2
101.071	524	2	3
101.306	525	4	2
101.306	526	1	3
101.540	527	4	3
101.774	528	1	1
101.774	529	2	2
102.009	530	3	2
102.009	531	2	3
102.243	532	1	1
102.243	533	3	3
102.595	534	2	1
102.712	535	3	1
102.712	536	4	1
102.946	537	4	1
103.415	538	4	1
103.649	539	2	1
103.649	540	3	1
103.884	541	1	1
104.118	542	4	1
104.352	543	3	1
104.587	544	1	2
104.587	545	2	1
105.056	546	4	1
105.056	547	1	3
105.290	548	1	1
105.524	549	3	1
105.524	550	4	1
105.759	551	2	1
105.993	552	4	2
106.462	553	1	2
106.462	554	2	1
106.462	555	4	3
106.931	556	4	1
106.931	557	1	3
107.165	558	1	1
107.399	559	3	1
107.399	560	4	1
107.634	561	2	1
107.868	562	4	2
108.337	563	2	2
108.337	564	3	1
108.337	565	4	3
108.571	566	1	2
108.806	567	4	1
108.806	568	1	3
108.806	569	2	3
109.040	570	1	1
109.274	571	3	1
109.274	572	4	1
109.509	573	2	1
109.743	574	4	2
110.212	575	1	2
110.212	576	2	1
110.212	577	4	3
110.681	578	4	1
110.681	579	1	3
110.915	580	1	1
111.149	581	3	1
111.149	582	4	1
111.384	583	2	1
111.618	584	1	1
111.852	585	4	1
112.087	586	2	1
112.087	587	3	1
112.321	588	1	1
112.556	589	4	1
112.790	590	3	1
113.024	591	1	1
113.024	592	2	1
113.259	593	4	1
113.493	594	2	2
113.962	595	3	2
113.962	596	4	1
113.962	597	2	3
114.431	598	2	1
114.431	599	3	3
114.665	600	3	1
114.899	601	1	1
114.899	602	2	1
115.134	603	4	1
115.368	604	2	2
115.837	605	1	1
115.837	606	4	2
115.837	607	2	3
116.071	608	3	2
116.306	609	2	1
116.306	610	3	3
116.306	611	4	3
116.540	612	3	1
116.774	613	1	1
116.774	614	2	1
117.009	615	4	1
117.243	616	2	2
117.712	617	3	2
117.712	618	4	1
117.712	619	2	3
118.181	620	2	1
118.181	621	3	3
118.415	622	3	1
118.649	623	1	1
118.649	624	2	1
118.884	625	4	1
119.118	626	3	1
119.352	627	2	1
119.587	628	1	1
119.587	629	4	1
119.821	630	3	1
120.056	631	1	1
120.290	632	4	1
120.407	633	3	1
120.524	634	1	1
120.524	635	2	1
120.759	636	4	1
120.876	637	3	1
120.993	638	1	2
121.227	639	2	1
121.462	640	3	1
121.462	641	4	2
121.462	642	1	3
121.696	643	1	1
121.813	644	2	1
121.931	645	3	1
121.931	646	4	3
122.165	647	1	1
122.282	648	2	1
122.399	649	3	1
122.399	650	4	1
122.634	651	1	1
122.751	652	2	1
122.868	653	4	2
123.102	654	3	1
123.337	655	1	2
123.337	656	2	1
123.337	657	4	3
123.571	658	3	2
123.806	659	4	1
123.806	660	1	3
123.806	661	3	3
124.040	662	1	1
124.157	663	2	1
124.274	664	3	1
124.274	665	4	1
124.509	666	1	1
124.626	667	2	1
124.743	668	4	2
124.977	669	2	1
125.212	670	1	2
125.212	671	4	3
125.446	672	4	1
125.563	673	3	1
125.681	674	2	1
125.681	675	1	3
125.915	676	4	1
126.032	677	3	1
126.149	678	1	1
126.149	679	2	1
126.384	680	4	1
126.501	681	3	1
126.618	682	1	2
126.852	683	4	2
126.852	684	1	3
127.087	685	1	1
127.087	686	3	2
127.087	687	4	3
127.321	688	2	2
127.321	689	3	3
127.556	690	4	1
127.556	691	2	3
127.790	692	1	1
127.907	693	2	1
128.024	694	3	1
128.024	695	4	1
128.259	696	1	1
128.376	697	2	1
128.493	698	4	2
128.727	699	3	1
128.962	700	1	2
128.962	701	2	1
128.962	702	4	3
129.196	703	4	1
129.313	704	3	1
129.431	705	2	1
129.431	706	1	3
129.665	707	4	1
129.782	708	3	1
129.899	709	1	1
129.899	710	2	1
130.134	711	4	1
130.251	712	3	1
130.368	713	1	2
130.602	714	2	1
130.837	715	3	1
130.837	716	4	2
130.837	717	1	3
131.071	718	2	2
131.306	719	1	1
131.306	720	2	3
131.306	721	4	3
131.540	722	4	1
131.774	723	1	1
131.774	724	2	1
132.009	725	4	1
132.243	726	1	2
132.712	727	3	1
132.712	728	4	2
132.712	729	1	3
133.181	730	3	1
133.181	731	4	3
133.415	732	1	1
133.649	733	3	1
133.884	734	1	1
134.118	735	4	2
134.352	736	1	2
134.352	737	4	3
134.587	738	2	2
134.587	739	1	3
134.821	740	3	2
134.821	741	2	3
135.056	742	1	1
135.056	743	4	1
135.056	744	3	3
135.759	745	2	1
135.759	746	3	1
136.462	747	1	1
136.462	748	2	1
136.931	749	4	1
137.399	750	1	1
137.634	751	2	1
137.868	752	4	1
138.102	753	3	1
138.337	754	1	1
138.571	755	2	1
138.806	756	3	1
138.806	757	4	1
139.509	758	2	1
139.509	759	3	1
140.212	760	1	1
140.212	761	4	1
140.681	762	3	1