Song Name	Counter Blade by Lappy
Difficulty	14
Primary Color	Rush
Secondary Color	Beat
Last Note Time	185.633
Total Notes	1074
Fever Fill	309
Fever Time	27.844950
Long Notes	147
BPM	160
Song Length	187.889002268

Timing Points
2.633	375.000000


Song Data
2.633	1	1	1
2.633	2	3	1
2.633	3	4	1
3.008	4	2	1
3.383	5	1	1
3.383	6	4	1
3.758	7	3	1
4.133	8	1	1
4.133	9	2	1
4.508	10	3	1
4.695	11	2	1
4.883	12	3	1
4.883	13	4	1
5.258	14	1	1
5.633	15	2	1
5.633	16	3	1
5.633	17	4	1
6.008	18	1	1
6.383	19	2	1
6.383	20	3	1
6.758	21	4	1
7.133	22	1	1
7.133	23	2	1
7.508	24	3	1
7.695	25	2	1
7.883	26	1	1
7.883	27	4	1
8.070	28	1	1
8.258	29	4	1
8.445	30	4	1
8.633	31	1	1
8.633	32	2	1
8.633	33	3	1
9.008	34	4	1
9.383	35	2	1
9.383	36	3	1
9.758	37	1	1
10.133	38	3	1
10.133	39	4	1
10.508	40	2	1
10.695	41	3	1
10.883	42	1	1
10.883	43	2	1
11.070	44	4	1
11.258	45	4	1
11.445	46	3	1
11.633	47	1	1
11.633	48	2	1
11.633	49	4	1
12.008	50	3	1
12.383	51	1	1
12.383	52	4	1
12.758	53	2	1
13.133	54	3	1
13.133	55	4	1
13.508	56	2	1
13.695	57	3	1
13.883	58	1	1
13.883	59	2	1
14.070	60	4	1
14.258	61	1	1
14.445	62	1	1
14.633	63	2	1
14.633	64	3	1
14.633	65	4	1
15.008	66	3	1
15.383	67	1	1
15.383	68	2	1
15.758	69	2	1
15.945	70	3	1
16.133	71	1	1
16.133	72	4	1
16.320	73	3	1
16.695	74	3	1
16.883	75	1	1
16.883	76	2	1
17.258	77	4	1
17.445	78	3	1
17.633	79	1	1
17.633	80	2	1
17.633	81	4	1
18.008	82	1	1
18.383	83	3	1
18.383	84	4	1
18.758	85	4	1
18.945	86	3	1
19.133	87	1	1
19.133	88	2	1
19.320	89	3	1
19.695	90	3	1
19.883	91	1	1
19.883	92	4	1
20.070	93	4	1
20.258	94	2	1
20.445	95	2	1
20.633	96	1	1
20.633	97	3	1
20.633	98	4	1
21.008	99	1	1
21.383	100	2	1
21.383	101	4	1
21.758	102	2	1
21.945	103	1	1
22.133	104	3	1
22.133	105	4	1
22.320	106	1	1
22.695	107	1	1
22.883	108	2	1
22.883	109	4	1
23.070	110	4	1
23.258	111	2	1
23.445	112	2	1
23.633	113	1	1
23.633	114	3	1
23.633	115	4	1
24.008	116	3	1
24.383	117	1	1
24.383	118	2	1
24.758	119	2	1
24.945	120	3	1
25.133	121	1	1
25.133	122	4	1
25.320	123	2	1
25.695	124	2	1
25.883	125	3	1
25.883	126	4	1
26.258	127	3	2
26.633	128	1	2
26.633	129	2	1
26.633	130	4	1
26.633	131	3	3
27.008	132	4	2
27.008	133	1	3
27.383	134	1	1
27.383	135	2	2
27.383	136	4	3
27.758	137	3	1
27.758	138	2	3
27.945	139	4	1
28.133	140	1	1
28.133	141	2	1
28.320	142	4	1
28.508	143	1	1
28.695	144	4	1
28.883	145	2	1
28.883	146	3	1
29.258	147	2	1
29.445	148	3	1
29.633	149	1	1
29.633	150	2	1
29.633	151	4	2
30.008	152	1	2
30.008	153	4	3
30.383	154	3	2
30.383	155	4	1
30.383	156	1	3
30.758	157	2	1
30.758	158	3	3
30.945	159	1	1
31.133	160	3	1
31.133	161	4	1
31.320	162	1	1
31.508	163	4	1
31.695	164	1	1
31.883	165	2	1
31.883	166	3	1
32.258	167	3	1
32.445	168	3	1
32.633	169	1	1
32.633	170	2	1
32.633	171	4	2
33.008	172	1	2
33.008	173	4	3
33.383	174	3	1
33.383	175	4	2
33.383	176	1	3
33.758	177	2	1
33.758	178	4	3
33.945	179	3	1
34.133	180	1	1
34.133	181	2	1
34.320	182	3	1
34.508	183	1	1
34.695	184	3	1
34.883	185	2	1
34.883	186	4	1
35.070	187	1	1
35.258	188	4	1
35.445	189	4	1
35.633	190	1	2
35.633	191	2	1
35.633	192	3	1
36.008	193	4	2
36.008	194	1	3
36.383	195	1	2
36.383	196	2	1
36.383	197	4	3
36.758	198	3	1
36.758	199	1	3
36.945	200	2	1
37.133	201	3	1
37.133	202	4	1
37.320	203	2	1
37.508	204	4	1
37.695	205	2	1
37.883	206	1	1
37.883	207	3	1
38.258	208	3	2
38.633	209	1	1
38.633	210	2	1
38.633	211	4	1
38.633	212	3	3
39.008	213	1	2
39.008	214	4	2
39.383	215	3	1
39.383	216	1	3
39.383	217	4	3
39.945	218	1	1
40.320	219	4	1
40.695	220	2	1
41.258	221	3	2
41.633	222	1	2
41.633	223	4	2
41.633	224	3	3
42.008	225	2	2
42.008	226	1	3
42.008	227	4	3
42.383	228	3	1
42.383	229	2	3
42.945	230	1	1
43.320	231	4	1
43.695	232	2	1
44.070	233	3	1
44.258	234	4	1
44.445	235	1	1
44.633	236	2	1
44.633	237	3	1
44.633	238	4	1
45.008	239	2	2
45.008	240	3	2
45.383	241	4	1
45.383	242	2	3
45.383	243	3	3
45.945	244	1	1
46.320	245	3	1
46.695	246	2	1
47.258	247	4	2
47.633	248	1	2
47.633	249	2	2
47.633	250	4	3
48.008	251	3	2
48.008	252	4	2
48.008	253	1	3
48.008	254	2	3
48.383	255	1	1
48.383	256	3	3
48.383	257	4	3
48.945	258	3	1
49.320	259	4	1
49.695	260	2	1
50.258	261	3	1
50.633	262	1	1
50.633	263	2	1
50.633	264	4	1
51.008	265	1	2
51.008	266	4	2
51.383	267	3	1
51.383	268	1	3
51.383	269	4	3
51.945	270	1	1
52.320	271	4	1
52.695	272	2	1
53.258	273	3	2
53.633	274	2	2
53.633	275	4	2
53.633	276	3	3
54.008	277	1	2
54.008	278	2	3
54.008	279	4	3
54.383	280	3	1
54.383	281	1	3
54.945	282	1	1
55.320	283	4	1
55.695	284	2	1
56.070	285	3	1
56.258	286	1	1
56.445	287	4	1
56.633	288	1	1
56.633	289	2	1
56.633	290	3	1
57.008	291	2	2
57.008	292	3	2
57.383	293	1	1
57.383	294	2	3
57.383	295	3	3
57.945	296	2	1
58.320	297	4	1
58.695	298	3	1
59.258	299	1	2
59.633	300	3	2
59.633	301	4	2
59.633	302	1	3
60.008	303	1	2
60.008	304	2	2
60.008	305	3	3
60.008	306	4	3
60.383	307	4	1
60.383	308	1	3
60.383	309	2	3
60.758	310	3	2
61.133	311	1	2
61.133	312	4	2
61.133	313	3	3
61.508	314	2	2
61.508	315	3	2
61.508	316	1	3
61.508	317	4	3
61.883	318	1	1
61.883	319	4	1
61.883	320	2	3
61.883	321	3	3
62.070	322	2	1
62.258	323	3	1
62.445	324	2	1
62.633	325	1	1
62.633	326	3	1
62.633	327	4	1
63.008	328	1	2
63.008	329	4	2
63.383	330	2	1
63.383	331	3	1
63.383	332	1	3
63.383	333	4	3
63.945	334	1	1
64.133	335	2	1
64.133	336	3	1
64.320	337	1	1
64.695	338	4	1
64.883	339	2	1
64.883	340	3	1
65.258	341	3	1
65.445	342	2	1
65.633	343	1	1
65.633	344	3	1
65.633	345	4	1
66.008	346	1	2
66.008	347	4	2
66.383	348	2	1
66.383	349	3	1
66.383	350	1	3
66.383	351	4	3
66.945	352	4	1
67.133	353	2	1
67.133	354	3	1
67.320	355	4	1
67.695	356	1	1
67.883	357	2	1
67.883	358	3	1
68.258	359	4	1
68.445	360	1	1
68.633	361	2	1
68.633	362	3	1
68.633	363	4	1
69.008	364	2	2
69.008	365	3	2
69.383	366	1	1
69.383	367	4	1
69.383	368	2	3
69.383	369	3	3
69.945	370	2	1
70.133	371	1	1
70.133	372	4	1
70.320	373	3	1
70.695	374	3	1
70.883	375	1	1
70.883	376	4	1
71.070	377	1	1
71.258	378	3	1
71.445	379	3	1
71.633	380	1	1
71.633	381	2	1
71.633	382	4	1
72.008	383	2	2
72.008	384	4	2
72.383	385	1	1
72.383	386	3	1
72.383	387	2	3
72.383	388	4	3
72.945	389	3	1
73.133	390	1	1
73.133	391	4	1
73.320	392	2	1
73.695	393	2	1
73.883	394	1	1
73.883	395	4	1
74.258	396	3	2
74.633	397	1	1
74.633	398	2	1
74.633	399	4	1
74.633	400	3	3
75.008	401	1	2
75.008	402	4	2
75.383	403	2	1
75.383	404	3	1
75.383	405	1	3
75.383	406	4	3
75.945	407	4	1
76.133	408	2	1
76.133	409	3	1
76.320	410	4	1
76.695	411	1	1
76.883	412	2	1
76.883	413	3	1
77.258	414	3	1
77.445	415	2	1
77.633	416	1	1
77.633	417	3	1
77.633	418	4	1
78.008	419	1	2
78.008	420	3	2
78.383	421	2	1
78.383	422	4	1
78.383	423	1	3
78.383	424	3	3
78.945	425	1	1
79.133	426	2	1
79.133	427	3	1
79.320	428	1	1
79.695	429	4	1
79.883	430	2	1
79.883	431	3	1
80.070	432	2	1
80.258	433	3	1
80.445	434	3	1
80.633	435	1	1
80.633	436	2	1
80.633	437	4	1
81.008	438	1	2
81.008	439	4	2
81.383	440	2	1
81.383	441	3	1
81.383	442	1	3
81.383	443	4	3
81.945	444	2	1
82.133	445	1	1
82.133	446	3	1
82.320	447	2	1
82.695	448	3	1
82.883	449	2	1
82.883	450	4	1
83.070	451	4	1
83.258	452	1	1
83.445	453	1	1
83.633	454	3	2
83.633	455	4	2
84.008	456	1	2
84.008	457	3	3
84.008	458	4	3
84.383	459	4	1
84.383	460	1	3
84.758	461	3	2
85.133	462	1	2
85.133	463	4	2
85.133	464	3	3
85.508	465	2	1
85.508	466	3	1
85.508	467	1	3
85.508	468	4	3
85.883	469	1	2
85.883	470	2	2
85.883	471	3	2
85.883	472	4	2
86.445	473	1	3
86.445	474	2	3
86.445	475	3	3
86.445	476	4	3
86.633	477	1	1
86.633	478	3	1
86.633	479	4	1
87.008	480	3	1
87.195	481	2	1
87.383	482	1	1
87.383	483	4	1
87.758	484	2	1
87.945	485	3	1
88.133	486	1	1
88.133	487	2	1
88.508	488	3	1
88.695	489	3	1
88.883	490	1	1
88.883	491	4	1
89.258	492	2	1
89.445	493	3	1
89.633	494	1	1
89.633	495	2	1
89.633	496	4	1
90.008	497	4	1
90.195	498	3	1
90.383	499	1	1
90.383	500	2	1
90.758	501	3	1
90.945	502	2	1
91.133	503	1	1
91.133	504	3	1
91.508	505	1	1
91.695	506	4	1
91.883	507	2	1
91.883	508	3	1
92.070	509	2	1
92.258	510	3	1
92.445	511	3	1
92.633	512	1	1
92.633	513	2	1
92.633	514	4	1
93.008	515	3	1
93.195	516	4	1
93.383	517	1	1
93.383	518	2	1
93.758	519	3	1
93.945	520	1	1
94.133	521	2	1
94.133	522	4	1
94.508	523	3	1
94.695	524	2	1
94.883	525	1	1
94.883	526	4	1
95.070	527	1	1
95.258	528	3	1
95.445	529	3	1
95.633	530	1	1
95.633	531	2	1
95.633	532	4	1
96.008	533	3	1
96.195	534	1	1
96.383	535	2	1
96.383	536	3	1
96.758	537	4	1
96.945	538	3	1
97.133	539	1	1
97.133	540	2	1
97.508	541	1	1
97.695	542	1	1
97.883	543	3	1
97.883	544	4	1
98.070	545	2	1
98.258	546	4	1
98.445	547	4	1
98.633	548	1	1
98.633	549	2	1
98.633	550	3	1
99.008	551	2	1
99.195	552	3	1
99.383	553	1	1
99.383	554	4	1
99.758	555	3	1
99.945	556	2	1
100.133	557	3	1
100.133	558	4	1
100.508	559	2	1
100.695	560	2	1
100.883	561	1	1
100.883	562	4	1
101.258	563	3	1
101.445	564	2	1
101.633	565	1	1
101.633	566	3	1
101.633	567	4	1
102.008	568	1	1
102.195	569	2	1
102.383	570	3	1
102.383	571	4	1
102.758	572	2	1
102.945	573	3	1
103.133	574	2	1
103.133	575	4	1
103.508	576	4	1
103.695	577	1	1
103.883	578	2	1
103.883	579	3	1
104.070	580	3	1
104.258	581	2	1
104.445	582	2	1
104.633	583	1	1
104.633	584	3	1
104.633	585	4	1
105.008	586	2	1
105.195	587	1	1
105.383	588	3	1
105.383	589	4	1
105.758	590	2	1
105.945	591	4	1
106.133	592	1	1
106.133	593	3	1
106.508	594	2	1
106.695	595	3	1
106.883	596	1	1
106.883	597	4	1
107.070	598	4	1
107.258	599	2	1
107.445	600	2	1
107.633	601	1	1
107.633	602	3	1
107.633	603	4	1
108.008	604	2	1
108.195	605	4	1
108.383	606	2	1
108.383	607	3	1
108.758	608	1	1
108.945	609	2	1
109.133	610	3	1
109.133	611	4	1
109.508	612	4	1
109.695	613	4	1
109.883	614	1	1
109.883	615	2	1
110.070	616	3	1
110.258	617	1	1
110.445	618	1	1
110.633	619	2	1
110.633	620	3	2
110.633	621	4	2
112.133	622	1	1
112.133	623	2	1
112.133	624	3	3
112.133	625	4	3
112.320	626	1	1
112.508	627	4	1
112.695	628	4	1
112.883	629	2	1
113.070	630	2	1
113.258	631	3	1
113.445	632	3	1
113.633	633	1	2
113.633	634	2	2
113.633	635	4	1
115.133	636	3	1
115.133	637	4	1
115.133	638	1	3
115.133	639	2	3
115.320	640	4	1
115.508	641	1	1
115.695	642	1	1
115.883	643	3	1
116.070	644	3	1
116.258	645	2	1
116.445	646	2	1
116.633	647	1	1
116.633	648	3	1
116.633	649	4	1
117.195	650	1	2
117.195	651	4	2
118.133	652	2	2
118.133	653	3	2
118.133	654	1	3
118.133	655	4	3
118.320	656	2	3
118.320	657	3	3
118.508	658	2	2
118.508	659	3	2
118.695	660	2	3
118.695	661	3	3
118.883	662	4	2
119.070	663	2	1
119.070	664	4	3
119.258	665	1	2
119.445	666	4	1
119.445	667	1	3
119.633	668	1	1
119.633	669	2	2
119.633	670	3	2
121.133	671	1	1
121.133	672	4	1
121.133	673	2	3
121.133	674	3	3
121.508	675	4	1
121.695	676	4	1
121.883	677	1	1
122.070	678	1	1
122.258	679	2	2
122.445	680	3	2
122.445	681	2	3
122.633	682	1	2
122.633	683	2	2
122.633	684	4	1
122.633	685	3	3
124.133	686	3	1
124.133	687	4	1
124.133	688	1	3
124.133	689	2	3
124.320	690	4	1
124.508	691	1	1
124.695	692	1	1
124.883	693	3	1
125.070	694	3	1
125.258	695	2	1
125.445	696	2	1
125.633	697	1	1
125.633	698	3	2
125.633	699	4	2
127.133	700	1	1
127.133	701	2	1
127.133	702	3	3
127.133	703	4	3
127.320	704	1	1
127.508	705	4	1
127.695	706	4	1
127.883	707	2	1
128.070	708	2	1
128.258	709	3	1
128.445	710	3	1
128.633	711	1	1
128.633	712	2	1
128.633	713	4	1
129.195	714	1	2
129.195	715	4	2
130.133	716	2	2
130.133	717	3	2
130.133	718	1	3
130.133	719	4	3
130.320	720	2	3
130.508	721	2	2
130.695	722	2	3
130.695	723	3	3
130.883	724	1	2
130.883	725	4	2
131.070	726	3	1
131.070	727	4	3
131.258	728	4	2
131.445	729	2	1
131.445	730	1	3
131.445	731	4	3
131.633	732	1	1
131.633	733	3	1
131.633	734	4	1
132.008	735	4	1
132.383	736	1	1
132.383	737	2	1
132.758	738	2	1
133.133	739	1	1
133.133	740	3	1
133.133	741	4	1
133.508	742	1	1
133.508	743	4	1
133.695	744	1	1
133.883	745	2	1
133.883	746	3	1
134.070	747	3	1
134.258	748	1	1
134.258	749	2	1
134.445	750	3	1
134.445	751	4	1
137.633	752	1	2
137.633	753	2	1
137.633	754	4	1
138.008	755	2	1
138.383	756	3	1
138.383	757	4	1
138.758	758	2	1
138.758	759	1	3
138.945	760	3	1
139.133	761	1	2
139.133	762	4	1
139.508	763	2	1
139.695	764	4	1
139.883	765	2	2
139.883	766	3	1
139.883	767	1	3
140.258	768	3	1
140.258	769	2	3
140.445	770	1	1
140.633	771	2	1
140.633	772	4	2
141.008	773	2	1
141.383	774	1	1
141.383	775	3	1
141.758	776	1	1
142.133	777	2	1
142.133	778	3	1
142.508	779	3	1
142.508	780	4	3
142.695	781	2	1
142.883	782	1	2
142.883	783	4	1
143.070	784	4	1
143.258	785	2	1
143.445	786	4	1
143.445	787	1	3
143.633	788	1	1
143.633	789	2	2
144.008	790	3	1
144.008	791	2	3
144.195	792	2	2
144.383	793	3	1
144.383	794	4	1
144.758	795	4	1
145.133	796	1	1
145.133	797	3	1
145.508	798	1	1
145.695	799	4	1
145.695	800	2	3
145.883	801	1	2
145.883	802	3	1
146.070	803	3	1
146.258	804	2	1
146.258	805	1	3
146.445	806	3	1
146.633	807	1	2
146.633	808	4	1
147.008	809	2	1
147.008	810	1	3
147.195	811	3	1
147.383	812	1	1
147.383	813	4	2
147.758	814	2	1
147.758	815	4	3
147.945	816	4	2
148.133	817	1	1
148.133	818	3	1
148.508	819	1	1
148.508	820	4	3
148.695	821	2	1
148.883	822	3	2
148.883	823	4	1
149.070	824	1	1
149.258	825	4	1
149.258	826	3	3
149.445	827	4	1
149.633	828	1	1
149.633	829	2	1
149.633	830	3	1
149.820	831	1	2
150.195	832	3	1
150.195	833	1	3
150.383	834	1	1
150.383	835	2	1
150.570	836	3	1
150.758	837	4	2
151.133	838	1	1
151.133	839	3	1
151.133	840	4	3
151.320	841	2	2
151.695	842	4	1
151.695	843	2	3
151.883	844	2	1
151.883	845	3	1
152.070	846	1	1
152.258	847	2	1
152.445	848	3	1
152.633	849	1	1
152.633	850	4	2
153.008	851	1	1
153.008	852	4	3
153.195	853	4	2
153.383	854	1	1
153.383	855	2	1
153.758	856	2	1
154.133	857	1	1
154.133	858	3	1
154.133	859	4	3
154.508	860	2	2
154.695	861	4	1
154.883	862	1	1
154.883	863	3	2
154.883	864	2	3
155.133	865	4	2
155.133	866	3	3
155.383	867	4	3
155.445	868	1	2
155.633	869	3	1
155.633	870	4	1
156.008	871	4	1
156.383	872	2	1
156.383	873	3	1
156.758	874	3	1
156.758	875	1	3
156.945	876	2	1
157.133	877	1	1
157.133	878	4	2
157.508	879	1	1
157.883	880	2	1
157.883	881	3	1
158.070	882	1	1
158.258	883	2	1
158.258	884	4	3
158.445	885	3	1
158.633	886	1	1
158.633	887	4	1
158.820	888	1	2
159.195	889	3	2
159.195	890	1	3
159.383	891	1	1
159.383	892	4	1
159.570	893	2	1
159.570	894	3	3
159.758	895	1	1
159.945	896	3	1
160.133	897	2	1
160.133	898	4	1
160.320	899	1	2
160.508	900	4	1
160.695	901	3	1
160.695	902	1	3
160.883	903	1	1
160.883	904	4	1
161.070	905	2	1
161.258	906	3	1
161.445	907	3	1
161.633	908	1	1
161.633	909	4	1
161.820	910	2	1
162.008	911	4	1
162.195	912	3	1
162.383	913	1	1
162.383	914	2	1
162.570	915	1	1
162.758	916	2	1
162.945	917	3	1
163.133	918	1	2
163.133	919	4	1
163.383	920	3	1
163.383	921	1	3
163.508	922	4	2
163.758	923	2	1
163.758	924	4	3
163.883	925	1	2
163.883	926	4	1
164.133	927	2	1
164.133	928	1	3
164.258	929	4	2
164.445	930	1	2
164.445	931	4	3
164.633	932	3	1
164.633	933	4	2
164.633	934	1	3
165.008	935	3	1
165.383	936	1	1
165.383	937	2	1
165.570	938	3	2
165.570	939	4	3
165.758	940	1	2
165.758	941	3	3
166.133	942	3	1
166.133	943	4	1
166.508	944	4	1
166.695	945	4	1
166.883	946	2	1
166.883	947	3	1
167.070	948	3	1
167.258	949	4	1
167.258	950	1	3
167.445	951	2	1
167.633	952	3	2
167.633	953	4	1
168.008	954	1	1
168.383	955	2	2
168.383	956	4	1
168.383	957	3	3
168.758	958	4	1
168.758	959	2	3
168.945	960	3	1
169.133	961	1	1
169.133	962	2	1
169.320	963	4	1
169.508	964	2	1
169.695	965	3	2
169.883	966	1	1
169.883	967	4	1
170.070	968	2	1
170.070	969	3	3
170.258	970	4	1
170.445	971	1	1
170.633	972	3	2
170.633	973	4	1
171.008	974	2	1
171.008	975	3	3
171.195	976	4	1
171.383	977	1	1
171.383	978	2	1
171.570	979	3	1
171.758	980	1	1
171.945	981	2	1
172.133	982	3	1
172.133	983	4	2
172.508	984	1	1
172.508	985	4	3
172.695	986	1	1
172.883	987	2	1
172.883	988	3	2
173.070	989	1	1
173.258	990	4	1
173.258	991	3	3
173.445	992	4	1
173.633	993	1	1
173.633	994	2	1
173.820	995	2	1
174.008	996	3	1
174.195	997	3	1
174.383	998	2	1
174.383	999	4	1
174.570	1000	2	1
174.758	1001	3	1
174.945	1002	3	1
175.133	1003	1	1
175.133	1004	2	1
175.320	1005	1	1
175.508	1006	4	1
175.695	1007	4	1
175.883	1008	1	1
175.883	1009	3	2
176.133	1010	2	1
176.133	1011	3	3
176.258	1012	4	2
176.508	1013	3	1
176.508	1014	4	3
176.633	1015	1	2
176.633	1016	2	1
177.383	1017	3	1
177.383	1018	4	1
177.383	1019	1	3
177.570	1020	4	2
177.883	1021	3	1
177.883	1022	4	3
178.008	1023	2	1
178.133	1024	1	1
178.133	1025	4	1
178.383	1026	4	2
178.695	1027	2	1
178.695	1028	4	3
178.883	1029	3	1
178.883	1030	4	1
179.070	1031	1	1
179.258	1032	4	1
179.445	1033	3	2
179.633	1034	1	1
179.633	1035	2	2
179.633	1036	3	3
180.008	1037	4	1
180.383	1038	1	1
180.383	1039	3	1
180.758	1040	3	2
180.758	1041	2	3
181.008	1042	4	1
181.008	1043	3	3
181.133	1044	1	2
181.133	1045	2	1
181.508	1046	4	1
181.695	1047	2	1
181.883	1048	3	1
181.883	1049	4	1
182.070	1050	3	1
182.258	1051	2	1
182.258	1052	1	3
182.445	1053	2	1
182.633	1054	1	1
182.633	1055	4	2
183.008	1056	3	1
183.383	1057	1	1
183.383	1058	2	1
183.383	1059	4	3
183.570	1060	3	1
183.758	1061	2	1
183.945	1062	1	1
184.133	1063	3	1
184.133	1064	4	1
184.320	1065	2	1
184.508	1066	4	1
184.695	1067	3	1
184.883	1068	1	1
184.883	1069	2	1
185.070	1070	1	1
185.258	1071	4	1
185.445	1072	4	1
185.633	1073	2	1
185.633	1074	3	1