Song Name	Crab Rave (Camellia Remix) [EXTENDED CUT] by Noisestorm (Remixed by Camellia)
Title	Crab Rave (Camellia Remix) [EXTENDED CUT]
Artist	Noisestorm (Remixed by Camellia)
Description	Released as an April fool's joke on the Monstercat channel, it went viral because of a catchy music video featuring dancing crabs. SHE TOOK THE KIDS. Map by iiJohn0.
Difficulty	16
Primary Color	Beat
Secondary Color	Chill
Cover Image ID	2604971216
Audio Asset ID	rbxassetid://9060597301
Audio File	9060597301.ogg
Last Note Time	237.247
Total Notes	2033
Fever Fill	600
Fever Time	35.587050
Long Notes	234
BPM	170
Song Length	238.247000000

Timing Points
2.895	352.941176
59.365	352.941176
69.247	352.941176
70.659	352.941176
79.130	352.941176
81.953	352.941176
91.836	352.941176
93.247	352.941176
95.718	352.941176
95.762	352.941176
95.806	352.941176
95.850	352.941176
95.894	352.941176
95.938	352.941176
95.983	352.941176
96.027	352.941176
96.071	352.941176
98.630	352.941176
98.674	352.941176
98.718	352.941176
98.762	352.941176
98.806	352.941176
98.850	352.941176
98.894	352.941176
99.953	352.941176
99.997	352.941176
100.041	352.941176
100.085	352.941176
100.129	352.941176
100.173	352.941176
100.218	352.941176
100.262	352.941176
100.306	352.941176
101.453	352.941176
101.497	352.941176
101.541	352.941176
101.585	352.941176
101.629	352.941176
101.673	352.941176
101.718	352.941176
103.130	352.941176
175.130	352.941176
182.188	352.941176
183.600	352.941176
192.071	352.941176
194.894	352.941176
204.777	352.941176
206.189	352.941176
208.659	352.941176
208.703	352.941176
208.747	352.941176
208.791	352.941176
208.835	352.941176
208.879	352.941176
208.924	352.941176
208.968	352.941176
209.012	352.941176
211.571	352.941176
211.615	352.941176
211.659	352.941176
211.703	352.941176
211.747	352.941176
211.791	352.941176
211.835	352.941176
212.894	352.941176
212.938	352.941176
212.982	352.941176
213.026	352.941176
213.070	352.941176
213.114	352.941176
213.159	352.941176
213.203	352.941176
213.247	352.941176
214.394	352.941176
214.438	352.941176
214.482	352.941176
214.526	352.941176
214.570	352.941176
214.614	352.941176
214.659	352.941176
216.071	352.941176


Song Data
2.895	1	1	1
2.895	2	2	1
3.159	3	3	1
3.247	4	4	1
3.424	5	2	1
3.600	6	1	1
3.689	7	2	1
3.777	8	3	1
3.953	9	4	1
4.130	10	2	1
4.218	11	3	1
4.306	12	1	1
4.571	13	3	1
4.659	14	4	1
4.836	15	2	1
5.012	16	1	1
5.100	17	2	1
5.189	18	3	1
5.365	19	4	1
5.542	20	2	1
5.630	21	3	1
5.718	22	1	1
5.983	23	3	1
6.071	24	4	1
6.247	25	2	1
6.424	26	1	1
6.512	27	2	1
6.600	28	3	1
6.777	29	4	1
6.953	30	2	1
7.042	31	3	1
7.130	32	1	1
7.394	33	3	1
7.483	34	4	1
7.659	35	2	1
7.836	36	1	1
7.924	37	2	1
8.012	38	3	1
8.189	39	4	1
8.365	40	2	1
8.453	41	3	1
8.542	42	1	1
8.806	43	3	1
8.894	44	4	1
9.071	45	2	1
9.247	46	1	1
9.336	47	2	1
9.424	48	3	1
9.600	49	4	1
9.777	50	2	1
9.865	51	3	1
9.953	52	1	1
10.218	53	3	1
10.306	54	4	1
10.483	55	2	1
10.659	56	1	1
10.747	57	2	1
10.836	58	3	1
11.012	59	4	1
11.189	60	2	1
11.277	61	3	1
11.365	62	1	1
11.630	63	3	1
11.718	64	4	1
11.894	65	2	1
12.071	66	1	1
12.159	67	2	1
12.247	68	3	1
12.424	69	4	1
12.600	70	2	1
12.689	71	3	1
12.777	72	1	1
13.042	73	3	1
13.130	74	4	1
13.306	75	2	1
13.483	76	1	1
13.571	77	2	1
13.659	78	3	1
13.836	79	4	1
14.012	80	1	1
14.100	81	2	1
14.189	82	3	1
14.189	83	4	1
14.453	84	2	1
14.542	85	4	1
14.718	86	1	1
14.806	87	3	1
14.894	88	1	1
14.983	89	3	1
15.071	90	2	1
15.247	91	3	1
15.424	92	4	1
15.512	93	3	1
15.600	94	2	1
15.865	95	3	1
15.953	96	2	1
16.130	97	4	1
16.218	98	1	1
16.306	99	3	1
16.394	100	4	1
16.483	101	1	1
16.659	102	1	1
16.836	103	1	1
16.924	104	3	1
17.012	105	4	1
17.277	106	2	1
17.365	107	4	1
17.542	108	1	1
17.630	109	3	1
17.718	110	1	1
17.806	111	3	1
17.894	112	2	1
18.071	113	3	1
18.247	114	4	1
18.336	115	3	1
18.424	116	2	1
18.689	117	3	1
18.777	118	2	1
18.953	119	4	1
19.042	120	1	1
19.130	121	3	1
19.218	122	4	1
19.306	123	1	1
19.483	124	1	1
19.659	125	1	1
19.747	126	3	1
19.836	127	4	1
20.100	128	2	1
20.189	129	4	1
20.365	130	1	1
20.453	131	3	1
20.542	132	1	1
20.630	133	3	1
20.718	134	2	1
20.894	135	3	1
21.071	136	4	1
21.159	137	3	1
21.247	138	2	1
21.512	139	3	1
21.600	140	2	1
21.777	141	4	1
21.865	142	1	1
21.953	143	3	1
22.042	144	4	1
22.130	145	1	1
22.306	146	1	1
22.483	147	1	1
22.571	148	3	1
22.659	149	4	1
22.924	150	2	1
23.012	151	4	1
23.189	152	1	1
23.277	153	3	1
23.365	154	1	1
23.453	155	3	1
23.542	156	2	1
23.718	157	3	1
23.894	158	4	1
23.983	159	3	1
24.071	160	2	1
24.071	161	1	1
24.424	162	4	1
24.424	163	1	1
24.777	164	4	1
24.777	165	3	1
25.130	166	2	1
25.130	167	1	2
25.483	168	1	3
25.483	169	4	1
25.483	170	3	1
25.747	171	2	1
25.836	172	4	1
26.100	173	3	1
26.189	174	2	1
26.277	175	3	1
26.365	176	1	1
26.453	177	2	1
26.542	178	3	1
26.806	179	4	1
26.894	180	2	1
27.071	181	3	1
27.247	182	2	1
27.424	183	4	1
27.512	184	1	1
27.600	185	3	1
27.689	186	4	1
27.777	187	1	1
27.953	188	1	1
28.130	189	1	1
28.218	190	3	1
28.306	191	4	1
28.571	192	2	1
28.659	193	4	1
28.924	194	3	1
29.012	195	2	1
29.100	196	3	1
29.189	197	1	1
29.277	198	2	1
29.365	199	3	1
29.630	200	4	1
29.718	201	2	1
29.894	202	3	1
30.071	203	2	1
30.247	204	4	1
30.336	205	1	1
30.424	206	3	1
30.512	207	4	1
30.600	208	1	1
30.777	209	1	1
30.953	210	1	1
31.042	211	3	1
31.130	212	4	1
31.394	213	2	1
31.483	214	4	1
31.747	215	3	1
31.836	216	2	1
31.924	217	3	1
32.012	218	1	1
32.100	219	2	1
32.189	220	3	1
32.453	221	4	1
32.542	222	2	1
32.718	223	3	1
32.894	224	2	1
33.071	225	4	1
33.159	226	1	1
33.247	227	3	1
33.336	228	4	1
33.424	229	1	1
33.600	230	1	1
33.777	231	1	1
33.865	232	3	1
33.953	233	4	1
34.218	234	2	1
34.306	235	4	1
34.571	236	3	1
34.659	237	2	1
34.747	238	3	1
34.836	239	1	1
34.924	240	2	1
35.012	241	3	1
35.277	242	4	1
35.365	243	2	1
35.542	244	3	1
35.718	245	2	1
35.894	246	4	1
35.983	247	1	1
36.071	248	3	1
36.159	249	4	1
36.247	250	1	1
36.424	251	1	1
36.600	252	1	1
36.689	253	2	1
36.777	254	4	2
36.953	255	4	3
36.777	256	3	1
36.953	257	2	2
37.130	258	2	3
37.130	259	1	2
37.306	260	1	3
37.306	261	3	1
37.394	262	2	1
37.483	263	1	1
37.571	264	3	1
37.659	265	4	1
37.836	266	1	2
38.012	267	1	3
38.012	268	3	1
38.100	269	2	1
38.189	270	1	1
38.277	271	3	1
38.365	272	4	1
38.542	273	1	2
38.718	274	1	3
38.718	275	3	1
38.806	276	2	1
38.983	277	2	1
39.159	278	3	1
39.336	279	4	1
39.424	280	2	1
39.600	281	4	2
39.777	282	4	3
39.777	283	2	2
39.953	284	2	3
39.953	285	1	2
40.130	286	1	3
40.130	287	3	1
40.218	288	2	1
40.306	289	1	1
40.394	290	3	1
40.483	291	4	1
40.659	292	1	2
40.836	293	1	3
40.836	294	3	1
40.924	295	2	1
41.012	296	1	1
41.100	297	3	1
41.189	298	4	1
41.365	299	1	2
41.542	300	1	3
41.542	301	3	1
41.630	302	2	1
41.806	303	2	1
41.983	304	3	1
42.159	305	4	1
42.247	306	2	1
42.424	307	4	2
42.600	308	4	3
42.600	309	2	2
42.777	310	2	3
42.777	311	1	2
42.953	312	1	3
42.953	313	3	1
43.042	314	2	1
43.130	315	1	1
43.218	316	3	1
43.306	317	4	1
43.483	318	1	2
43.659	319	1	3
43.659	320	3	1
43.747	321	2	1
43.836	322	1	1
43.924	323	3	1
44.012	324	4	1
44.189	325	1	2
44.365	326	1	3
44.365	327	3	1
44.453	328	2	1
44.630	329	2	1
44.806	330	3	1
44.983	331	4	1
45.071	332	2	1
45.247	333	4	2
45.424	334	4	3
45.424	335	2	2
45.600	336	2	3
45.600	337	1	2
45.777	338	1	3
45.777	339	3	1
45.865	340	2	1
45.953	341	1	1
46.042	342	3	1
46.130	343	4	1
46.306	344	1	2
46.483	345	1	3
46.483	346	4	1
46.571	347	3	1
46.659	348	1	1
46.659	349	2	1
47.012	350	4	1
47.012	351	1	1
47.365	352	4	1
47.365	353	3	1
47.718	354	1	2
48.071	355	1	3
47.718	356	2	1
48.071	357	4	2
53.718	358	4	3
48.071	359	3	1
48.336	360	2	1
48.600	361	1	1
48.777	362	3	1
49.042	363	2	1
49.306	364	1	1
49.483	365	3	1
49.747	366	2	1
50.012	367	1	1
50.189	368	3	1
50.453	369	2	1
50.718	370	1	1
50.894	371	3	1
51.159	372	2	1
51.424	373	3	1
51.600	374	1	1
51.865	375	2	1
52.130	376	3	1
52.306	377	1	1
52.571	378	2	1
52.836	379	3	1
53.012	380	1	1
53.277	381	2	1
53.542	382	3	1
53.718	383	1	1
53.806	384	2	1
53.894	385	3	1
53.983	386	4	1
54.071	387	1	1
54.159	388	2	1
54.247	389	3	1
54.336	390	4	1
54.424	391	1	1
54.512	392	2	1
54.600	393	3	1
54.689	394	4	1
54.777	395	1	1
54.865	396	2	1
54.953	397	3	1
55.042	398	4	1
55.130	399	1	1
55.218	400	2	1
55.306	401	3	1
55.394	402	4	1
55.483	403	1	1
55.571	404	2	1
55.659	405	3	1
55.747	406	4	1
55.836	407	1	1
55.924	408	2	1
56.012	409	3	1
56.100	410	4	1
56.189	411	1	1
56.277	412	2	1
56.365	413	3	1
56.453	414	4	1
56.542	415	1	2
57.600	416	1	3
56.542	417	2	1
56.630	418	3	1
56.718	419	4	1
56.806	420	2	1
56.894	421	3	1
56.983	422	4	1
57.071	423	2	1
57.159	424	3	1
57.247	425	4	1
57.336	426	2	1
57.424	427	3	1
57.512	428	4	1
57.600	429	2	1
57.953	430	2	1
57.953	431	1	1
58.306	432	1	1
58.306	433	4	1
58.659	434	3	1
58.659	435	4	1
59.012	436	2	1
59.012	437	1	2
59.365	438	1	3
59.365	439	4	2
59.542	440	4	3
59.365	441	3	1
59.542	442	2	2
59.718	443	2	3
59.718	444	4	1
59.718	445	1	2
59.894	446	1	3
59.894	447	3	1
59.983	448	2	1
60.071	449	4	1
60.071	450	1	1
60.159	451	3	1
60.247	452	4	1
60.424	453	2	1
60.424	454	1	2
60.600	455	1	3
60.600	456	3	1
60.689	457	2	1
60.777	458	4	1
60.777	459	1	1
60.865	460	3	1
60.953	461	4	1
61.130	462	2	1
61.130	463	1	2
61.306	464	1	3
61.306	465	4	1
61.394	466	3	1
61.483	467	4	1
61.483	468	1	1
61.571	469	2	1
61.747	470	3	1
61.836	471	4	1
61.836	472	1	1
61.924	473	2	1
62.012	474	3	1
62.189	475	3	1
62.189	476	4	2
62.365	477	4	3
62.365	478	2	2
62.542	479	2	3
62.542	480	4	1
62.542	481	1	2
62.718	482	1	3
62.718	483	3	1
62.806	484	2	1
62.894	485	4	1
62.894	486	1	1
62.983	487	3	1
63.071	488	4	1
63.247	489	1	2
63.424	490	1	3
63.247	491	2	1
63.424	492	3	1
63.512	493	2	1
63.600	494	1	1
63.600	495	4	1
63.689	496	3	1
63.777	497	4	1
63.953	498	1	2
64.130	499	1	3
63.953	500	2	1
64.130	501	4	1
64.218	502	3	1
64.306	503	4	1
64.306	504	1	1
64.394	505	2	1
64.571	506	3	1
64.659	507	1	1
64.659	508	4	1
64.747	509	2	1
64.836	510	3	1
65.012	511	3	1
65.012	512	4	2
65.189	513	4	3
65.189	514	2	2
65.365	515	2	3
65.365	516	1	2
65.542	517	1	3
65.365	518	4	1
65.542	519	3	1
65.630	520	2	1
65.718	521	4	1
65.718	522	1	1
65.806	523	3	1
65.894	524	4	1
66.071	525	1	2
66.247	526	1	3
66.071	527	2	1
66.247	528	3	1
66.336	529	2	1
66.424	530	1	1
66.424	531	4	1
66.512	532	3	1
66.600	533	4	1
66.777	534	2	1
66.777	535	1	2
66.953	536	1	3
66.953	537	4	1
67.042	538	3	1
67.130	539	1	1
67.130	540	4	1
67.218	541	2	1
67.394	542	3	1
67.483	543	4	1
67.483	544	1	1
67.571	545	2	1
67.659	546	3	1
67.836	547	4	2
68.012	548	4	3
67.836	549	3	1
68.012	550	2	2
68.189	551	2	3
68.189	552	4	1
68.189	553	1	2
68.365	554	1	3
68.365	555	3	1
68.453	556	2	1
68.542	557	1	1
68.542	558	4	1
68.630	559	3	1
68.718	560	4	1
68.894	561	2	1
68.894	562	1	2
69.071	563	1	3
69.071	564	3	1
69.159	565	2	1
69.247	566	1	1
69.336	567	3	1
69.424	568	4	1
69.600	569	2	1
69.777	570	4	1
69.865	571	3	1
69.953	572	1	1
70.042	573	2	1
70.218	574	3	1
70.306	575	4	1
70.394	576	2	1
70.483	577	1	1
70.659	578	3	1
70.659	579	4	2
70.836	580	4	3
70.836	581	2	2
71.012	582	2	3
71.012	583	1	2
71.189	584	1	3
71.012	585	4	1
71.189	586	3	1
71.277	587	2	1
71.365	588	4	1
71.365	589	1	1
71.453	590	3	1
71.542	591	4	1
71.718	592	2	1
71.718	593	1	2
71.894	594	1	3
71.894	595	3	1
71.983	596	2	1
72.071	597	4	1
72.071	598	1	1
72.159	599	3	1
72.247	600	4	1
72.424	601	2	1
72.424	602	1	2
72.600	603	1	3
72.600	604	4	1
72.689	605	3	1
72.777	606	1	1
72.777	607	4	1
72.865	608	2	1
73.042	609	3	1
73.130	610	1	1
73.130	611	4	1
73.218	612	2	1
73.306	613	3	1
73.483	614	4	2
73.659	615	4	3
73.483	616	3	1
73.659	617	2	2
73.836	618	2	3
73.836	619	4	1
73.836	620	1	2
74.012	621	1	3
74.012	622	3	1
74.100	623	2	1
74.189	624	4	1
74.189	625	1	1
74.277	626	3	1
74.365	627	4	1
74.542	628	2	1
74.542	629	1	2
74.718	630	1	3
74.718	631	3	1
74.806	632	2	1
74.894	633	4	1
74.894	634	1	1
74.983	635	3	1
75.071	636	4	1
75.247	637	1	2
75.424	638	1	3
75.247	639	2	1
75.424	640	4	1
75.512	641	3	1
75.600	642	4	1
75.600	643	1	1
75.689	644	2	1
75.865	645	3	1
75.953	646	4	1
76.042	647	2	1
76.130	648	1	1
76.306	649	4	2
76.483	650	4	3
76.306	651	3	1
76.483	652	2	2
76.659	653	2	3
76.659	654	4	1
76.659	655	1	2
76.836	656	1	3
76.836	657	3	1
76.924	658	2	1
77.012	659	1	1
77.012	660	4	1
77.100	661	3	1
77.189	662	4	1
77.365	663	2	1
77.365	664	1	2
77.542	665	1	3
77.542	666	3	1
77.630	667	2	1
77.718	668	1	1
77.718	669	4	1
77.806	670	3	1
77.894	671	4	1
78.071	672	1	2
78.247	673	1	3
78.071	674	2	1
78.247	675	4	1
78.336	676	3	1
78.424	677	1	1
78.424	678	4	1
78.512	679	2	1
78.689	680	3	1
78.777	681	4	1
78.777	682	1	1
78.865	683	2	1
78.953	684	3	1
79.130	685	3	1
79.130	686	4	2
79.306	687	4	3
79.306	688	2	2
79.483	689	2	3
79.483	690	1	2
79.659	691	1	3
79.659	692	3	1
79.747	693	2	1
79.836	694	1	1
79.924	695	3	1
80.012	696	4	1
80.189	697	1	2
80.365	698	1	3
80.365	699	3	1
80.453	700	2	1
80.542	701	1	1
80.630	702	3	1
80.718	703	4	1
80.894	704	1	2
81.071	705	1	3
81.071	706	4	1
81.159	707	3	1
81.247	708	1	1
81.336	709	2	1
81.512	710	3	1
81.600	711	4	1
81.689	712	2	1
81.777	713	1	1
81.953	714	4	2
82.130	715	4	3
81.953	716	3	1
82.130	717	2	2
82.306	718	2	3
82.306	719	4	1
82.306	720	1	2
82.483	721	1	3
82.483	722	3	1
82.571	723	2	1
82.659	724	4	1
82.659	725	1	1
82.747	726	3	1
82.836	727	4	1
83.012	728	2	1
83.012	729	1	2
83.189	730	1	3
83.189	731	3	1
83.277	732	2	1
83.365	733	4	1
83.365	734	1	1
83.453	735	3	1
83.542	736	4	1
83.718	737	1	2
83.894	738	1	3
83.718	739	2	1
83.894	740	4	1
83.983	741	3	1
84.071	742	4	1
84.071	743	1	1
84.159	744	2	1
84.336	745	3	1
84.424	746	4	1
84.424	747	1	1
84.512	748	2	1
84.600	749	3	1
84.777	750	3	1
84.777	751	4	2
84.953	752	4	3
84.953	753	2	2
85.130	754	2	3
85.130	755	4	1
85.130	756	1	2
85.306	757	1	3
85.306	758	3	1
85.394	759	2	1
85.483	760	1	1
85.483	761	4	1
85.571	762	3	1
85.659	763	4	1
85.836	764	1	2
86.012	765	1	3
85.836	766	2	1
86.012	767	3	1
86.100	768	2	1
86.189	769	1	1
86.189	770	4	1
86.277	771	3	1
86.365	772	4	1
86.542	773	1	2
86.718	774	1	3
86.542	775	2	1
86.718	776	4	1
86.806	777	3	1
86.894	778	1	1
86.894	779	4	1
86.983	780	2	1
87.159	781	3	1
87.247	782	4	1
87.247	783	1	1
87.336	784	2	1
87.424	785	3	1
87.600	786	3	1
87.600	787	4	2
87.777	788	4	3
87.777	789	2	2
87.953	790	2	3
87.953	791	4	1
87.953	792	1	2
88.130	793	1	3
88.130	794	3	1
88.218	795	2	1
88.306	796	4	1
88.306	797	1	1
88.394	798	3	1
88.483	799	4	1
88.659	800	2	1
88.659	801	1	2
88.836	802	1	3
88.836	803	3	1
88.924	804	2	1
89.012	805	1	1
89.012	806	4	1
89.100	807	3	1
89.189	808	4	1
89.365	809	1	2
89.542	810	1	3
89.365	811	2	1
89.542	812	4	1
89.630	813	3	1
89.718	814	4	1
89.718	815	1	1
89.806	816	2	1
89.983	817	3	1
90.071	818	4	1
90.071	819	1	1
90.159	820	2	1
90.247	821	3	1
90.424	822	3	1
90.424	823	4	2
90.600	824	4	3
90.600	825	2	2
90.777	826	2	3
90.777	827	4	1
90.777	828	1	2
90.953	829	1	3
90.953	830	3	1
91.042	831	2	1
91.130	832	4	1
91.130	833	1	1
91.218	834	3	1
91.306	835	4	1
91.483	836	2	1
91.483	837	1	2
91.659	838	1	3
91.659	839	3	1
91.747	840	2	1
91.836	841	4	1
91.836	842	1	1
92.012	843	2	1
92.100	844	4	1
92.277	845	2	1
92.365	846	4	1
92.542	847	1	1
92.718	848	3	1
92.894	849	2	1
92.894	850	1	2
93.247	851	1	3
93.247	852	4	1
93.247	853	3	1
93.512	854	2	1
93.600	855	4	1
93.600	856	3	1
93.777	857	3	1
93.865	858	2	1
93.953	859	1	1
93.953	860	4	1
94.042	861	3	1
94.130	862	2	1
94.306	863	4	1
94.306	864	1	1
94.483	865	4	1
94.571	866	3	1
94.659	867	2	1
94.659	868	1	1
94.924	869	3	1
95.012	870	1	1
95.012	871	2	1
95.189	872	4	1
95.277	873	1	1
95.365	874	3	1
95.365	875	2	1
95.453	876	4	1
95.542	877	1	1
95.718	878	2	2
96.071	879	2	3
96.071	880	3	1
96.071	881	4	1
96.336	882	2	1
96.424	883	3	1
96.424	884	4	1
96.600	885	3	1
96.689	886	2	1
96.777	887	1	1
96.777	888	4	1
96.865	889	3	1
96.953	890	2	1
97.130	891	1	1
97.130	892	4	1
97.306	893	4	1
97.394	894	3	1
97.483	895	1	1
97.483	896	2	1
97.747	897	3	1
97.836	898	2	1
97.836	899	1	1
98.012	900	4	1
98.100	901	1	1
98.189	902	3	1
98.189	903	2	1
98.277	904	4	1
98.365	905	1	1
98.542	906	3	2
98.894	907	3	3
98.894	908	2	1
98.894	909	1	1
99.159	910	2	1
99.247	911	4	1
99.247	912	3	1
99.424	913	3	1
99.512	914	2	1
99.600	915	4	1
99.600	916	1	1
99.689	917	3	1
99.777	918	2	1
99.953	919	2	2
100.306	920	2	3
100.306	921	3	1
100.306	922	4	1
100.571	923	3	1
100.659	924	1	1
100.659	925	2	1
100.836	926	4	1
100.924	927	1	1
101.012	928	2	1
101.012	929	3	1
101.100	930	4	1
101.189	931	1	1
101.365	932	3	2
101.718	933	3	3
101.718	934	1	1
101.718	935	2	1
101.894	936	1	1
101.983	937	2	1
102.071	938	4	1
102.071	939	3	1
102.247	940	3	1
102.336	941	2	1
102.424	942	1	1
102.424	943	4	1
102.512	944	3	1
102.600	945	2	1
102.777	946	4	1
102.777	947	1	1
102.953	948	4	1
103.042	949	3	1
103.130	950	2	1
103.130	951	1	1
103.483	952	4	1
103.483	953	1	1
103.836	954	4	1
103.836	955	3	1
104.189	956	1	2
104.542	957	1	3
104.189	958	2	1
104.542	959	4	1
104.542	960	3	2
105.247	961	3	3
104.894	962	2	1
105.247	963	1	2
105.953	964	1	3
105.424	965	4	1
105.600	966	3	1
105.953	967	2	2
106.659	968	2	3
106.306	969	3	1
106.659	970	4	2
107.365	971	4	3
106.836	972	1	1
107.012	973	2	1
107.365	974	3	2
108.071	975	3	3
107.718	976	2	1
108.071	977	1	2
108.777	978	1	3
108.247	979	4	1
108.424	980	3	1
108.777	981	4	2
110.189	982	4	3
109.130	983	1	1
109.483	984	2	2
110.189	985	2	3
109.659	986	3	1
109.836	987	1	1
110.189	988	3	2
110.894	989	3	3
110.542	990	2	1
110.894	991	1	2
111.600	992	1	3
111.071	993	4	1
111.247	994	3	1
111.600	995	2	2
112.306	996	2	3
111.953	997	3	1
112.306	998	4	2
113.012	999	4	3
112.483	1000	1	1
112.659	1001	2	1
113.012	1002	3	2
113.718	1003	3	3
113.365	1004	2	1
113.718	1005	1	2
114.424	1006	1	3
113.894	1007	4	1
114.071	1008	3	1
114.203	1009	4	1
114.269	1010	3	1
114.336	1011	2	1
114.424	1012	4	1
114.865	1013	4	1
114.953	1014	3	1
115.042	1015	2	1
115.130	1016	4	1
115.483	1017	4	1
115.836	1018	2	1
115.836	1019	1	2
116.012	1020	1	3
116.012	1021	4	2
116.189	1022	4	3
116.189	1023	3	1
116.365	1024	3	1
116.453	1025	2	1
116.542	1026	1	1
116.630	1027	3	1
116.718	1028	4	1
116.894	1029	1	2
117.071	1030	1	3
117.071	1031	3	1
117.159	1032	2	1
117.247	1033	1	1
117.336	1034	3	1
117.424	1035	4	1
117.600	1036	1	2
117.777	1037	1	3
117.777	1038	3	1
117.865	1039	2	1
118.042	1040	2	1
118.218	1041	3	1
118.394	1042	3	1
118.483	1043	4	1
118.659	1044	1	2
118.836	1045	1	3
118.836	1046	4	2
119.012	1047	4	3
119.012	1048	3	1
119.189	1049	3	1
119.277	1050	2	1
119.365	1051	1	1
119.453	1052	3	1
119.542	1053	4	1
119.718	1054	1	2
119.894	1055	1	3
119.894	1056	3	1
119.983	1057	2	1
120.071	1058	1	1
120.159	1059	3	1
120.247	1060	4	1
120.424	1061	1	2
120.600	1062	1	3
120.600	1063	3	1
120.689	1064	2	1
120.865	1065	2	1
121.042	1066	3	1
121.218	1067	3	1
121.306	1068	4	1
121.483	1069	1	2
121.659	1070	1	3
121.659	1071	4	2
121.836	1072	4	3
121.836	1073	3	1
122.012	1074	3	1
122.100	1075	2	1
122.189	1076	1	1
122.277	1077	3	1
122.365	1078	4	1
122.542	1079	1	2
122.718	1080	1	3
122.718	1081	3	1
122.806	1082	2	1
122.894	1083	1	1
122.983	1084	3	1
123.071	1085	4	1
123.247	1086	1	2
123.424	1087	1	3
123.424	1088	3	1
123.512	1089	2	1
123.689	1090	2	1
123.865	1091	3	1
124.042	1092	3	1
124.130	1093	4	1
124.306	1094	1	2
124.483	1095	1	3
124.483	1096	4	2
124.659	1097	4	3
124.659	1098	3	1
124.836	1099	3	1
124.924	1100	2	1
125.012	1101	1	1
125.100	1102	3	1
125.189	1103	4	1
125.365	1104	1	2
125.542	1105	1	3
125.542	1106	3	1
125.630	1107	2	1
125.718	1108	1	1
125.806	1109	3	1
125.894	1110	4	1
126.071	1111	1	2
126.247	1112	1	3
126.247	1113	3	1
126.336	1114	2	1
126.512	1115	2	1
126.689	1116	3	1
126.865	1117	3	1
126.953	1118	4	1
127.130	1119	2	1
127.130	1120	1	2
127.306	1121	1	3
127.306	1122	4	2
127.483	1123	4	3
127.483	1124	3	1
127.659	1125	3	1
127.747	1126	2	1
127.836	1127	1	1
127.924	1128	3	1
128.012	1129	4	1
128.189	1130	1	2
128.365	1131	1	3
128.365	1132	3	1
128.453	1133	2	1
128.542	1134	1	1
128.630	1135	3	1
128.718	1136	4	1
128.894	1137	1	2
129.071	1138	1	3
129.071	1139	3	1
129.159	1140	2	1
129.336	1141	2	1
129.512	1142	3	1
129.689	1143	3	1
129.777	1144	4	1
129.953	1145	1	2
130.130	1146	1	3
130.130	1147	4	2
130.306	1148	4	3
130.306	1149	3	1
130.483	1150	3	1
130.571	1151	2	1
130.659	1152	1	1
130.747	1153	3	1
130.836	1154	4	1
131.012	1155	1	2
131.189	1156	1	3
131.189	1157	3	1
131.277	1158	2	1
131.365	1159	1	1
131.453	1160	3	1
131.542	1161	4	1
131.718	1162	1	2
131.894	1163	1	3
131.894	1164	3	1
131.983	1165	2	1
132.159	1166	2	1
132.336	1167	3	1
132.512	1168	3	1
132.600	1169	4	1
132.777	1170	1	2
132.953	1171	1	3
132.953	1172	4	2
133.130	1173	4	3
133.130	1174	3	1
133.306	1175	3	1
133.394	1176	2	1
133.483	1177	1	1
133.571	1178	3	1
133.659	1179	4	1
133.836	1180	1	2
134.012	1181	1	3
134.012	1182	3	1
134.100	1183	2	1
134.189	1184	1	1
134.277	1185	3	1
134.365	1186	4	1
134.542	1187	1	2
134.718	1188	1	3
134.718	1189	3	1
134.806	1190	2	1
134.983	1191	2	1
135.159	1192	3	1
135.336	1193	4	1
135.424	1194	2	1
135.600	1195	4	1
135.777	1196	2	1
135.865	1197	3	1
135.953	1198	4	1
136.130	1199	1	1
136.218	1200	3	1
136.306	1201	1	1
136.394	1202	3	1
136.483	1203	2	1
136.659	1204	3	1
136.836	1205	4	1
136.924	1206	3	1
137.012	1207	1	1
137.012	1208	2	1
137.365	1209	1	1
137.365	1210	4	1
137.718	1211	4	1
137.718	1212	3	1
138.071	1213	1	2
138.424	1214	1	3
138.071	1215	2	1
138.424	1216	3	1
138.424	1217	4	1
138.689	1218	2	1
138.777	1219	4	1
139.042	1220	3	1
139.130	1221	2	1
139.218	1222	3	1
139.306	1223	1	1
139.394	1224	2	1
139.483	1225	3	1
139.747	1226	4	1
139.836	1227	2	1
140.012	1228	3	1
140.189	1229	2	1
140.365	1230	4	1
140.453	1231	1	1
140.542	1232	3	1
140.630	1233	4	1
140.718	1234	1	1
140.894	1235	1	1
141.071	1236	1	1
141.159	1237	3	1
141.247	1238	4	1
141.512	1239	2	1
141.600	1240	4	1
141.865	1241	3	1
141.953	1242	2	1
142.042	1243	3	1
142.130	1244	1	1
142.218	1245	2	1
142.306	1246	3	1
142.571	1247	4	1
142.659	1248	2	1
142.836	1249	3	1
143.012	1250	2	1
143.189	1251	4	1
143.277	1252	1	1
143.365	1253	3	1
143.453	1254	4	1
143.542	1255	1	1
143.718	1256	1	1
143.894	1257	1	1
143.983	1258	3	1
144.071	1259	4	1
144.336	1260	2	1
144.424	1261	4	1
144.689	1262	3	1
144.777	1263	2	1
144.865	1264	3	1
144.953	1265	1	1
145.042	1266	2	1
145.130	1267	3	1
145.394	1268	4	1
145.483	1269	2	1
145.659	1270	3	1
145.836	1271	2	1
146.012	1272	4	1
146.100	1273	1	1
146.189	1274	3	1
146.277	1275	4	1
146.365	1276	1	1
146.542	1277	1	1
146.718	1278	1	1
146.806	1279	3	1
146.894	1280	4	1
147.159	1281	2	1
147.247	1282	4	1
147.512	1283	3	1
147.600	1284	2	1
147.689	1285	3	1
147.777	1286	1	1
147.865	1287	2	1
147.953	1288	3	1
148.218	1289	4	1
148.306	1290	2	1
148.483	1291	3	1
148.659	1292	2	1
148.836	1293	4	1
148.924	1294	1	1
149.012	1295	3	1
149.100	1296	4	1
149.189	1297	1	1
149.365	1298	1	1
149.542	1299	1	1
149.630	1300	2	1
149.718	1301	3	1
149.718	1302	4	2
149.894	1303	4	3
149.894	1304	2	2
150.071	1305	2	3
150.071	1306	1	2
150.247	1307	1	3
150.247	1308	3	1
150.336	1309	2	1
150.424	1310	1	1
150.512	1311	3	1
150.600	1312	4	1
150.777	1313	1	2
150.953	1314	1	3
150.953	1315	3	1
151.042	1316	2	1
151.130	1317	1	1
151.218	1318	3	1
151.306	1319	4	1
151.483	1320	1	2
151.659	1321	1	3
151.659	1322	3	1
151.747	1323	2	1
151.924	1324	2	1
152.100	1325	3	1
152.277	1326	4	1
152.365	1327	2	1
152.542	1328	4	2
152.718	1329	4	3
152.718	1330	2	2
152.894	1331	2	3
152.894	1332	1	2
153.071	1333	1	3
153.071	1334	3	1
153.159	1335	2	1
153.247	1336	1	1
153.336	1337	3	1
153.424	1338	4	1
153.600	1339	1	2
153.777	1340	1	3
153.777	1341	3	1
153.865	1342	2	1
153.953	1343	1	1
154.042	1344	3	1
154.130	1345	4	1
154.306	1346	1	2
154.483	1347	1	3
154.483	1348	3	1
154.571	1349	2	1
154.747	1350	2	1
154.924	1351	3	1
155.100	1352	4	1
155.189	1353	2	1
155.365	1354	4	2
155.542	1355	4	3
155.542	1356	2	2
155.718	1357	2	3
155.718	1358	1	2
155.894	1359	1	3
155.894	1360	3	1
155.983	1361	2	1
156.071	1362	1	1
156.159	1363	3	1
156.247	1364	4	1
156.424	1365	1	2
156.600	1366	1	3
156.600	1367	3	1
156.689	1368	2	1
156.777	1369	1	1
156.865	1370	3	1
156.953	1371	4	1
157.130	1372	1	2
157.306	1373	1	3
157.306	1374	3	1
157.394	1375	2	1
157.571	1376	2	1
157.747	1377	3	1
157.924	1378	4	1
158.012	1379	2	1
158.189	1380	4	2
158.365	1381	4	3
158.365	1382	2	2
158.542	1383	2	3
158.542	1384	1	2
158.718	1385	1	3
158.718	1386	3	1
158.806	1387	2	1
158.894	1388	1	1
158.983	1389	3	1
159.071	1390	4	1
159.247	1391	1	2
159.424	1392	1	3
159.424	1393	4	1
159.512	1394	3	1
159.600	1395	1	1
159.600	1396	2	1
159.953	1397	4	1
159.953	1398	1	1
160.306	1399	3	1
160.306	1400	4	1
160.659	1401	1	2
161.012	1402	1	3
160.659	1403	2	1
161.012	1404	4	2
166.659	1405	4	3
161.012	1406	3	1
161.277	1407	2	1
161.542	1408	1	1
161.718	1409	3	1
161.983	1410	2	1
162.247	1411	1	1
162.424	1412	3	1
162.689	1413	2	1
162.953	1414	1	1
163.130	1415	3	1
163.394	1416	2	1
163.659	1417	1	1
163.836	1418	3	1
164.100	1419	2	1
164.365	1420	3	1
164.542	1421	1	1
164.806	1422	2	1
165.071	1423	3	1
165.247	1424	1	1
165.512	1425	2	1
165.777	1426	3	1
165.953	1427	1	1
166.218	1428	2	1
166.483	1429	3	1
166.659	1430	1	1
166.747	1431	2	1
166.836	1432	3	1
166.924	1433	4	1
167.012	1434	1	1
167.100	1435	2	1
167.189	1436	3	1
167.277	1437	4	1
167.365	1438	1	1
167.453	1439	2	1
167.542	1440	3	1
167.630	1441	4	1
167.718	1442	1	1
167.806	1443	2	1
167.894	1444	3	1
167.983	1445	4	1
168.071	1446	1	1
168.159	1447	2	1
168.247	1448	3	1
168.336	1449	4	1
168.424	1450	1	1
168.512	1451	2	1
168.600	1452	3	1
168.689	1453	4	1
168.777	1454	1	1
168.865	1455	2	1
168.953	1456	3	1
169.042	1457	4	1
169.130	1458	1	1
169.218	1459	2	1
169.306	1460	3	1
169.394	1461	4	1
169.483	1462	2	1
169.483	1463	1	2
170.542	1464	1	3
169.571	1465	3	1
169.659	1466	4	1
169.747	1467	2	1
169.836	1468	3	1
169.924	1469	4	1
170.012	1470	2	1
170.100	1471	3	1
170.189	1472	4	1
170.277	1473	2	1
170.365	1474	3	1
170.453	1475	4	1
170.542	1476	2	1
170.894	1477	1	1
170.894	1478	2	1
171.247	1479	1	1
171.247	1480	4	1
171.600	1481	3	1
171.600	1482	4	1
171.953	1483	1	2
172.306	1484	1	3
171.953	1485	2	1
172.306	1486	4	2
172.483	1487	4	3
172.306	1488	3	1
172.483	1489	2	2
172.659	1490	2	3
172.659	1491	1	2
172.836	1492	1	3
172.659	1493	4	1
172.836	1494	3	1
172.924	1495	2	1
173.012	1496	1	1
173.100	1497	3	1
173.189	1498	4	1
173.365	1499	1	2
173.542	1500	1	3
173.542	1501	3	1
173.630	1502	2	1
173.718	1503	1	1
173.806	1504	3	1
173.894	1505	4	1
174.071	1506	2	1
174.071	1507	1	2
174.247	1508	1	3
174.247	1509	4	1
174.336	1510	3	1
174.424	1511	1	1
174.512	1512	2	1
174.689	1513	3	1
174.777	1514	4	1
174.865	1515	2	1
174.953	1516	1	1
175.130	1517	4	2
175.306	1518	4	3
175.130	1519	3	1
175.306	1520	2	2
175.483	1521	2	3
175.483	1522	1	2
175.659	1523	1	3
175.483	1524	4	1
175.659	1525	3	1
175.747	1526	2	1
175.836	1527	1	1
175.836	1528	4	1
175.924	1529	3	1
176.012	1530	4	1
176.189	1531	2	1
176.189	1532	1	2
176.365	1533	1	3
176.365	1534	3	1
176.453	1535	2	1
176.542	1536	4	1
176.542	1537	1	1
176.630	1538	3	1
176.718	1539	4	1
176.894	1540	1	2
177.071	1541	1	3
176.894	1542	2	1
177.071	1543	4	1
177.159	1544	3	1
177.247	1545	4	1
177.247	1546	1	1
177.336	1547	2	1
177.512	1548	3	1
177.600	1549	1	1
177.600	1550	4	1
177.689	1551	2	1
177.777	1552	3	1
177.953	1553	3	1
177.953	1554	4	2
178.130	1555	4	3
178.130	1556	2	2
178.306	1557	2	3
178.306	1558	4	1
178.306	1559	1	2
178.483	1560	1	3
178.483	1561	3	1
178.571	1562	2	1
178.659	1563	1	1
178.659	1564	4	1
178.747	1565	3	1
178.836	1566	4	1
179.012	1567	2	1
179.012	1568	1	2
179.189	1569	1	3
179.189	1570	3	1
179.277	1571	2	1
179.365	1572	4	1
179.365	1573	1	1
179.453	1574	3	1
179.542	1575	4	1
179.718	1576	2	1
179.718	1577	1	2
179.894	1578	1	3
179.894	1579	4	1
179.983	1580	3	1
180.071	1581	4	1
180.071	1582	1	1
180.159	1583	2	1
180.336	1584	3	1
180.424	1585	4	1
180.424	1586	1	1
180.512	1587	2	1
180.600	1588	3	1
180.777	1589	4	2
180.953	1590	4	3
180.777	1591	3	1
180.953	1592	2	2
181.130	1593	2	3
181.130	1594	4	1
181.130	1595	1	2
181.306	1596	1	3
181.306	1597	3	1
181.394	1598	2	1
181.483	1599	1	1
181.483	1600	4	1
181.571	1601	3	1
181.659	1602	4	1
181.836	1603	2	1
181.836	1604	1	2
182.012	1605	1	3
182.012	1606	3	1
182.100	1607	2	1
182.189	1608	1	1
182.189	1609	4	1
182.277	1610	3	1
182.365	1611	4	1
182.542	1612	2	1
182.718	1613	4	1
182.806	1614	3	1
182.894	1615	1	1
182.983	1616	2	1
183.159	1617	3	1
183.247	1618	4	1
183.336	1619	2	1
183.424	1620	1	1
183.600	1621	3	1
183.600	1622	4	2
183.777	1623	4	3
183.777	1624	2	2
183.953	1625	2	3
183.953	1626	4	1
183.953	1627	1	2
184.130	1628	1	3
184.130	1629	3	1
184.218	1630	2	1
184.306	1631	1	1
184.306	1632	4	1
184.394	1633	3	1
184.483	1634	4	1
184.659	1635	1	2
184.836	1636	1	3
184.659	1637	2	1
184.836	1638	3	1
184.924	1639	2	1
185.012	1640	4	1
185.012	1641	1	1
185.100	1642	3	1
185.189	1643	4	1
185.365	1644	2	1
185.365	1645	1	2
185.542	1646	1	3
185.542	1647	4	1
185.630	1648	3	1
185.718	1649	1	1
185.718	1650	4	1
185.806	1651	2	1
185.983	1652	3	1
186.071	1653	4	1
186.071	1654	1	1
186.159	1655	2	1
186.247	1656	3	1
186.424	1657	3	1
186.424	1658	4	2
186.600	1659	4	3
186.600	1660	2	2
186.777	1661	2	3
186.777	1662	1	2
186.953	1663	1	3
186.777	1664	4	1
186.953	1665	3	1
187.042	1666	2	1
187.130	1667	1	1
187.130	1668	4	1
187.218	1669	3	1
187.306	1670	4	1
187.483	1671	1	2
187.659	1672	1	3
187.483	1673	2	1
187.659	1674	3	1
187.747	1675	2	1
187.836	1676	1	1
187.836	1677	4	1
187.924	1678	3	1
188.012	1679	4	1
188.189	1680	1	2
188.365	1681	1	3
188.189	1682	2	1
188.365	1683	4	1
188.453	1684	3	1
188.542	1685	4	1
188.542	1686	1	1
188.630	1687	2	1
188.806	1688	3	1
188.894	1689	4	1
188.983	1690	2	1
189.071	1691	1	1
189.247	1692	4	2
189.424	1693	4	3
189.247	1694	3	1
189.424	1695	2	2
189.600	1696	2	3
189.600	1697	1	2
189.777	1698	1	3
189.600	1699	4	1
189.777	1700	3	1
189.865	1701	2	1
189.953	1702	1	1
189.953	1703	4	1
190.042	1704	3	1
190.130	1705	4	1
190.306	1706	1	2
190.483	1707	1	3
190.306	1708	2	1
190.483	1709	3	1
190.571	1710	2	1
190.659	1711	1	1
190.659	1712	4	1
190.747	1713	3	1
190.836	1714	4	1
191.012	1715	2	1
191.012	1716	1	2
191.189	1717	1	3
191.189	1718	4	1
191.277	1719	3	1
191.365	1720	4	1
191.365	1721	1	1
191.453	1722	2	1
191.630	1723	3	1
191.718	1724	4	1
191.718	1725	1	1
191.806	1726	2	1
191.894	1727	3	1
192.071	1728	3	1
192.071	1729	4	2
192.247	1730	4	3
192.247	1731	2	2
192.424	1732	2	3
192.424	1733	1	2
192.600	1734	1	3
192.600	1735	3	1
192.689	1736	2	1
192.777	1737	1	1
192.865	1738	3	1
192.953	1739	4	1
193.130	1740	1	2
193.306	1741	1	3
193.306	1742	3	1
193.394	1743	2	1
193.483	1744	1	1
193.571	1745	3	1
193.659	1746	4	1
193.836	1747	1	2
194.012	1748	1	3
194.012	1749	4	1
194.100	1750	3	1
194.189	1751	1	1
194.277	1752	2	1
194.453	1753	3	1
194.542	1754	4	1
194.630	1755	2	1
194.718	1756	1	1
194.894	1757	3	1
194.894	1758	4	2
195.071	1759	4	3
195.071	1760	2	2
195.247	1761	2	3
195.247	1762	4	1
195.247	1763	1	2
195.424	1764	1	3
195.424	1765	3	1
195.512	1766	2	1
195.600	1767	4	1
195.600	1768	1	1
195.689	1769	3	1
195.777	1770	4	1
195.953	1771	2	1
195.953	1772	1	2
196.130	1773	1	3
196.130	1774	3	1
196.218	1775	2	1
196.306	1776	1	1
196.306	1777	4	1
196.394	1778	3	1
196.483	1779	4	1
196.659	1780	1	2
196.836	1781	1	3
196.659	1782	2	1
196.836	1783	4	1
196.924	1784	3	1
197.012	1785	4	1
197.012	1786	1	1
197.100	1787	2	1
197.277	1788	3	1
197.365	1789	1	1
197.365	1790	4	1
197.453	1791	2	1
197.542	1792	3	1
197.718	1793	4	2
197.894	1794	4	3
197.718	1795	3	1
197.894	1796	2	2
198.071	1797	2	3
198.071	1798	1	2
198.247	1799	1	3
198.071	1800	4	1
198.247	1801	3	1
198.336	1802	2	1
198.424	1803	1	1
198.424	1804	4	1
198.512	1805	3	1
198.600	1806	4	1
198.777	1807	2	1
198.777	1808	1	2
198.953	1809	1	3
198.953	1810	3	1
199.042	1811	2	1
199.130	1812	1	1
199.130	1813	4	1
199.218	1814	3	1
199.306	1815	4	1
199.483	1816	1	2
199.659	1817	1	3
199.483	1818	2	1
199.659	1819	4	1
199.747	1820	3	1
199.836	1821	4	1
199.836	1822	1	1
199.924	1823	2	1
200.100	1824	3	1
200.189	1825	1	1
200.189	1826	4	1
200.277	1827	2	1
200.365	1828	3	1
200.542	1829	3	1
200.542	1830	4	2
200.718	1831	4	3
200.718	1832	2	2
200.894	1833	2	3
200.894	1834	4	1
200.894	1835	1	2
201.071	1836	1	3
201.071	1837	3	1
201.159	1838	2	1
201.247	1839	1	1
201.247	1840	4	1
201.336	1841	3	1
201.424	1842	4	1
201.600	1843	1	2
201.777	1844	1	3
201.600	1845	2	1
201.777	1846	3	1
201.865	1847	2	1
201.953	1848	1	1
201.953	1849	4	1
202.042	1850	3	1
202.130	1851	4	1
202.306	1852	2	1
202.306	1853	1	2
202.483	1854	1	3
202.483	1855	4	1
202.571	1856	3	1
202.659	1857	4	1
202.659	1858	1	1
202.747	1859	2	1
202.924	1860	3	1
203.012	1861	4	1
203.012	1862	1	1
203.100	1863	2	1
203.189	1864	3	1
203.365	1865	3	1
203.365	1866	4	2
203.542	1867	4	3
203.542	1868	2	2
203.718	1869	2	3
203.718	1870	1	2
203.894	1871	1	3
203.718	1872	4	1
203.894	1873	3	1
203.983	1874	2	1
204.071	1875	4	1
204.071	1876	1	1
204.159	1877	3	1
204.247	1878	4	1
204.424	1879	2	1
204.424	1880	1	2
204.600	1881	1	3
204.600	1882	3	1
204.689	1883	2	1
204.777	1884	1	1
204.777	1885	4	1
204.953	1886	2	1
205.042	1887	4	1
205.218	1888	2	1
205.306	1889	4	1
205.483	1890	1	1
205.659	1891	3	1
205.836	1892	1	2
206.189	1893	1	3
205.836	1894	2	1
206.189	1895	4	1
206.189	1896	3	1
206.453	1897	2	1
206.542	1898	4	1
206.542	1899	3	1
206.718	1900	3	1
206.806	1901	2	1
206.894	1902	4	1
206.894	1903	1	1
206.983	1904	3	1
207.071	1905	2	1
207.247	1906	1	1
207.247	1907	4	1
207.424	1908	4	1
207.512	1909	3	1
207.600	1910	1	1
207.600	1911	2	1
207.865	1912	3	1
207.953	1913	2	1
207.953	1914	1	1
208.130	1915	4	1
208.218	1916	1	1
208.306	1917	2	1
208.306	1918	3	1
208.394	1919	4	1
208.483	1920	1	1
208.659	1921	2	2
209.012	1922	2	3
209.012	1923	4	1
209.012	1924	3	1
209.277	1925	2	1
209.365	1926	4	1
209.365	1927	3	1
209.542	1928	3	1
209.630	1929	2	1
209.718	1930	1	1
209.718	1931	4	1
209.806	1932	3	1
209.894	1933	2	1
210.071	1934	1	1
210.071	1935	4	1
210.247	1936	4	1
210.336	1937	3	1
210.424	1938	1	1
210.424	1939	2	1
210.689	1940	3	1
210.777	1941	1	1
210.777	1942	2	1
210.953	1943	4	1
211.042	1944	1	1
211.130	1945	2	1
211.130	1946	3	1
211.218	1947	4	1
211.306	1948	1	1
211.483	1949	3	2
211.836	1950	3	3
211.836	1951	1	1
211.836	1952	2	1
212.100	1953	2	1
212.189	1954	3	1
212.189	1955	4	1
212.365	1956	3	1
212.453	1957	2	1
212.542	1958	1	1
212.542	1959	4	1
212.630	1960	3	1
212.718	1961	2	1
212.894	1962	2	2
213.247	1963	2	3
213.247	1964	3	1
213.247	1965	4	1
213.512	1966	3	1
213.600	1967	2	1
213.600	1968	1	1
213.777	1969	4	1
213.865	1970	1	1
213.953	1971	2	1
213.953	1972	3	1
214.042	1973	4	1
214.130	1974	1	1
214.306	1975	3	2
214.659	1976	3	3
214.659	1977	1	1
214.659	1978	2	1
214.924	1979	2	1
215.012	1980	4	1
215.012	1981	3	1
215.189	1982	3	1
215.277	1983	2	1
215.365	1984	1	1
215.365	1985	4	1
215.453	1986	3	1
215.542	1987	2	1
215.718	1988	4	1
215.718	1989	1	1
215.894	1990	4	1
215.983	1991	3	1
216.071	1992	2	1
216.071	1993	1	1
216.424	1994	4	1
216.424	1995	1	1
216.777	1996	4	1
216.777	1997	3	1
217.130	1998	1	2
217.483	1999	1	3
217.130	2000	2	1
217.483	2001	4	1
217.483	2002	3	2
218.277	2003	3	3
218.277	2004	1	2
218.983	2005	1	3
218.983	2006	2	2
219.689	2007	2	3
219.689	2008	4	2
220.394	2009	4	3
220.394	2010	3	2
221.100	2011	3	3
221.100	2012	1	2
221.806	2013	1	3
221.806	2014	4	2
223.218	2015	4	3
222.512	2016	2	2
223.218	2017	2	3
223.218	2018	3	2
223.924	2019	3	3
223.924	2020	1	2
224.630	2021	1	3
224.630	2022	2	2
225.336	2023	2	3
225.336	2024	4	2
226.042	2025	4	3
226.042	2026	3	2
226.747	2027	3	3
226.747	2028	1	2
227.453	2029	1	3
227.453	2030	4	2
237.247	2031	4	3
228.247	2032	2	2
237.247	2033	2	3