Song Name	Crazy Magic (Hard) by NAMI with Shigex2 & S/N [Nash Music Library]
Title	Crazy Magic (Hard)
Artist	NAMI with Shigex2 & S/N [Nash Music Library]
Description	A 2002 track released in the 'Miscellaneous Vol.3' collection. Crazy Magic, Crazy Moonlight - C! R! A! Z! Y! - M! A! G! I! C! Map by CyphonPlus and kevsunsix.
Difficulty	25
Primary Color	Beat
Secondary Color	Chill
Cover Image ID	11558278273
Audio Asset ID	rbxassetid://9062016855
Audio File	9062016855.ogg
Last Note Time	160.127
Total Notes	2202
Fever Fill	619
Fever Time	24.019050
Long Notes	345
BPM	144
Song Length	161.127000000

Timing Points
0.232	416.666667
70.232	416.666667
96.898	416.666667
123.565	416.666667
146.898	416.666667


Song Data
0.232	1	4	1
0.232	2	3	1
0.544	3	3	1
0.544	4	2	1
0.857	5	1	1
0.857	6	2	1
1.169	7	1	2
1.482	8	1	3
1.273	9	2	1
1.482	10	3	1
1.620	11	4	1
1.898	12	1	1
1.898	13	4	1
1.898	14	2	1
2.211	15	3	1
2.211	16	4	1
2.211	17	1	1
2.523	18	1	2
3.148	19	1	3
2.523	20	4	1
2.523	21	3	1
2.627	22	2	1
2.732	23	4	1
2.732	24	3	1
2.836	25	2	1
2.940	26	4	1
2.940	27	3	1
3.044	28	2	1
3.148	29	4	1
3.148	30	3	1
3.287	31	3	1
3.357	32	4	1
3.357	33	2	1
3.565	34	2	1
3.565	35	4	1
3.565	36	1	2
3.773	37	1	3
3.565	38	3	1
3.773	39	3	1
3.877	40	2	1
3.982	41	4	1
3.982	42	3	1
3.982	43	1	2
4.190	44	1	3
4.190	45	2	1
4.294	46	3	1
4.398	47	2	2
4.607	48	2	3
4.502	49	4	1
4.502	50	3	1
4.607	51	1	1
4.711	52	2	1
4.815	53	1	1
4.815	54	3	1
5.023	55	4	1
5.023	56	3	2
5.336	57	3	3
5.127	58	2	1
5.232	59	1	1
5.440	60	4	1
5.544	61	3	1
5.648	62	1	1
5.648	63	4	1
5.648	64	2	2
5.857	65	2	3
5.857	66	3	1
5.961	67	4	1
6.065	68	2	2
6.273	69	2	3
6.169	70	4	1
6.169	71	3	1
6.273	72	1	1
6.377	73	4	1
6.482	74	3	1
6.482	75	2	1
6.482	76	1	2
6.690	77	1	3
6.690	78	3	1
6.794	79	4	1
6.898	80	2	1
6.898	81	1	2
7.107	82	1	3
7.107	83	3	1
7.211	84	2	1
7.315	85	4	1
7.315	86	3	1
7.315	87	1	2
7.523	88	1	3
7.523	89	2	1
7.627	90	3	1
7.732	91	2	2
7.940	92	2	3
7.836	93	4	1
7.836	94	3	1
7.940	95	1	1
8.044	96	3	1
8.148	97	2	1
8.148	98	1	1
8.357	99	4	1
8.357	100	3	2
8.669	101	3	3
8.461	102	2	1
8.565	103	1	1
8.773	104	4	1
8.877	105	1	1
8.982	106	4	1
8.982	107	2	1
8.982	108	3	2
9.190	109	3	3
9.190	110	2	1
9.294	111	1	1
9.398	112	3	2
9.607	113	3	3
9.502	114	1	1
9.502	115	2	1
9.607	116	4	1
9.711	117	2	1
9.815	118	3	1
9.815	119	4	1
9.815	120	1	2
10.023	121	1	3
10.023	122	4	1
10.127	123	3	1
10.232	124	2	1
10.232	125	1	2
10.440	126	1	3
10.440	127	3	1
10.544	128	2	1
10.648	129	4	1
10.648	130	3	1
10.648	131	1	2
10.857	132	1	3
10.857	133	2	1
10.961	134	3	1
11.065	135	2	2
11.273	136	2	3
11.169	137	4	1
11.169	138	3	1
11.273	139	1	1
11.377	140	3	1
11.482	141	2	1
11.482	142	1	1
11.690	143	4	1
11.690	144	3	2
12.002	145	3	3
11.794	146	2	1
11.898	147	1	1
12.107	148	4	1
12.211	149	1	1
12.315	150	4	1
12.315	151	3	1
12.315	152	2	2
12.523	153	2	3
12.523	154	1	1
12.627	155	4	1
12.732	156	2	2
12.940	157	2	3
12.836	158	4	1
12.836	159	3	1
12.940	160	1	1
13.044	161	4	1
13.148	162	1	1
13.148	163	2	1
13.218	164	3	1
13.287	165	4	1
13.357	166	1	1
13.426	167	2	1
13.495	168	3	1
13.565	169	1	1
13.565	170	4	2
14.398	171	4	3
13.773	172	2	1
13.877	173	3	1
13.982	174	1	1
13.982	175	2	1
14.190	176	3	1
14.294	177	1	1
14.398	178	2	2
15.232	179	2	3
14.502	180	4	1
14.502	181	3	1
14.607	182	1	1
14.711	183	3	1
14.815	184	1	1
14.815	185	4	1
14.919	186	3	1
15.023	187	4	1
15.127	188	3	1
15.232	189	4	2
15.544	190	4	3
15.232	191	1	1
15.440	192	3	1
15.544	193	2	1
15.648	194	4	2
15.961	195	4	3
15.648	196	3	1
15.648	197	1	1
15.857	198	2	1
15.961	199	1	1
16.065	200	3	1
16.065	201	4	2
16.377	202	4	3
16.065	203	2	1
16.169	204	1	1
16.273	205	3	1
16.273	206	2	1
16.377	207	1	1
16.482	208	4	2
16.898	209	4	3
16.482	210	3	1
16.482	211	2	1
16.586	212	1	1
16.690	213	3	1
16.690	214	2	1
16.794	215	1	1
16.898	216	3	1
16.898	217	1	2
17.107	218	1	3
16.898	219	2	1
17.107	220	3	1
17.211	221	4	1
17.315	222	3	1
17.315	223	2	1
17.315	224	4	2
17.523	225	4	3
17.315	226	1	2
17.523	227	1	3
17.523	228	2	1
17.627	229	3	1
17.732	230	2	2
17.940	231	2	3
17.836	232	3	1
17.836	233	4	1
17.940	234	1	1
18.044	235	2	1
18.148	236	4	2
18.357	237	4	3
18.148	238	3	1
18.148	239	1	1
18.357	240	1	1
18.357	241	3	2
18.669	242	3	3
18.461	243	2	1
18.565	244	4	1
18.773	245	2	1
18.877	246	1	1
18.982	247	3	1
18.982	248	1	2
19.190	249	1	3
18.982	250	2	2
19.190	251	2	3
18.982	252	4	1
19.190	253	3	1
19.294	254	4	1
19.398	255	2	2
19.607	256	2	3
19.502	257	3	1
19.502	258	4	1
19.607	259	1	1
19.711	260	4	1
19.815	261	4	2
20.023	262	4	3
19.815	263	1	2
20.023	264	1	3
19.815	265	2	1
19.815	266	3	1
20.023	267	3	1
20.127	268	4	1
20.232	269	1	2
20.440	270	1	3
20.232	271	2	1
20.440	272	3	1
20.544	273	4	1
20.648	274	3	1
20.648	275	2	1
20.648	276	4	2
20.857	277	4	3
20.648	278	1	2
20.857	279	1	3
20.857	280	2	1
20.961	281	3	1
21.065	282	2	2
21.273	283	2	3
21.169	284	3	1
21.169	285	4	1
21.273	286	1	1
21.377	287	2	1
21.482	288	4	2
21.690	289	4	3
21.482	290	3	1
21.482	291	1	1
21.690	292	1	1
21.690	293	3	2
22.002	294	3	3
21.794	295	2	1
21.898	296	4	1
22.107	297	2	1
22.211	298	1	1
22.315	299	3	1
22.315	300	1	2
22.523	301	1	3
22.315	302	2	2
22.523	303	2	3
22.315	304	4	1
22.523	305	3	1
22.627	306	4	1
22.732	307	2	2
22.940	308	2	3
22.836	309	3	1
22.836	310	4	1
22.940	311	1	1
23.044	312	4	1
23.148	313	4	2
23.357	314	4	3
23.148	315	1	2
23.357	316	1	3
23.148	317	2	1
23.148	318	3	1
23.357	319	3	1
23.461	320	4	1
23.565	321	2	1
23.565	322	1	2
23.773	323	1	3
23.773	324	3	1
23.877	325	4	1
23.982	326	4	2
24.190	327	4	3
23.982	328	1	2
24.190	329	1	3
23.982	330	3	1
23.982	331	2	1
24.190	332	2	1
24.294	333	3	1
24.398	334	2	2
24.607	335	2	3
24.502	336	4	1
24.502	337	3	1
24.607	338	1	1
24.711	339	2	1
24.815	340	1	1
24.815	341	3	1
24.815	342	4	2
25.023	343	4	3
25.023	344	3	2
25.336	345	3	3
25.023	346	1	1
25.127	347	2	1
25.232	348	4	1
25.440	349	2	1
25.544	350	1	1
25.648	351	2	2
25.857	352	2	3
25.648	353	4	1
25.648	354	3	1
25.648	355	1	2
25.857	356	1	3
25.857	357	3	1
25.961	358	4	1
26.065	359	2	2
26.273	360	2	3
26.169	361	4	1
26.169	362	3	1
26.273	363	1	1
26.377	364	4	1
26.482	365	1	1
26.482	366	3	1
26.482	367	4	2
26.690	368	4	3
26.551	369	2	1
26.620	370	3	1
26.690	371	1	1
26.759	372	2	1
26.829	373	3	1
26.898	374	1	1
26.898	375	4	2
27.732	376	4	3
27.107	377	2	1
27.211	378	3	1
27.315	379	1	1
27.315	380	2	1
27.523	381	3	1
27.627	382	1	1
27.732	383	2	2
28.565	384	2	3
27.836	385	4	1
27.836	386	3	1
27.940	387	1	1
28.044	388	3	1
28.148	389	1	1
28.148	390	4	1
28.252	391	3	1
28.357	392	4	1
28.461	393	3	1
28.565	394	4	2
29.398	395	4	3
28.565	396	1	1
28.773	397	3	1
28.877	398	2	1
28.982	399	3	1
28.982	400	1	1
29.190	401	2	1
29.294	402	3	1
29.398	403	1	1
29.398	404	2	1
29.502	405	4	1
29.502	406	3	1
29.607	407	1	1
29.607	408	2	1
29.711	409	4	1
29.711	410	3	1
29.815	411	1	1
29.815	412	2	1
29.919	413	4	1
29.919	414	3	1
30.023	415	1	1
30.023	416	2	1
30.127	417	3	1
30.232	418	4	1
30.232	419	2	1
30.232	420	1	1
30.440	421	2	1
30.544	422	1	1
30.648	423	3	1
30.648	424	2	1
30.857	425	4	2
31.065	426	4	3
30.961	427	2	1
31.169	428	3	1
31.169	429	1	1
31.273	430	2	2
31.482	431	2	3
31.377	432	1	1
31.482	433	3	1
31.482	434	4	1
31.690	435	3	2
31.898	436	3	3
31.794	437	2	1
31.898	438	1	1
32.107	439	2	1
32.211	440	3	1
32.315	441	1	1
32.315	442	2	1
32.523	443	3	1
32.627	444	2	1
32.732	445	1	2
32.940	446	1	3
32.836	447	4	1
32.836	448	3	1
32.940	449	2	1
33.044	450	4	1
33.148	451	2	1
33.148	452	3	2
33.357	453	3	3
33.148	454	1	1
33.357	455	2	1
33.461	456	1	1
33.565	457	4	2
33.773	458	4	3
33.773	459	2	1
33.877	460	1	1
33.982	461	3	1
33.982	462	4	1
33.982	463	2	2
34.190	464	2	3
34.190	465	3	2
34.398	466	3	3
34.294	467	1	1
34.502	468	2	1
34.502	469	4	1
34.607	470	1	2
35.023	471	1	3
34.711	472	4	1
34.815	473	2	1
34.815	474	3	1
35.023	475	3	2
35.232	476	3	3
35.127	477	2	1
35.232	478	1	1
35.440	479	2	2
35.648	480	2	3
35.544	481	3	1
35.648	482	4	1
35.648	483	3	2
35.857	484	3	3
35.648	485	1	1
35.857	486	1	2
36.065	487	1	3
35.961	488	4	1
36.065	489	2	2
36.273	490	2	3
36.169	491	4	1
36.169	492	3	1
36.273	493	1	1
36.377	494	4	1
36.482	495	1	1
36.482	496	2	1
36.482	497	3	2
36.690	498	3	3
36.690	499	2	1
36.794	500	1	1
36.898	501	4	2
37.107	502	4	3
37.107	503	3	2
37.315	504	3	3
37.211	505	2	1
37.315	506	4	1
37.315	507	1	1
37.523	508	3	2
37.732	509	3	3
37.627	510	2	1
37.836	511	4	1
37.836	512	1	1
37.940	513	2	1
38.044	514	3	1
38.148	515	1	1
38.148	516	4	1
38.357	517	2	2
38.565	518	2	3
38.461	519	4	1
38.565	520	3	1
38.773	521	1	2
38.982	522	1	3
38.877	523	3	1
38.982	524	2	1
38.982	525	4	1
38.982	526	3	2
39.190	527	3	3
39.190	528	2	2
39.398	529	2	3
39.294	530	1	1
39.398	531	3	2
39.815	532	3	3
39.502	533	1	1
39.502	534	4	1
39.607	535	2	1
39.711	536	4	1
39.815	537	1	1
39.815	538	2	1
39.815	539	4	2
40.232	540	4	3
40.023	541	3	1
40.127	542	2	1
40.232	543	3	1
40.232	544	1	2
42.107	545	1	3
40.440	546	2	1
40.544	547	3	1
40.648	548	2	1
40.648	549	4	1
40.857	550	4	1
40.961	551	3	1
41.169	552	3	1
41.169	553	4	1
41.273	554	2	1
41.377	555	4	1
41.482	556	3	1
41.690	557	4	1
41.794	558	3	1
41.898	559	2	1
42.107	560	4	1
42.211	561	3	1
42.315	562	2	1
42.315	563	1	1
42.523	564	2	1
42.627	565	3	1
42.836	566	2	1
42.836	567	1	1
42.940	568	4	1
42.940	569	3	1
43.044	570	2	1
43.044	571	1	1
43.148	572	4	1
43.148	573	3	1
43.252	574	1	1
43.252	575	2	1
43.357	576	4	1
43.357	577	3	1
43.461	578	2	1
43.565	579	4	1
43.565	580	3	1
43.565	581	1	1
43.773	582	2	1
43.877	583	1	1
43.982	584	3	1
43.982	585	2	1
44.190	586	4	2
44.398	587	4	3
44.294	588	2	1
44.502	589	3	1
44.502	590	1	1
44.607	591	2	2
44.815	592	2	3
44.711	593	1	1
44.815	594	3	1
44.815	595	4	1
45.023	596	3	2
45.232	597	3	3
45.127	598	2	1
45.232	599	1	1
45.440	600	1	2
45.648	601	1	3
45.544	602	3	1
45.648	603	4	1
45.648	604	2	1
45.648	605	3	2
45.857	606	3	3
45.857	607	2	2
46.065	608	2	3
45.961	609	4	1
46.065	610	1	2
46.273	611	1	3
46.169	612	4	1
46.169	613	3	1
46.273	614	2	1
46.377	615	4	1
46.482	616	2	1
46.482	617	3	2
46.690	618	3	3
46.482	619	1	1
46.690	620	2	1
46.794	621	1	1
46.898	622	4	2
47.107	623	4	3
47.107	624	1	2
47.315	625	1	3
47.211	626	2	1
47.315	627	3	1
47.315	628	4	1
47.315	629	2	2
47.523	630	2	3
47.523	631	3	2
47.732	632	3	3
47.627	633	1	1
47.836	634	2	1
47.836	635	4	1
47.940	636	1	2
48.357	637	1	3
48.044	638	4	1
48.148	639	2	1
48.148	640	3	1
48.357	641	3	2
48.565	642	3	3
48.461	643	2	1
48.565	644	1	1
48.773	645	2	2
48.982	646	2	3
48.877	647	3	1
48.982	648	4	1
48.982	649	3	2
49.190	650	3	3
48.982	651	1	1
49.190	652	1	2
49.398	653	1	3
49.294	654	4	1
49.398	655	2	2
49.607	656	2	3
49.502	657	4	1
49.502	658	3	1
49.607	659	1	1
49.711	660	4	1
49.815	661	1	1
49.815	662	2	1
49.815	663	3	2
50.023	664	3	3
50.023	665	2	1
50.127	666	1	1
50.232	667	4	2
50.440	668	4	3
50.440	669	2	2
50.648	670	2	3
50.544	671	3	1
50.648	672	3	2
50.857	673	3	3
50.648	674	4	1
50.648	675	1	1
50.857	676	2	2
51.065	677	2	3
50.961	678	1	1
51.169	679	4	1
51.169	680	3	1
51.273	681	1	2
51.482	682	1	3
51.377	683	4	1
51.482	684	2	1
51.482	685	3	1
51.690	686	3	2
51.898	687	3	3
51.794	688	4	1
51.898	689	2	1
52.107	690	1	2
52.315	691	1	3
52.211	692	3	1
52.315	693	2	1
52.315	694	4	1
52.315	695	3	2
52.523	696	3	3
52.523	697	2	2
52.732	698	2	3
52.627	699	1	1
52.732	700	3	2
53.148	701	3	3
52.836	702	1	1
52.836	703	4	1
52.940	704	2	1
53.044	705	4	1
53.148	706	1	1
53.148	707	2	1
53.148	708	4	2
53.565	709	4	3
53.357	710	3	1
53.461	711	2	1
53.565	712	3	1
53.565	713	1	2
55.023	714	1	3
53.773	715	2	1
53.877	716	3	1
53.982	717	2	1
53.982	718	4	1
54.190	719	4	1
54.294	720	3	1
54.502	721	3	1
54.502	722	4	1
54.607	723	2	1
54.711	724	4	1
54.815	725	2	1
54.815	726	3	1
54.919	727	4	1
55.023	728	3	1
55.127	729	2	1
55.232	730	1	1
55.440	731	4	1
55.544	732	3	1
55.648	733	2	1
55.648	734	1	1
55.857	735	3	1
55.961	736	2	1
56.065	737	4	1
56.065	738	3	1
56.169	739	2	1
56.169	740	1	1
56.273	741	4	1
56.273	742	3	1
56.377	743	2	1
56.377	744	1	1
56.482	745	4	1
56.482	746	3	1
56.586	747	1	1
56.586	748	2	1
56.690	749	4	1
56.690	750	3	1
56.794	751	2	1
56.898	752	4	1
56.898	753	3	1
56.898	754	1	1
57.107	755	3	1
57.211	756	4	1
57.315	757	3	1
57.315	758	1	2
57.523	759	1	3
57.315	760	2	1
57.523	761	3	2
57.732	762	3	3
57.627	763	4	1
57.732	764	2	2
57.940	765	2	3
57.836	766	4	1
57.836	767	1	1
57.940	768	3	2
58.148	769	3	3
58.044	770	4	1
58.148	771	1	1
58.148	772	2	1
58.148	773	4	2
58.357	774	4	3
58.357	775	3	2
58.565	776	3	3
58.461	777	2	1
58.565	778	1	1
58.773	779	2	2
58.982	780	2	3
58.877	781	1	1
58.982	782	3	1
58.982	783	4	1
59.190	784	1	2
59.607	785	1	3
59.294	786	2	1
59.502	787	4	1
59.502	788	3	1
59.607	789	2	1
59.711	790	3	1
59.815	791	1	1
59.815	792	4	1
59.815	793	2	2
60.232	794	2	3
60.023	795	3	1
60.127	796	4	1
60.232	797	1	1
60.440	798	3	1
60.544	799	4	1
60.648	800	1	1
60.648	801	2	1
60.648	802	3	2
60.857	803	3	3
60.857	804	2	2
61.065	805	2	3
60.961	806	4	1
61.065	807	1	2
61.273	808	1	3
61.169	809	3	1
61.169	810	4	1
61.273	811	2	2
61.482	812	2	3
61.377	813	3	1
61.482	814	4	1
61.482	815	1	1
61.482	816	3	2
61.690	817	3	3
61.690	818	4	2
61.898	819	4	3
61.794	820	2	1
61.898	821	1	1
62.107	822	3	2
62.315	823	3	3
62.211	824	4	1
62.315	825	2	1
62.315	826	1	1
62.523	827	2	2
62.940	828	2	3
62.627	829	3	1
62.836	830	4	1
62.836	831	1	1
62.940	832	3	2
63.148	833	3	3
63.044	834	4	1
63.148	835	1	1
63.148	836	2	1
63.148	837	4	2
63.565	838	4	3
63.357	839	3	1
63.461	840	2	1
63.565	841	1	1
63.773	842	3	1
63.877	843	2	1
63.982	844	3	1
63.982	845	1	2
64.190	846	1	3
63.982	847	4	1
64.190	848	3	2
64.398	849	3	3
64.294	850	4	1
64.398	851	2	2
64.607	852	2	3
64.502	853	4	1
64.502	854	1	1
64.607	855	4	2
64.815	856	4	3
64.711	857	3	1
64.815	858	1	1
64.815	859	2	1
64.815	860	3	2
65.232	861	3	3
65.023	862	4	1
65.127	863	2	1
65.232	864	1	1
65.440	865	3	1
65.544	866	4	1
65.648	867	1	1
65.648	868	3	1
65.648	869	2	2
65.857	870	2	3
65.857	871	1	2
66.065	872	1	3
65.961	873	3	1
66.065	874	4	2
66.273	875	4	3
66.169	876	2	1
66.169	877	3	1
66.273	878	1	2
66.482	879	1	3
66.377	880	3	1
66.482	881	4	1
66.482	882	2	1
66.482	883	3	2
66.690	884	3	3
66.690	885	1	1
66.794	886	2	1
66.898	887	4	2
67.315	888	4	3
67.107	889	2	1
67.211	890	3	1
67.315	891	1	1
67.315	892	2	1
67.523	893	2	2
67.732	894	2	3
67.627	895	1	1
67.732	896	3	2
68.357	897	3	3
67.836	898	1	1
67.836	899	2	1
67.940	900	4	1
68.044	901	2	1
68.148	902	4	1
68.148	903	1	1
68.357	904	2	1
68.461	905	4	1
68.565	906	3	1
68.565	907	1	2
69.815	908	1	3
68.669	909	2	1
68.773	910	3	1
68.877	911	4	1
68.982	912	2	1
69.086	913	3	1
69.190	914	2	1
69.294	915	4	1
69.294	916	3	1
69.398	917	2	1
69.502	918	4	1
69.502	919	3	1
69.607	920	2	1
69.711	921	4	1
69.711	922	3	1
69.815	923	2	1
69.919	924	4	1
69.919	925	3	1
70.023	926	1	1
70.023	927	2	1
70.127	928	3	1
70.232	929	2	2
70.648	930	2	3
70.232	931	1	1
70.232	932	4	1
70.440	933	3	1
70.544	934	4	1
70.648	935	3	1
70.648	936	1	1
70.648	937	4	2
71.065	938	4	3
70.857	939	3	1
70.961	940	2	1
71.065	941	1	1
71.065	942	3	2
71.169	943	3	3
71.169	944	4	1
71.169	945	2	1
71.273	946	1	1
71.273	947	2	2
71.377	948	2	3
71.377	949	4	1
71.482	950	1	1
71.482	951	2	1
71.482	952	3	2
71.586	953	3	3
71.690	954	4	1
71.690	955	2	2
72.107	956	2	3
71.794	957	3	1
71.898	958	1	1
72.107	959	4	2
72.315	960	4	3
72.211	961	3	1
72.315	962	3	2
72.419	963	3	3
72.315	964	1	1
72.315	965	2	1
72.523	966	2	2
72.627	967	2	3
72.627	968	4	1
72.732	969	3	1
72.732	970	1	2
73.148	971	1	3
72.836	972	4	1
72.836	973	2	1
72.940	974	3	1
73.044	975	4	1
73.148	976	3	1
73.148	977	2	1
73.148	978	4	2
73.565	979	4	3
73.357	980	2	1
73.461	981	3	1
73.565	982	1	1
73.565	983	2	2
73.982	984	2	3
73.773	985	4	1
73.877	986	3	1
73.982	987	4	1
73.982	988	1	1
73.982	989	3	2
74.398	990	3	3
74.190	991	2	1
74.294	992	4	1
74.398	993	2	2
74.502	994	2	3
74.502	995	3	1
74.502	996	4	1
74.607	997	1	2
74.711	998	1	3
74.711	999	2	1
74.815	1000	2	2
74.919	1001	2	3
74.815	1002	4	1
74.815	1003	3	1
75.023	1004	4	1
75.023	1005	3	2
75.440	1006	3	3
75.127	1007	2	1
75.232	1008	1	1
75.440	1009	1	1
75.544	1010	2	1
75.648	1011	4	1
75.648	1012	3	1
75.648	1013	1	2
75.857	1014	1	3
75.857	1015	3	1
75.857	1016	4	2
76.065	1017	4	3
75.961	1018	2	1
76.065	1019	1	1
76.065	1020	3	2
76.273	1021	3	3
76.169	1022	4	1
76.169	1023	2	1
76.273	1024	1	1
76.377	1025	4	1
76.482	1026	3	1
76.482	1027	1	1
76.482	1028	2	2
76.690	1029	2	3
76.690	1030	3	1
76.794	1031	4	1
76.898	1032	3	1
76.898	1033	1	2
77.315	1034	1	3
77.107	1035	2	1
77.211	1036	4	1
77.315	1037	2	1
77.315	1038	3	1
77.315	1039	4	2
77.732	1040	4	3
77.523	1041	3	1
77.627	1042	2	1
77.732	1043	1	1
77.732	1044	3	2
77.836	1045	3	3
77.836	1046	4	1
77.836	1047	2	1
77.940	1048	1	1
77.940	1049	2	2
78.044	1050	2	3
78.044	1051	4	1
78.148	1052	2	1
78.148	1053	1	1
78.148	1054	3	2
78.252	1055	3	3
78.357	1056	1	1
78.357	1057	4	2
78.773	1058	4	3
78.461	1059	2	1
78.565	1060	3	1
78.773	1061	3	2
78.877	1062	3	3
78.877	1063	1	1
78.982	1064	3	1
78.982	1065	2	2
79.086	1066	2	3
78.982	1067	4	1
79.190	1068	3	2
79.294	1069	3	3
79.294	1070	4	1
79.398	1071	2	1
79.398	1072	1	2
79.815	1073	1	3
79.502	1074	3	1
79.502	1075	4	1
79.607	1076	2	1
79.711	1077	4	1
79.815	1078	2	1
79.815	1079	3	1
79.815	1080	4	2
80.232	1081	4	3
80.023	1082	1	1
80.127	1083	3	1
80.232	1084	1	1
80.232	1085	2	2
81.898	1086	2	3
80.440	1087	4	1
80.544	1088	3	1
80.648	1089	4	1
80.648	1090	1	1
80.857	1091	4	1
80.961	1092	1	1
81.065	1093	3	1
81.169	1094	4	1
81.169	1095	1	1
81.273	1096	3	1
81.482	1097	4	1
81.482	1098	3	1
81.586	1099	1	1
81.690	1100	4	1
81.794	1101	3	1
81.898	1102	1	1
82.107	1103	3	1
82.211	1104	4	1
82.315	1105	1	1
82.315	1106	2	1
82.523	1107	4	1
82.627	1108	3	1
82.732	1109	1	1
82.732	1110	2	1
82.836	1111	4	1
82.836	1112	3	1
82.940	1113	1	1
82.940	1114	2	1
83.044	1115	4	1
83.044	1116	3	1
83.148	1117	1	1
83.148	1118	2	1
83.252	1119	4	1
83.252	1120	3	1
83.357	1121	1	1
83.357	1122	2	1
83.461	1123	3	1
83.565	1124	2	2
83.982	1125	2	3
83.565	1126	1	1
83.565	1127	4	1
83.773	1128	3	1
83.877	1129	4	1
83.982	1130	3	1
83.982	1131	1	1
83.982	1132	4	2
84.398	1133	4	3
84.190	1134	3	1
84.294	1135	2	1
84.398	1136	1	1
84.398	1137	3	2
84.502	1138	3	3
84.502	1139	4	1
84.502	1140	2	1
84.607	1141	1	1
84.607	1142	2	2
84.711	1143	2	3
84.711	1144	4	1
84.815	1145	1	1
84.815	1146	2	1
84.815	1147	3	2
84.919	1148	3	3
85.023	1149	4	1
85.023	1150	2	2
85.440	1151	2	3
85.127	1152	3	1
85.232	1153	1	1
85.440	1154	4	2
85.544	1155	4	3
85.544	1156	1	1
85.648	1157	4	1
85.648	1158	2	1
85.648	1159	3	2
85.752	1160	3	3
85.857	1161	2	2
85.961	1162	2	3
85.961	1163	4	1
86.065	1164	2	1
86.065	1165	1	2
86.482	1166	1	3
86.169	1167	3	1
86.169	1168	4	1
86.273	1169	2	1
86.377	1170	4	1
86.482	1171	3	1
86.482	1172	2	1
86.482	1173	4	2
86.898	1174	4	3
86.690	1175	2	1
86.794	1176	3	1
86.898	1177	1	1
86.898	1178	2	2
87.315	1179	2	3
87.107	1180	4	1
87.211	1181	3	1
87.315	1182	4	1
87.315	1183	1	1
87.315	1184	3	2
87.732	1185	3	3
87.523	1186	2	1
87.627	1187	4	1
87.732	1188	2	2
87.836	1189	2	3
87.836	1190	3	1
87.836	1191	4	1
87.940	1192	1	2
88.044	1193	1	3
88.044	1194	4	1
88.148	1195	1	1
88.148	1196	3	1
88.148	1197	2	2
88.252	1198	2	3
88.357	1199	4	1
88.357	1200	3	2
88.773	1201	3	3
88.461	1202	2	1
88.565	1203	1	1
88.773	1204	1	1
88.877	1205	2	1
88.982	1206	4	1
88.982	1207	3	1
88.982	1208	1	2
89.190	1209	1	3
89.190	1210	3	1
89.190	1211	4	2
89.398	1212	4	3
89.294	1213	2	1
89.398	1214	1	1
89.398	1215	3	2
89.607	1216	3	3
89.502	1217	4	1
89.502	1218	2	1
89.607	1219	1	1
89.711	1220	4	1
89.815	1221	3	1
89.815	1222	1	1
89.815	1223	2	2
90.023	1224	2	3
90.023	1225	3	1
90.127	1226	4	1
90.232	1227	3	1
90.232	1228	1	2
90.648	1229	1	3
90.440	1230	2	1
90.544	1231	4	1
90.648	1232	2	1
90.648	1233	3	1
90.648	1234	4	2
91.065	1235	4	3
90.857	1236	3	1
90.961	1237	2	1
91.065	1238	1	1
91.065	1239	3	2
91.169	1240	3	3
91.169	1241	4	1
91.169	1242	2	1
91.273	1243	1	1
91.273	1244	2	2
91.377	1245	2	3
91.377	1246	4	1
91.482	1247	2	1
91.482	1248	1	1
91.482	1249	3	2
91.586	1250	3	3
91.690	1251	3	1
91.690	1252	4	2
92.107	1253	4	3
91.794	1254	1	1
91.898	1255	2	1
92.107	1256	3	2
92.211	1257	3	3
92.211	1258	1	1
92.315	1259	2	2
92.419	1260	2	3
92.315	1261	3	1
92.315	1262	4	1
92.523	1263	3	2
92.627	1264	3	3
92.627	1265	4	1
92.732	1266	2	1
92.732	1267	1	2
93.148	1268	1	3
92.836	1269	3	1
92.836	1270	4	1
92.940	1271	2	1
93.044	1272	4	1
93.148	1273	2	1
93.148	1274	3	1
93.148	1275	4	2
93.565	1276	4	3
93.357	1277	1	1
93.461	1278	3	1
93.565	1279	1	1
93.565	1280	2	2
95.232	1281	2	3
93.773	1282	4	1
93.877	1283	3	1
93.982	1284	4	1
93.982	1285	1	1
94.190	1286	4	1
94.294	1287	1	1
94.398	1288	3	1
94.502	1289	4	1
94.502	1290	1	1
94.607	1291	3	1
94.815	1292	4	1
94.815	1293	3	1
94.919	1294	1	1
95.023	1295	4	1
95.127	1296	3	1
95.232	1297	4	2
95.544	1298	4	3
95.440	1299	2	1
95.544	1300	3	1
95.648	1301	4	2
95.961	1302	4	3
95.648	1303	1	1
95.648	1304	2	1
95.857	1305	2	1
95.961	1306	3	1
96.065	1307	4	2
96.482	1308	4	3
96.065	1309	1	1
96.065	1310	2	1
96.169	1311	3	1
96.273	1312	1	1
96.273	1313	2	1
96.377	1314	3	1
96.482	1315	1	1
96.482	1316	2	1
96.586	1317	4	1
96.586	1318	3	1
96.690	1319	1	1
96.690	1320	2	1
96.794	1321	3	1
96.898	1322	2	1
96.898	1323	1	1
96.898	1324	4	1
97.002	1325	3	1
97.107	1326	2	1
97.211	1327	3	2
97.315	1328	3	3
97.315	1329	4	1
97.315	1330	1	1
97.523	1331	4	1
97.523	1332	2	2
97.732	1333	2	3
97.627	1334	1	1
97.836	1335	2	1
97.836	1336	3	1
97.940	1337	1	2
98.148	1338	1	3
98.044	1339	2	1
98.148	1340	3	1
98.148	1341	4	1
98.357	1342	3	2
98.565	1343	3	3
98.461	1344	2	1
98.565	1345	1	1
98.773	1346	2	1
98.877	1347	3	1
98.982	1348	1	1
98.982	1349	2	1
99.190	1350	3	1
99.294	1351	2	1
99.398	1352	1	2
99.607	1353	1	3
99.502	1354	4	1
99.502	1355	3	1
99.607	1356	2	1
99.711	1357	4	1
99.815	1358	2	1
99.815	1359	3	2
100.023	1360	3	3
99.815	1361	1	1
100.023	1362	2	1
100.127	1363	1	1
100.232	1364	4	2
100.440	1365	4	3
100.440	1366	2	1
100.544	1367	1	1
100.648	1368	3	1
100.648	1369	4	1
100.648	1370	2	2
100.857	1371	2	3
100.857	1372	3	2
101.065	1373	3	3
100.961	1374	1	1
101.169	1375	2	1
101.169	1376	4	1
101.273	1377	1	2
101.690	1378	1	3
101.377	1379	4	1
101.482	1380	2	1
101.482	1381	3	1
101.690	1382	3	2
101.898	1383	3	3
101.794	1384	2	1
101.898	1385	1	1
102.107	1386	2	2
102.315	1387	2	3
102.211	1388	3	1
102.315	1389	4	1
102.315	1390	3	2
102.523	1391	3	3
102.315	1392	1	1
102.523	1393	1	2
102.732	1394	1	3
102.627	1395	4	1
102.732	1396	2	2
102.940	1397	2	3
102.836	1398	4	1
102.836	1399	3	1
102.940	1400	1	1
103.044	1401	4	1
103.148	1402	1	1
103.148	1403	2	1
103.148	1404	3	2
103.357	1405	3	3
103.357	1406	2	1
103.461	1407	1	1
103.565	1408	4	2
103.773	1409	4	3
103.773	1410	3	2
103.982	1411	3	3
103.877	1412	2	1
103.982	1413	4	1
103.982	1414	1	1
104.190	1415	3	2
104.398	1416	3	3
104.294	1417	2	1
104.502	1418	4	1
104.502	1419	1	1
104.607	1420	2	1
104.711	1421	3	1
104.815	1422	1	1
104.815	1423	4	1
105.023	1424	2	2
105.232	1425	2	3
105.127	1426	4	1
105.232	1427	3	1
105.440	1428	1	2
105.648	1429	1	3
105.544	1430	3	1
105.648	1431	2	1
105.648	1432	4	1
105.648	1433	3	2
105.857	1434	3	3
105.857	1435	2	2
106.065	1436	2	3
105.961	1437	1	1
106.065	1438	3	2
106.482	1439	3	3
106.169	1440	1	1
106.169	1441	4	1
106.273	1442	2	1
106.377	1443	4	1
106.482	1444	1	1
106.482	1445	2	1
106.482	1446	4	2
106.898	1447	4	3
106.690	1448	3	1
106.794	1449	2	1
106.898	1450	1	2
108.357	1451	1	3
106.898	1452	3	1
107.107	1453	2	1
107.211	1454	3	1
107.315	1455	2	1
107.315	1456	4	1
107.523	1457	4	1
107.627	1458	3	1
107.836	1459	3	1
107.836	1460	4	1
107.940	1461	2	1
108.044	1462	4	1
108.148	1463	2	1
108.148	1464	3	1
108.357	1465	4	1
108.461	1466	3	1
108.565	1467	4	1
108.773	1468	4	1
108.877	1469	3	1
108.982	1470	1	1
108.982	1471	2	1
109.190	1472	3	1
109.294	1473	2	1
109.398	1474	4	1
109.398	1475	3	1
109.502	1476	1	1
109.502	1477	2	1
109.607	1478	3	1
109.607	1479	4	1
109.711	1480	1	1
109.711	1481	2	1
109.815	1482	3	1
109.815	1483	4	1
109.919	1484	2	1
109.919	1485	1	1
110.023	1486	3	1
110.023	1487	4	1
110.127	1488	2	1
110.232	1489	1	1
110.232	1490	3	1
110.232	1491	4	1
110.440	1492	3	1
110.544	1493	4	1
110.648	1494	3	1
110.648	1495	2	1
110.648	1496	1	2
110.857	1497	1	3
110.857	1498	3	2
111.065	1499	3	3
110.961	1500	4	1
111.065	1501	2	2
111.273	1502	2	3
111.169	1503	4	1
111.169	1504	1	1
111.273	1505	3	2
111.482	1506	3	3
111.377	1507	4	1
111.482	1508	1	1
111.482	1509	2	1
111.482	1510	4	2
111.690	1511	4	3
111.690	1512	3	2
111.898	1513	3	3
111.794	1514	2	1
111.898	1515	1	1
112.107	1516	2	2
112.315	1517	2	3
112.211	1518	1	1
112.315	1519	3	1
112.315	1520	4	1
112.523	1521	1	2
112.940	1522	1	3
112.627	1523	2	1
112.836	1524	4	1
112.836	1525	3	1
112.940	1526	2	1
113.044	1527	3	1
113.148	1528	1	1
113.148	1529	4	1
113.148	1530	2	2
113.565	1531	2	3
113.357	1532	3	1
113.461	1533	4	1
113.565	1534	1	1
113.773	1535	3	1
113.877	1536	4	1
113.982	1537	1	1
113.982	1538	2	1
113.982	1539	3	2
114.190	1540	3	3
114.190	1541	2	2
114.398	1542	2	3
114.294	1543	4	1
114.398	1544	1	2
114.607	1545	1	3
114.502	1546	3	1
114.502	1547	4	1
114.607	1548	2	2
114.815	1549	2	3
114.711	1550	3	1
114.815	1551	4	1
114.815	1552	1	1
114.815	1553	3	2
115.023	1554	3	3
115.023	1555	4	2
115.232	1556	4	3
115.127	1557	2	1
115.232	1558	1	1
115.440	1559	3	2
115.648	1560	3	3
115.544	1561	4	1
115.648	1562	2	1
115.648	1563	1	1
115.857	1564	2	2
116.273	1565	2	3
115.961	1566	3	1
116.169	1567	4	1
116.169	1568	1	1
116.273	1569	3	2
116.482	1570	3	3
116.377	1571	4	1
116.482	1572	1	1
116.482	1573	2	1
116.482	1574	4	2
116.898	1575	4	3
116.690	1576	3	1
116.794	1577	2	1
116.898	1578	1	1
117.107	1579	3	1
117.211	1580	2	1
117.315	1581	3	1
117.315	1582	1	2
117.523	1583	1	3
117.315	1584	4	1
117.523	1585	3	2
117.732	1586	3	3
117.627	1587	4	1
117.732	1588	2	2
117.940	1589	2	3
117.836	1590	4	1
117.836	1591	1	1
117.940	1592	4	2
118.148	1593	4	3
118.044	1594	3	1
118.148	1595	1	1
118.148	1596	2	1
118.148	1597	3	2
118.565	1598	3	3
118.357	1599	4	1
118.461	1600	2	1
118.565	1601	1	1
118.773	1602	3	1
118.877	1603	4	1
118.982	1604	1	1
118.982	1605	3	1
118.982	1606	2	2
119.190	1607	2	3
119.190	1608	1	2
119.398	1609	1	3
119.294	1610	3	1
119.398	1611	4	2
119.607	1612	4	3
119.502	1613	2	1
119.502	1614	3	1
119.607	1615	1	2
119.815	1616	1	3
119.711	1617	3	1
119.815	1618	4	1
119.815	1619	2	1
119.815	1620	3	2
120.023	1621	3	3
120.023	1622	1	1
120.127	1623	2	1
120.232	1624	4	2
120.648	1625	4	3
120.440	1626	2	1
120.544	1627	3	1
120.648	1628	1	1
120.648	1629	2	1
120.857	1630	2	2
121.065	1631	2	3
120.961	1632	1	1
121.065	1633	3	2
121.690	1634	3	3
121.169	1635	1	1
121.169	1636	2	1
121.273	1637	4	1
121.377	1638	2	1
121.482	1639	4	1
121.482	1640	1	1
121.690	1641	2	1
121.794	1642	4	1
121.898	1643	3	1
121.898	1644	1	2
123.148	1645	1	3
122.002	1646	2	1
122.107	1647	3	1
122.211	1648	4	1
122.315	1649	2	1
122.419	1650	3	1
122.523	1651	2	1
122.627	1652	4	1
122.627	1653	3	1
122.732	1654	2	1
122.836	1655	4	1
122.836	1656	3	1
122.940	1657	2	1
123.044	1658	4	1
123.044	1659	3	1
123.148	1660	2	1
123.252	1661	4	1
123.252	1662	3	1
123.357	1663	1	1
123.357	1664	2	1
123.461	1665	3	1
123.565	1666	2	2
123.982	1667	2	3
123.565	1668	1	1
123.565	1669	4	1
123.773	1670	3	1
123.877	1671	4	1
123.982	1672	3	1
123.982	1673	1	1
123.982	1674	4	2
124.398	1675	4	3
124.190	1676	3	1
124.294	1677	2	1
124.398	1678	1	1
124.398	1679	3	2
124.502	1680	3	3
124.502	1681	4	1
124.502	1682	2	1
124.607	1683	1	1
124.607	1684	2	2
124.711	1685	2	3
124.711	1686	4	1
124.815	1687	1	1
124.815	1688	2	1
124.815	1689	3	2
124.919	1690	3	3
125.023	1691	4	1
125.023	1692	2	2
125.440	1693	2	3
125.127	1694	3	1
125.232	1695	1	1
125.440	1696	4	2
125.544	1697	4	3
125.544	1698	3	1
125.648	1699	2	1
125.648	1700	3	2
125.752	1701	3	3
125.648	1702	1	1
125.857	1703	2	2
125.961	1704	2	3
125.961	1705	4	1
126.065	1706	2	1
126.065	1707	1	2
126.482	1708	1	3
126.169	1709	4	1
126.169	1710	3	1
126.273	1711	2	1
126.377	1712	4	1
126.482	1713	3	1
126.482	1714	2	1
126.482	1715	4	2
126.898	1716	4	3
126.690	1717	2	1
126.794	1718	3	1
126.898	1719	1	1
126.898	1720	2	2
127.315	1721	2	3
127.107	1722	4	1
127.211	1723	3	1
127.315	1724	4	1
127.315	1725	1	1
127.315	1726	3	2
127.732	1727	3	3
127.523	1728	2	1
127.627	1729	4	1
127.732	1730	2	2
127.836	1731	2	3
127.836	1732	3	1
127.836	1733	4	1
127.940	1734	1	2
128.044	1735	1	3
128.044	1736	2	1
128.148	1737	2	2
128.252	1738	2	3
128.148	1739	4	1
128.148	1740	3	1
128.357	1741	4	1
128.357	1742	3	2
128.773	1743	3	3
128.461	1744	2	1
128.565	1745	1	1
128.773	1746	1	1
128.877	1747	2	1
128.982	1748	4	1
128.982	1749	3	1
128.982	1750	1	2
129.190	1751	1	3
129.190	1752	2	1
129.190	1753	4	2
129.398	1754	4	3
129.294	1755	3	1
129.398	1756	1	1
129.398	1757	3	2
129.607	1758	3	3
129.502	1759	4	1
129.502	1760	2	1
129.607	1761	1	1
129.711	1762	4	1
129.815	1763	3	1
129.815	1764	1	1
129.815	1765	2	2
130.023	1766	2	3
130.023	1767	3	1
130.127	1768	4	1
130.232	1769	3	1
130.232	1770	1	2
130.648	1771	1	3
130.440	1772	2	1
130.544	1773	4	1
130.648	1774	2	1
130.648	1775	3	1
130.648	1776	4	2
131.065	1777	4	3
130.857	1778	3	1
130.961	1779	2	1
131.065	1780	1	1
131.065	1781	3	2
131.169	1782	3	3
131.169	1783	4	1
131.169	1784	2	1
131.273	1785	1	1
131.273	1786	2	2
131.377	1787	2	3
131.377	1788	4	1
131.482	1789	2	1
131.482	1790	1	1
131.482	1791	3	2
131.586	1792	3	3
131.690	1793	1	1
131.690	1794	4	2
132.107	1795	4	3
131.794	1796	2	1
131.898	1797	3	1
132.107	1798	3	2
132.211	1799	3	3
132.211	1800	1	1
132.315	1801	4	1
132.315	1802	3	1
132.315	1803	2	2
132.419	1804	2	3
132.523	1805	3	2
132.627	1806	3	3
132.627	1807	4	1
132.732	1808	2	1
132.732	1809	1	2
133.148	1810	1	3
132.836	1811	3	1
132.836	1812	4	1
132.940	1813	2	1
133.044	1814	4	1
133.148	1815	2	1
133.148	1816	3	1
133.148	1817	4	2
133.565	1818	4	3
133.357	1819	1	1
133.461	1820	3	1
133.565	1821	1	1
133.565	1822	2	2
135.232	1823	2	3
133.773	1824	4	1
133.877	1825	3	1
133.982	1826	4	1
133.982	1827	1	1
134.190	1828	4	1
134.294	1829	1	1
134.398	1830	3	1
134.502	1831	4	1
134.502	1832	1	1
134.607	1833	3	1
134.815	1834	4	1
134.815	1835	3	1
134.919	1836	1	1
135.023	1837	4	1
135.127	1838	3	1
135.232	1839	1	1
135.440	1840	3	1
135.544	1841	4	1
135.648	1842	1	1
135.648	1843	2	1
135.857	1844	4	1
135.961	1845	3	1
136.065	1846	1	1
136.065	1847	2	1
136.169	1848	4	1
136.169	1849	3	1
136.273	1850	1	1
136.273	1851	2	1
136.377	1852	4	1
136.377	1853	3	1
136.482	1854	1	1
136.482	1855	2	1
136.586	1856	4	1
136.586	1857	3	1
136.690	1858	1	1
136.690	1859	2	1
136.794	1860	3	1
136.898	1861	2	2
137.315	1862	2	3
136.898	1863	1	1
136.898	1864	4	1
137.107	1865	3	1
137.211	1866	4	1
137.315	1867	3	1
137.315	1868	1	1
137.315	1869	4	2
137.732	1870	4	3
137.523	1871	3	1
137.627	1872	2	1
137.732	1873	1	1
137.732	1874	3	2
137.836	1875	3	3
137.836	1876	4	1
137.836	1877	2	1
137.940	1878	1	1
137.940	1879	2	2
138.044	1880	2	3
138.044	1881	4	1
138.148	1882	1	1
138.148	1883	2	1
138.148	1884	3	2
138.252	1885	3	3
138.357	1886	4	1
138.357	1887	2	2
138.773	1888	2	3
138.461	1889	3	1
138.565	1890	1	1
138.773	1891	4	2
138.877	1892	4	3
138.877	1893	3	1
138.982	1894	2	1
138.982	1895	3	2
139.086	1896	3	3
138.982	1897	1	1
139.190	1898	2	2
139.294	1899	2	3
139.294	1900	4	1
139.398	1901	2	1
139.398	1902	1	2
139.815	1903	1	3
139.502	1904	3	1
139.502	1905	4	1
139.607	1906	2	1
139.711	1907	4	1
139.815	1908	3	1
139.815	1909	2	1
139.815	1910	4	2
140.232	1911	4	3
140.023	1912	2	1
140.127	1913	3	1
140.232	1914	1	1
140.232	1915	2	2
140.648	1916	2	3
140.440	1917	4	1
140.544	1918	3	1
140.648	1919	4	1
140.648	1920	1	1
140.648	1921	3	2
141.065	1922	3	3
140.857	1923	2	1
140.961	1924	4	1
141.065	1925	2	2
141.169	1926	2	3
141.169	1927	3	1
141.169	1928	4	1
141.273	1929	1	2
141.377	1930	1	3
141.377	1931	2	1
141.482	1932	4	1
141.482	1933	3	1
141.482	1934	2	2
141.586	1935	2	3
141.690	1936	4	1
141.690	1937	3	2
142.107	1938	3	3
141.794	1939	2	1
141.898	1940	1	1
142.107	1941	1	1
142.211	1942	2	1
142.315	1943	4	1
142.315	1944	3	1
142.315	1945	1	2
142.523	1946	1	3
142.523	1947	3	1
142.523	1948	4	2
142.732	1949	4	3
142.627	1950	2	1
142.732	1951	1	1
142.732	1952	3	2
142.940	1953	3	3
142.836	1954	4	1
142.836	1955	2	1
142.940	1956	1	1
143.044	1957	4	1
143.148	1958	3	1
143.148	1959	1	1
143.148	1960	2	2
143.357	1961	2	3
143.357	1962	3	1
143.461	1963	4	1
143.565	1964	3	1
143.565	1965	1	2
143.982	1966	1	3
143.773	1967	2	1
143.877	1968	4	1
143.982	1969	2	1
143.982	1970	3	1
143.982	1971	4	2
144.398	1972	4	3
144.190	1973	3	1
144.294	1974	2	1
144.398	1975	1	1
144.398	1976	3	2
144.502	1977	3	3
144.502	1978	4	1
144.502	1979	2	1
144.607	1980	1	1
144.607	1981	2	2
144.711	1982	2	3
144.711	1983	4	1
144.815	1984	2	1
144.815	1985	1	1
144.815	1986	3	2
144.919	1987	3	3
145.023	1988	1	1
145.023	1989	4	2
145.440	1990	4	3
145.127	1991	2	1
145.232	1992	3	1
145.440	1993	3	2
145.544	1994	3	3
145.544	1995	2	1
145.648	1996	1	1
145.648	1997	2	2
145.857	1998	2	3
145.648	1999	4	1
145.857	2000	3	2
145.961	2001	3	3
145.961	2002	2	1
146.065	2003	4	1
146.065	2004	3	1
146.065	2005	1	2
146.482	2006	1	3
146.169	2007	2	1
146.273	2008	4	1
146.273	2009	3	1
146.377	2010	2	1
146.482	2011	2	1
146.482	2012	3	1
146.482	2013	4	2
146.898	2014	4	3
146.586	2015	1	1
146.690	2016	3	1
146.690	2017	2	1
146.794	2018	1	1
146.898	2019	3	1
146.898	2020	1	1
146.898	2021	2	1
147.107	2022	2	1
147.211	2023	1	1
147.211	2024	4	1
147.211	2025	3	1
147.315	2026	2	1
147.523	2027	4	1
147.523	2028	3	1
147.523	2029	2	1
147.627	2030	1	1
147.836	2031	2	1
147.940	2032	3	1
147.940	2033	4	1
147.940	2034	1	1
148.044	2035	3	1
148.148	2036	2	1
148.148	2037	4	1
148.148	2038	1	1
148.252	2039	2	1
148.357	2040	3	1
148.461	2041	4	1
148.565	2042	3	1
148.565	2043	1	1
148.565	2044	2	1
148.773	2045	3	1
148.877	2046	4	1
148.877	2047	2	1
148.877	2048	1	1
148.982	2049	3	1
149.190	2050	4	1
149.190	2051	1	1
149.190	2052	3	1
149.294	2053	2	1
149.607	2054	2	1
149.607	2055	1	1
149.607	2056	3	1
149.711	2057	1	1
149.815	2058	4	1
149.815	2059	3	1
149.815	2060	2	1
149.919	2061	4	1
150.023	2062	3	1
150.127	2063	2	1
150.232	2064	3	1
150.232	2065	1	1
150.232	2066	2	1
150.440	2067	2	1
150.544	2068	1	1
150.544	2069	4	1
150.544	2070	3	1
150.648	2071	2	1
150.857	2072	4	1
150.857	2073	3	1
150.857	2074	2	1
150.961	2075	1	1
151.169	2076	2	1
151.273	2077	3	1
151.273	2078	4	1
151.273	2079	1	1
151.377	2080	3	1
151.482	2081	2	1
151.482	2082	4	1
151.482	2083	1	1
151.586	2084	2	1
151.690	2085	3	1
151.794	2086	4	1
151.898	2087	3	1
151.898	2088	1	1
151.898	2089	2	1
152.107	2090	3	1
152.211	2091	4	1
152.211	2092	2	1
152.211	2093	1	1
152.315	2094	3	1
152.523	2095	4	1
152.523	2096	1	1
152.523	2097	3	1
152.627	2098	2	1
152.940	2099	2	1
152.940	2100	1	1
152.940	2101	3	1
153.044	2102	1	1
153.148	2103	3	1
153.148	2104	4	1
153.148	2105	2	1
153.252	2106	4	1
153.357	2107	3	1
153.461	2108	2	1
153.565	2109	2	1
153.565	2110	1	1
153.565	2111	3	1
153.773	2112	2	1
153.877	2113	3	1
153.877	2114	4	1
153.877	2115	1	1
153.982	2116	2	1
154.190	2117	2	1
154.190	2118	3	1
154.190	2119	4	1
154.294	2120	1	1
154.502	2121	2	1
154.607	2122	1	1
154.607	2123	4	1
154.607	2124	3	1
154.711	2125	3	1
154.815	2126	1	1
154.815	2127	4	1
154.815	2128	2	1
154.919	2129	2	1
155.023	2130	1	1
155.023	2131	3	1
155.127	2132	4	1
155.232	2133	2	1
155.232	2134	1	1
155.232	2135	3	1
155.440	2136	3	1
155.544	2137	1	1
155.544	2138	2	1
155.544	2139	4	1
155.648	2140	3	1
155.857	2141	3	1
155.857	2142	1	1
155.857	2143	4	1
155.961	2144	2	1
156.273	2145	3	1
156.273	2146	1	1
156.273	2147	2	1
156.377	2148	1	1
156.482	2149	2	1
156.482	2150	3	1
156.482	2151	4	1
156.586	2152	4	1
156.690	2153	3	1
156.794	2154	2	1
156.898	2155	3	1
156.898	2156	1	1
156.898	2157	2	1
157.107	2158	2	1
157.211	2159	1	1
157.211	2160	4	1
157.211	2161	3	1
157.315	2162	2	1
157.523	2163	4	1
157.523	2164	3	1
157.523	2165	2	1
157.627	2166	1	1
157.836	2167	2	1
157.940	2168	3	1
157.940	2169	4	1
157.940	2170	1	1
158.044	2171	3	1
158.148	2172	2	1
158.148	2173	4	1
158.148	2174	1	1
158.252	2175	2	1
158.357	2176	3	1
158.461	2177	4	1
158.565	2178	3	1
158.565	2179	1	1
158.565	2180	2	1
158.773	2181	3	1
158.877	2182	4	1
158.877	2183	2	1
158.877	2184	1	1
158.982	2185	3	1
159.190	2186	4	1
159.190	2187	1	1
159.190	2188	3	1
159.294	2189	2	1
159.607	2190	2	1
159.607	2191	1	1
159.607	2192	3	1
159.711	2193	1	1
159.815	2194	4	1
159.815	2195	3	1
159.815	2196	2	1
159.919	2197	1	1
159.919	2198	2	1
160.023	2199	4	1
160.023	2200	3	1
160.127	2201	2	1
160.127	2202	1	1