Song Name	Dance of The Violins by F-777
Difficulty	10
Primary Color	Rush
Secondary Color	Vibe
Last Note Time	143.519
Total Notes	616
Fever Fill	177
Fever Time	21.527850
Long Notes	87
BPM	130
Song Length	146.185510204

Timing Points
0.000	461.5385
0.212	461.5385
1.827	461.5385
59.058	461.5385
86.751	461.5385
103.366	461.5385
131.058	461.5385


Song Data
0.000	1	3	1
0.000	2	4	1
0.442	3	4	1
0.788	4	1	1
1.135	5	2	1
1.365	6	1	1
1.827	7	4	1
2.288	8	2	1
2.634	9	3	1
2.980	10	3	1
3.211	11	1	1
3.442	12	2	1
3.673	13	4	1
4.134	14	4	1
4.480	15	1	1
4.827	16	2	1
5.057	17	1	1
5.519	18	4	1
5.980	19	2	1
6.327	20	3	1
6.673	21	3	1
6.903	22	1	1
7.134	23	2	1
7.365	24	4	1
7.827	25	4	1
8.173	26	1	1
8.519	27	2	1
8.750	28	1	1
9.211	29	4	1
9.673	30	2	1
10.019	31	3	1
10.365	32	3	1
10.596	33	1	1
10.827	34	2	1
11.057	35	4	1
11.519	36	4	1
11.865	37	1	1
12.211	38	2	1
12.442	39	1	1
12.903	40	3	1
13.365	41	4	1
13.711	42	3	1
14.057	43	3	1
14.288	44	1	1
14.519	45	2	1
14.750	46	3	1
14.750	47	4	2
15.211	48	1	1
15.557	49	2	2
15.557	50	4	3
15.903	51	3	1
16.134	52	4	1
16.596	53	1	2
16.596	54	2	3
17.057	55	4	2
17.057	56	1	3
17.403	57	3	2
17.403	58	4	3
17.750	59	2	1
17.980	60	1	1
18.211	61	2	1
18.442	62	4	2
18.442	63	3	3
18.903	64	1	1
19.250	65	2	2
19.250	66	4	3
19.596	67	3	1
19.827	68	4	1
20.288	69	3	2
20.288	70	2	3
20.750	71	1	1
20.750	72	3	3
20.980	73	2	2
21.442	74	3	1
21.673	75	4	1
21.903	76	3	1
22.134	77	4	2
22.134	78	2	3
22.596	79	1	1
22.942	80	2	2
22.942	81	4	3
23.288	82	3	1
23.519	83	4	1
23.980	84	1	2
23.980	85	2	3
24.442	86	4	2
24.442	87	1	3
24.788	88	3	2
24.788	89	4	3
25.134	90	2	1
25.365	91	1	1
25.596	92	2	1
25.827	93	4	2
25.827	94	3	3
26.288	95	1	1
26.634	96	2	2
26.634	97	4	3
26.980	98	3	1
27.211	99	4	1
27.673	100	3	2
27.673	101	2	3
28.134	102	1	1
28.134	103	3	3
28.365	104	4	2
28.827	105	1	1
29.057	106	2	1
29.288	107	1	1
29.519	108	3	1
29.519	109	4	3
29.980	110	3	1
30.327	111	1	1
30.673	112	4	1
30.903	113	3	1
31.134	114	2	1
31.365	115	4	1
31.827	116	2	1
32.173	117	1	1
32.519	118	3	1
32.750	119	1	1
32.980	120	2	1
33.211	121	3	1
33.673	122	3	1
34.019	123	1	1
34.365	124	4	1
34.596	125	3	1
34.827	126	2	1
35.057	127	4	1
35.519	128	2	1
35.865	129	3	1
36.211	130	4	2
36.673	131	2	1
36.673	132	4	3
36.903	133	3	1
37.365	134	3	1
37.711	135	1	1
38.057	136	4	1
38.288	137	3	1
38.519	138	2	1
38.750	139	4	1
39.211	140	2	1
39.557	141	1	1
39.903	142	3	1
40.134	143	1	1
40.365	144	2	1
40.596	145	3	1
41.057	146	3	1
41.403	147	1	1
41.750	148	4	1
41.980	149	3	1
42.211	150	2	1
42.442	151	4	1
42.903	152	2	1
43.250	153	3	1
43.596	154	4	2
44.057	155	2	1
44.057	156	4	3
44.288	157	1	1
44.288	158	4	1
44.750	159	4	1
45.096	160	1	1
45.442	161	2	1
45.673	162	1	1
46.134	163	4	1
46.596	164	2	1
46.942	165	3	1
47.288	166	3	1
47.519	167	1	1
47.750	168	2	1
47.980	169	4	1
48.442	170	4	1
48.788	171	1	1
49.134	172	2	1
49.365	173	1	1
49.827	174	2	1
50.288	175	4	1
50.634	176	3	1
50.980	177	3	1
51.211	178	1	1
51.442	179	2	1
51.673	180	3	1
51.673	181	4	2
52.134	182	1	1
52.480	183	2	2
52.480	184	4	3
52.827	185	3	1
53.057	186	4	1
53.519	187	1	2
53.519	188	2	3
53.980	189	4	2
53.980	190	1	3
54.327	191	3	2
54.327	192	4	3
54.673	193	2	1
54.903	194	1	1
55.134	195	2	1
55.365	196	4	2
55.365	197	3	3
55.827	198	1	1
56.173	199	2	2
56.173	200	4	3
56.519	201	3	1
56.750	202	4	1
57.211	203	3	2
57.211	204	2	3
57.673	205	1	1
57.673	206	3	3
57.903	207	4	2
58.365	208	1	1
58.596	209	2	1
58.827	210	1	1
58.827	211	4	3
59.057	212	3	1
59.057	213	4	1
59.288	214	1	1
59.519	215	4	1
59.750	216	2	1
59.865	217	1	2
60.211	218	4	1
60.211	219	1	3
60.442	220	3	1
60.673	221	2	1
60.903	222	4	1
61.134	223	3	1
61.365	224	2	1
61.596	225	1	2
62.057	226	3	1
62.057	227	1	3
62.288	228	2	1
62.519	229	3	1
62.750	230	4	1
62.980	231	1	1
63.211	232	4	1
63.442	233	2	1
63.557	234	1	2
63.903	235	4	1
63.903	236	1	3
64.134	237	3	1
64.365	238	2	1
64.596	239	3	1
64.827	240	2	1
65.057	241	1	1
65.288	242	3	2
65.750	243	4	2
65.750	244	3	3
66.211	245	2	1
66.211	246	4	3
66.442	247	4	1
66.673	248	1	1
66.903	249	4	1
67.134	250	2	1
67.250	251	1	2
67.596	252	4	1
67.596	253	1	3
67.827	254	3	1
68.057	255	2	1
68.288	256	4	1
68.519	257	3	1
68.750	258	2	1
68.980	259	1	2
69.442	260	3	1
69.442	261	1	3
69.673	262	2	1
69.903	263	3	1
70.134	264	4	1
70.365	265	1	1
70.596	266	4	1
70.827	267	2	1
70.942	268	1	2
71.288	269	4	1
71.288	270	1	3
71.519	271	3	1
71.750	272	2	1
71.980	273	3	1
72.211	274	2	1
72.442	275	1	1
72.673	276	3	2
73.134	277	4	2
73.134	278	3	3
73.596	279	2	1
73.596	280	4	3
73.827	281	3	1
73.827	282	4	1
74.057	283	1	1
74.288	284	3	1
74.288	285	4	1
74.519	286	2	1
74.634	287	1	2
74.980	288	4	1
74.980	289	1	3
75.211	290	3	1
75.442	291	2	1
75.673	292	1	1
75.673	293	4	1
75.903	294	3	1
76.134	295	2	1
76.365	296	1	2
76.365	297	3	1
76.827	298	4	1
76.827	299	1	3
77.057	300	1	1
77.057	301	2	1
77.288	302	3	1
77.519	303	2	1
77.519	304	4	1
77.750	305	1	1
77.980	306	2	1
77.980	307	4	1
78.211	308	3	1
78.327	309	1	2
78.673	310	4	1
78.673	311	1	3
78.903	312	3	1
79.134	313	2	1
79.365	314	3	1
79.365	315	4	1
79.596	316	2	1
79.827	317	1	1
80.057	318	3	2
80.519	319	1	1
80.519	320	4	2
80.519	321	3	3
80.980	322	2	1
80.980	323	4	3
81.211	324	3	1
81.211	325	4	1
81.442	326	1	1
81.673	327	3	1
81.673	328	4	1
81.903	329	2	1
82.019	330	1	2
82.365	331	4	1
82.365	332	1	3
82.596	333	3	1
82.827	334	2	1
83.057	335	1	1
83.057	336	4	1
83.288	337	3	1
83.519	338	2	1
83.750	339	1	2
83.750	340	3	1
84.211	341	4	1
84.211	342	1	3
84.442	343	1	1
84.442	344	2	1
84.673	345	3	1
84.903	346	2	1
84.903	347	4	1
85.134	348	1	1
85.365	349	2	1
85.365	350	4	1
85.596	351	3	1
85.711	352	1	2
86.057	353	4	1
86.057	354	1	3
86.288	355	3	1
86.519	356	2	1
86.750	357	3	1
86.750	358	4	1
86.980	359	2	1
87.211	360	1	1
87.442	361	3	2
87.903	362	1	1
87.903	363	4	2
87.903	364	3	3
88.365	365	2	1
88.365	366	4	3
88.596	367	3	1
88.596	368	4	2
89.057	369	1	1
89.403	370	2	2
89.403	371	4	3
89.750	372	3	1
89.980	373	4	1
90.442	374	1	2
90.442	375	2	3
90.903	376	4	2
90.903	377	1	3
91.250	378	3	2
91.250	379	4	3
91.596	380	2	1
91.827	381	1	1
92.057	382	2	1
92.288	383	4	2
92.288	384	3	3
92.750	385	1	1
93.096	386	2	2
93.096	387	4	3
93.442	388	3	1
93.673	389	4	1
94.134	390	3	2
94.134	391	2	3
94.596	392	1	1
94.596	393	3	3
94.827	394	2	2
95.288	395	3	1
95.519	396	4	1
95.750	397	3	1
95.980	398	4	2
95.980	399	2	3
96.442	400	1	1
96.788	401	2	2
96.788	402	4	3
97.134	403	3	1
97.365	404	4	1
97.827	405	1	2
97.827	406	2	3
98.288	407	4	2
98.288	408	1	3
98.634	409	3	2
98.634	410	4	3
98.980	411	2	1
99.211	412	1	1
99.442	413	2	1
99.673	414	4	2
99.673	415	3	3
100.134	416	1	1
100.480	417	2	2
100.480	418	4	3
100.827	419	3	1
101.057	420	4	1
101.519	421	3	2
101.519	422	2	3
101.980	423	1	1
101.980	424	3	3
102.211	425	4	2
102.673	426	1	1
102.903	427	2	1
103.134	428	1	1
103.134	429	4	3
103.365	430	3	1
103.365	431	4	1
103.596	432	1	1
103.827	433	4	1
104.057	434	2	1
104.173	435	1	2
104.519	436	4	1
104.519	437	1	3
104.750	438	3	1
104.980	439	2	1
105.211	440	4	1
105.442	441	3	1
105.673	442	2	1
105.903	443	1	2
106.365	444	3	1
106.365	445	1	3
106.596	446	2	1
106.827	447	3	1
107.057	448	4	1
107.288	449	1	1
107.519	450	4	1
107.750	451	2	1
107.865	452	1	2
108.211	453	4	1
108.211	454	1	3
108.442	455	3	1
108.673	456	2	1
108.903	457	3	1
109.134	458	2	1
109.365	459	1	1
109.596	460	3	2
110.057	461	4	2
110.057	462	3	3
110.519	463	2	1
110.519	464	4	3
110.750	465	4	1
110.980	466	1	1
111.211	467	4	1
111.442	468	2	1
111.557	469	1	2
111.903	470	4	1
111.903	471	1	3
112.134	472	3	1
112.365	473	2	1
112.596	474	4	1
112.827	475	3	1
113.057	476	2	1
113.288	477	1	2
113.750	478	3	1
113.750	479	1	3
113.980	480	2	1
114.211	481	3	1
114.442	482	4	1
114.673	483	1	1
114.903	484	4	1
115.134	485	2	1
115.250	486	1	2
115.596	487	4	1
115.596	488	1	3
115.827	489	3	1
116.057	490	2	1
116.288	491	3	1
116.519	492	2	1
116.750	493	1	1
116.980	494	3	2
117.442	495	4	2
117.442	496	3	3
117.903	497	2	1
117.903	498	4	3
118.134	499	3	1
118.134	500	4	1
118.365	501	1	1
118.596	502	3	1
118.596	503	4	1
118.827	504	2	1
118.942	505	1	2
119.288	506	4	1
119.288	507	1	3
119.519	508	3	1
119.750	509	2	1
119.980	510	1	1
119.980	511	4	1
120.211	512	3	1
120.442	513	2	1
120.673	514	1	2
120.673	515	3	1
121.134	516	4	1
121.134	517	1	3
121.365	518	1	1
121.365	519	2	1
121.596	520	3	1
121.827	521	2	1
121.827	522	4	1
122.057	523	1	1
122.288	524	2	1
122.288	525	4	1
122.519	526	3	1
122.634	527	1	2
122.980	528	4	1
122.980	529	1	3
123.211	530	3	1
123.442	531	2	1
123.673	532	3	1
123.673	533	4	1
123.903	534	2	1
124.134	535	1	1
124.365	536	3	2
124.827	537	1	1
124.827	538	4	2
124.827	539	3	3
125.288	540	2	1
125.288	541	4	3
125.519	542	3	1
125.519	543	4	1
125.750	544	1	1
125.980	545	3	1
125.980	546	4	1
126.211	547	2	1
126.327	548	1	2
126.673	549	4	1
126.673	550	1	3
126.903	551	3	1
127.134	552	2	1
127.365	553	1	1
127.365	554	4	1
127.596	555	3	1
127.827	556	2	1
128.057	557	1	2
128.057	558	3	1
128.519	559	4	1
128.519	560	1	3
128.750	561	1	1
128.750	562	2	1
128.980	563	3	1
129.211	564	2	1
129.211	565	4	1
129.442	566	1	1
129.673	567	2	1
129.673	568	4	1
129.903	569	3	1
130.019	570	1	2
130.365	571	4	1
130.365	572	1	3
130.596	573	3	1
130.827	574	2	1
131.057	575	3	1
131.057	576	4	1
131.288	577	2	1
131.519	578	1	1
131.750	579	3	2
132.211	580	1	1
132.211	581	4	2
132.211	582	3	3
132.673	583	2	1
132.673	584	4	3
132.903	585	3	1
132.903	586	4	1
133.365	587	4	1
133.711	588	1	1
134.057	589	2	1
134.288	590	1	1
134.750	591	4	1
135.211	592	2	1
135.557	593	3	1
135.903	594	3	1
136.134	595	1	1
136.365	596	2	1
136.596	597	4	1
137.057	598	4	1
137.403	599	1	1
137.750	600	2	1
137.980	601	1	1
138.442	602	4	1
138.903	603	2	1
139.250	604	3	1
139.596	605	3	1
139.827	606	1	1
140.057	607	2	1
140.288	608	3	1
140.288	609	4	1
140.750	610	4	1
141.096	611	1	1
141.673	612	1	1
142.134	613	4	1
142.596	614	4	1
142.942	615	2	1
143.519	616	2	1