Song Name	Dance of the Sugar Plum Fairy by Tchaikovsky (Performed by Rousseau)
Title	Dance of the Sugar Plum Fairy
Artist	Tchaikovsky (Performed by Rousseau)
Description	Part of 'The Nutcracker', a 1892 ballet by Russian composer Pyotr Ilyich Tchaikovsky. Performed by piano youtuber Rousseau. Map by poscle.
Difficulty	4
Primary Color	Flow
Secondary Color	Flow
Cover Image ID	7486775986
Audio Asset ID	rbxassetid://7278119311
Audio File	7278119311.mp3
Last Note Time	113.451
Total Notes	339
Fever Fill	87
Fever Time	17.017650
Long Notes	80
BPM	112
Song Length	114.451000000

Timing Points
0.810	582.524272
0.810	582.524272
10.130	582.524272
10.130	546.697039
16.690	517.241379
16.690	517.241379
18.758	526.315789
18.758	526.315789
27.179	519.480519
27.179	519.480519
43.282	535.714286
43.282	535.714286
45.424	535.714286
45.424	491.803279
47.391	555.555556
47.391	555.555556
51.835	540.540541
51.835	540.540541
53.456	495.867769
53.456	495.867769
53.951	495.867769
53.951	495.867769
55.934	495.867769
55.934	545.454545
60.297	530.973451
60.297	530.973451
62.420	500.000000
62.420	500.000000
66.420	530.973451
66.420	530.973451
68.411	530.973451
68.411	594.059406
70.787	588.235294
70.787	588.235294
73.139	545.454545
73.139	545.454545
75.320	545.454545
75.320	571.428571
76.462	666.666667
76.462	666.666667
79.128	666.666667
79.128	472.440945
81.076	472.440945
81.076	533.333333
83.209	542.986425
83.209	542.986425
85.380	521.739130
85.380	521.739130
87.471	521.739130
87.471	493.827160
89.036	521.739130
89.036	521.739130
89.557	526.315789
89.557	526.315789
92.714	510.638298
92.714	510.638298
97.819	515.021459
97.819	515.021459
106.059	504.201681
106.059	504.201681
107.571	535.714286
107.571	535.714286
108.106	512.820513
108.106	512.820513
109.644	512.820513
109.644	530.973451
110.174	504.201681
110.174	504.201681
111.686	560.747664
111.686	560.747664
112.246	535.714286
112.246	535.714286


Song Data
0.810	1	1	1
1.392	2	2	1
1.975	3	1	1
2.557	4	3	1
3.140	5	1	1
3.722	6	4	1
4.305	7	2	1
4.887	8	3	1
5.470	9	1	1
6.052	10	2	1
6.635	11	1	1
7.217	12	3	1
7.800	13	1	1
8.382	14	4	1
8.965	15	2	1
9.547	16	3	1
10.130	17	1	1
10.676	18	4	1
10.950	19	2	1
11.223	20	4	1
11.770	21	2	1
12.316	22	1	1
12.863	23	3	1
13.410	24	4	1
13.683	25	3	1
13.956	26	4	1
14.503	27	3	1
14.776	28	2	1
15.050	29	3	1
15.596	30	2	1
15.870	31	1	1
16.143	32	2	1
16.690	33	1	1
16.948	34	4	1
17.207	35	2	1
17.465	36	4	1
17.724	37	1	1
18.241	38	3	2
18.758	39	3	3
18.758	40	2	2
19.284	41	2	3
19.284	42	3	1
19.547	43	1	1
19.810	44	3	1
20.336	45	1	1
20.863	46	4	1
21.389	47	2	1
21.915	48	4	1
22.179	49	3	1
22.442	50	4	1
22.968	51	3	1
23.231	52	2	1
23.494	53	3	1
24.021	54	2	1
24.284	55	1	1
24.547	56	2	1
25.073	57	1	1
25.336	58	4	1
25.600	59	2	1
25.863	60	4	1
26.126	61	1	1
26.652	62	3	2
27.179	63	3	3
27.179	64	2	2
27.698	65	2	3
27.698	66	4	1
27.958	67	2	1
28.217	68	4	1
28.737	69	2	1
29.256	70	1	1
29.776	71	3	1
30.295	72	4	1
30.555	73	3	1
30.815	74	4	1
31.334	75	3	1
31.594	76	2	1
31.854	77	3	1
32.373	78	2	1
32.633	79	1	1
32.893	80	2	1
33.412	81	1	1
33.672	82	4	1
33.932	83	2	1
34.191	84	4	1
34.451	85	1	1
34.971	86	3	2
35.490	87	3	3
35.490	88	2	2
36.010	89	2	3
36.010	90	3	1
36.269	91	1	1
36.529	92	3	2
37.049	93	3	3
37.049	94	2	2
37.568	95	2	3
37.568	96	1	2
38.088	97	1	3
38.088	98	3	1
38.347	99	2	1
38.607	100	3	2
39.127	101	3	3
39.127	102	2	2
39.646	103	2	3
39.646	104	1	2
40.166	105	1	3
40.166	106	2	1
40.425	107	1	1
40.685	108	3	2
41.204	109	3	3
41.204	110	2	2
41.724	111	2	3
41.724	112	4	1
42.243	113	3	1
42.763	114	2	1
43.282	115	1	2
43.817	116	1	3
43.282	117	4	1
43.817	118	3	2
44.353	119	3	3
44.353	120	1	2
44.889	121	1	3
44.889	122	2	2
45.424	123	2	3
45.424	124	3	2
45.915	125	3	3
45.915	126	4	2
46.407	127	4	3
46.407	128	3	2
46.899	129	3	3
46.899	130	2	2
47.391	131	2	3
47.391	132	1	2
47.946	133	1	3
47.946	134	2	2
48.502	135	2	3
48.502	136	3	1
49.057	137	4	1
49.613	138	4	1
50.168	139	1	2
50.724	140	1	3
50.724	141	2	1
51.279	142	3	1
51.835	143	4	1
51.835	144	1	2
52.375	145	1	3
52.375	146	3	2
52.916	147	3	3
52.916	148	1	2
53.456	149	1	3
53.456	150	2	2
53.951	151	2	3
53.951	152	3	2
54.446	153	3	3
54.446	154	4	2
54.942	155	4	3
54.942	156	3	2
55.438	157	3	3
55.438	158	2	2
55.934	159	2	3
55.934	160	1	2
56.479	161	1	3
56.479	162	2	2
57.024	163	2	3
57.024	164	3	1
57.570	165	4	1
58.115	166	4	1
58.661	167	1	2
59.206	168	1	3
59.206	169	2	1
59.752	170	3	1
60.297	171	1	2
60.827	172	1	3
60.297	173	4	1
60.827	174	3	2
61.358	175	3	3
61.358	176	1	2
61.889	177	1	3
61.889	178	2	2
62.420	179	2	3
62.420	180	4	2
62.920	181	4	3
62.920	182	1	2
63.420	183	1	3
63.420	184	2	2
63.920	185	2	3
63.920	186	3	2
64.420	187	3	3
64.420	188	4	2
64.920	189	4	3
64.920	190	1	2
65.420	191	1	3
65.420	192	2	2
65.920	193	2	3
65.920	194	3	2
66.420	195	3	3
66.420	196	1	1
66.685	197	4	1
66.950	198	1	1
66.950	199	2	1
67.216	200	3	1
67.216	201	4	1
67.481	202	1	1
67.747	203	2	1
67.747	204	1	1
68.012	205	3	1
68.012	206	4	2
68.411	207	4	3
68.411	208	1	2
69.005	209	1	3
69.005	210	2	2
69.599	211	2	3
69.599	212	1	2
70.193	213	1	3
70.193	214	2	2
70.787	215	2	3
70.787	216	1	2
71.375	217	1	3
71.375	218	3	2
71.963	219	3	3
71.963	220	1	2
72.551	221	1	3
72.551	222	3	2
73.139	223	3	3
73.139	224	2	2
73.684	225	2	3
73.684	226	3	2
74.229	227	3	3
74.229	228	2	2
74.775	229	2	3
74.775	230	3	2
75.320	231	3	3
75.320	232	2	2
75.891	233	2	3
75.891	234	4	2
76.462	235	4	3
76.462	236	2	2
77.378	237	2	3
77.378	238	4	2
79.128	239	4	3
80.545	240	3	2
81.076	241	3	3
81.076	242	2	1
81.609	243	4	1
81.876	244	2	1
82.142	245	4	1
82.676	246	2	1
83.209	247	1	1
83.751	248	3	1
84.294	249	4	1
84.566	250	3	1
84.837	251	4	1
85.380	252	3	1
85.640	253	2	1
85.901	254	3	1
86.423	255	2	1
86.684	256	1	1
86.945	257	2	1
87.466	258	1	1
87.717	259	4	1
87.964	260	2	1
88.211	261	4	1
88.458	262	1	1
89.036	263	3	2
89.557	264	3	3
89.557	265	2	2
90.083	266	2	3
90.083	267	3	1
90.346	268	1	1
90.609	269	3	1
91.135	270	1	1
91.662	271	4	1
92.188	272	2	1
92.714	273	4	1
92.969	274	3	1
93.224	275	4	1
93.735	276	3	1
93.990	277	2	1
94.245	278	3	1
94.756	279	2	1
95.011	280	1	1
95.267	281	2	1
95.777	282	1	1
96.033	283	4	1
96.288	284	2	1
96.543	285	4	1
96.799	286	1	1
97.309	287	3	2
97.819	288	3	3
97.820	289	2	2
98.334	290	2	3
98.334	291	4	1
98.591	292	2	1
98.849	293	4	1
99.364	294	2	1
99.879	295	1	1
100.394	296	3	1
100.909	297	4	1
101.166	298	3	1
101.424	299	4	1
101.939	300	3	1
102.196	301	2	1
102.454	302	3	1
102.969	303	2	1
103.226	304	1	1
103.484	305	2	1
103.999	306	1	1
104.256	307	4	1
104.514	308	2	1
104.771	309	4	1
105.029	310	1	1
105.544	311	3	2
106.059	312	3	3
106.059	313	2	2
106.563	314	2	3
106.563	315	3	1
106.815	316	1	1
107.067	317	3	2
107.571	318	3	3
107.571	319	2	2
108.106	320	2	3
108.106	321	1	2
108.618	322	1	3
108.618	323	3	1
108.875	324	2	1
109.131	325	3	2
109.644	326	3	3
109.644	327	2	2
110.174	328	2	3
110.174	329	1	2
110.678	330	1	3
110.678	331	2	1
110.930	332	1	1
111.182	333	3	2
111.686	334	3	3
111.686	335	2	2
112.246	336	2	3
112.246	337	4	1
112.781	338	1	1
113.451	339	3	1