Song Name	Don't Need You (Hard) by Project Skylate
Title	Don't Need You (Hard)
Artist	Project Skylate
Description	From the artist: I've made another catchy kawaii future house, hope you guys like it!
Difficulty	25
Primary Color	Vibe
Secondary Color	Vibe
Cover Image ID	17431474353
Audio Asset ID	rbxassetid://16708593342
Audio File	16708593342.ogg
Last Note Time	201.949
Total Notes	1919
Fever Fill	466
Fever Time	30.292350
Long Notes	522
BPM	128
Song Length	202.949000000

Timing Points
1.324	468.750000


Song Data
1.324	1	1	1
1.324	2	4	2
1.558	3	4	3
1.558	4	2	2
1.675	5	2	3
1.792	6	2	2
2.027	7	2	3
2.027	8	1	2
2.144	9	1	3
2.261	10	3	2
2.730	11	3	3
3.199	12	1	2
3.433	13	1	3
3.199	14	4	1
3.433	15	3	2
3.550	16	3	3
3.667	17	3	2
3.785	18	3	3
3.902	19	2	2
4.136	20	2	3
4.136	21	4	2
4.488	22	4	3
5.074	23	3	2
5.308	24	3	3
5.074	25	2	1
5.308	26	1	2
5.425	27	1	3
5.542	28	1	2
5.777	29	1	3
5.777	30	4	2
5.894	31	4	3
6.011	32	2	2
6.480	33	2	3
6.949	34	2	2
7.183	35	2	3
6.949	36	3	1
7.183	37	4	2
7.300	38	4	3
7.417	39	2	2
7.535	40	2	3
7.652	41	3	2
7.769	42	3	3
7.886	43	2	2
8.238	44	2	3
8.824	45	4	2
9.058	46	4	3
8.824	47	1	1
9.058	48	2	2
9.175	49	2	3
9.292	50	2	2
9.527	51	2	3
9.292	52	3	1
9.527	53	1	2
9.644	54	1	3
9.761	55	3	2
10.230	56	3	3
10.230	57	1	1
10.230	58	2	1
10.699	59	1	2
10.933	60	1	3
10.699	61	4	1
10.933	62	3	2
11.050	63	3	3
11.167	64	3	2
11.402	65	3	3
11.167	66	1	1
11.402	67	2	2
11.519	68	2	3
11.636	69	4	2
12.105	70	4	3
12.105	71	1	1
12.105	72	2	1
12.574	73	3	2
12.808	74	3	3
12.574	75	2	1
12.808	76	1	2
12.925	77	1	3
13.042	78	1	2
13.277	79	1	3
13.042	80	3	1
13.277	81	4	2
13.511	82	4	3
13.511	83	2	2
13.980	84	2	3
13.980	85	1	1
13.980	86	4	1
14.449	87	3	1
14.449	88	2	2
14.683	89	2	3
14.683	90	4	2
14.800	91	4	3
14.917	92	1	2
15.035	93	1	3
14.917	94	2	1
15.152	95	3	2
15.269	96	3	3
15.386	97	2	2
15.621	98	2	3
15.386	99	1	1
15.751	100	2	1
15.751	101	3	1
15.855	102	4	1
15.855	103	1	1
16.089	104	3	2
16.558	105	3	3
16.089	106	4	1
16.324	107	4	2
16.558	108	4	3
16.441	109	2	1
16.558	110	1	1
16.675	111	2	1
16.792	112	4	1
16.792	113	3	1
17.027	114	1	1
17.027	115	2	2
17.496	116	2	3
17.261	117	1	2
17.496	118	1	3
17.378	119	3	1
17.496	120	4	1
17.613	121	3	1
17.730	122	1	1
17.730	123	2	1
17.964	124	3	1
17.964	125	4	2
18.433	126	4	3
18.199	127	3	2
18.433	128	3	3
18.316	129	2	1
18.433	130	1	1
18.550	131	2	1
18.667	132	3	1
18.667	133	4	1
18.902	134	2	2
19.371	135	2	3
19.136	136	3	1
19.253	137	1	1
19.371	138	4	2
19.605	139	4	3
19.488	140	3	1
19.605	141	1	1
19.605	142	2	1
19.839	143	3	2
20.308	144	3	3
19.839	145	4	1
20.074	146	4	2
20.308	147	4	3
20.191	148	2	1
20.308	149	1	1
20.425	150	2	1
20.542	151	4	1
20.542	152	3	1
20.777	153	2	2
21.246	154	2	3
20.777	155	1	1
21.011	156	1	2
21.246	157	1	3
21.128	158	3	1
21.246	159	4	1
21.363	160	3	1
21.480	161	1	1
21.480	162	2	1
21.714	163	3	1
21.714	164	4	2
22.183	165	4	3
21.949	166	3	2
22.183	167	3	3
22.066	168	2	1
22.183	169	1	1
22.300	170	2	1
22.417	171	4	1
22.417	172	3	1
22.652	173	2	2
23.121	174	2	3
22.886	175	3	1
23.003	176	1	1
23.121	177	4	2
23.355	178	4	3
23.238	179	3	1
23.355	180	1	1
23.355	181	2	1
23.589	182	3	2
23.824	183	3	3
23.824	184	2	1
23.824	185	1	2
23.941	186	1	3
23.941	187	4	2
24.058	188	4	3
24.058	189	1	2
24.292	190	1	3
24.292	191	3	2
24.410	192	3	3
24.292	193	4	1
24.527	194	4	2
24.644	195	4	3
24.644	196	1	2
24.761	197	1	3
24.761	198	4	2
24.996	199	4	3
24.996	200	3	2
25.230	201	3	3
25.230	202	1	1
25.230	203	2	1
25.464	204	3	2
25.582	205	3	3
25.582	206	2	2
25.699	207	2	3
25.699	208	3	2
25.933	209	3	3
25.699	210	4	1
25.933	211	1	2
26.167	212	1	3
26.167	213	4	1
26.167	214	3	2
26.285	215	3	3
26.285	216	2	2
26.402	217	2	3
26.402	218	3	2
26.519	219	3	3
26.519	220	1	2
26.636	221	1	3
26.636	222	4	2
26.871	223	4	3
26.871	224	3	2
27.105	225	3	3
27.105	226	2	1
27.105	227	1	1
27.339	228	4	2
27.457	229	4	3
27.457	230	1	2
27.574	231	1	3
27.574	232	4	2
27.808	233	4	3
27.574	234	3	1
27.808	235	2	2
28.042	236	2	3
28.042	237	4	1
28.042	238	3	2
28.277	239	3	3
28.277	240	1	2
28.394	241	1	3
28.394	242	4	2
28.511	243	4	3
28.511	244	1	2
28.746	245	1	3
28.746	246	3	2
28.980	247	3	3
28.980	248	2	1
28.980	249	1	1
29.214	250	4	1
29.332	251	3	1
29.449	252	2	1
29.449	253	1	1
29.566	254	3	1
29.683	255	4	1
29.917	256	3	2
30.152	257	3	3
29.917	258	2	1
30.152	259	1	1
30.269	260	2	1
30.386	261	3	1
30.386	262	4	1
30.503	263	2	1
30.621	264	1	1
30.751	265	3	1
30.751	266	2	1
30.855	267	4	1
30.972	268	4	1
31.089	269	1	1
31.089	270	2	1
31.207	271	2	1
31.324	272	4	1
31.324	273	1	2
31.558	274	1	3
31.792	275	2	2
32.027	276	2	3
31.792	277	3	1
32.027	278	1	1
32.235	279	4	1
32.261	280	3	2
32.496	281	3	3
32.626	282	2	1
32.730	283	4	2
32.964	284	4	3
32.860	285	1	1
33.095	286	4	1
33.199	287	2	1
33.199	288	1	2
33.433	289	1	3
33.667	290	2	2
33.902	291	2	3
33.667	292	3	1
33.902	293	4	1
34.110	294	1	1
34.136	295	3	2
34.371	296	3	3
34.501	297	2	1
34.605	298	4	2
34.839	299	4	3
34.735	300	3	1
34.970	301	1	1
35.074	302	3	1
35.074	303	4	2
35.542	304	4	3
35.542	305	1	2
35.777	306	1	3
35.542	307	2	1
35.777	308	4	1
36.011	309	2	1
36.011	310	3	2
36.480	311	3	3
36.376	312	1	1
36.402	313	4	1
36.480	314	2	2
36.714	315	2	3
36.610	316	3	1
36.845	317	2	1
36.949	318	4	2
37.417	319	4	3
36.949	320	1	1
37.417	321	3	1
37.417	322	1	2
37.652	323	1	3
37.626	324	4	1
37.652	325	2	1
37.886	326	3	2
38.121	327	3	3
37.886	328	1	1
38.251	329	4	1
38.355	330	2	1
38.355	331	3	2
38.707	332	3	3
38.472	333	2	2
38.707	334	2	3
38.589	335	1	2
38.707	336	1	3
38.707	337	4	1
38.824	338	2	2
38.954	339	2	3
38.824	340	1	1
38.954	341	4	1
39.058	342	3	1
39.188	343	2	1
39.292	344	1	2
39.423	345	1	3
39.292	346	4	1
39.423	347	3	1
39.527	348	4	1
39.657	349	1	1
39.761	350	3	2
39.891	351	3	3
39.761	352	4	1
39.891	353	2	1
39.996	354	1	1
40.126	355	3	1
40.230	356	2	1
40.230	357	4	2
40.360	358	4	3
40.360	359	1	1
40.464	360	2	1
40.595	361	3	1
40.699	362	4	1
40.699	363	1	2
40.829	364	1	3
40.829	365	2	1
40.933	366	4	1
41.063	367	3	1
41.167	368	2	2
41.298	369	2	3
41.167	370	1	1
41.298	371	4	1
41.402	372	3	1
41.532	373	1	1
41.636	374	3	2
41.766	375	3	3
41.636	376	4	1
41.766	377	2	1
41.871	378	1	1
41.988	379	2	1
41.988	380	3	1
42.105	381	4	2
42.235	382	4	3
42.235	383	3	1
42.339	384	1	1
42.339	385	2	1
42.470	386	4	1
42.574	387	2	2
42.808	388	2	3
42.574	389	1	1
42.704	390	3	1
42.808	391	1	1
42.808	392	4	1
42.938	393	2	1
43.042	394	3	2
43.277	395	3	3
43.042	396	4	1
43.173	397	2	1
43.277	398	4	1
43.277	399	1	1
43.407	400	3	1
43.511	401	1	1
43.511	402	2	1
43.628	403	2	1
43.628	404	1	1
43.746	405	3	1
43.746	406	4	1
43.863	407	4	1
43.863	408	3	1
43.980	409	1	2
44.449	410	1	3
44.019	411	2	1
44.058	412	3	1
44.097	413	4	2
44.449	414	4	3
44.449	415	2	2
45.152	416	2	3
44.449	417	3	2
44.800	418	3	3
44.917	419	3	2
45.152	420	3	3
45.386	421	4	1
45.503	422	4	1
45.621	423	1	1
45.738	424	1	1
45.855	425	3	1
45.855	426	2	1
45.914	427	4	1
46.089	428	4	1
46.148	429	3	1
46.324	430	4	2
46.480	431	4	3
46.324	432	2	1
46.324	433	1	2
46.636	434	1	3
46.636	435	4	1
46.792	436	1	1
46.792	437	2	1
46.792	438	3	1
47.027	439	4	1
47.027	440	2	1
47.183	441	4	1
47.235	442	1	1
47.261	443	2	1
47.261	444	3	1
47.496	445	3	1
47.626	446	3	1
47.626	447	2	1
47.730	448	1	1
47.860	449	3	1
47.860	450	4	1
47.964	451	2	1
48.095	452	4	1
48.095	453	1	1
48.199	454	3	2
48.511	455	3	3
48.199	456	2	2
48.355	457	2	3
48.667	458	4	1
48.667	459	2	1
48.667	460	1	1
48.902	461	3	1
48.902	462	2	2
49.019	463	2	3
49.110	464	3	1
49.136	465	4	2
49.371	466	4	3
49.136	467	1	2
49.253	468	1	3
49.501	469	3	1
49.501	470	1	1
49.605	471	2	1
49.722	472	4	1
49.839	473	1	1
49.839	474	4	1
49.957	475	4	1
50.074	476	2	2
50.230	477	2	3
50.074	478	1	2
50.386	479	1	3
50.542	480	4	1
50.542	481	1	1
50.542	482	2	1
50.777	483	2	1
50.777	484	3	1
51.011	485	4	1
51.011	486	1	1
51.128	487	4	1
51.350	488	2	1
51.376	489	1	1
51.480	490	3	1
51.610	491	4	1
51.610	492	1	1
51.714	493	2	1
51.845	494	3	1
51.845	495	4	1
51.949	496	2	2
52.261	497	2	3
51.949	498	3	1
51.949	499	1	2
52.105	500	1	3
52.417	501	4	2
52.574	502	4	3
52.417	503	1	2
52.730	504	1	3
52.417	505	2	1
52.626	506	3	1
52.652	507	2	1
52.886	508	4	2
53.199	509	4	3
52.886	510	3	2
53.042	511	3	3
52.886	512	1	1
53.251	513	1	1
53.251	514	2	1
53.355	515	4	1
53.355	516	3	1
53.472	517	1	1
53.589	518	4	1
53.589	519	1	1
53.707	520	1	1
53.707	521	3	1
53.824	522	3	2
54.136	523	3	3
53.824	524	2	1
53.824	525	4	2
53.980	526	4	3
54.292	527	1	1
54.292	528	3	1
54.292	529	2	1
54.527	530	4	1
54.527	531	2	1
54.683	532	4	1
54.735	533	1	1
54.761	534	3	1
54.761	535	2	1
54.996	536	3	1
55.126	537	3	1
55.126	538	2	1
55.230	539	1	1
55.360	540	4	1
55.360	541	3	1
55.464	542	2	1
55.595	543	1	1
55.595	544	4	1
55.699	545	2	2
55.855	546	2	3
55.699	547	3	2
56.011	548	3	3
56.167	549	1	1
56.167	550	4	1
56.167	551	2	1
56.402	552	3	1
56.402	553	2	2
56.519	554	2	3
56.610	555	3	1
56.636	556	4	2
56.871	557	4	3
56.636	558	1	2
56.753	559	1	3
57.001	560	3	1
57.001	561	2	1
57.105	562	4	1
57.235	563	1	1
57.235	564	2	1
57.339	565	3	1
57.470	566	4	1
57.470	567	1	1
57.574	568	2	2
57.886	569	2	3
57.574	570	3	2
57.730	571	3	3
58.042	572	3	1
58.042	573	1	1
58.042	574	4	1
58.277	575	2	1
58.277	576	3	1
58.511	577	4	1
58.511	578	1	1
58.628	579	1	1
58.876	580	3	1
58.902	581	4	1
58.980	582	2	1
59.110	583	1	1
59.110	584	4	1
59.214	585	3	1
59.345	586	2	1
59.345	587	1	1
59.449	588	4	1
59.449	589	3	2
60.985	590	3	3
59.917	591	1	2
59.970	592	1	3
60.152	593	4	2
60.204	594	4	3
60.386	595	2	2
60.438	596	2	3
60.621	597	4	2
60.985	598	4	3
60.751	599	1	2
60.803	600	1	3
60.985	601	2	2
61.037	602	2	3
61.089	603	4	1
61.220	604	3	2
61.272	605	3	3
61.324	606	1	2
61.636	607	1	3
61.324	608	4	1
61.324	609	2	2
61.480	610	2	3
61.558	611	3	1
61.792	612	3	2
62.027	613	3	3
61.792	614	2	1
61.792	615	1	1
62.027	616	4	1
62.027	617	2	1
62.183	618	3	1
62.235	619	1	1
62.261	620	2	1
62.261	621	4	2
62.496	622	4	3
62.496	623	3	1
62.626	624	3	1
62.626	625	2	1
62.730	626	1	2
62.964	627	1	3
62.860	628	4	1
62.860	629	3	1
62.964	630	2	1
63.095	631	4	1
63.095	632	1	1
63.199	633	2	2
63.355	634	2	3
63.199	635	3	2
63.511	636	3	3
63.433	637	1	1
63.667	638	2	1
63.667	639	1	2
63.902	640	1	3
63.667	641	4	1
63.902	642	3	1
63.902	643	2	2
64.019	644	2	3
64.110	645	3	1
64.136	646	1	2
64.253	647	1	3
64.136	648	4	2
64.371	649	4	3
64.371	650	2	1
64.501	651	1	1
64.501	652	3	1
64.605	653	2	2
64.839	654	2	3
64.722	655	4	1
64.839	656	4	1
64.839	657	1	1
64.957	658	4	1
65.074	659	2	2
65.386	660	2	3
65.074	661	1	2
65.386	662	1	3
65.308	663	3	1
65.542	664	1	2
65.855	665	1	3
65.542	666	2	1
65.542	667	4	2
65.855	668	4	3
65.777	669	3	1
65.777	670	2	1
66.011	671	1	2
66.246	672	1	3
66.011	673	4	1
66.128	674	4	1
66.246	675	3	1
66.350	676	2	1
66.376	677	1	1
66.480	678	3	2
66.714	679	3	3
66.610	680	4	1
66.610	681	1	1
66.714	682	2	1
66.845	683	3	1
66.845	684	4	1
66.949	685	2	2
67.261	686	2	3
66.949	687	4	1
66.949	688	1	2
67.261	689	1	3
67.183	690	3	1
67.417	691	1	2
67.730	692	1	3
67.417	693	4	2
67.730	694	4	3
67.417	695	2	1
67.626	696	3	1
67.652	697	2	1
67.886	698	4	2
68.199	699	4	3
67.886	700	3	2
68.042	701	3	3
67.886	702	1	1
68.121	703	2	1
68.251	704	3	1
68.251	705	1	1
68.355	706	2	1
68.355	707	1	1
68.472	708	3	1
68.472	709	4	1
68.589	710	1	1
68.707	711	4	1
68.824	712	4	2
68.980	713	4	3
68.824	714	3	2
69.136	715	3	3
68.824	716	2	1
69.058	717	1	1
69.292	718	2	1
69.292	719	1	2
69.527	720	1	3
69.292	721	3	1
69.527	722	4	1
69.527	723	2	1
69.683	724	3	1
69.735	725	1	1
69.761	726	2	1
69.761	727	4	2
69.996	728	4	3
69.996	729	3	1
70.126	730	2	1
70.126	731	3	1
70.230	732	1	2
70.464	733	1	3
70.360	734	4	1
70.360	735	3	1
70.464	736	2	1
70.595	737	4	1
70.595	738	1	1
70.699	739	2	2
70.855	740	2	3
70.699	741	3	2
71.011	742	3	3
70.933	743	1	1
71.167	744	2	1
71.167	745	4	2
71.402	746	4	3
71.167	747	1	1
71.402	748	3	1
71.402	749	2	2
71.519	750	2	3
71.610	751	3	1
71.636	752	4	2
71.871	753	4	3
71.636	754	1	2
71.753	755	1	3
71.871	756	1	1
72.001	757	3	1
72.001	758	2	1
72.105	759	4	2
72.339	760	4	3
72.235	761	2	1
72.235	762	1	1
72.339	763	3	1
72.470	764	1	1
72.470	765	4	1
72.574	766	2	2
72.886	767	2	3
72.574	768	3	2
72.886	769	3	3
72.808	770	1	1
73.042	771	1	2
73.355	772	1	3
73.042	773	4	2
73.355	774	4	3
73.042	775	3	1
73.277	776	2	1
73.277	777	3	1
73.511	778	1	1
73.511	779	4	2
73.746	780	4	3
73.628	781	1	1
73.746	782	2	1
73.876	783	3	1
73.902	784	4	1
73.980	785	2	2
74.214	786	2	3
74.110	787	4	1
74.110	788	1	1
74.214	789	3	1
74.345	790	2	1
74.345	791	1	1
74.449	792	3	2
74.761	793	3	3
74.449	794	1	1
74.449	795	4	2
74.761	796	4	3
74.683	797	2	1
74.917	798	4	2
75.230	799	4	3
74.917	800	1	2
75.230	801	1	3
74.917	802	3	1
75.152	803	2	1
75.152	804	3	1
75.386	805	2	2
75.621	806	2	3
75.386	807	4	1
75.386	808	1	1
75.621	809	3	1
75.751	810	1	1
75.751	811	2	1
75.751	812	3	1
75.855	813	4	1
75.985	814	2	1
75.985	815	1	1
76.089	816	4	1
76.089	817	1	1
76.089	818	3	1
76.220	819	3	1
76.220	820	4	1
76.324	821	2	2
77.027	822	2	3
77.261	823	3	1
77.378	824	3	1
77.496	825	2	1
77.613	826	2	1
77.730	827	1	1
77.730	828	4	1
77.730	829	3	1
78.199	830	2	1
78.199	831	1	2
78.667	832	1	3
78.667	833	4	1
79.371	834	3	1
79.605	835	2	1
79.839	836	1	1
80.074	837	4	2
80.542	838	4	3
80.074	839	3	1
81.949	840	2	2
82.417	841	2	3
81.949	842	1	1
82.417	843	3	1
83.121	844	2	1
83.355	845	4	1
83.589	846	1	1
83.824	847	3	2
84.292	848	3	3
83.824	849	4	1
85.699	850	2	1
85.699	851	1	2
86.167	852	1	3
86.167	853	3	2
86.402	854	3	3
86.636	855	4	2
86.871	856	4	3
86.871	857	2	1
87.105	858	3	2
87.339	859	3	3
87.339	860	1	1
87.574	861	3	1
87.574	862	4	2
88.042	863	4	3
88.511	864	1	1
88.980	865	3	1
89.449	866	1	1
89.449	867	2	2
89.917	868	2	3
89.917	869	3	2
90.152	870	3	3
90.386	871	4	2
90.621	872	4	3
90.621	873	1	1
90.855	874	3	2
91.089	875	3	3
91.089	876	2	1
91.324	877	3	2
91.792	878	3	3
91.324	879	4	1
92.261	880	2	2
92.730	881	2	3
92.496	882	3	1
92.730	883	4	1
92.730	884	1	1
92.730	885	3	1
93.199	886	4	2
93.433	887	4	3
93.199	888	1	1
93.433	889	2	2
93.550	890	2	3
93.667	891	2	2
93.902	892	2	3
93.667	893	4	1
93.902	894	3	1
93.902	895	1	2
94.019	896	1	3
94.136	897	3	2
94.605	898	3	3
94.371	899	1	1
94.605	900	1	1
94.605	901	4	1
95.074	902	1	2
95.308	903	1	3
95.074	904	4	1
95.308	905	3	2
95.425	906	3	3
95.425	907	2	1
95.542	908	4	1
95.542	909	3	2
95.660	910	3	3
95.777	911	2	2
96.011	912	2	3
95.777	913	1	1
96.011	914	4	2
96.480	915	4	3
96.246	916	1	1
96.480	917	2	1
96.480	918	1	1
96.949	919	3	2
97.183	920	3	3
96.949	921	2	1
97.183	922	1	2
97.300	923	1	3
97.417	924	1	2
97.652	925	1	3
97.417	926	3	1
97.652	927	2	1
97.652	928	4	2
97.769	929	4	3
97.886	930	2	2
98.355	931	2	3
98.121	932	4	1
98.355	933	4	1
98.355	934	1	1
98.824	935	2	2
99.058	936	2	3
98.824	937	3	1
99.058	938	4	2
99.175	939	4	3
99.175	940	1	1
99.292	941	2	2
99.410	942	2	3
99.292	943	4	1
99.527	944	1	1
99.527	945	3	2
99.644	946	3	3
99.761	947	2	2
100.230	948	2	3
99.996	949	4	1
100.230	950	3	1
100.230	951	4	1
100.230	952	1	1
100.699	953	1	1
100.699	954	4	2
100.933	955	4	3
100.933	956	2	2
101.050	957	2	3
101.167	958	4	1
101.167	959	2	2
101.402	960	2	3
101.402	961	1	2
101.519	962	1	3
101.402	963	3	1
101.636	964	3	2
102.105	965	3	3
101.871	966	2	1
102.105	967	1	1
102.105	968	2	1
102.574	969	4	1
102.574	970	1	2
102.808	971	1	3
102.808	972	3	2
102.925	973	3	3
102.925	974	2	1
103.042	975	4	1
103.042	976	3	2
103.277	977	3	3
103.277	978	2	2
103.394	979	2	3
103.277	980	1	1
103.511	981	4	2
103.980	982	4	3
103.746	983	1	1
103.980	984	2	1
103.980	985	1	1
104.449	986	2	1
104.449	987	3	2
104.683	988	3	3
104.683	989	1	2
104.800	990	1	3
104.917	991	3	1
104.917	992	1	2
105.152	993	1	3
105.152	994	4	2
105.386	995	4	3
105.152	996	2	1
105.386	997	2	2
105.855	998	2	3
105.621	999	3	1
105.855	1000	4	1
105.855	1001	3	1
106.324	1002	2	2
106.558	1003	2	3
106.324	1004	3	1
106.558	1005	4	2
106.675	1006	4	3
106.675	1007	1	1
106.792	1008	4	1
106.792	1009	2	2
106.910	1010	2	3
107.027	1011	3	2
107.144	1012	3	3
107.027	1013	1	1
107.261	1014	2	2
107.496	1015	2	3
107.261	1016	1	1
107.496	1017	4	1
107.626	1018	3	1
107.626	1019	2	1
107.730	1020	4	1
107.730	1021	1	1
107.860	1022	2	1
107.964	1023	3	2
108.433	1024	3	3
107.964	1025	4	1
108.095	1026	1	1
108.199	1027	4	2
108.433	1028	4	3
108.316	1029	2	1
108.433	1030	1	1
108.550	1031	2	1
108.667	1032	4	1
108.902	1033	1	1
108.902	1034	2	2
109.371	1035	2	3
109.136	1036	1	2
109.371	1037	1	3
109.253	1038	3	1
109.371	1039	4	1
109.488	1040	3	1
109.605	1041	1	1
109.839	1042	3	1
109.839	1043	4	2
110.308	1044	4	3
110.074	1045	3	2
110.308	1046	3	3
110.191	1047	2	1
110.308	1048	1	1
110.425	1049	2	1
110.542	1050	3	1
110.777	1051	2	2
111.246	1052	2	3
111.011	1053	3	1
111.128	1054	1	1
111.246	1055	4	2
111.480	1056	4	3
111.363	1057	3	1
111.480	1058	2	1
111.714	1059	4	1
111.714	1060	3	2
112.183	1061	3	3
111.949	1062	4	2
112.183	1063	4	3
112.066	1064	2	1
112.183	1065	1	1
112.300	1066	2	1
112.417	1067	4	1
112.652	1068	1	1
112.652	1069	2	2
113.121	1070	2	3
112.886	1071	1	2
113.121	1072	1	3
113.003	1073	3	1
113.121	1074	4	1
113.238	1075	3	1
113.355	1076	1	1
113.589	1077	3	1
113.589	1078	4	2
114.058	1079	4	3
113.824	1080	3	2
114.058	1081	3	3
113.941	1082	2	1
114.058	1083	1	1
114.175	1084	2	1
114.292	1085	3	1
114.527	1086	2	2
114.996	1087	2	3
114.761	1088	3	1
114.878	1089	1	1
114.996	1090	4	2
115.230	1091	4	3
115.113	1092	3	1
115.230	1093	2	1
115.464	1094	3	2
115.699	1095	3	3
115.699	1096	2	1
115.699	1097	1	2
115.816	1098	1	3
115.816	1099	4	2
115.933	1100	4	3
115.933	1101	1	2
116.167	1102	1	3
116.167	1103	3	2
116.285	1104	3	3
116.402	1105	4	2
116.519	1106	4	3
116.519	1107	1	2
116.636	1108	1	3
116.636	1109	4	2
116.871	1110	4	3
116.871	1111	3	2
117.105	1112	3	3
117.105	1113	1	1
117.339	1114	3	2
117.457	1115	3	3
117.457	1116	2	2
117.574	1117	2	3
117.574	1118	3	2
117.808	1119	3	3
117.574	1120	4	1
117.808	1121	1	2
118.042	1122	1	3
118.042	1123	3	2
118.160	1124	3	3
118.160	1125	2	2
118.277	1126	2	3
118.277	1127	3	2
118.394	1128	3	3
118.394	1129	1	2
118.511	1130	1	3
118.511	1131	4	2
118.746	1132	4	3
118.746	1133	3	2
118.980	1134	3	3
118.980	1135	2	1
119.214	1136	4	2
119.332	1137	4	3
119.332	1138	1	2
119.449	1139	1	3
119.449	1140	4	2
119.683	1141	4	3
119.449	1142	3	1
119.683	1143	2	2
119.917	1144	2	3
119.917	1145	3	2
120.152	1146	3	3
120.152	1147	1	2
120.269	1148	1	3
120.269	1149	4	2
120.386	1150	4	3
120.386	1151	1	2
120.621	1152	1	3
120.621	1153	3	2
120.855	1154	3	3
120.855	1155	2	1
121.089	1156	4	1
121.207	1157	3	1
121.324	1158	2	2
121.480	1159	2	3
121.324	1160	1	2
121.636	1161	1	3
121.792	1162	4	2
121.845	1163	4	3
122.027	1164	1	2
122.079	1165	1	3
122.261	1166	4	2
122.313	1167	4	3
122.626	1168	3	2
122.678	1169	3	3
122.860	1170	2	2
122.912	1171	2	3
123.095	1172	3	2
123.147	1173	3	3
123.199	1174	4	1
123.199	1175	1	2
123.433	1176	1	3
123.667	1177	2	2
123.902	1178	2	3
124.136	1179	3	2
124.371	1180	3	3
124.605	1181	4	2
124.839	1182	4	3
125.074	1183	2	1
125.074	1184	1	2
125.308	1185	1	3
125.542	1186	2	2
125.777	1187	2	3
126.011	1188	3	2
126.246	1189	3	3
126.480	1190	4	2
126.714	1191	4	3
126.949	1192	4	2
127.417	1193	4	3
126.949	1194	2	1
127.417	1195	1	2
127.652	1196	1	3
127.886	1197	3	2
128.355	1198	3	3
128.355	1199	2	2
128.589	1200	2	3
128.824	1201	3	1
128.824	1202	4	2
129.292	1203	4	3
129.292	1204	1	2
129.527	1205	1	3
129.761	1206	3	2
130.230	1207	3	3
130.230	1208	2	2
130.464	1209	2	3
130.699	1210	1	2
130.933	1211	1	3
130.699	1212	4	1
131.167	1213	2	2
131.402	1214	2	3
131.636	1215	3	2
131.871	1216	3	3
132.105	1217	4	2
132.339	1218	4	3
132.574	1219	2	1
132.574	1220	1	2
132.808	1221	1	3
133.042	1222	2	2
133.277	1223	2	3
133.511	1224	3	2
133.746	1225	3	3
133.980	1226	4	2
134.214	1227	4	3
134.449	1228	2	1
134.449	1229	4	2
134.917	1230	4	3
134.917	1231	1	2
135.152	1232	1	3
135.386	1233	3	2
135.855	1234	3	3
135.855	1235	2	2
136.089	1236	2	3
136.324	1237	4	2
136.792	1238	4	3
136.324	1239	3	1
136.792	1240	1	2
137.027	1241	1	3
137.261	1242	3	2
137.730	1243	3	3
137.730	1244	2	2
137.964	1245	2	3
137.730	1246	4	1
138.199	1247	1	2
138.433	1248	1	3
138.199	1249	4	1
138.667	1250	2	2
138.902	1251	2	3
138.667	1252	3	1
138.902	1253	1	1
139.110	1254	4	1
139.136	1255	3	2
139.371	1256	3	3
139.136	1257	2	1
139.501	1258	2	1
139.605	1259	4	2
139.839	1260	4	3
139.605	1261	3	1
139.735	1262	1	1
139.970	1263	4	1
140.074	1264	2	1
140.074	1265	1	2
140.308	1266	1	3
140.542	1267	3	1
140.542	1268	2	2
140.777	1269	2	3
140.777	1270	4	1
140.985	1271	1	1
141.011	1272	4	1
141.011	1273	3	2
141.246	1274	3	3
141.376	1275	2	1
141.480	1276	1	1
141.480	1277	4	2
141.714	1278	4	3
141.610	1279	3	1
141.845	1280	1	1
141.949	1281	4	2
142.417	1282	4	3
141.949	1283	3	1
142.417	1284	1	2
142.652	1285	1	3
142.417	1286	2	1
142.652	1287	4	1
142.886	1288	3	2
143.121	1289	3	3
142.886	1290	2	1
143.251	1291	4	1
143.277	1292	3	1
143.355	1293	1	1
143.355	1294	2	2
143.589	1295	2	3
143.485	1296	4	1
143.720	1297	1	1
143.824	1298	4	2
144.292	1299	4	3
143.824	1300	2	1
144.292	1301	1	2
144.527	1302	1	3
144.292	1303	3	1
144.501	1304	4	1
144.527	1305	2	1
144.761	1306	1	1
144.761	1307	3	2
144.996	1308	3	3
144.996	1309	4	1
145.113	1310	4	1
145.230	1311	2	1
145.230	1312	3	2
145.582	1313	3	3
145.347	1314	2	2
145.582	1315	2	3
145.464	1316	1	2
145.582	1317	1	3
145.582	1318	4	1
145.699	1319	1	1
145.699	1320	2	2
145.829	1321	2	3
145.829	1322	4	1
145.933	1323	3	1
146.063	1324	2	1
146.167	1325	1	2
146.298	1326	1	3
146.167	1327	4	1
146.298	1328	3	1
146.402	1329	4	1
146.532	1330	1	1
146.636	1331	3	2
146.766	1332	3	3
146.636	1333	4	1
146.766	1334	2	1
146.871	1335	1	1
147.001	1336	3	1
147.105	1337	4	2
147.235	1338	4	3
147.105	1339	2	1
147.235	1340	1	1
147.339	1341	2	1
147.470	1342	3	1
147.574	1343	4	1
147.574	1344	1	2
147.704	1345	1	3
147.704	1346	2	1
147.808	1347	4	1
147.938	1348	3	1
148.042	1349	2	2
148.173	1350	2	3
148.042	1351	1	1
148.173	1352	4	1
148.277	1353	3	1
148.407	1354	1	1
148.511	1355	4	1
148.511	1356	3	2
148.641	1357	3	3
148.641	1358	2	1
148.746	1359	1	1
148.863	1360	3	1
148.863	1361	2	1
148.980	1362	4	2
149.110	1363	4	3
149.110	1364	3	1
149.214	1365	1	1
149.214	1366	2	1
149.345	1367	4	1
149.449	1368	1	1
149.449	1369	2	2
149.683	1370	2	3
149.579	1371	3	1
149.683	1372	1	1
149.683	1373	4	1
149.813	1374	2	1
149.917	1375	3	2
150.152	1376	3	3
149.917	1377	4	1
150.048	1378	2	1
150.152	1379	4	1
150.152	1380	1	1
150.282	1381	3	1
150.386	1382	2	1
150.386	1383	1	1
150.503	1384	1	1
150.503	1385	2	1
150.621	1386	3	1
150.621	1387	4	1
150.738	1388	4	1
150.738	1389	3	1
150.855	1390	1	2
151.324	1391	1	3
150.894	1392	2	1
150.933	1393	3	1
150.972	1394	4	2
151.324	1395	4	3
151.324	1396	2	2
151.675	1397	2	3
151.324	1398	3	2
152.027	1399	3	3
151.792	1400	2	2
152.027	1401	2	3
152.261	1402	4	1
152.378	1403	4	1
152.496	1404	1	1
152.613	1405	1	1
152.730	1406	2	1
152.730	1407	3	1
152.789	1408	4	1
152.964	1409	4	1
153.023	1410	3	1
153.199	1411	1	2
153.667	1412	1	3
153.199	1413	4	2
153.433	1414	4	3
153.667	1415	2	2
153.746	1416	2	3
153.902	1417	3	2
153.980	1418	3	3
154.110	1419	4	2
154.371	1420	4	3
154.136	1421	1	2
154.371	1422	1	3
154.501	1423	3	2
154.735	1424	3	3
154.735	1425	2	2
154.970	1426	2	3
154.970	1427	1	2
155.074	1428	1	3
155.074	1429	3	1
155.074	1430	4	2
155.542	1431	4	3
155.542	1432	3	2
155.621	1433	3	3
155.777	1434	2	2
155.855	1435	2	3
155.985	1436	1	1
156.011	1437	4	1
156.011	1438	3	1
156.376	1439	3	1
156.376	1440	2	1
156.480	1441	1	1
156.597	1442	4	1
156.714	1443	4	1
156.714	1444	2	1
156.832	1445	4	1
156.949	1446	2	2
157.105	1447	2	3
156.949	1448	3	1
156.949	1449	1	2
157.261	1450	1	3
157.417	1451	1	1
157.417	1452	2	1
157.417	1453	4	1
157.652	1454	2	1
157.652	1455	3	1
157.886	1456	1	1
157.886	1457	4	1
158.003	1458	4	1
158.225	1459	2	1
158.251	1460	1	1
158.355	1461	3	1
158.485	1462	1	1
158.485	1463	4	1
158.589	1464	2	1
158.720	1465	3	1
158.720	1466	4	1
158.824	1467	2	2
159.136	1468	2	3
158.824	1469	3	1
158.824	1470	1	2
158.980	1471	1	3
159.292	1472	4	2
159.449	1473	4	3
159.292	1474	2	1
159.292	1475	1	2
159.605	1476	1	3
159.501	1477	3	1
159.527	1478	2	1
159.761	1479	1	1
159.761	1480	4	2
160.074	1481	4	3
159.761	1482	3	2
159.917	1483	3	3
160.126	1484	1	1
160.126	1485	2	1
160.230	1486	3	1
160.230	1487	4	1
160.347	1488	1	1
160.464	1489	1	1
160.464	1490	4	1
160.582	1491	3	1
160.582	1492	1	1
160.699	1493	4	2
160.855	1494	4	3
160.699	1495	2	1
160.699	1496	3	2
161.011	1497	3	3
161.167	1498	2	1
161.167	1499	3	1
161.167	1500	1	1
161.402	1501	4	1
161.402	1502	2	1
161.558	1503	4	1
161.610	1504	1	1
161.636	1505	3	1
161.636	1506	2	1
161.871	1507	3	1
162.001	1508	2	1
162.001	1509	3	1
162.105	1510	1	1
162.235	1511	3	1
162.235	1512	4	1
162.339	1513	2	1
162.470	1514	1	1
162.470	1515	4	1
162.574	1516	2	2
162.730	1517	2	3
162.574	1518	3	2
162.886	1519	3	3
163.042	1520	4	1
163.042	1521	2	1
163.042	1522	1	1
163.277	1523	3	1
163.277	1524	2	2
163.394	1525	2	3
163.485	1526	3	1
163.511	1527	4	2
163.746	1528	4	3
163.511	1529	1	2
163.628	1530	1	3
163.876	1531	3	1
163.876	1532	2	1
163.980	1533	4	1
164.110	1534	1	1
164.110	1535	2	1
164.214	1536	3	1
164.345	1537	1	1
164.345	1538	4	1
164.449	1539	2	2
164.761	1540	2	3
164.449	1541	3	2
164.605	1542	3	3
164.917	1543	1	1
164.917	1544	3	1
164.917	1545	4	1
165.152	1546	2	1
165.152	1547	3	1
165.386	1548	1	1
165.386	1549	4	1
165.503	1550	1	1
165.751	1551	3	1
165.777	1552	4	1
165.855	1553	2	1
165.985	1554	4	1
165.985	1555	1	1
166.089	1556	3	1
166.220	1557	1	1
166.220	1558	2	1
166.324	1559	3	2
167.990	1560	3	3
166.324	1561	4	1
166.792	1562	1	2
166.845	1563	1	3
167.027	1564	4	2
167.079	1565	4	3
167.261	1566	2	2
167.313	1567	2	3
167.496	1568	4	2
167.990	1569	4	3
167.626	1570	1	2
167.678	1571	1	3
167.860	1572	2	2
167.912	1573	2	3
168.095	1574	3	2
168.147	1575	3	3
168.199	1576	1	2
168.563	1577	1	3
168.199	1578	4	2
168.433	1579	4	3
168.433	1580	2	2
168.563	1581	2	3
168.667	1582	2	1
168.667	1583	1	1
168.667	1584	3	2
168.902	1585	3	3
168.902	1586	4	1
168.902	1587	2	1
169.058	1588	3	1
169.110	1589	1	1
169.136	1590	4	2
169.371	1591	4	3
169.136	1592	2	1
169.371	1593	3	1
169.501	1594	2	1
169.501	1595	3	1
169.605	1596	1	2
169.839	1597	1	3
169.735	1598	4	1
169.735	1599	3	1
169.839	1600	2	1
169.970	1601	1	1
169.970	1602	4	1
170.074	1603	2	2
170.230	1604	2	3
170.074	1605	3	2
170.386	1606	3	3
170.308	1607	1	1
170.542	1608	4	1
170.542	1609	2	1
170.542	1610	1	2
170.777	1611	1	3
170.777	1612	3	1
170.777	1613	2	2
170.894	1614	2	3
170.985	1615	3	1
171.011	1616	4	2
171.246	1617	4	3
171.011	1618	1	2
171.128	1619	1	3
171.246	1620	2	1
171.376	1621	3	1
171.376	1622	1	1
171.480	1623	2	2
171.714	1624	2	3
171.597	1625	4	1
171.714	1626	1	1
171.714	1627	4	1
171.832	1628	4	1
171.949	1629	1	2
172.261	1630	1	3
171.949	1631	2	2
172.261	1632	2	3
172.183	1633	3	1
172.417	1634	1	2
172.730	1635	1	3
172.417	1636	2	1
172.417	1637	4	2
172.730	1638	4	3
172.652	1639	2	1
172.652	1640	3	1
172.886	1641	1	2
173.121	1642	1	3
172.886	1643	4	1
173.003	1644	4	1
173.121	1645	3	1
173.225	1646	2	1
173.251	1647	1	1
173.355	1648	3	2
173.589	1649	3	3
173.485	1650	4	1
173.485	1651	1	1
173.589	1652	2	1
173.720	1653	4	1
173.720	1654	3	1
173.824	1655	2	2
174.136	1656	2	3
173.824	1657	1	2
174.136	1658	1	3
173.824	1659	4	1
174.058	1660	3	1
174.292	1661	2	1
174.292	1662	4	2
174.605	1663	4	3
174.292	1664	1	2
174.605	1665	1	3
174.501	1666	3	1
174.527	1667	2	1
174.761	1668	4	2
175.074	1669	4	3
174.761	1670	1	1
174.761	1671	3	2
174.917	1672	3	3
174.996	1673	2	1
175.126	1674	1	1
175.126	1675	3	1
175.230	1676	1	1
175.230	1677	2	1
175.347	1678	3	1
175.347	1679	4	1
175.464	1680	1	1
175.582	1681	4	1
175.699	1682	3	2
176.011	1683	3	3
175.699	1684	4	2
175.855	1685	4	3
175.699	1686	2	1
175.933	1687	1	1
176.167	1688	1	2
176.402	1689	1	3
176.167	1690	2	1
176.167	1691	3	1
176.402	1692	4	1
176.402	1693	2	1
176.558	1694	3	1
176.610	1695	1	1
176.636	1696	2	1
176.636	1697	4	2
176.871	1698	4	3
176.871	1699	3	1
177.001	1700	3	1
177.001	1701	2	1
177.105	1702	1	2
177.339	1703	1	3
177.235	1704	3	1
177.235	1705	4	1
177.339	1706	2	1
177.470	1707	4	1
177.470	1708	1	1
177.574	1709	2	2
177.730	1710	2	3
177.574	1711	3	2
177.886	1712	3	3
177.808	1713	1	1
178.042	1714	2	1
178.042	1715	4	2
178.277	1716	4	3
178.042	1717	1	1
178.277	1718	3	1
178.277	1719	2	2
178.394	1720	2	3
178.485	1721	3	1
178.511	1722	1	2
178.628	1723	1	3
178.511	1724	4	2
178.746	1725	4	3
178.746	1726	1	1
178.876	1727	3	1
178.876	1728	2	1
178.980	1729	4	2
179.214	1730	4	3
179.110	1731	2	1
179.110	1732	1	1
179.214	1733	3	1
179.345	1734	1	1
179.345	1735	4	1
179.449	1736	2	2
179.761	1737	2	3
179.449	1738	3	2
179.761	1739	3	3
179.683	1740	1	1
179.917	1741	3	1
179.917	1742	1	2
180.230	1743	1	3
179.917	1744	4	2
180.230	1745	4	3
180.152	1746	2	1
180.152	1747	3	1
180.386	1748	1	1
180.386	1749	4	2
180.621	1750	4	3
180.503	1751	1	1
180.621	1752	2	1
180.751	1753	3	1
180.777	1754	4	1
180.855	1755	2	2
181.089	1756	2	3
180.985	1757	4	1
180.985	1758	1	1
181.089	1759	3	1
181.220	1760	2	1
181.220	1761	1	1
181.324	1762	3	2
181.636	1763	3	3
181.324	1764	4	2
181.636	1765	4	3
181.324	1766	1	1
181.558	1767	2	1
181.792	1768	1	2
182.105	1769	1	3
181.792	1770	4	1
182.027	1771	2	1
182.027	1772	3	1
182.261	1773	2	2
182.496	1774	2	3
182.261	1775	1	1
182.626	1776	4	1
182.626	1777	1	1
182.730	1778	3	1
182.730	1779	4	1
182.860	1780	1	1
182.860	1781	2	1
183.095	1782	3	1
183.095	1783	2	1
183.199	1784	1	2
183.550	1785	1	3
183.199	1786	4	2
183.667	1787	4	3
183.667	1788	1	2
183.785	1789	1	3
183.902	1790	2	2
184.019	1791	2	3
184.136	1792	4	2
184.371	1793	4	3
184.488	1794	3	2
184.722	1795	3	3
184.722	1796	2	2
184.957	1797	2	3
184.957	1798	1	2
185.074	1799	1	3
185.074	1800	4	2
185.542	1801	4	3
185.074	1802	3	2
185.425	1803	3	3
185.542	1804	1	2
185.660	1805	1	3
185.777	1806	2	2
186.011	1807	2	3
186.011	1808	4	2
186.246	1809	4	3
186.363	1810	3	2
186.597	1811	3	3
186.597	1812	2	2
186.832	1813	2	3
186.832	1814	4	2
186.949	1815	4	3
186.949	1816	1	2
187.417	1817	1	3
186.949	1818	2	2
187.300	1819	2	3
187.417	1820	3	2
187.535	1821	3	3
187.652	1822	2	2
187.769	1823	2	3
187.886	1824	4	2
188.121	1825	4	3
188.238	1826	1	2
188.472	1827	1	3
188.472	1828	3	2
188.707	1829	3	3
188.707	1830	4	2
188.824	1831	4	3
188.824	1832	1	2
189.292	1833	1	3
188.824	1834	2	2
189.175	1835	2	3
189.292	1836	2	2
189.410	1837	2	3
189.527	1838	4	2
189.761	1839	4	3
189.761	1840	1	2
189.996	1841	1	3
190.113	1842	3	2
190.347	1843	3	3
190.347	1844	1	2
190.582	1845	1	3
190.582	1846	2	2
190.699	1847	2	3
190.699	1848	4	2
191.167	1849	4	3
190.699	1850	3	2
191.050	1851	3	3
191.167	1852	1	2
191.285	1853	1	3
191.402	1854	2	2
191.519	1855	2	3
191.636	1856	4	2
191.871	1857	4	3
191.988	1858	3	2
192.222	1859	3	3
192.222	1860	2	2
192.457	1861	2	3
192.457	1862	1	2
192.574	1863	1	3
192.574	1864	4	2
193.042	1865	4	3
192.574	1866	3	2
192.925	1867	3	3
193.042	1868	1	2
193.160	1869	1	3
193.277	1870	2	2
193.511	1871	2	3
193.511	1872	4	2
193.746	1873	4	3
193.863	1874	3	2
194.097	1875	3	3
194.097	1876	2	2
194.332	1877	2	3
194.332	1878	4	2
194.449	1879	4	3
194.449	1880	1	2
194.917	1881	1	3
194.449	1882	2	2
194.800	1883	2	3
194.917	1884	3	2
195.035	1885	3	3
195.152	1886	2	2
195.269	1887	2	3
195.386	1888	4	2
195.621	1889	4	3
195.738	1890	1	2
195.972	1891	1	3
195.972	1892	3	2
196.207	1893	3	3
196.207	1894	4	2
196.324	1895	4	3
196.324	1896	2	2
196.675	1897	2	3
196.324	1898	1	2
196.792	1899	1	3
196.792	1900	2	2
196.910	1901	2	3
197.027	1902	4	2
197.261	1903	4	3
197.261	1904	1	2
197.496	1905	1	3
197.261	1906	2	2
197.730	1907	2	3
197.496	1908	3	2
197.730	1909	3	3
197.730	1910	1	2
198.199	1911	1	3
197.730	1912	4	2
197.964	1913	4	3
197.964	1914	2	2
198.199	1915	2	3
198.199	1916	3	2
201.949	1917	3	3
198.199	1918	4	2
200.074	1919	4	3