Song Name	Dune by Creo
Difficulty	12
Primary Color	Beat
Secondary Color	Chill
Audio Asset ID	rbxassetid://9059454856
Audio File	9059454856.ogg
Last Note Time	136.973
Total Notes	654
Fever Fill	193
Fever Time	20.545950
Long Notes	76
BPM	170
Song Length	137.973000000

Timing Points
1.797	352.941176
35.679	352.941176
58.267	352.941176
80.855	352.941176
103.444	352.941176


Song Data
0.385	1	4	1
0.914	2	3	1
1.444	3	2	1
1.796	4	1	2
1.973	5	2	1
2.149	6	4	1
2.326	7	3	2
2.326	8	1	3
2.502	9	2	1
2.855	10	4	2
2.855	11	3	3
3.091	12	1	1
3.208	13	2	1
3.208	14	4	3
3.444	15	3	1
3.561	16	2	1
3.796	17	1	1
3.914	18	4	1
4.267	19	3	2
4.488	20	4	1
4.620	21	2	1
4.620	22	3	3
4.796	23	4	2
4.973	24	1	1
5.326	25	2	1
5.326	26	4	3
5.679	27	1	1
5.914	28	3	1
6.032	29	4	2
6.267	30	2	1
6.385	31	1	1
6.620	32	3	1
6.620	33	4	3
6.738	34	2	2
7.091	35	3	2
7.091	36	2	3
7.311	37	4	1
7.444	38	1	2
7.444	39	3	3
7.620	40	2	1
7.796	41	3	1
8.149	42	4	1
8.738	43	3	1
8.855	44	4	1
8.855	45	1	3
9.091	46	3	1
9.208	47	2	1
9.444	48	1	1
9.561	49	4	1
10.135	50	3	1
10.267	51	2	1
10.620	52	1	1
10.973	53	4	1
11.561	54	3	1
11.679	55	1	2
11.914	56	3	1
12.032	57	2	2
12.032	58	1	3
12.267	59	4	1
12.385	60	3	2
12.385	61	2	3
12.738	62	4	1
12.738	63	3	3
12.958	64	3	1
13.091	65	1	2
13.267	66	2	1
13.444	67	4	1
13.620	68	3	2
13.620	69	1	3
13.796	70	2	1
14.149	71	4	2
14.149	72	3	3
14.385	73	1	1
14.502	74	2	1
14.502	75	4	3
14.738	76	3	1
14.855	77	2	1
15.091	78	1	1
15.208	79	4	1
15.561	80	3	2
15.782	81	4	1
15.914	82	2	1
15.914	83	3	3
16.091	84	4	2
16.267	85	1	1
16.620	86	2	1
16.620	87	4	3
16.973	88	1	1
17.208	89	3	1
17.326	90	4	2
17.561	91	2	1
17.679	92	1	1
17.914	93	3	1
17.914	94	4	3
18.032	95	2	2
18.385	96	3	2
18.385	97	2	3
18.605	98	4	1
18.738	99	1	2
18.738	100	3	3
18.914	101	2	1
19.091	102	3	1
19.444	103	4	1
20.032	104	3	1
20.149	105	4	1
20.149	106	1	3
20.385	107	3	1
20.502	108	2	1
20.738	109	1	1
20.855	110	4	1
21.429	111	2	1
21.561	112	4	2
23.679	113	2	2
23.679	114	4	3
24.385	115	1	2
24.385	116	2	3
24.561	117	3	1
24.738	118	2	2
24.738	119	1	3
24.914	120	4	1
25.091	121	3	2
25.091	122	2	3
25.444	123	1	2
25.444	124	3	3
25.620	125	2	1
25.796	126	4	2
25.796	127	1	3
25.973	128	1	1
26.149	129	3	2
26.149	130	4	3
26.502	131	2	2
26.502	132	3	3
26.679	133	3	1
26.855	134	4	2
26.855	135	2	3
27.208	136	1	2
27.208	137	4	3
27.385	138	3	1
27.561	139	2	1
27.738	140	3	1
27.914	141	4	1
28.267	142	3	1
28.267	143	1	3
28.444	144	2	1
28.620	145	3	1
28.796	146	1	1
28.973	147	4	1
29.326	148	3	1
29.502	149	2	1
29.679	150	1	1
29.679	151	4	1
30.032	152	3	1
30.208	153	2	1
30.385	154	3	1
30.561	155	1	1
30.738	156	4	1
31.091	157	3	1
31.267	158	2	1
31.444	159	3	1
31.620	160	1	1
31.796	161	4	1
32.149	162	1	1
32.326	163	3	1
32.502	164	4	1
32.855	165	3	1
33.032	166	2	1
33.208	167	3	1
33.385	168	1	1
33.561	169	4	1
33.914	170	3	1
34.091	171	2	1
34.267	172	3	1
34.444	173	1	1
34.620	174	4	1
34.973	175	1	1
35.149	176	2	1
35.326	177	3	1
35.326	178	4	1
35.679	179	1	2
35.855	180	3	1
36.032	181	2	2
36.032	182	1	3
36.208	183	4	1
36.385	184	3	2
36.385	185	2	3
36.738	186	1	2
36.738	187	3	3
36.914	188	2	1
37.091	189	4	2
37.091	190	1	3
37.267	191	1	1
37.444	192	3	2
37.444	193	4	3
37.796	194	2	2
37.796	195	3	3
37.973	196	3	1
38.149	197	4	2
38.149	198	2	3
38.502	199	1	2
38.502	200	4	3
38.679	201	3	1
38.855	202	2	1
39.032	203	3	1
39.208	204	4	1
39.561	205	3	1
39.561	206	1	3
39.738	207	2	1
39.914	208	3	1
40.091	209	1	1
40.267	210	4	1
40.620	211	1	1
40.796	212	3	1
40.973	213	4	1
41.326	214	3	1
41.502	215	2	1
41.679	216	3	1
41.855	217	1	1
42.032	218	2	1
42.385	219	3	1
42.561	220	2	1
42.738	221	3	1
42.914	222	1	1
43.091	223	2	1
43.444	224	1	1
43.620	225	3	1
43.796	226	4	1
44.149	227	3	1
44.326	228	2	1
44.502	229	3	1
44.679	230	1	1
44.855	231	2	1
45.208	232	3	1
45.385	233	2	1
45.561	234	3	1
45.738	235	1	1
45.914	236	2	1
46.267	237	1	1
46.444	238	3	1
46.620	239	4	1
46.973	240	1	2
47.149	241	3	1
47.326	242	2	2
47.326	243	1	3
47.502	244	4	1
47.679	245	3	2
47.679	246	2	3
48.032	247	1	2
48.032	248	3	3
48.208	249	2	1
48.385	250	4	2
48.385	251	1	3
48.561	252	1	1
48.738	253	3	2
48.738	254	4	3
49.091	255	2	2
49.091	256	3	3
49.267	257	3	1
49.444	258	4	2
49.444	259	2	3
49.796	260	1	2
49.796	261	4	3
49.973	262	3	1
50.149	263	2	1
50.326	264	3	1
50.502	265	4	1
50.855	266	3	1
50.855	267	1	3
51.032	268	2	1
51.208	269	3	1
51.385	270	1	1
51.561	271	4	1
51.914	272	1	1
52.091	273	3	1
52.267	274	4	1
52.620	275	3	1
52.796	276	2	1
52.973	277	3	1
53.149	278	1	1
53.326	279	2	1
53.679	280	3	1
53.855	281	2	1
54.032	282	3	1
54.208	283	1	1
54.385	284	2	1
54.738	285	1	1
54.914	286	3	1
55.091	287	4	1
55.444	288	3	1
55.620	289	2	1
55.796	290	3	1
55.973	291	1	1
56.149	292	2	1
56.502	293	3	1
56.679	294	2	1
56.855	295	3	1
57.032	296	1	1
57.208	297	2	1
57.561	298	1	1
57.738	299	3	1
57.914	300	4	1
58.267	301	2	1
58.444	302	1	1
58.620	303	3	1
58.796	304	4	1
58.973	305	2	1
59.326	306	3	1
59.502	307	2	1
59.679	308	1	1
59.855	309	3	1
60.032	310	2	1
61.091	311	2	1
61.267	312	1	1
61.444	313	3	1
61.620	314	4	1
61.796	315	2	1
62.149	316	3	1
62.326	317	2	1
62.502	318	1	1
62.679	319	3	1
62.855	320	2	1
63.914	321	2	1
64.091	322	1	1
64.267	323	3	1
64.444	324	4	1
64.620	325	2	1
64.973	326	3	1
65.149	327	2	1
65.326	328	1	1
65.502	329	3	1
65.679	330	2	1
66.738	331	2	1
66.914	332	1	1
67.091	333	3	1
67.267	334	4	1
67.444	335	2	1
67.796	336	3	1
67.973	337	2	1
68.149	338	1	1
68.326	339	3	1
68.502	340	2	1
69.561	341	1	2
69.914	342	2	1
70.267	343	3	1
70.267	344	4	1
70.973	345	2	1
71.502	346	3	1
71.679	347	2	1
71.679	348	4	1
72.385	349	3	2
72.385	350	1	3
72.738	351	2	1
73.091	352	1	1
73.091	353	4	1
73.796	354	1	1
74.326	355	2	1
74.502	356	1	1
74.502	357	4	1
75.208	358	4	2
75.208	359	3	3
75.561	360	1	1
75.914	361	2	1
75.914	362	3	1
76.620	363	1	1
77.149	364	2	1
77.326	365	1	1
77.326	366	3	1
78.032	367	2	2
78.032	368	4	3
78.385	369	1	1
78.738	370	3	1
78.738	371	4	1
79.267	372	1	1
79.444	373	4	1
79.444	374	2	3
79.620	375	3	1
79.796	376	2	1
79.973	377	1	1
80.149	378	4	1
80.326	379	2	1
80.502	380	4	1
80.855	381	1	2
80.855	382	2	1
81.208	383	4	1
81.561	384	2	1
81.561	385	4	1
81.738	386	3	1
82.267	387	4	1
82.796	388	2	1
82.973	389	3	1
82.973	390	4	1
83.326	391	2	1
83.679	392	2	1
83.679	393	3	2
83.679	394	1	3
84.032	395	4	1
84.385	396	1	1
84.385	397	4	1
84.561	398	2	1
85.091	399	4	1
85.620	400	1	1
85.796	401	2	1
85.796	402	4	1
85.796	403	3	3
86.149	404	3	1
86.326	405	2	1
86.502	406	1	1
86.502	407	4	2
86.855	408	3	1
87.208	409	1	1
87.208	410	3	1
87.385	411	2	1
87.914	412	1	1
88.444	413	3	1
88.620	414	1	1
88.620	415	2	1
88.973	416	1	1
89.326	417	1	1
89.326	418	2	2
89.326	419	4	3
89.679	420	4	1
90.032	421	1	1
90.032	422	4	1
90.208	423	3	1
90.738	424	4	1
91.267	425	1	1
91.444	426	3	1
91.444	427	4	1
91.444	428	2	3
91.620	429	2	1
91.796	430	3	1
91.973	431	4	1
92.149	432	1	2
92.149	433	2	1
92.502	434	4	1
92.855	435	2	1
92.855	436	4	1
93.032	437	3	1
93.561	438	4	1
94.091	439	2	1
94.267	440	3	1
94.267	441	4	1
94.620	442	2	1
94.973	443	2	1
94.973	444	3	2
94.973	445	1	3
95.326	446	4	1
95.679	447	1	1
95.679	448	4	1
95.855	449	2	1
96.385	450	4	1
96.914	451	1	1
97.091	452	2	1
97.091	453	4	1
97.091	454	3	3
97.444	455	3	1
97.620	456	2	1
97.796	457	1	1
97.796	458	4	2
98.149	459	3	1
98.502	460	1	1
98.502	461	3	1
98.679	462	2	1
99.208	463	1	1
99.738	464	3	1
99.914	465	1	1
99.914	466	2	1
100.267	467	1	1
100.620	468	2	2
100.620	469	3	1
100.620	470	4	3
100.973	471	4	1
101.326	472	1	1
101.326	473	4	1
101.502	474	3	1
102.032	475	4	1
102.561	476	1	1
102.738	477	3	1
102.738	478	4	1
102.738	479	2	3
102.914	480	2	1
103.091	481	4	1
103.267	482	1	1
103.444	483	3	1
103.620	484	2	1
103.796	485	3	1
103.973	486	1	1
104.149	487	4	1
104.502	488	3	1
104.679	489	2	1
104.855	490	3	1
105.032	491	1	1
105.208	492	4	1
105.561	493	1	1
105.738	494	3	1
105.914	495	4	1
106.267	496	3	1
106.444	497	2	1
106.620	498	3	1
106.796	499	1	1
106.973	500	4	1
107.326	501	3	1
107.502	502	2	1
107.679	503	3	1
107.855	504	1	1
108.032	505	4	1
108.385	506	1	1
108.561	507	3	1
108.738	508	4	1
109.091	509	3	1
109.267	510	2	1
109.444	511	3	1
109.620	512	1	1
109.796	513	2	1
110.149	514	3	1
110.326	515	2	1
110.502	516	3	1
110.679	517	1	1
110.855	518	2	1
111.208	519	1	1
111.385	520	3	1
111.561	521	4	1
111.914	522	3	1
112.091	523	2	1
112.267	524	3	1
112.444	525	1	1
112.620	526	2	1
112.973	527	3	1
113.149	528	2	1
113.326	529	3	1
113.502	530	1	1
113.679	531	2	1
114.032	532	1	1
114.208	533	3	1
114.385	534	4	1
114.738	535	1	2
114.914	536	3	1
115.091	537	2	2
115.091	538	1	3
115.267	539	4	1
115.444	540	3	2
115.444	541	2	3
115.796	542	1	2
115.796	543	3	3
115.973	544	2	1
116.149	545	4	2
116.149	546	1	3
116.326	547	1	1
116.502	548	3	2
116.502	549	4	3
116.855	550	2	2
116.855	551	3	3
117.032	552	3	1
117.208	553	4	2
117.208	554	2	3
117.561	555	1	2
117.561	556	4	3
117.738	557	3	1
117.914	558	2	1
118.091	559	3	1
118.267	560	4	1
118.620	561	3	1
118.620	562	1	3
118.796	563	2	1
118.973	564	3	1
119.149	565	1	1
119.326	566	4	1
119.679	567	1	1
119.855	568	3	1
120.032	569	4	2
120.385	570	1	2
120.385	571	4	3
120.561	572	3	1
120.738	573	4	1
120.738	574	1	3
120.914	575	2	2
121.091	576	3	1
121.267	577	2	3
121.444	578	4	2
121.620	579	2	1
121.796	580	1	2
121.796	581	4	3
121.973	582	2	1
122.149	583	3	1
122.149	584	1	3
122.502	585	1	1
122.679	586	3	1
122.855	587	4	1
123.208	588	3	1
123.385	589	2	1
123.561	590	3	1
123.738	591	1	1
123.914	592	2	1
124.267	593	3	1
124.444	594	2	1
124.620	595	3	1
124.796	596	1	1
124.973	597	2	1
125.326	598	1	1
125.502	599	3	1
125.679	600	4	1
126.032	601	3	1
126.208	602	2	1
126.385	603	3	1
126.561	604	1	1
126.738	605	4	1
127.091	606	3	1
127.267	607	2	1
127.444	608	3	1
127.620	609	1	1
127.796	610	4	1
128.149	611	1	1
128.326	612	3	1
128.502	613	4	1
128.855	614	3	1
129.032	615	2	1
129.208	616	3	1
129.385	617	1	1
129.561	618	4	1
129.914	619	3	1
130.091	620	2	1
130.267	621	3	1
130.444	622	1	1
130.620	623	4	1
130.973	624	3	1
131.149	625	2	1
131.326	626	1	1
131.326	627	4	1
131.679	628	3	1
131.855	629	2	1
132.032	630	3	1
132.208	631	1	1
132.385	632	4	1
132.738	633	3	1
132.914	634	2	1
133.091	635	3	1
133.267	636	1	1
133.444	637	4	1
133.796	638	1	1
133.973	639	3	1
134.149	640	4	1
134.502	641	3	1
134.679	642	2	1
134.855	643	3	1
135.032	644	1	1
135.208	645	4	1
135.561	646	3	1
135.738	647	2	1
135.914	648	3	1
136.091	649	1	1
136.267	650	4	1
136.620	651	1	1
136.796	652	2	1
136.973	653	3	1
136.973	654	4	1