Song Name	Everything Will Freeze (Classic Map) [EXTENDED CUT] by UNDEAD CORPORATION
Title	Everything Will Freeze (Classic Map) [EXTENDED CUT]
Artist	UNDEAD CORPORATION
Description	This song was included in UNDEAD CORPORATION's album, Tyrant, based on Touhou. UNDEAD CORPORATION is known for making many remixes of Touhou songs. Permission granted by Team Shanghai Alice.
Difficulty	24
Primary Color	Flow
Secondary Color	Rush
Cover Image ID	1477061374
Audio Asset ID	rbxassetid://9062392732
Audio File	9062392732.ogg
Last Note Time	135.436
Total Notes	1783
Fever Fill	566
Fever Time	20.315400
Long Notes	86
BPM	240
Song Length	136.436000000

Timing Points
0.436	250.000000


Song Data
0.436	1	2	1
0.436	2	1	1
0.561	3	4	1
0.686	4	4	1
0.811	5	1	1
0.873	6	2	1
0.936	7	3	1
0.998	8	1	1
1.061	9	4	1
1.123	10	3	1
1.186	11	2	1
1.248	12	4	1
1.311	13	1	1
1.373	14	2	1
1.436	15	4	1
1.498	16	3	1
1.561	17	2	1
1.623	18	4	1
1.686	19	2	1
1.748	20	1	1
1.811	21	3	1
1.873	22	2	1
1.936	23	1	1
1.998	24	4	1
2.061	25	3	1
2.123	26	2	1
2.186	27	4	1
2.186	28	1	1
2.436	29	4	1
2.436	30	1	1
2.686	31	3	1
2.936	32	3	1
3.186	33	3	1
3.311	34	1	1
3.373	35	2	1
3.436	36	4	1
3.436	37	3	1
3.561	38	2	1
3.686	39	3	1
3.748	40	2	1
3.811	41	3	1
3.873	42	4	1
3.936	43	3	1
3.998	44	2	1
4.061	45	4	1
4.123	46	3	1
4.186	47	2	1
4.248	48	1	1
4.311	49	2	1
4.373	50	3	1
4.436	51	4	1
4.436	52	1	1
4.686	53	2	1
4.936	54	2	1
5.186	55	2	1
5.436	56	4	1
5.436	57	3	1
5.498	58	1	1
5.561	59	2	1
5.623	60	3	1
5.686	61	1	1
5.748	62	4	1
5.811	63	3	1
5.873	64	2	1
5.936	65	4	1
5.998	66	3	1
6.061	67	1	1
6.123	68	2	1
6.186	69	4	1
6.248	70	3	1
6.311	71	2	1
6.373	72	1	1
6.436	73	4	1
6.436	74	3	1
6.561	75	2	1
6.686	76	4	1
6.748	77	3	1
6.811	78	2	1
6.936	79	1	1
7.061	80	3	1
7.186	81	1	1
7.248	82	2	1
7.311	83	3	1
7.436	84	4	1
7.436	85	1	1
7.561	86	2	1
7.686	87	3	1
7.748	88	2	1
7.811	89	3	1
7.936	90	1	1
8.061	91	3	1
8.186	92	2	1
8.248	93	3	1
8.311	94	2	1
8.436	95	4	1
8.436	96	1	1
8.561	97	3	1
8.686	98	4	1
8.811	99	2	1
8.811	100	3	1
8.936	101	1	1
9.061	102	2	1
9.186	103	4	1
9.186	104	1	1
9.311	105	3	1
9.436	106	1	2
9.686	107	1	3
9.436	108	2	1
9.686	109	4	1
9.748	110	3	1
9.811	111	2	1
9.873	112	1	1
9.936	113	4	2
10.186	114	4	3
9.936	115	3	1
10.186	116	1	1
10.248	117	2	1
10.311	118	3	1
10.373	119	4	1
10.436	120	2	1
10.436	121	1	1
10.561	122	2	1
10.686	123	4	1
10.811	124	4	1
10.936	125	1	1
11.061	126	1	1
11.186	127	3	1
11.311	128	3	1
11.436	129	2	1
11.436	130	1	1
11.561	131	4	1
11.686	132	2	1
11.686	133	1	1
11.811	134	3	1
11.936	135	4	1
11.936	136	1	1
12.061	137	2	1
12.186	138	4	1
12.186	139	3	1
12.311	140	1	1
12.436	141	4	1
12.436	142	1	1
12.561	143	4	1
12.686	144	2	1
12.811	145	2	1
12.936	146	3	1
13.061	147	3	1
13.186	148	1	1
13.311	149	1	1
13.436	150	1	1
13.436	151	4	1
13.498	152	3	1
13.561	153	2	1
13.623	154	1	1
13.686	155	4	1
13.748	156	2	1
13.811	157	3	1
13.873	158	4	1
13.936	159	1	1
13.998	160	2	1
14.061	161	3	1
14.123	162	2	1
14.186	163	1	1
14.248	164	4	1
14.311	165	3	1
14.373	166	2	1
14.436	167	4	1
14.436	168	1	1
14.561	169	4	1
14.686	170	2	1
14.811	171	2	1
14.936	172	4	1
15.061	173	4	1
15.186	174	1	1
15.311	175	1	1
15.436	176	4	1
15.436	177	3	1
15.561	178	1	1
15.686	179	4	1
15.686	180	3	1
15.811	181	2	1
15.936	182	4	1
15.936	183	1	1
16.061	184	3	1
16.186	185	2	1
16.186	186	1	1
16.311	187	4	1
16.436	188	3	1
16.436	189	1	1
16.561	190	1	1
16.686	191	4	1
16.686	192	2	1
16.811	193	4	1
16.936	194	2	1
16.936	195	3	1
17.061	196	2	1
17.186	197	4	1
17.186	198	1	1
17.311	199	1	1
17.436	200	4	2
17.936	201	4	3
17.436	202	3	1
17.686	203	1	1
17.748	204	2	1
17.811	205	3	1
17.873	206	2	1
17.936	207	3	1
17.936	208	1	2
18.436	209	1	3
18.186	210	4	1
18.248	211	3	1
18.311	212	2	1
18.373	213	3	1
18.436	214	4	1
18.436	215	2	1
18.561	216	2	1
18.686	217	4	1
18.811	218	4	1
18.936	219	2	1
19.061	220	2	1
19.186	221	3	1
19.311	222	3	1
19.436	223	1	1
19.436	224	2	1
19.561	225	3	1
19.686	226	4	1
19.686	227	1	1
19.811	228	2	1
19.936	229	4	1
19.936	230	3	1
20.061	231	2	1
20.186	232	4	1
20.186	233	1	1
20.311	234	3	1
20.436	235	1	1
20.436	236	2	1
20.561	237	1	1
20.686	238	4	1
20.811	239	4	1
20.936	240	1	1
21.061	241	1	1
21.186	242	3	1
21.311	243	3	1
21.436	244	2	1
21.436	245	1	1
21.498	246	4	1
21.561	247	3	1
21.623	248	2	1
21.686	249	4	1
21.748	250	3	1
21.811	251	1	1
21.873	252	2	1
21.936	253	3	1
21.998	254	2	1
22.061	255	3	1
22.123	256	4	1
22.186	257	1	1
22.248	258	2	1
22.311	259	3	1
22.373	260	2	1
22.436	261	4	1
22.436	262	3	1
22.561	263	4	1
22.686	264	1	1
22.811	265	1	1
22.936	266	3	1
23.061	267	3	1
23.186	268	2	1
23.311	269	2	1
23.436	270	4	1
23.436	271	1	1
23.561	272	3	1
23.686	273	4	1
23.686	274	2	1
23.811	275	3	1
23.936	276	4	1
23.936	277	1	1
24.061	278	2	1
24.186	279	3	1
24.186	280	1	1
24.311	281	2	1
24.436	282	4	1
24.436	283	1	1
24.561	284	4	1
24.686	285	4	1
24.811	286	3	1
24.811	287	1	1
24.936	288	1	1
25.061	289	1	1
25.186	290	4	1
25.186	291	2	1
25.311	292	3	1
25.436	293	1	1
25.436	294	4	2
25.686	295	4	3
25.686	296	1	1
25.748	297	2	1
25.811	298	3	1
25.873	299	4	1
25.936	300	1	2
26.186	301	1	3
25.936	302	2	1
26.186	303	4	1
26.248	304	3	1
26.311	305	2	1
26.373	306	1	1
26.436	307	4	1
26.436	308	3	1
26.561	309	4	1
26.686	310	2	1
26.686	311	1	1
26.811	312	2	1
26.811	313	1	1
26.936	314	4	1
27.061	315	3	1
27.061	316	2	1
27.186	317	4	1
27.311	318	2	1
27.311	319	1	1
27.436	320	1	1
27.436	321	4	2
27.686	322	4	3
27.561	323	2	1
27.686	324	1	1
27.686	325	3	2
27.936	326	3	3
27.811	327	2	1
27.936	328	1	1
27.936	329	4	2
28.186	330	4	3
28.061	331	2	1
28.186	332	3	2
28.436	333	3	3
28.186	334	1	1
28.311	335	2	1
28.436	336	4	1
28.436	337	1	1
28.561	338	1	1
28.686	339	4	1
28.686	340	3	1
28.811	341	4	1
28.811	342	2	1
28.936	343	1	1
29.061	344	3	1
29.061	345	2	1
29.186	346	1	1
29.311	347	4	1
29.311	348	2	1
29.436	349	4	1
29.436	350	1	2
29.686	351	1	3
29.561	352	3	1
29.686	353	4	1
29.686	354	2	2
29.936	355	2	3
29.811	356	3	1
29.936	357	4	1
29.936	358	1	2
30.186	359	1	3
30.061	360	3	1
30.186	361	4	1
30.186	362	2	2
30.436	363	2	3
30.311	364	3	1
30.436	365	4	1
30.436	366	1	1
30.561	367	3	1
30.686	368	2	1
30.686	369	1	1
30.811	370	4	1
30.811	371	1	1
30.936	372	3	1
31.061	373	4	1
31.061	374	2	1
31.186	375	3	1
31.311	376	1	1
31.311	377	2	1
31.436	378	3	1
31.436	379	4	2
31.686	380	4	3
31.561	381	1	1
31.686	382	2	1
31.686	383	3	2
31.936	384	3	3
31.811	385	1	1
31.936	386	1	1
31.936	387	2	2
32.186	388	2	3
32.061	389	4	1
32.186	390	3	1
32.186	391	1	2
32.436	392	1	3
32.311	393	4	1
32.436	394	4	1
32.436	395	3	1
32.498	396	2	1
32.561	397	1	1
32.623	398	2	1
32.686	399	3	1
32.748	400	4	1
32.811	401	1	1
32.873	402	2	1
32.936	403	3	1
32.998	404	2	1
33.061	405	3	1
33.123	406	4	1
33.186	407	2	1
33.248	408	1	1
33.311	409	4	1
33.373	410	3	1
33.436	411	2	1
33.498	412	4	1
33.561	413	3	1
33.623	414	2	1
33.686	415	1	1
33.748	416	4	1
33.811	417	3	1
33.873	418	1	1
33.936	419	2	1
33.998	420	3	1
34.061	421	4	1
34.123	422	1	1
34.186	423	2	1
34.248	424	3	1
34.311	425	2	1
34.373	426	1	1
34.436	427	4	1
34.436	428	3	1
34.561	429	4	1
34.686	430	3	1
34.686	431	1	1
34.811	432	2	1
34.811	433	1	1
34.936	434	4	1
35.061	435	3	1
35.061	436	2	1
35.186	437	4	1
35.311	438	2	1
35.311	439	1	1
35.436	440	1	1
35.436	441	4	2
35.686	442	4	3
35.561	443	2	1
35.686	444	1	1
35.686	445	3	2
35.936	446	3	3
35.811	447	2	1
35.936	448	1	1
35.936	449	4	2
36.186	450	4	3
36.061	451	2	1
36.186	452	3	2
36.436	453	3	3
36.186	454	1	1
36.311	455	2	1
36.436	456	4	1
36.436	457	1	1
36.561	458	1	1
36.686	459	4	1
36.686	460	2	1
36.811	461	4	1
36.811	462	3	1
36.936	463	1	1
37.061	464	3	1
37.061	465	2	1
37.186	466	1	1
37.311	467	4	1
37.311	468	3	1
37.436	469	2	1
37.436	470	1	2
37.686	471	1	3
37.561	472	3	1
37.686	473	4	2
37.936	474	4	3
37.686	475	2	1
37.811	476	3	1
37.936	477	2	1
37.936	478	1	2
38.186	479	1	3
38.061	480	3	1
38.186	481	4	2
38.436	482	4	3
38.186	483	2	1
38.311	484	3	1
38.436	485	2	1
38.436	486	1	1
38.561	487	2	1
38.686	488	4	1
38.686	489	3	1
38.811	490	3	1
38.811	491	1	1
38.936	492	2	1
39.061	493	4	1
39.061	494	1	1
39.186	495	2	1
39.311	496	4	1
39.311	497	3	1
39.436	498	2	1
39.436	499	1	2
39.686	500	1	3
39.561	501	4	1
39.686	502	3	1
39.686	503	2	2
39.936	504	2	3
39.811	505	4	1
39.936	506	4	1
39.936	507	3	2
40.186	508	3	3
40.061	509	1	1
40.186	510	2	1
40.186	511	4	2
40.436	512	4	3
40.311	513	1	1
40.436	514	2	1
40.436	515	1	1
40.561	516	3	1
40.686	517	2	1
40.811	518	4	1
40.873	519	3	1
40.936	520	2	1
40.998	521	4	1
41.061	522	3	1
41.123	523	2	1
41.186	524	3	1
41.248	525	4	1
41.311	526	1	1
41.373	527	2	1
41.436	528	3	1
41.498	529	2	1
41.561	530	1	1
41.623	531	4	1
41.686	532	3	1
41.748	533	2	1
41.811	534	3	1
41.873	535	2	1
41.936	536	1	1
41.998	537	4	1
42.061	538	3	1
42.123	539	2	1
42.186	540	4	2
42.436	541	4	3
42.186	542	1	1
42.436	543	3	1
42.498	544	1	1
42.561	545	3	1
42.623	546	1	1
42.686	547	3	1
42.748	548	1	1
42.811	549	3	1
42.873	550	1	1
42.936	551	4	1
42.998	552	3	1
43.061	553	2	1
43.123	554	1	1
43.186	555	4	1
43.248	556	3	1
43.311	557	2	1
43.373	558	1	1
43.436	559	2	1
43.498	560	4	1
43.561	561	2	1
43.623	562	4	1
43.686	563	2	1
43.748	564	4	1
43.811	565	2	1
43.873	566	4	1
43.936	567	1	1
43.998	568	2	1
44.061	569	3	1
44.123	570	4	1
44.186	571	3	1
44.248	572	2	1
44.311	573	1	1
44.373	574	2	1
44.436	575	4	1
44.436	576	3	1
44.561	577	1	1
44.686	578	1	1
44.811	579	1	1
44.936	580	4	1
45.061	581	2	1
45.186	582	2	1
45.311	583	2	1
45.436	584	4	1
45.561	585	3	1
45.686	586	3	1
45.811	587	3	1
45.936	588	1	1
46.061	589	4	1
46.186	590	4	1
46.311	591	4	1
46.436	592	1	1
46.561	593	3	1
46.686	594	3	1
46.811	595	3	1
46.936	596	1	1
47.061	597	2	1
47.186	598	2	1
47.311	599	2	1
47.436	600	4	1
47.561	601	1	1
47.686	602	1	1
47.811	603	1	1
47.936	604	2	1
48.061	605	4	1
48.123	606	3	1
48.186	607	2	1
48.311	608	1	1
48.373	609	2	1
48.436	610	3	1
48.561	611	2	1
48.686	612	1	1
48.748	613	3	1
48.811	614	1	1
48.873	615	3	1
48.936	616	1	1
49.061	617	2	1
49.186	618	3	1
49.186	619	4	1
49.311	620	2	1
49.373	621	3	1
49.436	622	1	1
49.436	623	4	1
50.436	624	4	1
50.436	625	1	1
50.561	626	2	1
50.686	627	1	1
50.686	628	3	1
50.811	629	2	1
50.936	630	4	1
50.936	631	3	1
51.061	632	2	1
51.061	633	1	1
51.186	634	4	1
51.186	635	3	1
51.311	636	2	1
51.311	637	1	1
51.436	638	3	1
51.436	639	4	1
51.561	640	2	1
51.686	641	4	1
51.686	642	1	1
51.811	643	3	1
51.936	644	1	1
51.936	645	2	1
52.061	646	4	1
52.061	647	3	1
52.186	648	2	1
52.186	649	1	1
52.311	650	4	1
52.311	651	3	1
52.436	652	1	1
52.436	653	2	1
52.561	654	3	1
52.686	655	2	1
52.686	656	4	1
52.811	657	3	1
52.936	658	4	1
52.936	659	1	1
53.061	660	3	1
53.061	661	2	1
53.186	662	4	1
53.186	663	1	1
53.311	664	3	1
53.311	665	2	1
53.436	666	4	1
53.436	667	1	1
53.561	668	2	1
53.686	669	4	1
53.686	670	3	1
53.811	671	2	1
53.936	672	4	2
54.061	673	4	3
54.061	674	1	2
54.186	675	1	3
54.186	676	4	2
54.436	677	4	3
54.436	678	2	1
54.436	679	1	1
54.561	680	3	1
54.686	681	1	1
54.686	682	4	1
54.811	683	2	1
54.936	684	1	1
54.936	685	3	1
55.061	686	4	1
55.061	687	2	1
55.186	688	3	1
55.186	689	1	1
55.311	690	4	1
55.311	691	2	1
55.436	692	3	1
55.436	693	1	1
55.561	694	4	1
55.686	695	1	1
55.686	696	2	1
55.811	697	3	1
55.936	698	4	1
55.936	699	2	1
56.061	700	3	1
56.061	701	1	1
56.186	702	4	1
56.186	703	2	1
56.311	704	3	1
56.311	705	1	1
56.436	706	2	1
56.436	707	4	1
56.561	708	3	1
56.686	709	4	1
56.748	710	2	1
56.811	711	4	1
56.873	712	2	1
56.936	713	4	1
56.998	714	2	1
57.061	715	3	1
57.186	716	1	1
57.248	717	3	1
57.311	718	1	1
57.373	719	3	1
57.436	720	1	2
57.686	721	1	3
57.686	722	4	1
57.748	723	3	1
57.811	724	2	1
57.873	725	1	1
57.936	726	4	2
58.186	727	4	3
58.186	728	1	1
58.248	729	2	1
58.311	730	3	1
58.373	731	4	1
58.436	732	2	1
58.436	733	1	1
58.498	734	3	1
58.561	735	2	1
58.623	736	3	1
58.686	737	1	1
58.748	738	2	1
58.811	739	1	1
58.873	740	3	1
58.936	741	2	1
58.998	742	3	1
59.061	743	4	1
59.123	744	3	1
59.186	745	4	1
59.248	746	1	1
59.311	747	4	1
59.373	748	1	1
59.436	749	3	1
59.498	750	2	1
59.561	751	3	1
59.623	752	2	1
59.686	753	4	1
59.748	754	3	1
59.811	755	2	1
59.873	756	3	1
59.936	757	2	1
59.998	758	1	1
60.061	759	4	1
60.123	760	3	1
60.186	761	2	1
60.248	762	3	1
60.311	763	4	1
60.373	764	1	1
60.436	765	2	1
60.498	766	3	1
60.561	767	2	1
60.623	768	1	1
60.686	769	4	1
60.748	770	2	1
60.811	771	3	1
60.873	772	1	1
60.936	773	4	1
60.936	774	3	1
61.061	775	3	1
61.061	776	2	1
61.186	777	2	1
61.186	778	1	1
61.311	779	3	1
61.311	780	2	1
61.436	781	4	1
61.436	782	1	1
61.498	783	2	1
61.561	784	3	1
61.623	785	4	1
61.686	786	1	1
61.748	787	2	1
61.811	788	3	1
61.873	789	4	1
61.936	790	1	2
62.061	791	1	3
62.061	792	4	2
62.186	793	4	3
62.186	794	1	2
62.436	795	1	3
62.436	796	4	1
62.498	797	2	1
62.561	798	4	1
62.623	799	1	1
62.686	800	3	1
62.748	801	1	1
62.811	802	4	1
62.873	803	3	1
62.936	804	4	1
62.998	805	1	1
63.061	806	2	1
63.123	807	1	1
63.186	808	4	1
63.248	809	3	1
63.311	810	2	1
63.373	811	4	1
63.436	812	1	1
63.498	813	2	1
63.561	814	3	1
63.623	815	1	1
63.686	816	4	1
63.748	817	3	1
63.811	818	4	1
63.873	819	2	1
63.936	820	3	1
63.998	821	2	1
64.061	822	3	1
64.123	823	1	1
64.186	824	2	1
64.248	825	1	1
64.311	826	2	1
64.373	827	3	1
64.436	828	4	1
64.436	829	1	1
64.561	830	2	1
64.623	831	3	1
64.686	832	1	1
64.811	833	3	1
64.873	834	2	1
64.936	835	4	1
65.061	836	3	1
65.186	837	2	1
65.186	838	1	1
65.311	839	3	1
65.373	840	2	1
65.436	841	4	2
65.936	842	4	3
65.436	843	1	1
65.936	844	1	2
66.061	845	1	3
66.061	846	2	2
66.436	847	2	3
66.436	848	4	1
66.436	849	1	1
66.561	850	4	1
66.686	851	1	1
66.811	852	1	1
66.936	853	4	1
67.061	854	4	1
67.186	855	1	1
67.311	856	1	1
67.436	857	4	1
67.436	858	2	1
67.561	859	3	1
67.686	860	4	1
67.686	861	2	1
67.811	862	3	1
67.936	863	4	1
67.936	864	1	1
68.061	865	2	1
68.186	866	3	1
68.186	867	1	1
68.311	868	2	1
68.436	869	3	1
68.436	870	1	1
68.561	871	3	1
68.686	872	1	1
68.811	873	1	1
68.936	874	4	1
69.061	875	4	1
69.186	876	2	1
69.311	877	2	1
69.436	878	4	1
69.436	879	1	1
69.498	880	3	1
69.561	881	2	1
69.623	882	4	1
69.686	883	3	1
69.748	884	2	1
69.811	885	1	1
69.873	886	4	1
69.936	887	1	1
69.998	888	4	1
70.061	889	1	1
70.123	890	2	1
70.186	891	3	1
70.248	892	4	1
70.311	893	3	1
70.373	894	2	1
70.436	895	4	1
70.436	896	3	1
70.561	897	4	1
70.686	898	1	1
70.811	899	1	1
70.936	900	3	1
71.061	901	3	1
71.186	902	2	1
71.311	903	2	1
71.436	904	4	1
71.436	905	1	1
71.561	906	3	1
71.686	907	1	1
71.686	908	2	1
71.811	909	3	1
71.936	910	1	1
71.936	911	4	1
72.061	912	2	1
72.186	913	4	1
72.186	914	3	1
72.311	915	2	1
72.436	916	4	1
72.436	917	1	1
72.498	918	3	1
72.561	919	2	1
72.623	920	1	1
72.686	921	4	1
72.748	922	2	1
72.811	923	3	1
72.873	924	1	1
72.936	925	4	1
72.998	926	2	1
73.061	927	3	1
73.123	928	1	1
73.186	929	4	1
73.248	930	3	1
73.311	931	2	1
73.373	932	1	1
73.436	933	4	1
73.686	934	2	1
73.748	935	4	1
73.811	936	1	1
73.873	937	3	1
73.936	938	2	1
73.998	939	4	1
74.061	940	1	1
74.123	941	3	1
74.186	942	2	1
74.248	943	4	1
74.311	944	1	1
74.373	945	3	1
74.436	946	1	1
74.436	947	2	1
74.686	948	4	1
74.936	949	1	1
75.186	950	4	1
75.436	951	2	1
75.686	952	3	1
75.936	953	2	1
76.186	954	3	1
76.436	955	1	1
76.686	956	3	1
76.936	957	1	1
77.186	958	3	1
77.436	959	2	1
77.436	960	1	1
77.519	961	4	1
77.602	962	2	1
77.686	963	4	1
77.769	964	1	1
77.852	965	3	1
77.936	966	1	1
78.019	967	4	1
78.102	968	2	1
78.186	969	4	1
78.269	970	1	1
78.352	971	3	1
78.436	972	2	1
78.436	973	1	1
78.686	974	1	1
78.936	975	4	1
79.186	976	2	1
79.436	977	3	1
79.686	978	1	1
79.936	979	4	1
80.186	980	2	1
80.436	981	4	1
80.436	982	3	1
80.561	983	2	1
80.686	984	3	1
80.686	985	1	1
80.811	986	4	1
80.811	987	2	1
80.936	988	3	1
81.061	989	1	1
81.061	990	2	1
81.186	991	4	1
81.186	992	3	1
81.311	993	2	1
81.436	994	4	2
81.686	995	4	3
81.436	996	1	1
81.686	997	1	1
81.748	998	2	1
81.811	999	3	1
81.873	1000	4	1
81.936	1001	1	2
82.186	1002	1	3
82.186	1003	4	1
82.248	1004	3	1
82.311	1005	2	1
82.373	1006	1	1
82.436	1007	4	1
82.436	1008	3	1
82.498	1009	2	1
82.561	1010	1	1
82.623	1011	2	1
82.686	1012	4	1
82.748	1013	3	1
82.811	1014	2	1
82.873	1015	3	1
82.936	1016	4	1
82.998	1017	3	1
83.061	1018	2	1
83.123	1019	1	1
83.186	1020	2	1
83.248	1021	3	1
83.311	1022	2	1
83.373	1023	1	1
83.436	1024	4	1
83.498	1025	3	1
83.561	1026	1	1
83.623	1027	2	1
83.686	1028	4	1
83.748	1029	3	1
83.811	1030	4	1
83.873	1031	3	1
83.936	1032	1	1
83.998	1033	2	1
84.061	1034	1	1
84.123	1035	2	1
84.186	1036	4	1
84.248	1037	2	1
84.311	1038	3	1
84.373	1039	1	1
84.436	1040	3	1
84.498	1041	2	1
84.561	1042	1	1
84.623	1043	4	1
84.686	1044	3	1
84.748	1045	2	1
84.811	1046	1	1
84.873	1047	3	1
84.936	1048	4	1
84.998	1049	2	1
85.061	1050	3	1
85.123	1051	4	1
85.186	1052	1	2
85.311	1053	1	3
85.311	1054	2	2
85.436	1055	2	3
85.436	1056	3	2
85.811	1057	3	3
85.811	1058	4	2
85.936	1059	4	3
85.936	1060	3	2
86.061	1061	3	3
86.061	1062	2	2
86.436	1063	2	3
86.436	1064	3	1
86.436	1065	1	1
86.561	1066	2	1
86.686	1067	2	1
86.811	1068	2	1
86.936	1069	2	1
87.061	1070	4	1
87.061	1071	3	1
87.186	1072	3	1
87.186	1073	2	1
87.311	1074	2	1
87.311	1075	1	1
87.436	1076	3	1
87.436	1077	2	1
87.561	1078	4	1
87.561	1079	3	1
87.686	1080	2	1
87.686	1081	1	1
87.811	1082	4	1
87.811	1083	3	1
87.936	1084	1	1
87.936	1085	2	1
88.061	1086	4	1
88.061	1087	1	1
88.186	1088	3	1
88.186	1089	2	1
88.311	1090	4	1
88.311	1091	1	1
88.436	1092	3	1
88.436	1093	1	1
88.561	1094	4	1
88.561	1095	1	1
88.686	1096	3	1
88.686	1097	1	1
88.811	1098	4	1
88.811	1099	2	1
88.936	1100	4	1
88.936	1101	1	1
89.061	1102	4	1
89.061	1103	2	1
89.186	1104	3	1
89.186	1105	1	1
89.311	1106	2	1
89.311	1107	1	1
89.436	1108	4	1
89.436	1109	2	1
89.561	1110	3	1
89.561	1111	4	1
89.686	1112	2	1
89.686	1113	1	1
89.811	1114	3	1
89.811	1115	2	1
89.936	1116	1	2
90.436	1117	1	3
89.936	1118	4	1
90.436	1119	3	1
90.436	1120	4	2
90.686	1121	4	3
90.561	1122	2	1
90.686	1123	3	1
90.811	1124	1	2
91.061	1125	1	3
90.811	1126	2	1
90.936	1127	3	1
91.061	1128	4	1
91.061	1129	2	1
91.186	1130	4	1
91.186	1131	1	1
91.311	1132	4	1
91.311	1133	2	1
91.436	1134	1	2
91.561	1135	1	3
91.436	1136	3	1
91.561	1137	2	2
91.686	1138	2	3
91.811	1139	4	2
91.936	1140	4	3
91.936	1141	1	1
91.998	1142	3	1
92.061	1143	2	1
92.123	1144	1	1
92.186	1145	4	1
92.248	1146	3	1
92.311	1147	2	1
92.373	1148	1	1
92.436	1149	4	1
92.498	1150	3	1
92.561	1151	1	1
92.623	1152	2	1
92.686	1153	3	1
92.748	1154	4	1
92.811	1155	1	1
92.873	1156	3	1
92.936	1157	1	1
92.998	1158	4	1
93.061	1159	2	1
93.123	1160	4	1
93.186	1161	2	1
93.248	1162	3	1
93.311	1163	2	1
93.373	1164	3	1
93.436	1165	2	1
93.498	1166	1	1
93.561	1167	4	1
93.623	1168	3	1
93.686	1169	4	1
93.748	1170	1	1
93.811	1171	2	1
93.873	1172	1	1
93.936	1173	3	2
94.311	1174	3	3
94.311	1175	2	2
94.436	1176	2	3
94.436	1177	4	2
94.686	1178	4	3
94.686	1179	2	1
94.686	1180	1	1
94.811	1181	1	1
94.811	1182	3	1
94.936	1183	4	1
94.936	1184	3	1
95.061	1185	4	1
95.061	1186	2	1
95.186	1187	3	1
95.186	1188	1	1
95.311	1189	4	1
95.311	1190	1	1
95.436	1191	3	1
95.436	1192	2	1
95.561	1193	4	1
95.561	1194	1	1
95.686	1195	4	1
95.686	1196	3	1
95.811	1197	2	1
95.811	1198	1	1
95.936	1199	3	1
95.936	1200	2	1
96.061	1201	4	1
96.061	1202	1	1
96.186	1203	2	1
96.186	1204	1	1
96.311	1205	4	1
96.311	1206	3	1
96.436	1207	1	1
96.498	1208	2	1
96.561	1209	1	1
96.623	1210	3	1
96.686	1211	1	1
96.748	1212	4	1
96.811	1213	1	1
96.873	1214	3	1
96.936	1215	1	1
96.998	1216	2	1
97.061	1217	4	1
97.123	1218	3	1
97.186	1219	4	1
97.248	1220	2	1
97.311	1221	4	1
97.373	1222	1	1
97.436	1223	3	1
97.436	1224	4	2
98.436	1225	4	3
97.498	1226	1	1
97.561	1227	3	1
97.623	1228	1	1
97.686	1229	3	1
97.748	1230	1	1
97.811	1231	3	1
97.873	1232	1	1
97.936	1233	3	1
97.998	1234	1	1
98.061	1235	3	1
98.123	1236	1	1
98.186	1237	3	1
98.248	1238	1	1
98.311	1239	3	1
98.373	1240	1	1
98.436	1241	2	1
98.498	1242	3	1
98.561	1243	4	1
98.623	1244	1	1
98.686	1245	2	1
98.748	1246	3	1
98.811	1247	2	1
98.873	1248	1	1
98.936	1249	2	1
98.998	1250	3	1
99.061	1251	4	1
99.123	1252	3	1
99.186	1253	2	1
99.248	1254	3	1
99.311	1255	4	1
99.373	1256	3	1
99.436	1257	2	1
99.498	1258	1	1
99.561	1259	4	1
99.623	1260	3	1
99.686	1261	2	1
99.748	1262	4	1
99.811	1263	3	1
99.873	1264	2	1
99.936	1265	1	2
100.436	1266	1	3
100.436	1267	4	1
100.436	1268	2	1
100.561	1269	3	1
100.686	1270	3	1
100.811	1271	3	1
100.936	1272	4	1
100.936	1273	1	1
101.061	1274	2	1
101.186	1275	2	1
101.311	1276	2	1
101.436	1277	3	1
101.436	1278	1	1
101.561	1279	4	1
101.686	1280	4	1
101.811	1281	4	1
101.936	1282	3	1
101.936	1283	2	1
102.061	1284	1	1
102.186	1285	1	1
102.311	1286	1	1
102.436	1287	4	1
102.436	1288	2	1
102.561	1289	3	1
102.686	1290	3	1
102.811	1291	3	1
102.936	1292	4	1
102.936	1293	1	1
103.061	1294	2	1
103.186	1295	2	1
103.311	1296	2	1
103.436	1297	4	1
103.436	1298	3	1
103.561	1299	1	1
103.686	1300	1	1
103.811	1301	1	1
103.936	1302	3	1
103.936	1303	2	1
104.061	1304	4	1
104.186	1305	4	2
104.436	1306	4	3
104.436	1307	1	1
104.498	1308	2	1
104.561	1309	1	1
104.623	1310	3	1
104.686	1311	1	1
104.748	1312	4	1
104.811	1313	2	1
104.873	1314	3	1
104.936	1315	2	1
104.998	1316	4	1
105.061	1317	2	1
105.123	1318	3	1
105.186	1319	1	1
105.248	1320	4	1
105.311	1321	3	1
105.373	1322	4	1
105.436	1323	2	1
105.498	1324	4	1
105.561	1325	1	1
105.623	1326	4	1
105.686	1327	2	1
105.748	1328	4	1
105.811	1329	3	1
105.873	1330	4	1
105.936	1331	1	1
105.998	1332	2	1
106.061	1333	3	1
106.123	1334	1	1
106.186	1335	4	1
106.186	1336	3	1
106.436	1337	4	1
106.498	1338	2	1
106.561	1339	4	1
106.623	1340	1	1
106.686	1341	4	1
106.748	1342	2	1
106.811	1343	4	1
106.873	1344	1	1
106.936	1345	4	1
106.998	1346	3	1
107.061	1347	2	1
107.123	1348	3	1
107.186	1349	2	1
107.248	1350	1	1
107.311	1351	4	1
107.373	1352	3	1
107.436	1353	1	1
107.498	1354	2	1
107.561	1355	1	1
107.623	1356	3	1
107.686	1357	4	1
107.748	1358	2	1
107.811	1359	4	1
107.873	1360	1	1
107.936	1361	4	1
107.936	1362	3	1
108.186	1363	3	2
108.436	1364	3	3
108.186	1365	2	2
108.436	1366	2	3
108.436	1367	4	1
108.436	1368	1	1
108.498	1369	2	1
108.561	1370	3	1
108.623	1371	1	1
108.686	1372	4	1
108.748	1373	2	1
108.811	1374	3	1
108.873	1375	1	1
108.936	1376	4	1
108.998	1377	2	1
109.061	1378	3	1
109.123	1379	1	1
109.186	1380	4	1
109.248	1381	2	1
109.311	1382	3	1
109.373	1383	1	1
109.436	1384	3	1
109.436	1385	4	1
109.936	1386	1	2
110.186	1387	1	3
110.186	1388	4	1
110.248	1389	3	1
110.311	1390	2	1
110.373	1391	1	1
110.436	1392	4	1
110.436	1393	3	1
110.561	1394	2	1
110.686	1395	4	1
110.686	1396	1	1
110.811	1397	3	1
110.936	1398	1	1
110.936	1399	2	1
111.061	1400	4	1
111.061	1401	3	1
111.186	1402	1	1
111.186	1403	2	1
111.311	1404	4	1
111.311	1405	3	1
111.436	1406	2	1
111.436	1407	1	1
111.561	1408	4	1
111.686	1409	3	1
111.686	1410	1	1
111.811	1411	2	1
111.936	1412	4	1
111.936	1413	3	1
112.061	1414	1	1
112.061	1415	2	1
112.186	1416	4	1
112.186	1417	3	1
112.311	1418	1	1
112.311	1419	2	1
112.436	1420	4	1
112.436	1421	3	1
112.561	1422	2	1
112.686	1423	3	1
112.686	1424	1	1
112.811	1425	2	1
112.936	1426	4	1
112.936	1427	1	1
113.061	1428	3	1
113.061	1429	2	1
113.186	1430	4	1
113.186	1431	1	1
113.311	1432	2	1
113.311	1433	3	1
113.436	1434	4	1
113.436	1435	1	1
113.561	1436	3	1
113.686	1437	1	1
113.686	1438	2	1
113.811	1439	3	1
113.936	1440	2	2
114.061	1441	2	3
113.936	1442	1	2
114.061	1443	1	3
114.061	1444	4	2
114.186	1445	4	3
114.061	1446	3	2
114.186	1447	3	3
114.186	1448	1	2
114.436	1449	1	3
114.186	1450	2	2
114.436	1451	2	3
114.436	1452	4	1
114.436	1453	3	1
114.561	1454	2	1
114.686	1455	4	1
114.686	1456	1	1
114.811	1457	3	1
114.936	1458	1	1
114.936	1459	2	1
115.061	1460	3	1
115.061	1461	2	1
115.186	1462	4	1
115.186	1463	3	1
115.311	1464	3	1
115.311	1465	2	1
115.436	1466	2	1
115.436	1467	1	1
115.561	1468	4	1
115.686	1469	3	1
115.686	1470	1	1
115.811	1471	2	1
115.936	1472	4	1
115.936	1473	1	1
116.061	1474	4	1
116.061	1475	2	1
116.186	1476	3	1
116.186	1477	1	1
116.311	1478	4	1
116.311	1479	1	1
116.436	1480	3	1
116.436	1481	2	1
116.498	1482	1	1
116.561	1483	2	1
116.623	1484	3	1
116.686	1485	2	1
116.748	1486	1	1
116.811	1487	4	1
116.873	1488	3	1
116.936	1489	2	1
116.998	1490	3	1
117.061	1491	4	1
117.123	1492	1	1
117.186	1493	3	1
117.248	1494	1	1
117.311	1495	3	1
117.373	1496	2	1
117.436	1497	1	1
117.436	1498	4	2
117.811	1499	4	3
117.498	1500	2	1
117.561	1501	1	1
117.623	1502	2	1
117.686	1503	1	1
117.748	1504	2	1
117.811	1505	1	1
117.873	1506	2	1
117.936	1507	3	1
117.998	1508	4	1
118.061	1509	1	2
118.436	1510	1	3
118.061	1511	3	1
118.123	1512	4	1
118.186	1513	3	1
118.248	1514	4	1
118.311	1515	3	1
118.373	1516	4	1
118.436	1517	3	1
118.498	1518	2	1
118.561	1519	3	1
118.623	1520	2	1
118.686	1521	4	1
118.748	1522	2	1
118.811	1523	4	1
118.873	1524	2	1
118.936	1525	3	1
118.998	1526	1	1
119.061	1527	3	1
119.123	1528	1	1
119.186	1529	3	1
119.248	1530	2	1
119.311	1531	3	1
119.373	1532	2	1
119.436	1533	3	1
119.498	1534	4	1
119.561	1535	3	1
119.623	1536	4	1
119.686	1537	2	1
119.748	1538	3	1
119.811	1539	2	1
119.873	1540	3	1
119.936	1541	1	1
119.998	1542	2	1
120.061	1543	1	1
120.123	1544	3	1
120.186	1545	1	1
120.248	1546	4	1
120.311	1547	1	1
120.373	1548	3	1
120.436	1549	1	1
120.498	1550	2	1
120.561	1551	3	1
120.623	1552	1	1
120.686	1553	3	1
120.748	1554	4	1
120.811	1555	2	1
120.873	1556	3	1
120.936	1557	4	1
120.998	1558	3	1
121.061	1559	4	1
121.123	1560	2	1
121.186	1561	4	1
121.248	1562	1	1
121.311	1563	4	1
121.373	1564	2	1
121.436	1565	3	1
121.498	1566	2	1
121.561	1567	3	1
121.623	1568	2	1
121.686	1569	1	1
121.748	1570	3	1
121.811	1571	1	1
121.873	1572	3	1
121.936	1573	4	1
121.998	1574	2	1
122.061	1575	4	1
122.123	1576	2	1
122.186	1577	4	1
122.248	1578	3	1
122.311	1579	2	1
122.373	1580	1	1
122.436	1581	4	1
122.436	1582	3	1
122.498	1583	2	1
122.561	1584	1	1
122.623	1585	2	1
122.686	1586	4	1
122.686	1587	3	1
122.748	1588	2	1
122.811	1589	1	1
122.873	1590	2	1
122.936	1591	4	1
122.936	1592	3	1
123.061	1593	4	1
123.061	1594	3	1
123.186	1595	4	1
123.186	1596	3	1
123.311	1597	4	1
123.311	1598	3	1
123.436	1599	1	1
123.436	1600	2	1
123.498	1601	4	1
123.561	1602	3	1
123.623	1603	2	1
123.686	1604	4	1
123.686	1605	3	1
123.748	1606	1	1
123.811	1607	2	1
123.873	1608	3	1
123.936	1609	1	1
123.936	1610	2	1
124.061	1611	1	1
124.061	1612	2	1
124.186	1613	1	1
124.186	1614	2	1
124.311	1615	1	1
124.311	1616	2	1
124.436	1617	2	1
124.436	1618	1	1
124.498	1619	4	1
124.561	1620	2	1
124.623	1621	3	1
124.686	1622	1	1
124.686	1623	2	1
124.748	1624	4	1
124.811	1625	2	1
124.873	1626	3	1
124.936	1627	1	2
125.061	1628	1	3
124.936	1629	2	2
125.061	1630	2	3
125.061	1631	4	2
125.186	1632	4	3
125.061	1633	3	2
125.186	1634	3	3
125.186	1635	1	2
125.311	1636	1	3
125.186	1637	2	2
125.311	1638	2	3
125.311	1639	3	2
125.436	1640	3	3
125.311	1641	4	2
125.436	1642	4	3
125.436	1643	1	2
125.811	1644	1	3
125.811	1645	3	1
125.873	1646	2	1
125.936	1647	4	2
126.436	1648	4	3
126.436	1649	3	1
126.436	1650	1	1
126.561	1651	2	1
126.686	1652	4	1
126.686	1653	1	1
126.811	1654	3	1
126.936	1655	4	1
126.936	1656	2	1
127.061	1657	3	1
127.186	1658	1	1
127.186	1659	2	1
127.311	1660	3	1
127.436	1661	1	1
127.436	1662	4	1
127.561	1663	1	1
127.686	1664	4	1
127.686	1665	3	1
127.811	1666	4	1
127.936	1667	2	1
127.936	1668	3	1
128.061	1669	2	1
128.186	1670	4	1
128.186	1671	1	1
128.311	1672	4	1
128.436	1673	2	1
128.436	1674	1	1
128.561	1675	3	1
128.686	1676	1	1
128.686	1677	4	1
128.811	1678	2	1
128.936	1679	4	1
128.936	1680	3	1
129.061	1681	2	1
129.186	1682	4	1
129.186	1683	1	1
129.311	1684	3	1
129.436	1685	2	1
129.436	1686	1	1
129.498	1687	4	1
129.561	1688	3	1
129.623	1689	2	1
129.686	1690	4	1
129.748	1691	2	1
129.811	1692	1	1
129.873	1693	3	1
129.936	1694	2	1
129.998	1695	1	1
130.061	1696	4	1
130.123	1697	3	1
130.186	1698	2	1
130.248	1699	1	1
130.311	1700	2	1
130.373	1701	3	1
130.436	1702	1	1
130.436	1703	4	1
130.561	1704	2	1
130.686	1705	4	1
130.686	1706	3	1
130.748	1707	2	1
130.811	1708	1	1
130.873	1709	3	1
130.936	1710	4	1
130.936	1711	2	1
130.998	1712	3	1
131.061	1713	2	1
131.123	1714	1	1
131.186	1715	4	1
131.186	1716	2	1
131.248	1717	3	1
131.311	1718	2	1
131.373	1719	1	1
131.436	1720	3	1
131.436	1721	4	1
131.498	1722	2	1
131.561	1723	1	1
131.623	1724	2	1
131.686	1725	4	1
131.686	1726	3	1
131.748	1727	1	1
131.811	1728	2	1
131.873	1729	3	1
131.936	1730	2	1
131.936	1731	1	1
131.998	1732	4	1
132.061	1733	3	1
132.123	1734	2	1
132.186	1735	4	1
132.186	1736	3	1
132.248	1737	1	1
132.311	1738	2	1
132.373	1739	3	1
132.436	1740	2	1
132.436	1741	1	1
132.561	1742	4	1
132.561	1743	3	1
132.686	1744	1	1
132.686	1745	2	1
132.811	1746	4	1
132.811	1747	3	1
132.936	1748	1	1
132.936	1749	2	1
133.061	1750	4	1
133.061	1751	3	1
133.186	1752	1	1
133.186	1753	2	1
133.311	1754	4	1
133.311	1755	3	1
133.436	1756	4	1
133.436	1757	3	1
133.561	1758	3	1
133.561	1759	2	1
133.686	1760	2	1
133.686	1761	1	1
133.811	1762	3	1
133.811	1763	4	2
134.061	1764	4	3
134.061	1765	3	1
134.186	1766	2	1
134.186	1767	3	2
134.436	1768	3	3
134.436	1769	2	1
134.561	1770	1	1
134.561	1771	2	2
134.811	1772	2	3
134.811	1773	1	1
134.936	1774	4	1
134.998	1775	1	1
135.061	1776	3	1
135.123	1777	2	1
135.186	1778	4	1
135.248	1779	1	1
135.311	1780	3	1
135.373	1781	2	1
135.436	1782	4	1
135.436	1783	3	1