Song Name	Exit This Earth's Atomosphere by Camellia
Difficulty	15
Primary Color	Rush
Secondary Color	Rush
Audio Asset ID	rbxassetid://9059186319
Audio File	9059186319.ogg
Last Note Time	158.453
Total Notes	1040
Fever Fill	249
Fever Time	23.767950
Long Notes	295
BPM	170
Song Length	159.453000000

Timing Points
0.336	352.941176


Song Data
0.336	1	2	1
0.688	2	3	1
1.041	3	2	1
1.394	4	3	1
1.747	5	2	1
2.100	6	3	1
2.453	7	2	1
2.806	8	1	2
2.806	9	4	2
3.159	10	2	1
3.159	11	1	3
3.159	12	4	3
3.512	13	3	1
3.865	14	2	1
4.218	15	3	1
4.571	16	2	1
4.924	17	3	1
5.277	18	2	1
5.453	19	4	1
5.718	20	1	1
5.806	21	2	1
5.894	22	4	1
5.983	23	2	1
6.335	24	3	1
6.688	25	2	1
7.041	26	3	1
7.394	27	2	1
7.747	28	3	1
8.100	29	2	1
8.453	30	1	2
8.453	31	4	2
8.806	32	2	1
8.806	33	1	3
8.806	34	4	3
9.159	35	3	1
9.512	36	2	1
9.865	37	3	1
10.218	38	4	1
10.571	39	1	1
10.747	40	2	1
10.924	41	3	1
11.277	42	2	1
11.453	43	4	1
11.630	44	1	1
11.630	45	2	1
11.806	46	4	1
11.894	47	3	1
12.071	48	2	1
12.159	49	1	1
12.335	50	3	1
12.424	51	4	1
12.600	52	3	1
12.688	53	2	1
13.041	54	1	1
13.218	55	4	1
13.306	56	3	1
13.483	57	2	1
13.571	58	1	1
13.747	59	3	1
13.835	60	4	1
14.012	61	3	1
14.100	62	2	1
14.277	63	2	1
14.453	64	1	1
14.630	65	4	1
14.718	66	3	1
14.894	67	2	1
14.983	68	1	1
15.159	69	3	1
15.247	70	4	1
15.424	71	3	1
15.512	72	2	1
15.865	73	1	1
16.041	74	4	1
16.130	75	3	1
16.306	76	2	1
16.394	77	1	1
16.571	78	3	1
16.659	79	4	1
16.835	80	3	1
16.924	81	2	1
17.012	82	4	1
17.100	83	3	1
17.188	84	2	1
17.277	85	1	1
17.453	86	4	1
17.541	87	3	1
17.718	88	2	1
17.806	89	1	1
17.983	90	3	1
18.071	91	4	1
18.247	92	3	1
18.335	93	2	1
18.688	94	1	1
18.865	95	4	1
18.953	96	3	1
19.130	97	2	1
19.218	98	1	1
19.394	99	3	1
19.483	100	4	1
19.659	101	3	1
19.747	102	2	1
19.924	103	2	1
20.100	104	1	1
20.277	105	4	1
20.365	106	3	1
20.541	107	2	1
20.630	108	1	1
20.806	109	3	1
20.894	110	4	1
21.071	111	3	1
21.159	112	2	1
21.512	113	1	1
21.688	114	4	1
21.777	115	3	1
21.953	116	2	1
22.041	117	1	1
22.218	118	3	1
22.306	119	4	1
22.483	120	3	1
22.571	121	2	1
22.659	122	4	1
22.747	123	3	1
22.835	124	2	1
22.924	125	1	1
22.924	126	4	1
23.100	127	1	1
23.188	128	2	1
23.365	129	3	1
23.453	130	4	1
23.630	131	1	1
23.806	132	1	1
23.894	133	2	1
24.071	134	3	1
24.159	135	4	1
24.335	136	1	1
24.512	137	1	1
24.600	138	2	1
24.777	139	3	1
24.865	140	4	1
25.041	141	1	1
25.218	142	1	1
25.306	143	2	1
25.483	144	3	1
25.571	145	4	1
25.747	146	1	1
25.924	147	1	1
26.012	148	2	1
26.188	149	3	1
26.277	150	4	1
26.453	151	1	1
26.630	152	1	1
26.718	153	2	1
26.894	154	3	1
26.983	155	4	1
27.159	156	1	1
27.335	157	1	1
27.424	158	2	1
27.600	159	3	1
27.688	160	4	1
27.865	161	1	1
28.041	162	1	1
28.130	163	2	1
28.306	164	3	1
28.394	165	4	1
28.571	166	1	1
28.747	167	3	1
28.835	168	2	1
28.924	169	1	1
29.100	170	3	1
29.188	171	2	1
29.277	172	1	1
29.453	173	3	1
29.541	174	2	1
29.630	175	1	1
29.806	176	3	1
29.894	177	2	1
29.983	178	1	1
30.159	179	4	1
30.247	180	3	1
30.335	181	2	1
30.512	182	4	1
30.600	183	3	1
30.688	184	2	1
30.865	185	4	1
30.953	186	3	1
31.041	187	2	1
31.218	188	4	1
31.306	189	3	1
31.394	190	1	2
32.100	191	2	2
32.806	192	3	2
33.512	193	4	2
34.218	194	1	3
34.218	195	2	3
34.218	196	3	3
34.218	197	4	3
38.453	198	2	2
42.688	199	3	2
45.512	200	1	2
45.512	201	4	1
45.512	202	2	3
45.512	203	3	3
45.688	204	2	2
45.688	205	1	3
45.865	206	3	2
45.865	207	2	3
46.041	208	4	2
46.041	209	3	3
46.218	210	3	2
46.218	211	4	3
46.394	212	2	2
46.394	213	3	3
46.571	214	1	2
46.571	215	2	3
46.747	216	2	2
46.747	217	1	3
46.924	218	3	2
46.924	219	2	3
47.100	220	4	2
47.100	221	3	3
47.277	222	1	2
47.277	223	4	3
47.453	224	3	2
47.453	225	1	3
47.630	226	4	2
47.630	227	3	3
47.806	228	2	2
47.806	229	4	3
47.983	230	3	2
47.983	231	2	3
48.159	232	2	2
48.159	233	3	3
48.335	234	1	2
48.335	235	2	3
48.512	236	2	2
48.512	237	1	3
48.688	238	3	2
48.688	239	2	3
48.865	240	4	2
48.865	241	3	3
49.041	242	3	2
49.041	243	4	3
49.218	244	2	2
49.218	245	3	3
49.394	246	1	2
49.394	247	2	3
49.571	248	2	2
49.571	249	1	3
49.747	250	3	2
49.747	251	2	3
49.924	252	4	2
49.924	253	3	3
50.100	254	3	2
50.100	255	4	3
50.277	256	2	2
50.277	257	3	3
50.453	258	1	2
50.453	259	2	3
50.630	260	2	2
50.630	261	1	3
50.806	262	4	2
50.806	263	2	3
50.983	264	3	2
50.983	265	4	3
51.159	266	1	2
51.159	267	3	3
51.335	268	2	2
51.335	269	1	3
51.512	270	3	2
51.512	271	2	3
51.688	272	4	2
51.688	273	3	3
51.865	274	3	2
51.865	275	4	3
52.041	276	2	2
52.041	277	3	3
52.218	278	1	2
52.218	279	2	3
52.394	280	2	2
52.394	281	1	3
52.571	282	3	2
52.571	283	2	3
52.747	284	4	2
52.747	285	3	3
52.924	286	3	2
52.924	287	4	3
53.100	288	2	2
53.100	289	3	3
53.277	290	1	2
53.277	291	2	3
53.453	292	2	2
53.453	293	1	3
53.630	294	1	2
53.630	295	2	3
53.806	296	4	2
53.806	297	1	3
53.983	298	1	2
53.983	299	4	3
54.159	300	2	2
54.159	301	1	3
54.335	302	3	2
54.335	303	2	3
54.512	304	4	2
54.512	305	3	3
54.688	306	3	2
54.688	307	4	3
54.865	308	2	2
54.865	309	3	3
55.041	310	1	2
55.041	311	2	3
55.218	312	2	2
55.218	313	1	3
55.394	314	3	2
55.394	315	2	3
55.571	316	4	2
55.571	317	3	3
55.747	318	3	2
55.747	319	4	3
55.924	320	2	2
55.924	321	3	3
56.100	322	1	2
56.100	323	2	3
56.277	324	2	2
56.277	325	1	3
56.453	326	3	2
56.453	327	2	3
56.630	328	4	2
56.630	329	3	3
56.806	330	1	2
56.806	331	4	3
56.983	332	2	2
56.983	333	1	3
57.159	334	3	2
57.159	335	2	3
57.335	336	4	2
57.335	337	3	3
57.512	338	3	2
57.512	339	4	3
57.688	340	2	2
57.688	341	3	3
57.865	342	1	2
57.865	343	2	3
58.041	344	2	2
58.041	345	1	3
58.218	346	3	2
58.218	347	2	3
58.394	348	4	2
58.394	349	3	3
58.571	350	1	2
58.571	351	4	3
58.747	352	3	2
58.747	353	1	3
58.924	354	4	2
58.924	355	3	3
59.100	356	2	2
59.100	357	4	3
59.277	358	3	2
59.277	359	2	3
59.453	360	2	2
59.453	361	3	3
59.630	362	1	2
59.630	363	2	3
59.806	364	2	2
59.806	365	1	3
59.983	366	3	2
59.983	367	2	3
60.159	368	4	2
60.159	369	3	3
60.335	370	3	2
60.335	371	4	3
60.512	372	2	2
60.512	373	3	3
60.688	374	1	2
60.688	375	2	3
60.865	376	2	2
60.865	377	1	3
61.041	378	3	2
61.041	379	2	3
61.218	380	4	2
61.218	381	3	3
61.394	382	3	2
61.394	383	4	3
61.571	384	2	2
61.571	385	3	3
61.747	386	1	2
61.747	387	2	3
61.924	388	2	2
61.924	389	1	3
62.100	390	4	2
62.100	391	2	3
62.277	392	3	2
62.277	393	4	3
62.453	394	1	2
62.453	395	3	3
62.630	396	2	2
62.630	397	1	3
62.806	398	3	2
62.806	399	2	3
62.983	400	4	2
62.983	401	3	3
63.159	402	3	2
63.159	403	4	3
63.335	404	2	2
63.335	405	3	3
63.512	406	1	2
63.512	407	2	3
63.688	408	2	2
63.688	409	1	3
63.865	410	3	2
63.865	411	2	3
64.041	412	4	2
64.041	413	3	3
64.218	414	3	2
64.218	415	4	3
64.394	416	2	2
64.394	417	3	3
64.571	418	1	2
64.571	419	2	3
64.747	420	2	2
64.747	421	1	3
64.924	422	1	2
64.924	423	2	3
65.100	424	3	2
65.100	425	1	3
65.277	426	1	2
65.277	427	3	3
65.453	428	2	2
65.453	429	1	3
65.630	430	3	2
65.630	431	2	3
65.806	432	4	2
65.806	433	3	3
65.983	434	3	2
65.983	435	4	3
66.159	436	2	2
66.159	437	3	3
66.335	438	1	2
66.335	439	2	3
66.512	440	2	2
66.512	441	1	3
66.688	442	3	2
66.688	443	2	3
66.865	444	4	2
66.865	445	3	3
67.041	446	3	2
67.041	447	4	3
67.218	448	2	2
67.218	449	3	3
67.394	450	1	2
67.394	451	2	3
67.571	452	2	2
67.571	453	1	3
67.747	454	3	2
67.747	455	2	3
68.100	456	1	1
68.100	457	2	1
68.100	458	4	2
68.100	459	3	3
69.512	460	3	2
69.512	461	4	3
70.041	462	3	3
70.218	463	4	2
70.394	464	3	2
70.394	465	4	3
70.571	466	1	2
70.571	467	3	3
70.747	468	3	2
70.747	469	1	3
71.100	470	2	2
71.100	471	3	3
71.277	472	1	2
71.277	473	2	3
71.983	474	2	2
71.983	475	1	3
72.865	476	2	3
73.041	477	1	2
73.394	478	2	2
73.394	479	1	3
73.747	480	3	2
73.747	481	2	3
74.806	482	1	2
74.806	483	3	3
74.983	484	4	2
74.983	485	1	3
76.041	486	3	2
76.041	487	4	3
76.218	488	2	2
76.218	489	3	3
76.394	490	1	2
76.394	491	2	3
77.277	492	2	2
77.277	493	1	3
78.335	494	2	3
79.041	495	3	2
79.394	496	1	1
79.394	497	2	1
79.394	498	4	2
79.394	499	3	3
80.806	500	3	2
80.806	501	4	3
81.335	502	3	3
81.512	503	4	2
81.688	504	3	2
81.688	505	4	3
81.865	506	1	2
81.865	507	3	3
82.041	508	3	2
82.041	509	1	3
82.394	510	2	2
82.394	511	3	3
82.571	512	1	2
82.571	513	2	3
83.277	514	2	2
83.277	515	1	3
84.159	516	2	3
84.335	517	1	2
84.688	518	2	2
84.688	519	1	3
85.041	520	3	2
85.041	521	2	3
86.100	522	1	2
86.100	523	3	3
86.277	524	4	2
86.277	525	1	3
87.335	526	2	2
87.335	527	4	3
87.512	528	4	2
87.512	529	2	3
87.688	530	3	2
87.688	531	4	3
88.571	532	2	2
90.688	533	1	1
90.688	534	4	1
90.688	535	2	3
90.688	536	3	3
92.806	537	1	2
93.159	538	3	2
93.159	539	4	2
93.159	540	1	3
93.512	541	3	3
93.512	542	4	3
95.630	543	3	2
95.983	544	1	2
95.983	545	3	3
96.335	546	4	1
96.335	547	1	3
96.688	548	4	1
97.041	549	1	1
97.218	550	2	1
97.394	551	1	1
97.571	552	3	1
97.747	553	4	1
98.100	554	4	1
98.453	555	4	1
98.630	556	2	1
98.806	557	3	2
98.806	558	4	2
99.159	559	2	1
99.159	560	3	3
99.159	561	4	3
99.512	562	4	1
99.865	563	1	1
100.041	564	2	1
100.218	565	1	1
100.394	566	3	1
100.571	567	4	1
100.747	568	2	1
100.924	569	3	1
101.012	570	2	1
101.100	571	3	1
101.188	572	2	1
101.277	573	4	1
101.453	574	1	1
101.630	575	3	1
101.806	576	3	1
101.983	577	4	1
102.335	578	4	1
102.688	579	1	1
102.865	580	2	1
103.041	581	1	1
103.218	582	3	1
103.394	583	4	1
103.747	584	4	1
104.100	585	4	1
104.277	586	2	1
104.453	587	3	2
104.453	588	4	2
104.806	589	2	1
104.806	590	3	3
104.806	591	4	3
105.159	592	4	1
105.512	593	1	1
105.688	594	2	1
105.865	595	1	1
106.041	596	3	1
106.218	597	4	1
106.571	598	4	1
106.924	599	4	1
107.100	600	2	1
107.277	601	3	1
107.453	602	3	1
107.630	603	1	2
109.041	604	2	2
110.453	605	3	2
111.159	606	4	2
111.865	607	1	3
111.865	608	2	3
111.865	609	3	3
111.865	610	4	3
112.394	611	4	1
112.571	612	2	1
112.659	613	1	1
112.924	614	3	1
113.277	615	1	2
113.277	616	4	2
113.630	617	1	3
113.630	618	4	3
113.718	619	3	1
113.806	620	2	1
113.894	621	3	1
113.983	622	1	1
114.159	623	4	1
114.247	624	2	1
114.512	625	1	2
114.688	626	1	3
114.777	627	3	1
114.865	628	4	1
114.953	629	2	1
115.130	630	3	2
115.218	631	1	1
115.218	632	3	3
115.394	633	1	2
115.394	634	2	2
115.571	635	3	1
115.747	636	3	2
115.747	637	4	2
115.747	638	1	3
115.747	639	2	3
116.100	640	1	2
116.100	641	2	2
116.100	642	3	3
116.100	643	4	3
116.453	644	1	3
116.453	645	2	3
116.541	646	3	1
116.630	647	2	1
116.718	648	3	1
116.806	649	1	1
116.983	650	4	1
117.071	651	2	1
117.335	652	1	2
117.512	653	1	3
117.600	654	3	1
117.688	655	2	1
117.777	656	3	1
117.953	657	3	1
118.041	658	2	1
118.130	659	1	1
118.218	660	4	1
118.306	661	3	1
118.394	662	2	1
118.483	663	1	1
118.571	664	3	2
118.747	665	2	2
118.747	666	3	3
118.924	667	1	2
118.924	668	4	2
118.924	669	2	3
119.277	670	1	3
119.277	671	4	3
119.365	672	3	1
119.453	673	2	1
119.541	674	3	1
119.630	675	1	1
119.806	676	4	1
119.894	677	2	1
120.159	678	1	2
120.335	679	1	3
120.424	680	3	1
120.512	681	4	1
120.600	682	2	1
120.777	683	3	2
120.865	684	4	1
120.865	685	3	3
121.041	686	1	2
121.041	687	2	2
121.218	688	3	1
121.394	689	3	2
121.394	690	4	2
121.394	691	1	3
121.394	692	2	3
121.747	693	1	1
121.747	694	3	3
121.747	695	4	3
121.835	696	2	1
121.924	697	3	1
122.012	698	1	1
122.100	699	4	1
122.277	700	2	1
122.365	701	1	1
122.453	702	3	1
122.541	703	2	1
122.630	704	4	2
122.806	705	1	2
122.806	706	4	3
122.983	707	2	1
122.983	708	1	3
123.071	709	3	1
123.159	710	2	1
123.335	711	2	1
123.512	712	4	2
123.688	713	4	3
123.865	714	1	1
123.953	715	3	1
124.041	716	1	2
124.218	717	4	2
124.218	718	1	3
124.394	719	1	1
124.394	720	2	1
124.394	721	4	3
124.571	722	1	2
124.571	723	4	2
124.924	724	2	1
124.924	725	1	3
124.924	726	4	3
125.012	727	3	1
125.100	728	2	1
125.188	729	3	1
125.277	730	1	1
125.453	731	4	1
125.541	732	2	1
125.630	733	3	1
125.806	734	1	2
125.983	735	1	3
126.071	736	3	1
126.159	737	4	1
126.247	738	2	1
126.335	739	4	1
126.424	740	3	2
126.512	741	1	1
126.512	742	3	3
126.688	743	1	2
126.688	744	2	2
126.865	745	3	1
127.041	746	3	2
127.041	747	4	2
127.041	748	1	3
127.041	749	2	3
127.394	750	1	2
127.394	751	2	2
127.394	752	3	3
127.394	753	4	3
127.747	754	4	1
127.747	755	1	3
127.747	756	2	3
127.835	757	3	1
127.924	758	2	1
128.012	759	3	1
128.100	760	1	1
128.277	761	4	1
128.365	762	2	1
128.453	763	3	1
128.630	764	1	2
128.806	765	1	3
128.894	766	3	1
128.983	767	2	1
129.071	768	3	1
129.159	769	1	1
129.247	770	3	1
129.335	771	2	1
129.424	772	1	1
129.512	773	4	1
129.600	774	3	1
129.688	775	2	1
129.777	776	1	1
129.865	777	3	2
130.041	778	2	2
130.041	779	3	3
130.218	780	1	2
130.218	781	4	2
130.218	782	2	3
130.571	783	2	1
130.571	784	1	3
130.571	785	4	3
130.659	786	3	1
130.747	787	2	1
130.835	788	3	1
130.924	789	1	1
131.100	790	4	1
131.188	791	2	1
131.277	792	3	1
131.453	793	1	1
131.630	794	2	1
131.718	795	3	1
131.806	796	4	1
131.894	797	2	1
131.983	798	1	1
132.071	799	3	2
132.159	800	4	1
132.159	801	3	3
132.247	802	3	1
132.335	803	1	2
132.512	804	3	1
132.600	805	2	1
132.688	806	3	2
132.688	807	4	2
132.688	808	1	3
132.865	809	2	1
132.953	810	1	1
133.041	811	2	1
133.041	812	3	3
133.041	813	4	3
133.306	814	3	1
133.571	815	2	1
133.835	816	3	1
134.100	817	2	1
134.277	818	4	1
134.365	819	3	1
134.453	820	2	1
134.630	821	1	1
134.806	822	1	1
134.894	823	2	1
134.983	824	3	1
135.071	825	4	1
135.159	826	2	2
135.512	827	4	2
135.512	828	2	3
135.865	829	1	2
135.865	830	2	2
135.865	831	4	3
136.218	832	3	1
136.218	833	1	3
136.218	834	2	3
136.306	835	1	1
136.394	836	3	1
136.483	837	1	1
136.571	838	2	1
136.747	839	4	1
136.835	840	3	1
136.924	841	2	1
137.100	842	3	2
137.188	843	1	1
137.188	844	3	3
137.277	845	3	1
137.453	846	4	1
137.541	847	2	1
137.630	848	4	2
137.806	849	3	2
137.806	850	4	3
137.983	851	1	2
137.983	852	2	2
137.983	853	3	3
138.159	854	3	1
138.335	855	3	2
138.335	856	4	2
138.335	857	1	3
138.335	858	2	3
138.688	859	1	2
138.688	860	2	2
138.688	861	3	3
138.688	862	4	3
139.041	863	3	1
139.041	864	1	3
139.041	865	2	3
139.130	866	1	1
139.218	867	3	1
139.306	868	1	1
139.394	869	2	1
139.571	870	4	1
139.659	871	3	1
139.747	872	2	1
139.924	873	1	2
140.100	874	4	1
140.100	875	1	3
140.188	876	2	1
140.365	877	4	1
140.453	878	1	1
140.541	879	4	1
140.630	880	2	2
140.806	881	3	2
140.806	882	4	2
140.806	883	2	3
141.159	884	1	2
141.159	885	2	2
141.159	886	3	3
141.159	887	4	3
141.512	888	3	2
141.512	889	4	2
141.512	890	1	3
141.512	891	2	3
141.865	892	1	1
141.865	893	3	3
141.865	894	4	3
141.953	895	3	1
142.041	896	1	1
142.130	897	3	1
142.218	898	2	1
142.394	899	4	1
142.483	900	2	1
142.571	901	3	1
142.747	902	3	2
142.835	903	1	1
142.835	904	3	3
142.924	905	3	1
143.100	906	4	1
143.188	907	2	1
143.277	908	1	1
143.365	909	2	1
143.453	910	3	1
143.630	911	1	2
143.630	912	2	2
143.806	913	3	1
143.983	914	3	2
143.983	915	4	2
143.983	916	1	3
143.983	917	2	3
144.335	918	1	2
144.335	919	2	2
144.335	920	3	3
144.335	921	4	3
144.688	922	3	1
144.688	923	1	3
144.688	924	2	3
144.865	925	2	2
144.865	926	3	2
145.218	927	1	1
145.218	928	2	3
145.218	929	3	3
145.747	930	1	2
145.747	931	3	2
146.100	932	2	1
146.100	933	1	3
146.100	934	3	3
146.277	935	2	2
146.277	936	4	2
146.630	937	3	1
146.630	938	2	3
146.630	939	4	3
146.806	940	1	2
147.159	941	3	2
147.159	942	4	2
147.159	943	1	3
147.512	944	2	1
147.512	945	3	3
147.512	946	4	3
147.600	947	1	1
147.688	948	3	1
147.777	949	1	1
147.865	950	2	1
148.041	951	4	1
148.130	952	3	1
148.218	953	2	1
148.394	954	3	2
148.483	955	1	1
148.483	956	3	3
148.571	957	3	1
148.747	958	4	1
148.835	959	2	1
148.924	960	4	2
149.100	961	3	2
149.100	962	4	3
149.277	963	1	2
149.277	964	2	2
149.277	965	3	3
149.453	966	3	1
149.630	967	3	2
149.630	968	4	2
149.630	969	1	3
149.630	970	2	3
149.983	971	1	2
149.983	972	2	2
149.983	973	3	3
149.983	974	4	3
150.335	975	3	1
150.335	976	1	3
150.335	977	2	3
150.424	978	1	1
150.512	979	3	1
150.600	980	1	1
150.688	981	2	1
150.865	982	4	1
150.953	983	3	1
151.041	984	2	1
151.218	985	1	2
151.394	986	4	1
151.394	987	1	3
151.483	988	2	1
151.571	989	4	1
151.659	990	2	1
151.747	991	4	1
151.835	992	2	1
151.924	993	1	2
152.100	994	3	2
152.100	995	4	2
152.100	996	1	3
152.453	997	1	2
152.453	998	2	2
152.453	999	3	3
152.453	1000	4	3
152.806	1001	3	2
152.806	1002	4	2
152.806	1003	1	3
152.806	1004	2	3
153.159	1005	1	1
153.159	1006	3	3
153.159	1007	4	3
153.247	1008	3	1
153.335	1009	1	1
153.424	1010	3	1
153.512	1011	2	1
153.688	1012	4	1
153.777	1013	2	1
153.865	1014	3	1
154.041	1015	3	2
154.130	1016	1	1
154.130	1017	3	3
154.218	1018	3	1
154.394	1019	4	1
154.483	1020	2	1
154.571	1021	1	1
154.659	1022	2	1
154.747	1023	3	1
154.924	1024	1	2
154.924	1025	2	2
155.100	1026	3	1
155.277	1027	3	2
155.277	1028	4	2
155.277	1029	1	3
155.277	1030	2	3
155.630	1031	1	2
155.630	1032	3	3
155.630	1033	4	3
156.335	1034	2	2
157.041	1035	3	2
157.747	1036	4	2
158.453	1037	1	3
158.453	1038	2	3
158.453	1039	3	3
158.453	1040	4	3