Song Name	Exit This Earth's Atomosphere (Camellia's 'Planetary//200step' Remix) [EXTENDED CUT] by Camellia
Difficulty	26
Primary Color	Rush
Secondary Color	Chill
Last Note Time	401.537
Total Notes	3141
Fever Fill	881
Fever Time	60.230550
Long Notes	497
BPM	200
Song Length	403.932979167

Timing Points
7.037	300.0000
107.837	300.0000
151.037	300.0000
182.237	300.0000
220.637	300.0000
311.837	300.0000
352.037	300.0000


Song Data
7.037	1	2	2
7.337	2	1	2
7.337	3	2	3
7.637	4	4	1
7.637	5	1	3
8.087	6	4	1
8.537	7	4	1
8.987	8	4	1
9.437	9	4	1
9.887	10	4	1
10.337	11	4	1
10.787	12	4	1
11.237	13	4	1
11.687	14	3	1
11.837	15	2	2
12.137	16	1	2
12.137	17	2	3
12.437	18	4	1
12.437	19	1	3
12.887	20	4	1
13.337	21	4	1
13.787	22	4	1
14.237	23	4	1
14.687	24	4	1
15.137	25	4	1
15.587	26	4	1
16.037	27	4	1
16.487	28	3	1
16.637	29	2	2
16.937	30	1	1
16.937	31	2	3
17.087	32	3	1
17.237	33	4	1
17.687	34	4	1
18.137	35	4	1
18.587	36	4	1
19.037	37	4	1
19.487	38	4	1
19.937	39	4	1
20.387	40	4	1
20.837	41	4	1
21.287	42	3	1
21.437	43	2	2
21.737	44	1	1
21.737	45	2	3
21.887	46	3	1
22.037	47	4	1
22.487	48	4	1
22.937	49	4	1
23.387	50	4	1
23.837	51	4	1
24.287	52	4	1
24.737	53	4	1
25.187	54	4	1
25.637	55	4	1
26.237	56	2	2
26.537	57	1	2
26.537	58	2	3
26.837	59	4	1
26.837	60	1	3
27.287	61	4	1
27.737	62	4	1
28.187	63	4	1
28.637	64	4	1
29.087	65	4	1
29.537	66	4	1
29.987	67	4	1
30.437	68	4	1
30.887	69	3	1
31.037	70	2	2
31.337	71	1	2
31.337	72	2	3
31.637	73	4	1
31.637	74	1	3
32.087	75	4	1
32.537	76	4	1
32.987	77	4	1
33.437	78	4	1
33.887	79	4	1
34.337	80	4	1
34.787	81	4	1
35.237	82	4	1
35.687	83	3	1
35.837	84	2	2
36.137	85	1	1
36.137	86	2	3
36.287	87	3	1
36.437	88	4	1
36.887	89	4	1
37.337	90	4	1
37.787	91	4	1
38.237	92	4	1
38.687	93	4	1
39.137	94	4	1
39.587	95	4	1
40.037	96	4	1
40.487	97	3	1
40.637	98	2	2
40.937	99	1	1
40.937	100	2	3
41.087	101	3	1
41.237	102	4	1
41.687	103	4	1
42.137	104	4	1
42.587	105	4	1
43.037	106	4	1
43.487	107	4	1
43.937	108	4	1
44.387	109	4	1
44.837	110	4	1
45.287	111	4	1
45.437	112	1	1
45.437	113	4	1
46.637	114	1	1
46.637	115	2	1
47.837	116	1	1
47.837	117	4	1
49.037	118	3	2
50.237	119	1	1
50.237	120	4	1
50.237	121	3	3
51.437	122	1	1
51.437	123	3	1
52.637	124	1	1
52.637	125	4	1
53.837	126	3	2
54.437	127	1	2
55.037	128	2	1
55.037	129	4	2
55.037	130	1	3
55.037	131	3	3
55.787	132	1	1
55.787	133	3	1
56.237	134	1	1
56.237	135	2	1
56.237	136	4	3
56.837	137	3	2
56.837	138	4	1
56.987	139	2	2
56.987	140	3	3
57.137	141	1	2
57.137	142	2	3
57.287	143	2	1
57.287	144	4	2
57.287	145	1	3
57.587	146	3	2
57.587	147	4	3
57.737	148	1	2
57.737	149	3	3
58.637	150	1	3
59.237	151	2	2
59.537	152	3	2
59.537	153	2	3
59.837	154	1	1
59.837	155	4	2
59.837	156	3	3
60.437	157	4	3
60.587	158	3	1
60.587	159	4	1
60.737	160	1	2
60.887	161	4	1
60.887	162	1	3
61.037	163	3	1
61.037	164	4	2
61.637	165	1	1
61.637	166	3	1
61.637	167	4	3
61.787	168	2	2
61.937	169	4	2
61.937	170	2	3
62.087	171	1	2
62.087	172	3	1
62.087	173	4	3
62.237	174	2	1
62.387	175	4	1
62.537	176	3	1
62.537	177	1	3
62.687	178	4	1
62.837	179	3	1
62.987	180	2	1
63.137	181	1	1
63.287	182	2	1
63.437	183	1	1
63.587	184	4	1
63.737	185	3	1
63.887	186	2	1
64.337	187	1	2
64.637	188	2	1
64.637	189	3	2
64.637	190	4	2
64.637	191	1	3
64.937	192	3	3
65.387	193	1	2
65.387	194	3	1
65.687	195	1	3
65.837	196	1	2
65.837	197	2	1
66.137	198	1	3
66.287	199	4	3
66.437	200	1	2
66.437	201	4	2
66.587	202	3	2
66.587	203	4	3
66.737	204	2	2
66.737	205	1	3
66.737	206	3	3
66.887	207	1	2
66.887	208	4	2
66.887	209	2	3
67.187	210	3	2
67.187	211	1	3
67.187	212	4	3
67.337	213	1	2
67.337	214	3	3
68.687	215	1	3
68.837	216	1	2
69.137	217	2	2
69.137	218	1	3
69.437	219	1	2
69.437	220	3	2
69.437	221	4	1
69.437	222	2	3
69.737	223	1	3
70.187	224	2	1
70.187	225	4	2
70.337	226	1	2
70.337	227	3	3
70.487	228	2	2
70.487	229	1	3
70.487	230	4	3
70.637	231	1	2
70.637	232	3	1
70.937	233	1	3
71.237	234	1	2
71.237	235	3	1
71.387	236	4	2
71.387	237	2	3
71.537	238	3	2
71.537	239	1	3
71.537	240	4	3
71.687	241	1	2
71.687	242	2	2
71.687	243	4	1
71.687	244	3	3
71.987	245	2	3
73.337	246	1	3
73.937	247	1	2
74.237	248	2	1
74.237	249	3	2
74.237	250	4	2
74.237	251	1	3
74.537	252	3	3
74.987	253	1	2
74.987	254	3	1
75.287	255	1	3
75.437	256	1	2
75.437	257	2	1
75.737	258	1	3
75.887	259	4	3
76.037	260	1	2
76.037	261	4	2
76.187	262	3	2
76.187	263	4	3
76.337	264	2	2
76.337	265	1	3
76.337	266	3	3
76.487	267	1	2
76.487	268	4	2
76.487	269	2	3
76.787	270	3	2
76.787	271	1	3
76.787	272	4	3
76.937	273	1	2
76.937	274	3	3
78.287	275	1	3
78.437	276	1	2
78.737	277	2	2
78.737	278	1	3
79.037	279	1	2
79.037	280	3	2
79.037	281	4	1
79.037	282	2	3
79.337	283	1	3
79.787	284	2	1
79.787	285	4	2
79.937	286	1	2
79.937	287	3	3
80.087	288	2	2
80.087	289	1	3
80.087	290	4	3
80.237	291	1	2
80.237	292	3	1
80.537	293	1	3
80.837	294	1	2
80.837	295	4	1
80.987	296	3	2
80.987	297	2	3
81.137	298	4	2
81.137	299	1	3
81.137	300	3	3
81.287	301	1	2
81.287	302	2	2
81.287	303	3	1
81.287	304	4	3
81.587	305	2	3
83.837	306	1	3
84.137	307	1	2
84.287	308	4	2
84.287	309	1	3
84.437	310	3	2
84.437	311	4	3
84.737	312	3	3
85.037	313	3	1
85.187	314	2	1
85.337	315	3	1
85.487	316	2	1
85.637	317	1	2
85.937	318	4	2
85.937	319	1	3
86.237	320	1	1
86.237	321	2	1
86.237	322	4	3
86.462	323	1	1
86.537	324	4	1
86.587	325	3	1
86.637	326	1	1
86.687	327	2	1
86.762	328	3	1
86.837	329	4	1
86.987	330	1	1
87.062	331	3	1
87.137	332	2	1
87.287	333	4	1
87.362	334	1	1
87.437	335	2	1
87.587	336	3	1
87.662	337	4	1
87.737	338	1	1
87.887	339	2	1
88.037	340	3	1
88.262	341	4	1
88.337	342	1	1
88.412	343	3	1
88.487	344	2	1
88.562	345	4	1
88.637	346	3	1
88.862	347	1	1
88.937	348	4	1
88.987	349	3	1
89.037	350	1	1
89.087	351	2	1
89.162	352	3	1
89.237	353	4	1
89.387	354	1	1
89.462	355	3	1
89.537	356	2	1
89.687	357	4	1
89.762	358	1	1
89.837	359	2	1
89.987	360	3	1
90.062	361	4	1
90.137	362	1	1
90.287	363	2	1
90.437	364	3	1
90.662	365	4	1
90.737	366	1	1
90.812	367	3	1
90.887	368	2	1
90.962	369	4	1
91.037	370	3	1
91.262	371	1	1
91.337	372	4	1
91.387	373	3	1
91.437	374	1	1
91.487	375	2	1
91.562	376	3	1
91.637	377	4	1
91.787	378	1	1
91.862	379	3	1
91.937	380	2	1
92.087	381	4	1
92.162	382	1	1
92.237	383	2	1
92.387	384	3	1
92.462	385	4	1
92.537	386	1	1
92.687	387	2	1
92.837	388	3	1
93.062	389	4	1
93.137	390	1	1
93.212	391	3	1
93.287	392	2	1
93.362	393	4	1
93.437	394	3	1
93.662	395	1	1
93.737	396	4	1
93.787	397	3	1
93.837	398	1	1
93.887	399	2	1
93.962	400	3	1
94.037	401	4	1
94.187	402	1	1
94.262	403	3	1
94.337	404	2	1
94.487	405	4	1
94.562	406	1	1
94.637	407	2	1
94.787	408	3	1
94.862	409	4	1
94.937	410	1	1
95.087	411	2	1
95.237	412	3	1
95.462	413	4	1
95.537	414	1	1
95.612	415	3	1
95.687	416	2	1
95.762	417	4	1
95.837	418	1	1
95.837	419	3	1
95.987	420	2	1
96.137	421	4	1
96.287	422	3	1
96.437	423	2	1
96.587	424	1	1
96.737	425	3	1
96.887	426	4	1
97.037	427	1	1
97.187	428	2	1
97.337	429	3	1
97.487	430	4	1
97.637	431	2	1
97.787	432	1	1
97.937	433	4	2
98.087	434	4	3
98.237	435	1	1
98.387	436	2	1
98.537	437	4	1
98.687	438	3	1
98.837	439	2	1
98.987	440	1	1
99.137	441	3	1
99.287	442	4	1
99.437	443	1	1
99.587	444	2	1
99.737	445	3	1
99.887	446	4	1
100.037	447	2	1
100.187	448	1	1
100.337	449	4	1
100.487	450	4	1
100.637	451	1	1
100.712	452	2	1
100.787	453	3	1
100.862	454	4	1
100.937	455	1	1
101.012	456	2	1
101.087	457	3	1
101.162	458	4	1
101.237	459	1	1
101.312	460	2	1
101.387	461	3	1
101.462	462	4	1
101.537	463	1	2
101.687	464	1	3
101.837	465	4	1
101.912	466	3	1
101.987	467	2	1
102.062	468	1	1
102.137	469	4	1
102.212	470	3	1
102.287	471	2	1
102.362	472	1	1
102.437	473	4	1
102.512	474	3	1
102.587	475	2	1
102.662	476	1	1
102.737	477	4	2
103.037	478	1	1
103.037	479	4	3
103.074	480	2	1
103.112	481	3	1
103.149	482	4	1
103.187	483	1	1
103.262	484	2	1
103.337	485	3	1
103.412	486	4	1
103.487	487	1	1
103.562	488	2	1
103.637	489	3	1
103.674	490	4	1
103.712	491	1	1
103.749	492	2	1
103.787	493	3	1
103.862	494	4	1
103.937	495	1	1
104.012	496	2	1
104.087	497	3	1
104.162	498	4	1
104.237	499	1	1
104.287	500	2	1
104.337	501	3	1
104.387	502	4	1
104.437	503	1	1
104.487	504	2	1
104.537	505	3	1
104.587	506	4	1
104.637	507	1	1
104.687	508	2	1
104.737	509	3	1
104.787	510	4	1
104.837	511	1	1
104.887	512	2	1
104.937	513	3	1
104.987	514	4	1
105.037	515	1	1
105.087	516	2	1
105.137	517	3	1
105.187	518	4	1
105.237	519	1	1
105.287	520	2	1
105.337	521	3	1
105.387	522	4	1
105.437	523	1	1
105.587	524	3	1
105.737	525	2	1
105.887	526	1	1
106.037	527	4	1
106.187	528	3	1
106.337	529	2	1
106.487	530	1	1
106.637	531	4	1
106.787	532	3	1
106.862	533	2	1
106.937	534	3	1
107.087	535	1	1
107.237	536	4	1
107.312	537	3	1
107.387	538	2	1
107.462	539	1	1
107.537	540	3	1
107.837	541	2	1
107.837	542	4	2
108.137	543	1	1
108.137	544	4	3
108.187	545	2	1
108.237	546	3	1
108.287	547	4	1
108.362	548	3	1
108.437	549	1	2
108.437	550	4	1
108.587	551	3	1
108.587	552	1	3
108.662	553	2	1
109.037	554	1	2
109.187	555	3	1
109.187	556	1	3
109.262	557	2	1
109.562	558	3	1
109.562	559	4	1
109.637	560	1	1
109.637	561	2	1
109.787	562	4	1
109.937	563	2	2
110.237	564	1	1
110.237	565	4	2
110.237	566	2	3
110.387	567	3	2
110.387	568	4	3
110.537	569	1	1
110.537	570	3	3
110.587	571	2	1
110.637	572	3	1
110.687	573	4	1
110.762	574	3	1
110.837	575	1	2
110.837	576	4	1
110.987	577	3	1
110.987	578	1	3
111.062	579	2	1
111.437	580	1	1
111.437	581	2	1
111.512	582	4	1
111.587	583	3	1
111.662	584	2	1
111.737	585	4	1
111.812	586	3	1
111.887	587	2	1
111.962	588	1	1
111.962	589	3	1
112.037	590	2	1
112.037	591	4	2
112.187	592	3	1
112.187	593	4	3
112.262	594	1	1
112.337	595	2	2
112.337	596	4	1
112.487	597	3	2
112.487	598	2	3
112.637	599	2	1
112.637	600	4	2
112.637	601	3	3
112.937	602	1	1
112.937	603	4	3
112.987	604	2	1
113.037	605	3	1
113.087	606	4	1
113.162	607	3	1
113.237	608	1	2
113.237	609	4	1
113.387	610	3	1
113.387	611	1	3
113.462	612	2	1
113.837	613	1	2
113.987	614	3	1
113.987	615	1	3
114.062	616	2	1
114.362	617	3	1
114.362	618	4	1
114.437	619	1	1
114.437	620	2	1
114.587	621	4	1
114.737	622	2	2
115.037	623	1	1
115.037	624	3	1
115.037	625	2	3
115.187	626	1	1
115.337	627	4	1
115.487	628	3	1
115.637	629	2	1
115.637	630	4	1
115.787	631	1	1
115.937	632	4	2
116.087	633	4	3
116.237	634	1	1
116.237	635	2	1
116.462	636	2	1
116.462	637	3	1
116.687	638	3	1
116.687	639	4	1
116.912	640	1	1
116.912	641	2	1
117.137	642	2	1
117.137	643	3	1
117.287	644	3	1
117.287	645	4	1
117.437	646	1	2
117.437	647	2	1
117.587	648	1	3
117.737	649	1	2
117.737	650	2	1
117.887	651	4	1
117.887	652	1	3
117.962	653	3	1
118.037	654	1	2
118.037	655	4	1
118.187	656	3	1
118.187	657	1	3
118.262	658	2	1
118.637	659	1	2
118.787	660	3	1
118.787	661	1	3
118.862	662	2	1
119.162	663	3	1
119.162	664	4	1
119.237	665	1	1
119.237	666	2	1
119.387	667	4	1
119.537	668	2	2
119.837	669	1	1
119.837	670	4	2
119.837	671	2	3
119.987	672	3	2
119.987	673	4	3
120.137	674	1	1
120.137	675	3	3
120.187	676	2	1
120.237	677	3	1
120.287	678	4	1
120.362	679	3	1
120.437	680	1	2
120.437	681	4	1
120.587	682	3	1
120.587	683	1	3
120.662	684	2	1
121.037	685	1	1
121.037	686	2	1
121.112	687	4	1
121.187	688	3	1
121.262	689	2	1
121.337	690	4	1
121.412	691	3	1
121.487	692	2	1
121.562	693	1	1
121.562	694	3	1
121.637	695	2	1
121.637	696	4	2
121.787	697	3	1
121.787	698	4	3
121.862	699	1	1
121.937	700	2	2
121.937	701	4	1
122.087	702	3	2
122.087	703	2	3
122.237	704	2	1
122.237	705	4	2
122.237	706	3	3
122.537	707	1	1
122.537	708	4	3
122.587	709	2	1
122.637	710	3	1
122.687	711	4	1
122.762	712	3	1
122.837	713	1	2
122.837	714	4	1
122.987	715	3	1
122.987	716	1	3
123.062	717	2	1
123.437	718	1	2
123.587	719	3	1
123.587	720	1	3
123.662	721	2	1
123.962	722	3	1
123.962	723	4	1
124.037	724	1	1
124.037	725	2	1
124.187	726	4	1
124.337	727	2	2
124.637	728	1	1
124.637	729	3	1
124.637	730	2	3
124.787	731	1	1
124.937	732	2	1
124.937	733	3	1
125.087	734	4	1
125.237	735	1	1
125.237	736	2	1
125.387	737	3	1
125.537	738	1	1
125.537	739	4	1
125.687	740	2	1
125.837	741	1	1
125.837	742	4	1
125.987	743	3	1
126.137	744	2	1
126.137	745	4	1
126.287	746	1	1
126.437	747	2	1
126.437	748	4	1
126.587	749	3	1
126.737	750	4	2
126.887	751	4	3
127.037	752	1	2
127.037	753	4	2
127.187	754	1	3
127.187	755	4	3
127.337	756	4	1
127.412	757	3	1
127.487	758	2	1
127.562	759	1	1
127.637	760	4	1
127.712	761	3	1
127.787	762	2	1
127.862	763	1	1
127.937	764	4	1
128.012	765	3	1
128.087	766	2	1
128.162	767	1	1
128.237	768	4	1
128.274	769	3	1
128.312	770	2	1
128.349	771	1	1
128.387	772	4	1
128.462	773	3	1
128.537	774	2	1
128.612	775	1	1
128.687	776	4	1
128.762	777	3	1
128.837	778	2	1
128.874	779	1	1
128.912	780	4	1
128.949	781	3	1
128.987	782	2	1
129.062	783	1	1
129.137	784	4	1
129.212	785	3	1
129.287	786	2	1
129.362	787	1	1
129.437	788	4	1
129.487	789	3	1
129.537	790	2	1
129.587	791	1	1
129.637	792	4	1
129.687	793	3	1
129.737	794	2	1
129.787	795	1	1
129.837	796	4	1
129.887	797	3	1
129.937	798	2	1
129.987	799	1	1
130.037	800	4	1
130.087	801	3	1
130.137	802	2	1
130.187	803	1	1
130.237	804	4	1
130.287	805	3	1
130.337	806	2	1
130.387	807	1	1
130.437	808	4	1
130.487	809	3	1
130.537	810	2	1
130.587	811	1	1
130.637	812	4	1
131.537	813	2	1
131.687	814	1	2
131.837	815	2	1
131.837	816	4	2
131.837	817	1	3
132.137	818	3	1
132.137	819	4	3
132.212	820	2	1
132.287	821	1	1
132.437	822	2	1
132.437	823	3	2
132.587	824	4	1
132.587	825	3	3
132.662	826	2	1
132.812	827	3	1
132.887	828	1	2
133.037	829	4	1
133.037	830	1	3
133.262	831	2	1
133.337	832	1	1
133.487	833	1	1
133.562	834	2	1
133.562	835	4	1
133.637	836	1	1
133.637	837	3	2
133.712	838	3	3
133.937	839	2	2
134.237	840	3	1
134.237	841	4	2
134.237	842	2	3
134.387	843	2	2
134.387	844	4	3
134.537	845	1	2
134.537	846	2	3
134.687	847	1	3
134.837	848	2	2
134.837	849	4	1
134.987	850	3	2
134.987	851	2	3
135.137	852	4	1
135.137	853	3	3
135.287	854	1	1
135.437	855	2	1
135.437	856	3	1
135.662	857	3	1
135.812	858	3	1
135.962	859	1	1
135.962	860	2	1
136.037	861	3	1
136.037	862	4	2
136.187	863	2	2
136.187	864	4	3
136.337	865	3	2
136.337	866	2	3
136.637	867	2	1
136.637	868	4	2
136.637	869	3	3
136.937	870	3	1
136.937	871	4	3
137.012	872	2	1
137.087	873	1	1
137.237	874	2	1
137.237	875	3	2
137.387	876	4	1
137.387	877	3	3
137.462	878	2	1
137.612	879	3	1
137.687	880	1	2
137.837	881	4	1
137.837	882	1	3
137.987	883	3	1
138.062	884	2	1
138.137	885	1	1
138.287	886	1	1
138.362	887	2	1
138.362	888	4	1
138.437	889	1	1
138.437	890	3	2
138.737	891	4	2
138.737	892	3	3
139.037	893	1	1
139.037	894	3	1
139.037	895	4	3
139.112	896	2	1
139.187	897	1	2
139.337	898	4	1
139.337	899	1	3
139.412	900	3	1
139.487	901	4	1
139.562	902	3	1
139.637	903	1	1
139.637	904	4	1
139.712	905	2	1
139.787	906	1	1
139.862	907	2	1
139.937	908	3	2
140.087	909	2	2
140.087	910	3	3
140.237	911	1	2
140.237	912	4	1
140.237	913	2	3
140.387	914	1	3
140.462	915	1	2
140.612	916	1	3
140.687	917	2	2
140.837	918	2	3
140.912	919	3	2
141.062	920	3	3
141.137	921	4	2
141.362	922	4	3
141.437	923	2	1
141.437	924	4	2
141.737	925	1	2
141.737	926	3	1
141.737	927	4	3
141.887	928	1	3
142.037	929	2	2
142.037	930	3	1
142.337	931	3	1
142.337	932	4	1
142.337	933	2	3
142.487	934	1	2
142.637	935	4	1
142.637	936	1	3
142.787	937	2	1
142.862	938	1	1
143.012	939	3	1
143.087	940	1	1
143.162	941	2	1
143.162	942	4	1
143.237	943	1	1
143.237	944	3	2
143.312	945	3	3
143.537	946	2	2
143.837	947	3	1
143.837	948	4	2
143.837	949	2	3
143.987	950	2	2
143.987	951	4	3
144.137	952	1	2
144.137	953	2	3
144.287	954	1	3
144.437	955	2	2
144.437	956	4	1
144.587	957	3	2
144.587	958	2	3
144.737	959	4	2
144.737	960	3	3
144.812	961	4	3
144.887	962	1	2
144.962	963	1	3
145.037	964	2	1
145.037	965	3	1
145.262	966	3	1
145.412	967	3	1
145.562	968	1	1
145.562	969	2	1
145.637	970	3	1
145.637	971	4	2
145.787	972	2	2
145.787	973	4	3
145.937	974	3	2
145.937	975	2	3
146.237	976	2	1
146.237	977	4	2
146.237	978	3	3
146.537	979	1	2
146.537	980	3	1
146.537	981	4	3
146.837	982	2	1
146.837	983	4	2
146.837	984	1	3
147.137	985	3	1
147.137	986	4	3
147.287	987	1	2
147.437	988	4	1
147.437	989	1	3
147.587	990	3	1
147.662	991	2	1
147.737	992	1	1
147.887	993	1	1
147.962	994	2	1
147.962	995	4	1
148.037	996	1	1
148.037	997	3	2
148.337	998	4	2
148.337	999	3	3
148.637	1000	1	1
148.637	1001	2	1
148.637	1002	4	3
148.862	1003	2	1
148.862	1004	3	1
149.087	1005	3	1
149.087	1006	4	1
149.312	1007	1	1
149.312	1008	2	1
149.537	1009	2	1
149.537	1010	3	1
149.762	1011	3	1
149.762	1012	4	1
149.987	1013	1	1
149.987	1014	2	1
150.212	1015	2	1
150.212	1016	3	1
150.437	1017	3	1
150.437	1018	4	1
151.037	1019	1	2
151.037	1020	4	2
151.337	1021	1	3
151.337	1022	4	3
151.487	1023	4	1
151.937	1024	4	1
152.237	1025	2	1
152.687	1026	2	1
153.137	1027	2	1
153.437	1028	1	1
153.887	1029	1	1
154.337	1030	1	1
154.637	1031	3	1
155.087	1032	3	1
155.537	1033	3	1
155.837	1034	4	1
156.287	1035	4	1
156.737	1036	4	1
157.037	1037	2	1
157.487	1038	2	1
157.937	1039	2	1
158.237	1040	1	1
158.687	1041	1	1
158.837	1042	4	1
158.912	1043	3	1
158.987	1044	2	1
159.062	1045	1	1
159.137	1046	4	1
159.212	1047	3	1
159.287	1048	2	1
159.362	1049	1	1
159.437	1050	3	1
159.437	1051	4	2
160.637	1052	1	1
160.637	1053	2	1
160.637	1054	4	3
160.862	1055	1	1
160.937	1056	4	1
160.987	1057	3	1
161.037	1058	1	1
161.087	1059	2	1
161.162	1060	3	1
161.237	1061	4	1
161.387	1062	1	1
161.462	1063	3	1
161.537	1064	2	1
161.687	1065	4	1
161.762	1066	1	1
161.837	1067	2	1
161.987	1068	3	1
162.062	1069	4	1
162.137	1070	1	1
162.287	1071	2	1
162.437	1072	3	1
162.662	1073	4	1
162.737	1074	1	1
162.812	1075	3	1
162.887	1076	2	1
162.962	1077	4	1
163.037	1078	3	1
163.262	1079	1	1
163.337	1080	4	1
163.387	1081	3	1
163.437	1082	1	1
163.487	1083	2	1
163.562	1084	3	1
163.637	1085	4	1
163.787	1086	1	1
163.862	1087	3	1
163.937	1088	2	1
164.087	1089	4	1
164.162	1090	1	1
164.237	1091	2	1
164.387	1092	3	1
164.462	1093	4	1
164.537	1094	1	1
164.687	1095	2	1
164.837	1096	3	1
165.062	1097	4	1
165.137	1098	1	1
165.212	1099	3	1
165.287	1100	2	1
165.362	1101	4	1
165.437	1102	3	1
165.662	1103	1	1
165.737	1104	4	1
165.787	1105	3	1
165.837	1106	1	1
165.887	1107	2	1
165.962	1108	3	1
166.037	1109	4	1
166.187	1110	1	1
166.262	1111	3	1
166.337	1112	2	1
166.487	1113	4	1
166.562	1114	1	1
166.637	1115	2	1
166.787	1116	3	1
166.862	1117	4	1
166.937	1118	1	1
167.087	1119	2	1
167.237	1120	3	1
167.462	1121	4	1
167.537	1122	1	1
167.612	1123	3	1
167.687	1124	2	1
167.762	1125	4	1
167.837	1126	3	1
168.062	1127	1	1
168.137	1128	4	1
168.187	1129	3	1
168.237	1130	1	1
168.287	1131	2	1
168.362	1132	3	1
168.437	1133	4	1
168.587	1134	1	1
168.662	1135	3	1
168.737	1136	2	1
168.887	1137	4	1
168.962	1138	1	1
169.037	1139	2	1
169.187	1140	3	1
169.262	1141	4	1
169.337	1142	1	1
169.487	1143	2	1
169.637	1144	3	1
169.862	1145	4	1
169.937	1146	1	1
170.012	1147	3	1
170.087	1148	2	1
170.162	1149	4	1
170.237	1150	1	1
170.237	1151	3	1
170.387	1152	2	1
170.537	1153	4	1
170.687	1154	3	1
170.837	1155	2	1
170.987	1156	1	1
171.137	1157	3	1
171.287	1158	4	1
171.437	1159	1	1
171.587	1160	2	1
171.737	1161	3	1
171.887	1162	4	1
172.037	1163	2	1
172.187	1164	1	1
172.337	1165	4	2
172.487	1166	4	3
172.637	1167	1	1
172.787	1168	2	1
172.937	1169	4	1
173.087	1170	3	1
173.237	1171	2	1
173.387	1172	1	1
173.537	1173	3	1
173.687	1174	4	1
173.837	1175	1	1
173.987	1176	2	1
174.137	1177	3	1
174.287	1178	4	1
174.437	1179	2	1
174.587	1180	1	1
174.737	1181	4	1
174.887	1182	4	1
175.037	1183	1	1
175.112	1184	2	1
175.187	1185	3	1
175.262	1186	4	1
175.337	1187	1	1
175.412	1188	2	1
175.487	1189	3	1
175.562	1190	4	1
175.637	1191	1	1
175.712	1192	2	1
175.787	1193	3	1
175.862	1194	4	1
175.937	1195	1	2
176.087	1196	1	3
176.237	1197	4	1
176.312	1198	3	1
176.387	1199	2	1
176.462	1200	1	1
176.537	1201	4	1
176.612	1202	3	1
176.687	1203	2	1
176.762	1204	1	1
176.837	1205	4	1
176.912	1206	3	1
176.987	1207	2	1
177.062	1208	1	1
177.137	1209	4	2
177.437	1210	1	1
177.437	1211	4	3
177.474	1212	2	1
177.512	1213	3	1
177.549	1214	4	1
177.587	1215	1	1
177.662	1216	2	1
177.737	1217	3	1
177.812	1218	4	1
177.887	1219	1	1
177.962	1220	2	1
178.037	1221	3	1
178.074	1222	4	1
178.112	1223	1	1
178.149	1224	2	1
178.187	1225	3	1
178.262	1226	4	1
178.337	1227	1	1
178.412	1228	2	1
178.487	1229	3	1
178.562	1230	4	1
178.637	1231	1	1
178.687	1232	2	1
178.737	1233	3	1
178.787	1234	4	1
178.837	1235	1	1
178.887	1236	2	1
178.937	1237	3	1
178.987	1238	4	1
179.037	1239	1	1
179.087	1240	2	1
179.137	1241	3	1
179.187	1242	4	1
179.237	1243	1	1
179.287	1244	2	1
179.337	1245	3	1
179.387	1246	4	1
179.437	1247	1	1
179.487	1248	2	1
179.537	1249	3	1
179.587	1250	4	1
179.637	1251	1	1
179.687	1252	2	1
179.737	1253	3	1
179.787	1254	4	1
179.837	1255	1	1
179.837	1256	2	1
179.987	1257	1	1
180.587	1258	1	1
180.887	1259	1	1
181.187	1260	1	1
181.262	1261	2	1
181.637	1262	3	1
181.787	1263	3	1
181.862	1264	2	1
181.937	1265	1	1
181.937	1266	4	1
182.087	1267	3	1
182.162	1268	2	1
182.237	1269	3	1
182.237	1270	4	2
182.537	1271	1	1
182.537	1272	3	1
182.537	1273	4	3
182.587	1274	2	1
182.637	1275	3	1
182.687	1276	4	1
182.762	1277	3	1
182.837	1278	1	2
182.837	1279	4	1
182.987	1280	3	1
182.987	1281	1	3
183.062	1282	2	1
183.137	1283	3	1
183.137	1284	4	1
183.437	1285	1	2
183.437	1286	4	1
183.587	1287	3	1
183.587	1288	1	3
183.662	1289	2	1
183.737	1290	3	1
183.737	1291	4	1
184.037	1292	1	1
184.037	1293	2	1
184.187	1294	4	1
184.337	1295	2	2
184.337	1296	3	1
184.637	1297	1	1
184.637	1298	4	2
184.637	1299	2	3
184.787	1300	3	2
184.787	1301	4	3
184.937	1302	1	1
184.937	1303	4	1
184.937	1304	3	3
184.987	1305	2	1
185.037	1306	3	1
185.087	1307	4	1
185.162	1308	3	1
185.237	1309	1	2
185.237	1310	4	1
185.387	1311	3	1
185.387	1312	1	3
185.462	1313	2	1
185.537	1314	3	1
185.537	1315	4	1
185.837	1316	1	1
185.837	1317	2	1
185.912	1318	4	1
185.987	1319	3	1
186.062	1320	2	1
186.137	1321	1	1
186.137	1322	4	1
186.212	1323	3	1
186.287	1324	2	1
186.362	1325	1	1
186.362	1326	3	1
186.437	1327	2	1
186.437	1328	4	2
186.587	1329	4	3
186.737	1330	1	2
186.737	1331	4	1
186.887	1332	1	3
187.037	1333	2	1
187.037	1334	4	2
187.337	1335	1	1
187.337	1336	3	1
187.337	1337	4	3
187.387	1338	2	1
187.437	1339	3	1
187.487	1340	4	1
187.562	1341	3	1
187.637	1342	1	2
187.637	1343	4	1
187.787	1344	3	1
187.787	1345	1	3
187.862	1346	2	1
187.937	1347	3	1
187.937	1348	4	1
188.237	1349	1	2
188.237	1350	4	1
188.387	1351	3	1
188.387	1352	1	3
188.462	1353	2	1
188.537	1354	3	1
188.537	1355	4	1
188.837	1356	1	1
188.837	1357	2	1
188.987	1358	4	1
189.137	1359	2	2
189.137	1360	3	1
189.437	1361	1	1
189.437	1362	3	1
189.437	1363	2	3
189.662	1364	1	1
189.737	1365	2	1
189.737	1366	4	1
189.887	1367	3	1
189.962	1368	1	1
190.037	1369	2	2
190.037	1370	4	1
190.187	1371	1	1
190.187	1372	2	3
190.337	1373	3	1
190.337	1374	4	2
190.637	1375	1	1
190.637	1376	3	1
190.637	1377	4	3
190.862	1378	2	1
190.937	1379	3	1
190.937	1380	4	1
191.087	1381	3	1
191.237	1382	1	1
191.237	1383	2	1
191.312	1384	3	1
191.537	1385	1	1
191.537	1386	3	1
191.687	1387	4	1
191.837	1388	1	2
191.837	1389	2	1
191.987	1390	1	3
192.137	1391	1	2
192.137	1392	2	1
192.287	1393	4	1
192.287	1394	1	3
192.362	1395	3	1
192.437	1396	1	2
192.437	1397	4	1
192.587	1398	3	1
192.587	1399	1	3
192.662	1400	2	1
192.737	1401	3	1
192.737	1402	4	1
193.037	1403	1	2
193.037	1404	4	1
193.187	1405	3	1
193.187	1406	1	3
193.262	1407	2	1
193.337	1408	3	1
193.337	1409	4	1
193.562	1410	3	1
193.562	1411	4	1
193.637	1412	1	1
193.637	1413	2	1
193.787	1414	4	1
193.937	1415	2	2
193.937	1416	3	1
194.237	1417	1	1
194.237	1418	4	2
194.237	1419	2	3
194.387	1420	3	2
194.387	1421	4	3
194.537	1422	1	1
194.537	1423	4	1
194.537	1424	3	3
194.587	1425	2	1
194.637	1426	3	1
194.687	1427	4	1
194.762	1428	3	1
194.837	1429	1	2
194.837	1430	4	1
194.987	1431	3	1
194.987	1432	4	1
194.987	1433	1	3
195.062	1434	2	1
195.137	1435	3	1
195.137	1436	4	1
195.249	1437	3	1
195.249	1438	4	1
195.362	1439	3	1
195.362	1440	4	1
195.437	1441	1	1
195.437	1442	2	1
195.512	1443	4	1
195.587	1444	1	1
195.587	1445	3	1
195.662	1446	2	1
195.737	1447	1	1
195.737	1448	4	1
195.812	1449	3	1
195.887	1450	2	1
195.962	1451	1	1
195.962	1452	3	1
196.037	1453	4	2
196.187	1454	2	1
196.187	1455	3	1
196.187	1456	4	3
196.262	1457	1	1
196.337	1458	2	2
196.337	1459	4	1
196.487	1460	3	2
196.487	1461	2	3
196.637	1462	2	1
196.637	1463	4	2
196.637	1464	3	3
196.937	1465	1	1
196.937	1466	4	3
196.987	1467	2	1
197.037	1468	3	1
197.087	1469	4	1
197.162	1470	3	1
197.237	1471	1	2
197.237	1472	4	1
197.387	1473	3	1
197.387	1474	1	3
197.462	1475	2	1
197.837	1476	1	2
197.837	1477	4	1
197.987	1478	3	1
197.987	1479	1	3
198.062	1480	2	1
198.137	1481	3	1
198.137	1482	4	1
198.362	1483	3	1
198.362	1484	4	1
198.437	1485	1	1
198.437	1486	2	1
198.587	1487	4	1
198.737	1488	2	2
199.037	1489	1	1
199.037	1490	3	1
199.037	1491	2	3
199.187	1492	1	1
199.262	1493	2	1
199.262	1494	3	1
199.487	1495	3	1
199.487	1496	4	1
199.637	1497	1	1
199.712	1498	2	1
199.787	1499	3	1
199.787	1500	4	1
199.937	1501	1	1
199.937	1502	4	1
200.087	1503	2	1
200.162	1504	3	1
200.162	1505	4	1
200.237	1506	1	1
200.387	1507	2	1
200.387	1508	3	1
200.537	1509	2	1
200.537	1510	4	1
200.612	1511	1	1
200.612	1512	3	1
200.687	1513	4	1
200.837	1514	2	1
200.837	1515	4	1
200.987	1516	3	1
201.137	1517	4	2
201.287	1518	4	3
201.437	1519	3	1
201.437	1520	4	2
201.737	1521	1	1
201.737	1522	4	3
201.787	1523	2	1
201.837	1524	3	1
201.887	1525	4	1
201.962	1526	3	1
202.037	1527	1	2
202.187	1528	3	1
202.187	1529	1	3
202.262	1530	2	1
202.637	1531	1	2
202.787	1532	3	1
202.787	1533	1	3
202.862	1534	2	1
203.237	1535	1	1
203.387	1536	4	1
203.537	1537	2	2
203.837	1538	4	2
203.837	1539	2	3
203.987	1540	3	2
203.987	1541	4	3
204.137	1542	1	1
204.137	1543	3	3
204.187	1544	2	1
204.237	1545	3	1
204.287	1546	4	1
204.362	1547	3	1
204.437	1548	1	2
204.587	1549	3	1
204.587	1550	1	3
204.662	1551	2	1
205.037	1552	1	1
205.112	1553	4	1
205.187	1554	3	1
205.262	1555	2	1
205.337	1556	4	1
205.412	1557	3	1
205.487	1558	2	1
205.562	1559	1	1
205.637	1560	4	2
205.787	1561	4	3
205.937	1562	1	2
206.087	1563	1	3
206.237	1564	2	1
206.237	1565	4	2
206.537	1566	1	1
206.537	1567	3	1
206.537	1568	4	3
206.587	1569	2	1
206.637	1570	3	1
206.687	1571	4	1
206.762	1572	3	1
206.837	1573	1	2
206.837	1574	4	1
206.987	1575	3	1
206.987	1576	1	3
207.062	1577	2	1
207.137	1578	3	1
207.137	1579	4	1
207.437	1580	1	2
207.437	1581	4	1
207.587	1582	3	1
207.587	1583	1	3
207.662	1584	2	1
207.737	1585	3	1
207.737	1586	4	1
208.037	1587	1	1
208.037	1588	2	1
208.187	1589	4	1
208.337	1590	2	2
208.337	1591	3	1
208.637	1592	1	1
208.637	1593	3	1
208.637	1594	2	3
208.787	1595	1	1
208.937	1596	2	1
208.937	1597	4	1
209.087	1598	3	1
209.237	1599	2	1
209.237	1600	4	1
209.387	1601	1	1
209.537	1602	3	1
209.537	1603	4	2
209.837	1604	1	1
209.837	1605	2	1
209.837	1606	4	3
210.062	1607	2	1
210.062	1608	3	1
210.287	1609	3	1
210.287	1610	4	1
210.512	1611	1	1
210.512	1612	2	1
210.737	1613	2	1
210.737	1614	3	1
210.887	1615	4	1
211.037	1616	1	2
211.037	1617	2	1
211.187	1618	1	3
211.337	1619	1	2
211.337	1620	2	1
211.487	1621	4	1
211.487	1622	1	3
211.562	1623	3	1
211.637	1624	1	2
211.637	1625	4	1
211.787	1626	3	1
211.787	1627	1	3
211.862	1628	2	1
212.237	1629	1	2
212.387	1630	3	1
212.387	1631	1	3
212.462	1632	2	1
212.837	1633	1	1
212.987	1634	4	1
213.137	1635	2	2
213.437	1636	4	2
213.437	1637	2	3
213.587	1638	3	2
213.587	1639	4	3
213.737	1640	1	1
213.737	1641	3	3
213.787	1642	2	1
213.837	1643	3	1
213.887	1644	4	1
213.962	1645	3	1
214.037	1646	1	2
214.187	1647	3	1
214.187	1648	1	3
214.262	1649	2	1
214.637	1650	1	1
214.712	1651	4	1
214.787	1652	3	1
214.862	1653	2	1
214.937	1654	4	1
215.012	1655	3	1
215.087	1656	2	1
215.162	1657	1	1
215.237	1658	4	2
215.387	1659	3	1
215.387	1660	4	3
215.462	1661	1	1
215.537	1662	2	2
215.537	1663	4	1
215.687	1664	3	2
215.687	1665	2	3
215.837	1666	2	1
215.837	1667	4	2
215.837	1668	3	3
216.137	1669	1	2
216.137	1670	3	1
216.137	1671	4	3
216.187	1672	2	1
216.237	1673	3	1
216.287	1674	4	1
216.362	1675	3	1
216.437	1676	2	2
216.437	1677	4	1
216.437	1678	1	3
216.587	1679	3	1
216.587	1680	2	3
216.662	1681	2	1
216.737	1682	3	2
216.737	1683	4	1
217.037	1684	1	2
217.037	1685	2	1
217.037	1686	4	1
217.037	1687	3	3
217.187	1688	3	1
217.187	1689	1	3
217.262	1690	2	1
217.337	1691	3	1
217.337	1692	4	2
217.562	1693	3	1
217.637	1694	1	1
217.637	1695	2	1
217.637	1696	4	3
217.787	1697	4	1
217.937	1698	2	2
218.237	1699	1	1
218.237	1700	3	1
218.237	1701	2	3
218.462	1702	2	1
218.462	1703	3	1
218.687	1704	3	1
218.687	1705	4	1
218.837	1706	1	1
218.837	1707	2	1
219.062	1708	2	1
219.062	1709	3	1
219.287	1710	3	1
219.287	1711	4	1
219.437	1712	1	1
219.437	1713	2	1
219.662	1714	2	1
219.662	1715	3	1
219.887	1716	3	1
219.887	1717	4	1
220.037	1718	1	1
220.037	1719	2	1
220.187	1720	4	2
220.637	1721	2	1
220.637	1722	3	1
220.637	1723	4	3
220.937	1724	1	2
221.237	1725	4	1
221.237	1726	1	3
221.687	1727	4	1
222.137	1728	4	1
222.587	1729	4	1
223.037	1730	4	1
223.487	1731	4	1
223.937	1732	4	1
224.387	1733	4	1
224.837	1734	4	1
225.287	1735	3	1
225.437	1736	2	2
225.737	1737	1	2
225.737	1738	2	3
226.037	1739	4	1
226.037	1740	1	3
226.487	1741	4	1
226.937	1742	4	1
227.387	1743	4	1
227.837	1744	4	1
228.287	1745	4	1
228.737	1746	4	1
229.187	1747	4	1
229.637	1748	4	1
230.087	1749	3	1
230.237	1750	2	2
230.537	1751	1	2
230.537	1752	2	3
230.837	1753	1	3
230.987	1754	4	1
231.437	1755	4	1
231.887	1756	4	1
232.337	1757	4	1
232.787	1758	4	1
233.237	1759	4	1
233.687	1760	4	1
234.137	1761	4	1
234.587	1762	4	1
234.887	1763	4	1
235.037	1764	2	2
235.337	1765	1	2
235.337	1766	2	3
235.637	1767	1	3
235.787	1768	4	1
236.237	1769	4	1
236.687	1770	4	1
237.137	1771	4	1
237.587	1772	4	1
238.037	1773	4	1
238.487	1774	4	1
238.937	1775	4	1
239.387	1776	4	1
239.687	1777	3	1
239.837	1778	2	2
240.137	1779	1	2
240.137	1780	2	3
240.437	1781	1	3
240.587	1782	4	1
241.037	1783	4	1
241.487	1784	4	1
241.937	1785	4	1
242.387	1786	4	1
242.837	1787	4	1
243.287	1788	4	1
243.737	1789	4	1
244.187	1790	4	1
244.487	1791	4	1
244.637	1792	2	2
244.937	1793	1	2
244.937	1794	2	3
245.237	1795	1	3
245.387	1796	4	1
245.837	1797	4	1
246.287	1798	4	1
246.737	1799	4	1
247.187	1800	4	1
247.637	1801	4	1
248.087	1802	4	1
248.537	1803	4	1
248.987	1804	4	1
249.287	1805	4	1
249.437	1806	1	1
249.437	1807	4	1
249.587	1808	2	1
249.737	1809	3	1
249.887	1810	4	1
250.187	1811	1	1
250.337	1812	4	1
250.487	1813	3	1
250.637	1814	1	1
250.637	1815	2	1
250.787	1816	3	1
250.937	1817	1	1
251.087	1818	4	1
251.387	1819	1	1
251.537	1820	4	1
251.687	1821	3	1
251.837	1822	1	1
251.837	1823	4	1
251.987	1824	2	1
252.137	1825	3	1
252.287	1826	4	1
252.587	1827	2	1
252.737	1828	1	1
252.887	1829	1	1
253.037	1830	4	1
253.187	1831	3	1
253.337	1832	2	1
253.487	1833	1	1
253.637	1834	4	1
253.787	1835	3	1
253.937	1836	2	1
254.087	1837	1	1
254.237	1838	1	1
254.237	1839	4	1
254.387	1840	2	1
254.537	1841	3	1
254.687	1842	4	1
254.987	1843	1	1
255.137	1844	4	1
255.287	1845	2	1
255.437	1846	1	1
255.437	1847	3	1
255.587	1848	4	1
255.737	1849	3	1
255.887	1850	2	1
256.187	1851	1	1
256.337	1852	3	1
256.637	1853	1	1
256.637	1854	4	1
256.787	1855	2	1
256.937	1856	3	1
257.087	1857	4	1
257.687	1858	4	1
257.837	1859	3	1
257.987	1860	2	1
258.137	1861	1	1
258.287	1862	4	1
258.437	1863	1	2
258.587	1864	4	1
258.737	1865	3	1
258.887	1866	2	1
259.037	1867	2	1
259.037	1868	4	2
259.037	1869	1	3
259.187	1870	3	1
259.337	1871	1	1
259.487	1872	2	1
259.787	1873	1	1
259.787	1874	3	1
259.937	1875	2	1
260.087	1876	3	1
260.237	1877	1	1
260.237	1878	2	1
260.237	1879	4	3
260.387	1880	3	1
260.537	1881	4	1
260.687	1882	1	1
260.837	1883	3	2
260.837	1884	4	1
260.987	1885	2	2
260.987	1886	3	3
261.137	1887	1	2
261.137	1888	2	3
261.287	1889	2	1
261.287	1890	4	2
261.287	1891	1	3
261.437	1892	1	1
261.587	1893	3	2
261.587	1894	4	3
261.737	1895	1	2
261.737	1896	3	3
262.637	1897	4	1
262.637	1898	1	3
262.787	1899	3	1
262.937	1900	2	1
263.087	1901	1	1
263.237	1902	2	2
263.537	1903	3	2
263.537	1904	2	3
263.837	1905	1	1
263.837	1906	4	2
263.837	1907	3	3
263.987	1908	2	1
264.137	1909	3	1
264.287	1910	1	1
264.437	1911	2	1
264.437	1912	4	3
264.587	1913	3	1
264.587	1914	4	1
264.737	1915	1	2
264.887	1916	4	1
264.887	1917	1	3
265.037	1918	3	1
265.037	1919	4	2
265.187	1920	2	1
265.337	1921	1	1
265.487	1922	2	1
265.637	1923	1	1
265.637	1924	3	1
265.637	1925	4	3
265.787	1926	2	2
265.937	1927	4	2
265.937	1928	2	3
266.087	1929	1	2
266.087	1930	3	1
266.087	1931	4	3
266.237	1932	2	1
266.387	1933	4	1
266.537	1934	3	1
266.537	1935	1	3
266.687	1936	4	1
266.837	1937	3	1
266.987	1938	2	1
267.137	1939	1	1
267.287	1940	2	1
267.437	1941	1	1
267.587	1942	4	1
267.737	1943	3	1
267.887	1944	2	1
268.337	1945	1	2
268.637	1946	2	1
268.637	1947	3	2
268.637	1948	4	2
268.637	1949	1	3
268.937	1950	3	3
269.237	1951	2	1
269.237	1952	3	1
269.387	1953	1	2
269.387	1954	3	1
269.687	1955	1	3
269.837	1956	1	2
269.837	1957	2	1
270.137	1958	2	1
270.137	1959	3	1
270.137	1960	1	3
270.287	1961	4	3
270.437	1962	1	2
270.437	1963	4	2
270.587	1964	2	1
270.587	1965	3	2
270.587	1966	4	3
270.737	1967	2	2
270.737	1968	1	3
270.737	1969	3	3
270.887	1970	1	2
270.887	1971	4	2
270.887	1972	2	3
271.187	1973	3	2
271.187	1974	1	3
271.187	1975	4	3
271.337	1976	1	2
271.337	1977	3	3
272.687	1978	1	3
272.837	1979	1	2
273.137	1980	2	2
273.137	1981	1	3
273.437	1982	1	2
273.437	1983	3	2
273.437	1984	4	1
273.437	1985	2	3
273.737	1986	1	3
274.037	1987	1	1
274.037	1988	2	1
274.187	1989	2	1
274.187	1990	4	2
274.337	1991	1	2
274.337	1992	3	3
274.487	1993	2	2
274.487	1994	1	3
274.487	1995	4	3
274.637	1996	1	2
274.637	1997	3	1
274.937	1998	3	1
274.937	1999	4	1
274.937	2000	1	3
275.237	2001	1	2
275.237	2002	3	1
275.387	2003	3	1
275.387	2004	4	2
275.387	2005	2	3
275.537	2006	3	2
275.537	2007	1	3
275.537	2008	4	3
275.687	2009	1	2
275.687	2010	2	2
275.687	2011	4	1
275.687	2012	3	3
275.987	2013	2	3
277.337	2014	1	3
277.937	2015	1	2
278.237	2016	2	1
278.237	2017	3	2
278.237	2018	4	2
278.237	2019	1	3
278.537	2020	3	3
278.837	2021	2	1
278.837	2022	3	1
278.987	2023	1	2
278.987	2024	3	1
279.287	2025	1	3
279.437	2026	1	2
279.437	2027	2	1
279.737	2028	2	1
279.737	2029	3	1
279.737	2030	1	3
279.887	2031	4	3
280.037	2032	1	2
280.037	2033	4	2
280.187	2034	2	1
280.187	2035	3	2
280.187	2036	4	3
280.337	2037	2	2
280.337	2038	1	3
280.337	2039	3	3
280.487	2040	1	2
280.487	2041	4	2
280.487	2042	2	3
280.787	2043	3	2
280.787	2044	1	3
280.787	2045	4	3
280.937	2046	1	2
280.937	2047	3	3
282.287	2048	1	3
282.437	2049	1	2
282.737	2050	2	2
282.737	2051	1	3
283.037	2052	1	2
283.037	2053	3	2
283.037	2054	4	1
283.037	2055	2	3
283.337	2056	1	3
283.637	2057	1	1
283.637	2058	4	1
283.787	2059	2	1
283.787	2060	4	2
283.937	2061	1	2
283.937	2062	3	3
284.087	2063	2	2
284.087	2064	1	3
284.087	2065	4	3
284.237	2066	1	2
284.237	2067	3	1
284.537	2068	3	1
284.537	2069	4	1
284.537	2070	1	3
284.837	2071	1	2
284.837	2072	4	1
284.987	2073	3	2
284.987	2074	2	3
285.137	2075	4	2
285.137	2076	1	3
285.137	2077	3	3
285.287	2078	1	2
285.287	2079	2	2
285.287	2080	3	1
285.287	2081	4	3
285.587	2082	2	3
287.837	2083	1	3
288.137	2084	1	2
288.287	2085	4	2
288.287	2086	1	3
288.437	2087	3	2
288.437	2088	4	3
288.737	2089	3	3
289.037	2090	3	1
289.187	2091	2	1
289.337	2092	3	1
289.487	2093	2	1
289.637	2094	1	2
289.937	2095	4	2
289.937	2096	1	3
290.237	2097	1	1
290.237	2098	2	1
290.237	2099	4	3
290.387	2100	4	1
290.462	2101	3	1
290.537	2102	1	1
290.537	2103	2	1
290.687	2104	1	1
290.837	2105	3	1
290.837	2106	4	1
290.987	2107	2	1
291.062	2108	3	1
291.137	2109	1	1
291.137	2110	2	1
291.287	2111	4	1
291.362	2112	3	1
291.437	2113	1	1
291.437	2114	2	1
291.587	2115	4	1
291.662	2116	3	1
291.737	2117	1	1
291.737	2118	2	1
291.887	2119	3	1
292.037	2120	1	1
292.037	2121	4	1
292.262	2122	3	1
292.337	2123	2	1
292.337	2124	4	1
292.412	2125	1	1
292.487	2126	4	1
292.562	2127	3	1
292.637	2128	1	1
292.637	2129	2	1
292.787	2130	4	1
292.862	2131	3	1
292.937	2132	1	1
292.937	2133	2	1
293.087	2134	1	1
293.237	2135	3	1
293.237	2136	4	1
293.387	2137	2	1
293.462	2138	3	1
293.537	2139	1	1
293.537	2140	2	1
293.687	2141	4	1
293.762	2142	3	1
293.837	2143	1	1
293.837	2144	2	1
293.987	2145	4	1
294.062	2146	3	1
294.137	2147	1	1
294.137	2148	2	1
294.287	2149	3	1
294.437	2150	1	1
294.437	2151	4	1
294.662	2152	3	1
294.737	2153	2	1
294.737	2154	4	1
294.812	2155	1	1
294.887	2156	4	1
294.962	2157	3	1
295.037	2158	1	1
295.037	2159	2	1
295.187	2160	4	1
295.262	2161	3	1
295.337	2162	1	1
295.337	2163	2	1
295.487	2164	1	1
295.637	2165	3	1
295.637	2166	4	1
295.787	2167	2	1
295.862	2168	3	1
295.937	2169	1	1
295.937	2170	2	1
296.087	2171	4	1
296.162	2172	3	1
296.237	2173	1	1
296.237	2174	2	1
296.387	2175	4	1
296.462	2176	3	1
296.537	2177	1	1
296.537	2178	2	1
296.687	2179	3	1
296.837	2180	1	1
296.837	2181	4	1
297.062	2182	3	1
297.137	2183	2	1
297.137	2184	4	1
297.212	2185	1	1
297.287	2186	4	1
297.362	2187	3	1
297.437	2188	1	1
297.437	2189	2	1
297.587	2190	4	1
297.662	2191	3	1
297.737	2192	1	1
297.737	2193	2	1
297.887	2194	1	1
298.037	2195	3	1
298.037	2196	4	1
298.187	2197	2	1
298.262	2198	3	1
298.337	2199	1	1
298.337	2200	2	1
298.487	2201	4	1
298.562	2202	3	1
298.637	2203	1	1
298.637	2204	2	1
298.787	2205	4	1
298.862	2206	3	1
298.937	2207	1	1
298.937	2208	2	1
299.087	2209	3	1
299.237	2210	1	1
299.237	2211	4	1
299.462	2212	3	1
299.537	2213	2	1
299.537	2214	4	1
299.612	2215	1	1
299.687	2216	4	1
299.762	2217	2	1
299.837	2218	1	1
299.837	2219	3	1
299.912	2220	4	1
299.987	2221	2	1
300.062	2222	3	1
300.137	2223	4	1
300.212	2224	2	1
300.287	2225	3	1
300.362	2226	1	1
300.437	2227	2	1
300.512	2228	4	1
300.587	2229	1	1
300.662	2230	2	1
300.737	2231	3	1
300.812	2232	1	1
300.887	2233	4	1
300.962	2234	3	1
301.037	2235	1	1
301.112	2236	4	1
301.187	2237	2	1
301.262	2238	4	1
301.337	2239	3	1
301.412	2240	1	1
301.487	2241	4	1
301.562	2242	3	1
301.637	2243	2	1
301.712	2244	3	1
301.787	2245	1	1
301.862	2246	2	1
301.937	2247	4	2
302.087	2248	4	3
302.237	2249	1	1
302.237	2250	4	1
302.312	2251	3	1
302.387	2252	2	1
302.462	2253	1	1
302.537	2254	4	1
302.612	2255	2	1
302.687	2256	3	1
302.762	2257	1	1
302.837	2258	2	1
302.987	2259	1	1
302.987	2260	4	1
303.062	2261	2	1
303.137	2262	3	1
303.212	2263	1	1
303.287	2264	4	1
303.362	2265	3	1
303.437	2266	1	1
303.512	2267	4	1
303.587	2268	2	1
303.662	2269	4	1
303.737	2270	3	1
303.812	2271	1	1
303.887	2272	4	1
303.962	2273	3	1
304.037	2274	2	1
304.112	2275	3	1
304.187	2276	1	1
304.262	2277	2	1
304.337	2278	4	1
304.487	2279	4	1
304.637	2280	1	1
304.637	2281	4	1
304.712	2282	2	1
304.787	2283	3	1
304.862	2284	4	1
304.937	2285	1	1
305.012	2286	2	1
305.087	2287	3	1
305.162	2288	4	1
305.237	2289	1	1
305.312	2290	2	1
305.387	2291	3	1
305.462	2292	4	1
305.537	2293	1	2
305.687	2294	1	3
305.837	2295	1	1
305.837	2296	4	1
305.912	2297	3	1
305.987	2298	2	1
306.062	2299	1	1
306.137	2300	4	1
306.212	2301	3	1
306.287	2302	2	1
306.362	2303	1	1
306.437	2304	4	1
306.512	2305	3	1
306.587	2306	2	1
306.662	2307	1	1
306.737	2308	4	2
307.037	2309	1	1
307.037	2310	4	3
307.074	2311	2	1
307.112	2312	3	1
307.149	2313	4	1
307.187	2314	1	1
307.262	2315	2	1
307.337	2316	3	1
307.412	2317	4	1
307.487	2318	1	1
307.562	2319	2	1
307.637	2320	3	1
307.674	2321	4	1
307.712	2322	1	1
307.749	2323	2	1
307.787	2324	3	1
307.862	2325	4	1
307.937	2326	1	1
308.012	2327	2	1
308.087	2328	3	1
308.162	2329	4	1
308.237	2330	1	1
308.287	2331	2	1
308.337	2332	3	1
308.387	2333	4	1
308.437	2334	1	1
308.487	2335	2	1
308.537	2336	3	1
308.587	2337	4	1
308.637	2338	1	1
308.687	2339	2	1
308.737	2340	3	1
308.787	2341	4	1
308.837	2342	1	1
308.887	2343	2	1
308.937	2344	3	1
308.987	2345	4	1
309.037	2346	1	1
309.087	2347	2	1
309.137	2348	3	1
309.187	2349	4	1
309.237	2350	1	1
309.287	2351	2	1
309.337	2352	3	1
309.387	2353	4	1
309.437	2354	1	1
309.587	2355	3	1
309.737	2356	2	1
309.887	2357	1	1
310.037	2358	4	1
310.187	2359	3	1
310.337	2360	2	1
310.487	2361	1	1
310.637	2362	4	1
310.787	2363	3	1
310.862	2364	2	1
310.937	2365	3	1
311.087	2366	1	1
311.237	2367	4	1
311.312	2368	3	1
311.387	2369	2	1
311.462	2370	1	1
311.537	2371	3	1
311.837	2372	1	1
311.837	2373	2	1
311.837	2374	4	2
311.987	2375	4	3
312.137	2376	1	2
312.137	2377	3	1
312.137	2378	4	1
312.287	2379	1	3
312.362	2380	3	1
312.437	2381	1	1
312.437	2382	4	1
312.512	2383	2	2
312.662	2384	2	3
312.737	2385	1	1
312.737	2386	3	2
312.737	2387	4	1
312.887	2388	3	3
313.037	2389	1	1
313.037	2390	2	1
313.037	2391	4	2
313.187	2392	4	3
313.337	2393	1	2
313.337	2394	3	1
313.337	2395	4	1
313.487	2396	1	3
313.562	2397	3	1
313.637	2398	1	1
313.637	2399	4	1
313.712	2400	2	2
313.862	2401	2	3
313.937	2402	1	1
313.937	2403	3	1
313.937	2404	4	2
314.087	2405	4	3
314.237	2406	2	1
314.237	2407	3	2
314.387	2408	3	3
314.537	2409	1	2
314.537	2410	2	1
314.537	2411	4	1
314.687	2412	1	3
314.762	2413	4	1
314.837	2414	1	1
314.837	2415	3	1
314.912	2416	2	2
315.062	2417	2	3
315.137	2418	1	1
315.137	2419	3	2
315.137	2420	4	1
315.287	2421	3	3
315.437	2422	1	1
315.437	2423	3	2
315.587	2424	3	3
315.737	2425	2	2
315.737	2426	3	1
315.737	2427	4	1
315.887	2428	2	3
315.962	2429	1	1
316.037	2430	2	1
316.037	2431	4	1
316.112	2432	3	2
316.262	2433	3	3
316.337	2434	1	2
316.337	2435	2	1
316.337	2436	4	1
316.487	2437	4	2
316.487	2438	1	3
316.637	2439	1	2
316.637	2440	3	1
316.637	2441	4	3
316.787	2442	1	3
316.937	2443	2	2
316.937	2444	3	1
316.937	2445	4	1
317.087	2446	2	3
317.162	2447	3	1
317.237	2448	1	1
317.237	2449	2	1
317.312	2450	4	2
317.462	2451	4	3
317.537	2452	1	2
317.537	2453	2	1
317.537	2454	3	1
317.687	2455	1	3
317.837	2456	1	2
317.837	2457	3	1
317.987	2458	1	3
318.137	2459	2	2
318.137	2460	3	1
318.137	2461	4	1
318.287	2462	2	3
318.362	2463	3	1
318.437	2464	1	1
318.437	2465	2	1
318.512	2466	4	2
318.662	2467	4	3
318.737	2468	1	2
318.737	2469	2	1
318.737	2470	3	1
318.887	2471	1	3
319.037	2472	2	2
319.037	2473	4	1
319.187	2474	2	3
319.337	2475	1	2
319.337	2476	3	1
319.337	2477	4	1
319.487	2478	1	3
319.562	2479	3	1
319.637	2480	2	1
319.637	2481	4	1
319.712	2482	1	2
319.862	2483	3	1
319.862	2484	4	1
319.862	2485	1	3
319.937	2486	1	1
319.937	2487	2	1
320.087	2488	1	1
320.087	2489	2	1
320.162	2490	3	1
320.162	2491	4	1
320.237	2492	1	1
320.237	2493	2	1
320.387	2494	3	1
320.387	2495	4	1
320.537	2496	1	1
320.537	2497	2	1
320.537	2498	4	1
320.762	2499	1	1
320.762	2500	3	1
320.762	2501	4	1
320.912	2502	1	1
320.912	2503	3	1
320.912	2504	4	1
321.062	2505	2	1
321.137	2506	3	1
321.137	2507	4	1
321.212	2508	1	1
321.287	2509	2	1
321.437	2510	1	1
321.437	2511	4	2
321.587	2512	2	1
321.587	2513	4	3
321.737	2514	1	2
321.737	2515	3	1
321.737	2516	4	1
321.887	2517	1	3
321.962	2518	3	1
322.037	2519	1	1
322.037	2520	4	1
322.112	2521	2	2
322.262	2522	2	3
322.337	2523	1	1
322.337	2524	3	2
322.337	2525	4	1
322.487	2526	3	3
322.637	2527	1	1
322.637	2528	2	1
322.637	2529	4	2
322.787	2530	4	3
322.937	2531	1	2
322.937	2532	3	1
322.937	2533	4	1
323.087	2534	1	3
323.162	2535	3	1
323.237	2536	1	1
323.237	2537	4	1
323.312	2538	2	2
323.462	2539	2	3
323.537	2540	1	1
323.537	2541	3	1
323.537	2542	4	2
323.687	2543	4	3
323.837	2544	2	1
323.837	2545	3	2
323.987	2546	3	3
324.137	2547	1	2
324.137	2548	2	1
324.137	2549	4	1
324.287	2550	1	3
324.362	2551	4	1
324.437	2552	1	1
324.437	2553	3	1
324.512	2554	2	2
324.662	2555	2	3
324.737	2556	1	1
324.737	2557	3	2
324.737	2558	4	1
324.887	2559	3	3
325.037	2560	1	1
325.037	2561	3	2
325.187	2562	3	3
325.337	2563	2	2
325.337	2564	3	1
325.337	2565	4	1
325.487	2566	2	3
325.562	2567	1	1
325.637	2568	2	1
325.637	2569	4	1
325.712	2570	3	2
325.862	2571	4	1
325.862	2572	3	3
325.937	2573	1	2
325.937	2574	2	1
326.087	2575	4	2
326.087	2576	1	3
326.237	2577	1	2
326.237	2578	3	1
326.237	2579	4	3
326.387	2580	1	3
326.537	2581	2	2
326.537	2582	3	1
326.537	2583	4	1
326.687	2584	2	3
326.762	2585	3	1
326.837	2586	1	1
326.837	2587	2	1
326.912	2588	4	2
327.062	2589	4	3
327.137	2590	2	2
327.137	2591	3	1
327.437	2592	1	2
327.437	2593	3	1
327.437	2594	2	3
327.587	2595	4	1
327.587	2596	1	3
327.737	2597	2	2
327.737	2598	3	1
327.737	2599	4	1
327.887	2600	2	3
327.962	2601	3	1
328.037	2602	1	1
328.037	2603	2	1
328.112	2604	4	2
328.262	2605	2	1
328.262	2606	4	3
328.337	2607	3	1
328.437	2608	1	1
328.487	2609	2	1
328.587	2610	1	1
328.787	2611	4	2
329.012	2612	3	2
329.012	2613	4	3
329.237	2614	2	2
329.237	2615	3	3
329.612	2616	1	2
329.612	2617	2	3
329.987	2618	4	2
330.137	2619	3	2
330.137	2620	1	3
330.137	2621	4	3
330.737	2622	1	2
330.737	2623	3	3
331.037	2624	2	1
331.037	2625	3	2
331.037	2626	4	2
331.037	2627	1	3
331.187	2628	3	3
331.337	2629	1	1
331.337	2630	2	2
331.487	2631	2	3
331.562	2632	3	1
331.637	2633	2	1
331.712	2634	1	2
331.862	2635	1	3
331.937	2636	2	2
331.937	2637	3	1
332.087	2638	2	3
332.237	2639	1	1
332.237	2640	3	2
332.387	2641	3	3
332.537	2642	2	2
332.537	2643	3	1
332.687	2644	2	3
332.687	2645	4	3
332.762	2646	1	1
332.837	2647	2	1
332.837	2648	4	2
332.912	2649	1	2
332.987	2650	3	2
332.987	2651	4	3
333.062	2652	1	3
333.137	2653	2	2
333.137	2654	4	1
333.137	2655	3	3
333.287	2656	4	2
333.287	2657	2	3
333.437	2658	1	2
333.437	2659	2	1
333.587	2660	3	2
333.587	2661	1	3
333.587	2662	4	3
333.737	2663	1	2
333.737	2664	2	2
333.737	2665	4	1
333.737	2666	3	3
333.887	2667	2	3
333.962	2668	4	1
334.037	2669	2	1
334.112	2670	3	2
334.262	2671	3	3
334.337	2672	2	1
334.337	2673	4	2
334.487	2674	4	3
334.637	2675	2	1
334.637	2676	4	2
334.787	2677	4	3
334.937	2678	3	2
334.937	2679	4	1
335.087	2680	1	3
335.087	2681	3	3
335.162	2682	2	1
335.237	2683	1	2
335.237	2684	4	1
335.312	2685	3	2
335.462	2686	3	3
335.537	2687	2	2
335.537	2688	4	2
335.537	2689	1	3
335.687	2690	1	2
335.687	2691	4	3
335.837	2692	3	2
335.837	2693	4	2
335.837	2694	1	3
335.837	2695	2	3
335.987	2696	2	1
335.987	2697	4	3
336.137	2698	1	2
336.137	2699	4	1
336.287	2700	1	3
336.362	2701	2	1
336.437	2702	1	1
336.512	2703	4	2
336.662	2704	4	3
336.737	2705	1	2
336.737	2706	4	2
336.737	2707	3	3
336.887	2708	2	2
336.887	2709	1	3
336.887	2710	4	3
337.037	2711	3	2
337.037	2712	4	1
337.187	2713	3	3
337.337	2714	1	2
337.337	2715	4	1
337.487	2716	1	3
337.562	2717	3	1
337.637	2718	4	1
337.712	2719	1	2
337.787	2720	4	2
337.787	2721	2	3
337.862	2722	1	3
337.937	2723	2	2
337.937	2724	3	2
337.937	2725	4	3
338.087	2726	1	2
338.087	2727	2	3
338.087	2728	3	3
338.237	2729	2	2
338.237	2730	4	1
338.387	2731	3	1
338.387	2732	2	3
338.462	2733	4	1
338.537	2734	2	1
338.537	2735	3	2
338.687	2736	3	3
338.762	2737	4	1
338.837	2738	3	1
338.912	2739	2	2
339.062	2740	4	1
339.062	2741	2	3
339.137	2742	2	1
339.137	2743	3	2
339.287	2744	4	1
339.287	2745	3	3
339.362	2746	2	1
339.437	2747	3	1
339.437	2748	4	1
339.437	2749	1	3
339.587	2750	1	1
339.587	2751	2	1
339.737	2752	2	1
339.737	2753	3	1
339.962	2754	1	1
339.962	2755	4	1
340.112	2756	3	1
340.112	2757	4	1
340.262	2758	3	1
340.337	2759	1	1
340.487	2760	1	1
340.637	2761	2	1
340.637	2762	3	2
340.637	2763	4	2
340.787	2764	3	3
340.937	2765	1	1
340.937	2766	2	2
341.087	2767	2	3
341.162	2768	3	1
341.237	2769	2	1
341.312	2770	1	2
341.462	2771	1	3
341.537	2772	2	2
341.537	2773	3	1
341.687	2774	2	3
341.837	2775	1	1
341.837	2776	3	2
341.987	2777	3	3
342.137	2778	2	2
342.137	2779	3	1
342.287	2780	2	3
342.287	2781	4	3
342.362	2782	1	1
342.437	2783	2	1
342.437	2784	4	2
342.512	2785	1	2
342.587	2786	3	2
342.587	2787	4	3
342.662	2788	1	3
342.737	2789	2	2
342.737	2790	4	1
342.737	2791	3	3
342.887	2792	4	2
342.887	2793	2	3
343.037	2794	1	2
343.037	2795	2	1
343.187	2796	3	2
343.187	2797	1	3
343.187	2798	4	3
343.337	2799	1	2
343.337	2800	2	2
343.337	2801	4	1
343.337	2802	3	3
343.487	2803	2	3
343.562	2804	4	1
343.637	2805	2	1
343.712	2806	3	2
343.862	2807	3	3
343.937	2808	2	1
343.937	2809	4	2
344.087	2810	4	3
344.237	2811	2	1
344.237	2812	4	2
344.387	2813	4	3
344.537	2814	3	2
344.537	2815	4	1
344.687	2816	1	3
344.687	2817	3	3
344.762	2818	2	1
344.837	2819	1	2
344.837	2820	4	1
344.912	2821	3	2
345.062	2822	3	3
345.137	2823	2	2
345.137	2824	4	2
345.137	2825	1	3
345.287	2826	1	2
345.287	2827	4	3
345.437	2828	3	2
345.437	2829	4	2
345.437	2830	1	3
345.437	2831	2	3
345.587	2832	4	3
345.737	2833	1	2
345.737	2834	4	1
345.887	2835	1	3
345.962	2836	2	1
346.037	2837	1	1
346.112	2838	4	2
346.262	2839	4	3
346.337	2840	1	2
346.337	2841	4	2
346.337	2842	3	3
346.487	2843	2	2
346.487	2844	1	3
346.487	2845	4	3
346.637	2846	3	2
346.637	2847	4	1
346.937	2848	1	2
346.937	2849	4	1
346.937	2850	3	3
347.087	2851	1	3
347.162	2852	3	1
347.237	2853	4	1
347.312	2854	1	2
347.387	2855	4	2
347.387	2856	2	3
347.462	2857	1	3
347.537	2858	2	2
347.537	2859	3	2
347.537	2860	4	3
347.687	2861	1	2
347.687	2862	2	3
347.687	2863	3	3
347.837	2864	4	1
347.837	2865	1	3
347.912	2866	2	1
347.987	2867	3	1
348.062	2868	4	1
348.137	2869	1	1
348.212	2870	2	1
348.287	2871	3	1
348.362	2872	4	1
348.437	2873	1	1
348.512	2874	2	1
348.587	2875	3	1
348.662	2876	4	1
348.737	2877	1	2
348.887	2878	1	3
349.037	2879	4	1
349.112	2880	3	1
349.187	2881	2	1
349.262	2882	1	1
349.337	2883	4	1
349.412	2884	3	1
349.487	2885	2	1
349.562	2886	1	1
349.637	2887	4	1
349.712	2888	3	1
349.787	2889	2	1
349.862	2890	1	1
349.937	2891	4	2
350.237	2892	1	1
350.237	2893	4	3
350.274	2894	2	1
350.312	2895	3	1
350.349	2896	4	1
350.387	2897	1	1
350.462	2898	2	1
350.537	2899	3	1
350.612	2900	4	1
350.687	2901	1	1
350.762	2902	2	1
350.837	2903	3	1
350.874	2904	4	1
350.912	2905	1	1
350.949	2906	2	1
350.987	2907	3	1
351.062	2908	4	1
351.137	2909	1	1
351.212	2910	2	1
351.287	2911	3	1
351.362	2912	4	1
351.437	2913	1	1
351.487	2914	2	1
351.537	2915	3	1
351.587	2916	4	1
351.637	2917	1	1
351.687	2918	2	1
351.737	2919	3	1
351.787	2920	4	1
351.837	2921	1	1
351.887	2922	2	1
351.937	2923	3	1
351.987	2924	4	1
352.037	2925	1	1
352.112	2926	2	1
352.262	2927	3	2
352.412	2928	3	3
352.487	2929	4	2
352.637	2930	1	1
352.637	2931	3	1
352.637	2932	4	3
352.787	2933	2	1
352.937	2934	3	1
353.087	2935	4	1
353.837	2936	1	1
353.837	2937	2	1
353.987	2938	3	1
354.137	2939	1	1
354.287	2940	4	1
354.737	2941	3	1
355.037	2942	1	1
355.037	2943	4	1
355.187	2944	2	1
355.337	2945	3	1
355.487	2946	4	1
355.937	2947	1	1
356.012	2948	2	1
356.087	2949	4	1
356.162	2950	3	1
356.237	2951	4	1
356.387	2952	3	1
356.537	2953	2	1
356.687	2954	1	1
356.837	2955	4	1
356.987	2956	3	1
357.137	2957	2	1
357.287	2958	1	1
357.437	2959	1	1
357.437	2960	4	1
357.587	2961	2	1
357.737	2962	3	1
357.887	2963	4	1
358.637	2964	1	1
358.637	2965	3	1
358.787	2966	4	1
358.937	2967	3	1
359.087	2968	2	1
359.537	2969	3	1
359.837	2970	1	1
359.837	2971	4	1
359.987	2972	2	1
360.137	2973	3	1
360.287	2974	4	1
360.737	2975	1	1
360.812	2976	2	1
360.887	2977	3	1
360.962	2978	4	1
361.037	2979	3	1
361.187	2980	2	1
361.337	2981	1	1
361.487	2982	4	1
361.637	2983	1	2
361.787	2984	4	1
361.937	2985	3	1
362.087	2986	2	1
362.237	2987	2	1
362.237	2988	4	2
362.237	2989	1	3
362.387	2990	3	1
362.537	2991	1	1
362.687	2992	2	1
363.437	2993	2	1
363.437	2994	4	3
363.587	2995	3	1
363.737	2996	4	1
363.887	2997	1	1
364.037	2998	3	2
364.187	2999	2	2
364.187	3000	3	3
364.337	3001	1	2
364.337	3002	2	3
364.487	3003	4	2
364.487	3004	1	3
364.637	3005	1	1
364.787	3006	3	2
364.787	3007	4	3
364.937	3008	1	2
364.937	3009	3	3
365.087	3010	2	1
365.237	3011	3	1
365.387	3012	4	1
365.537	3013	2	1
365.612	3014	4	1
365.687	3015	3	1
365.762	3016	2	1
365.837	3017	4	1
365.837	3018	1	3
365.987	3019	3	1
366.137	3020	2	1
366.287	3021	1	1
366.437	3022	2	2
366.587	3023	4	1
366.737	3024	3	2
366.737	3025	2	3
366.887	3026	2	1
367.037	3027	4	2
367.037	3028	3	3
367.187	3029	2	1
367.337	3030	3	1
367.487	3031	1	1
367.637	3032	2	1
367.637	3033	4	3
367.937	3034	1	2
368.087	3035	4	1
368.087	3036	1	3
368.237	3037	4	2
368.387	3038	2	1
368.537	3039	1	1
368.687	3040	2	1
368.837	3041	4	3
368.987	3042	2	2
369.137	3043	4	2
369.137	3044	2	3
369.287	3045	1	2
369.287	3046	4	3
369.437	3047	2	1
369.587	3048	3	1
369.737	3049	4	1
369.737	3050	1	3
369.887	3051	1	1
370.337	3052	1	1
370.412	3053	2	1
370.487	3054	3	1
370.562	3055	4	1
370.637	3056	1	1
371.237	3057	2	1
371.837	3058	2	2
372.137	3059	1	2
372.137	3060	2	3
372.437	3061	4	1
372.437	3062	1	3
372.887	3063	4	1
373.337	3064	4	1
373.787	3065	4	1
374.237	3066	4	1
374.687	3067	4	1
375.137	3068	4	1
375.587	3069	4	1
376.037	3070	4	1
376.487	3071	3	1
376.637	3072	2	2
376.937	3073	1	2
376.937	3074	2	3
377.237	3075	4	1
377.237	3076	1	3
377.687	3077	4	1
378.137	3078	4	1
378.587	3079	4	1
379.037	3080	4	1
379.487	3081	4	1
379.937	3082	4	1
380.387	3083	4	1
380.837	3084	4	1
381.287	3085	3	1
381.437	3086	2	2
381.737	3087	1	1
381.737	3088	2	3
381.887	3089	3	1
382.037	3090	4	1
382.487	3091	4	1
382.937	3092	4	1
383.387	3093	4	1
383.837	3094	4	1
384.287	3095	4	1
384.737	3096	4	1
385.187	3097	4	1
385.637	3098	4	1
386.087	3099	3	1
386.237	3100	2	2
386.537	3101	1	1
386.537	3102	2	3
386.687	3103	3	1
386.837	3104	4	1
387.287	3105	4	1
387.737	3106	4	1
388.187	3107	4	1
388.637	3108	4	1
389.087	3109	4	1
389.537	3110	4	1
389.987	3111	4	1
390.437	3112	4	1
391.337	3113	1	2
391.637	3114	4	1
391.637	3115	1	3
392.087	3116	4	1
392.537	3117	4	1
392.987	3118	4	1
393.437	3119	4	1
393.887	3120	4	1
394.337	3121	4	1
394.787	3122	4	1
395.237	3123	4	1
395.687	3124	4	1
396.137	3125	4	1
396.587	3126	4	1
396.887	3127	4	1
397.037	3128	4	1
397.487	3129	4	1
397.937	3130	4	1
398.387	3131	4	1
398.837	3132	4	1
399.287	3133	4	1
399.737	3134	4	1
400.187	3135	4	1
400.337	3136	1	1
400.637	3137	4	1
400.787	3138	1	1
401.087	3139	4	1
401.237	3140	1	1
401.537	3141	4	1