Song Name	Glorious by Kagetora & Ashrount
Difficulty	21
Primary Color	Flow
Secondary Color	Chill
Last Note Time	136.217
Total Notes	1307
Fever Fill	348
Fever Time	20.432550
Long Notes	264
BPM	170
Song Length	140.661927438

Timing Points
0.688	352.9412


Song Data
0.688	1	2	1
0.688	2	4	1
0.864	3	3	1
1.040	4	1	1
1.217	5	1	1
1.393	6	3	1
1.393	7	4	1
1.570	8	2	1
1.746	9	4	1
1.923	10	4	1
2.099	11	1	1
2.099	12	2	1
2.276	13	3	1
2.452	14	1	1
2.629	15	1	1
2.805	16	3	1
2.805	17	4	1
2.982	18	2	1
3.158	19	4	1
3.335	20	4	1
3.511	21	1	1
3.511	22	2	1
3.687	23	4	1
3.864	24	2	1
4.040	25	2	1
4.217	26	3	1
4.217	27	4	1
4.393	28	1	1
4.570	29	3	1
4.746	30	3	1
4.923	31	1	1
4.923	32	2	1
5.099	33	4	1
5.276	34	2	1
5.452	35	2	1
5.629	36	3	1
5.629	37	4	1
5.805	38	1	1
5.982	39	3	1
6.158	40	3	1
6.335	41	1	1
6.335	42	2	1
6.511	43	4	1
6.687	44	1	1
6.864	45	1	1
7.040	46	3	1
7.040	47	4	1
7.217	48	1	1
7.393	49	4	1
7.570	50	4	1
7.746	51	1	1
7.746	52	2	1
7.923	53	4	1
8.099	54	1	1
8.276	55	1	1
8.452	56	3	1
8.452	57	4	1
8.629	58	1	1
8.805	59	4	1
8.982	60	4	1
9.158	61	1	1
9.158	62	2	1
9.335	63	4	1
9.511	64	2	1
9.687	65	2	1
9.864	66	3	1
9.864	67	4	1
10.040	68	1	1
10.217	69	3	1
10.393	70	3	1
10.570	71	1	2
10.570	72	4	2
10.923	73	3	1
10.923	74	4	3
11.099	75	4	2
11.099	76	1	3
11.276	77	1	1
11.276	78	2	1
11.629	79	1	1
11.629	80	2	1
11.629	81	4	3
11.805	82	1	1
11.982	83	3	1
11.982	84	4	1
12.158	85	2	2
12.335	86	1	1
12.335	87	2	3
12.511	88	4	2
12.687	89	2	1
12.687	90	4	3
12.864	91	1	2
13.040	92	3	1
13.040	93	1	3
13.217	94	2	2
13.393	95	4	1
13.393	96	2	3
13.570	97	3	2
13.746	98	1	1
13.746	99	3	3
13.923	100	4	2
14.099	101	2	1
14.099	102	4	3
14.276	103	1	2
14.452	104	4	1
14.452	105	1	3
14.629	106	2	2
14.805	107	1	1
14.805	108	2	3
14.982	109	3	2
15.158	110	2	1
15.158	111	3	3
15.335	112	4	2
15.511	113	3	1
15.511	114	4	3
15.687	115	1	2
15.864	116	4	1
15.864	117	1	3
16.040	118	2	2
16.217	119	1	1
16.217	120	2	3
16.393	121	3	2
16.570	122	2	1
16.570	123	3	3
16.746	124	4	2
16.923	125	3	1
16.923	126	4	3
17.099	127	1	2
17.276	128	4	1
17.276	129	1	3
17.452	130	2	2
17.629	131	1	1
17.629	132	4	1
17.629	133	2	3
17.805	134	3	2
17.982	135	1	1
17.982	136	2	1
17.982	137	3	3
18.158	138	4	2
18.335	139	2	1
18.335	140	3	1
18.335	141	4	3
18.511	142	1	2
18.687	143	3	1
18.687	144	4	1
18.687	145	1	3
18.864	146	2	2
19.040	147	4	1
19.040	148	2	3
19.129	149	1	1
19.217	150	4	1
19.393	151	2	1
19.482	152	3	1
19.570	153	2	1
19.746	154	4	1
19.835	155	1	1
19.923	156	4	1
20.099	157	2	1
20.187	158	3	1
20.276	159	2	1
20.452	160	4	1
20.540	161	3	1
20.629	162	1	1
20.717	163	2	1
20.805	164	4	1
20.893	165	3	1
20.982	166	1	1
21.070	167	2	1
21.158	168	3	2
21.158	169	4	1
21.511	170	2	2
21.864	171	1	1
21.864	172	4	1
21.864	173	2	3
21.864	174	3	3
22.040	175	2	1
22.129	176	3	1
22.393	177	1	1
22.482	178	2	1
22.746	179	4	1
22.835	180	3	1
22.923	181	1	1
23.011	182	2	1
23.099	183	3	1
23.187	184	4	1
23.276	185	1	1
23.276	186	2	1
23.452	187	3	1
23.540	188	2	1
23.629	189	4	1
23.805	190	2	1
23.893	191	3	1
23.982	192	1	1
24.158	193	2	1
24.158	194	4	1
24.335	195	2	1
24.511	196	1	2
24.511	197	4	2
24.864	198	2	2
24.864	199	4	3
25.217	200	3	2
25.217	201	4	1
25.217	202	1	3
25.217	203	2	3
25.746	204	1	1
25.746	205	4	2
25.746	206	3	3
25.923	207	3	1
26.099	208	1	1
26.099	209	4	3
26.187	210	4	1
26.276	211	2	1
26.364	212	3	1
26.452	213	1	2
26.629	214	4	1
26.629	215	1	3
26.717	216	2	1
26.805	217	3	2
26.982	218	1	2
26.982	219	4	1
26.982	220	3	3
27.158	221	2	1
27.335	222	3	1
27.335	223	4	2
27.335	224	1	3
27.511	225	1	1
27.687	226	2	1
27.687	227	4	3
27.864	228	3	1
28.040	229	1	2
28.040	230	4	1
28.217	231	2	1
28.393	232	3	1
28.393	233	1	3
28.570	234	1	1
28.570	235	4	2
28.746	236	3	1
28.923	237	1	2
28.923	238	2	2
28.923	239	4	3
29.452	240	3	1
29.452	241	1	3
29.452	242	2	3
29.629	243	2	1
29.805	244	1	1
29.805	245	4	2
29.982	246	3	1
30.158	247	1	2
30.158	248	2	1
30.158	249	4	3
30.511	250	4	2
30.511	251	1	3
30.864	252	1	1
30.864	253	2	2
30.864	254	4	3
31.217	255	3	2
31.217	256	2	3
31.393	257	1	1
31.393	258	4	1
31.570	259	2	2
31.570	260	3	3
31.746	261	1	2
31.746	262	4	2
31.746	263	2	3
32.099	264	4	3
32.276	265	3	1
32.276	266	1	3
32.364	267	2	1
32.452	268	3	2
32.629	269	1	1
32.629	270	4	2
32.629	271	3	3
32.805	272	2	1
32.982	273	1	2
32.982	274	3	1
32.982	275	4	3
33.158	276	4	1
33.158	277	1	3
33.246	278	2	1
33.335	279	1	1
33.423	280	3	1
33.511	281	2	1
33.599	282	4	1
33.687	283	3	1
33.776	284	1	1
33.864	285	2	1
33.952	286	4	1
34.040	287	3	1
34.129	288	2	1
34.217	289	1	2
34.217	290	4	2
34.570	291	2	1
34.570	292	3	1
34.570	293	1	3
34.570	294	4	3
34.746	295	1	1
34.923	296	3	2
35.099	297	2	1
35.099	298	3	3
35.276	299	1	1
35.276	300	4	2
35.452	301	3	2
35.629	302	2	1
35.629	303	3	3
35.629	304	4	3
35.805	305	1	2
35.982	306	4	1
35.982	307	1	3
36.158	308	2	2
36.335	309	1	1
36.335	310	2	3
36.511	311	3	2
36.687	312	2	1
36.687	313	3	3
36.864	314	4	2
37.040	315	1	2
37.040	316	4	3
37.217	317	3	2
37.217	318	1	3
37.393	319	1	1
37.393	320	3	3
37.570	321	4	1
37.746	322	2	2
37.923	323	1	1
37.923	324	2	3
38.099	325	3	2
38.099	326	4	1
38.276	327	2	2
38.452	328	1	1
38.452	329	2	3
38.452	330	3	3
38.629	331	3	2
38.805	332	4	1
38.805	333	3	3
38.982	334	1	2
39.158	335	2	1
39.158	336	1	3
39.335	337	4	2
39.511	338	1	1
39.511	339	4	3
39.687	340	3	2
39.864	341	4	1
39.864	342	3	3
40.040	343	2	2
40.217	344	1	1
40.217	345	4	1
40.217	346	2	3
40.393	347	4	1
40.570	348	2	2
40.746	349	3	1
40.746	350	2	3
40.923	351	1	2
40.923	352	4	1
41.099	353	2	2
41.276	354	3	1
41.276	355	1	3
41.276	356	2	3
41.452	357	4	2
41.629	358	1	1
41.629	359	4	3
41.805	360	3	2
41.982	361	4	1
41.982	362	3	3
42.158	363	2	2
42.335	364	3	1
42.335	365	2	3
42.511	366	1	2
42.687	367	4	2
42.687	368	1	3
42.864	369	2	2
42.864	370	4	3
43.040	371	1	1
43.040	372	4	1
43.040	373	2	3
43.217	374	1	1
43.393	375	3	2
43.570	376	4	1
43.570	377	3	3
43.746	378	2	2
43.923	379	3	2
44.099	380	4	1
44.099	381	2	3
44.099	382	3	3
44.276	383	2	2
44.452	384	1	1
44.452	385	4	1
44.452	386	2	3
44.629	387	3	2
44.805	388	3	3
44.982	389	2	2
45.158	390	2	3
45.335	391	3	2
45.511	392	1	1
45.511	393	3	3
45.599	394	2	1
45.687	395	3	1
45.776	396	4	1
45.864	397	1	1
45.864	398	2	1
46.040	399	1	1
46.217	400	3	1
46.217	401	4	2
46.393	402	2	1
46.393	403	4	3
46.570	404	1	2
46.570	405	4	1
46.746	406	4	2
46.923	407	2	1
46.923	408	1	3
46.923	409	4	3
47.099	410	2	2
47.276	411	1	1
47.276	412	4	1
47.276	413	2	3
47.452	414	4	1
47.629	415	1	1
47.629	416	3	2
47.805	417	4	1
47.805	418	3	3
47.982	419	1	1
47.982	420	2	2
48.158	421	1	2
48.335	422	3	1
48.335	423	4	1
48.335	424	1	3
48.335	425	2	3
48.511	426	2	1
48.599	427	3	1
48.687	428	1	1
48.687	429	4	1
48.864	430	1	1
49.040	431	3	1
49.040	432	4	2
49.217	433	2	1
49.217	434	4	3
49.393	435	1	2
49.393	436	4	1
49.570	437	4	2
49.746	438	2	1
49.746	439	3	1
49.746	440	1	3
49.746	441	4	3
49.923	442	2	2
50.099	443	1	1
50.099	444	4	1
50.099	445	2	3
50.276	446	4	1
50.452	447	1	2
50.452	448	3	1
50.629	449	2	1
50.629	450	1	3
50.805	451	3	2
50.805	452	4	1
50.982	453	4	2
51.158	454	1	1
51.158	455	2	1
51.158	456	3	3
51.158	457	4	3
51.335	458	3	1
51.423	459	2	1
51.511	460	1	1
51.511	461	4	1
51.687	462	4	1
51.864	463	1	1
51.864	464	3	1
52.040	465	1	1
52.217	466	2	1
52.217	467	4	1
52.393	468	4	1
52.570	469	1	1
52.570	470	3	1
52.746	471	3	1
52.923	472	1	1
53.011	473	2	1
53.099	474	1	1
53.276	475	4	1
53.364	476	3	1
53.452	477	4	1
53.629	478	1	1
53.717	479	2	1
53.805	480	1	1
53.982	481	4	1
54.070	482	3	1
54.158	483	4	1
54.335	484	1	1
54.423	485	2	1
54.511	486	3	1
54.599	487	4	1
54.687	488	1	1
54.776	489	2	1
54.864	490	3	1
54.952	491	4	1
55.040	492	1	1
55.129	493	2	1
55.217	494	3	1
55.305	495	4	1
55.393	496	1	1
55.482	497	2	1
55.570	498	3	1
55.658	499	4	1
55.746	500	1	2
55.746	501	2	1
56.099	502	4	1
56.099	503	1	3
56.187	504	2	1
56.276	505	3	1
56.364	506	1	1
56.452	507	2	1
56.540	508	4	1
56.717	509	3	1
56.805	510	1	1
56.805	511	2	1
56.982	512	3	2
57.158	513	1	1
57.158	514	4	2
57.158	515	3	3
57.335	516	2	2
57.511	517	3	1
57.511	518	2	3
57.511	519	4	3
57.599	520	1	1
57.776	521	4	1
57.864	522	2	1
57.952	523	3	1
58.040	524	1	1
58.217	525	4	1
58.305	526	2	1
58.393	527	3	1
58.482	528	4	1
58.570	529	1	1
58.658	530	3	1
58.923	531	2	2
58.923	532	4	2
59.099	533	2	3
59.187	534	3	1
59.187	535	4	3
59.276	536	2	1
59.452	537	1	2
59.629	538	3	2
59.629	539	1	3
59.805	540	2	2
59.805	541	3	3
59.982	542	1	2
59.982	543	4	1
59.982	544	2	3
60.158	545	3	2
60.335	546	2	1
60.335	547	1	3
60.335	548	3	3
60.423	549	4	1
60.599	550	1	1
60.687	551	3	1
60.776	552	2	2
60.952	553	4	1
60.952	554	2	3
61.040	555	1	1
61.217	556	3	2
61.393	557	2	2
61.393	558	4	2
61.570	559	2	3
61.570	560	3	3
61.570	561	4	3
61.746	562	1	1
61.923	563	4	1
62.011	564	2	1
62.099	565	1	2
62.099	566	3	2
62.364	567	1	3
62.364	568	3	3
62.452	569	1	2
62.452	570	3	2
62.717	571	1	3
62.717	572	3	3
62.805	573	2	2
62.805	574	3	1
62.982	575	4	2
63.158	576	1	1
63.158	577	2	3
63.158	578	4	3
63.246	579	3	1
63.423	580	2	1
63.511	581	4	1
63.570	582	3	1
63.629	583	2	1
63.687	584	1	1
63.864	585	4	1
63.952	586	2	1
64.040	587	3	1
64.129	588	1	1
64.217	589	2	1
64.305	590	4	1
64.570	591	1	2
64.570	592	3	2
64.746	593	3	3
64.835	594	2	1
64.835	595	1	3
64.923	596	3	1
64.923	597	4	1
65.011	598	2	1
65.099	599	1	1
65.276	600	3	1
65.364	601	1	1
65.452	602	4	2
65.629	603	2	1
65.629	604	3	2
65.629	605	4	3
65.805	606	1	2
65.982	607	4	1
65.982	608	1	3
65.982	609	3	3
66.070	610	2	1
66.246	611	3	1
66.423	612	1	1
66.511	613	4	2
66.687	614	3	1
66.687	615	4	3
66.776	616	2	1
66.864	617	1	2
67.040	618	3	2
67.040	619	4	2
67.040	620	1	3
67.393	621	1	1
67.393	622	3	3
67.393	623	4	3
67.482	624	2	1
67.570	625	4	1
67.746	626	1	2
67.746	627	3	2
68.099	628	2	1
68.099	629	4	1
68.099	630	1	3
68.099	631	3	3
68.187	632	3	1
68.276	633	1	1
68.364	634	2	1
68.452	635	3	2
68.452	636	4	1
68.629	637	1	2
68.805	638	2	1
68.805	639	1	3
68.805	640	3	3
68.893	641	4	1
69.070	642	1	1
69.158	643	3	1
69.246	644	2	1
69.335	645	4	1
69.511	646	1	1
69.599	647	3	1
69.687	648	2	1
69.776	649	1	1
69.864	650	4	1
69.952	651	2	1
70.217	652	1	2
70.217	653	3	2
70.393	654	3	3
70.482	655	2	1
70.482	656	1	3
70.570	657	4	1
70.746	658	1	2
70.923	659	4	2
70.923	660	1	3
71.099	661	3	2
71.099	662	4	3
71.276	663	1	1
71.276	664	2	2
71.276	665	3	3
71.452	666	4	2
71.629	667	3	1
71.629	668	2	3
71.629	669	4	3
71.717	670	1	1
71.893	671	4	1
71.982	672	2	1
72.070	673	3	2
72.246	674	1	1
72.246	675	3	3
72.335	676	4	1
72.511	677	2	2
72.687	678	1	2
72.687	679	3	2
72.864	680	1	3
72.864	681	2	3
72.864	682	3	3
73.040	683	4	1
73.217	684	1	1
73.305	685	2	1
73.393	686	3	2
73.393	687	4	2
73.658	688	3	3
73.658	689	4	3
73.746	690	3	2
73.746	691	4	2
74.011	692	3	3
74.011	693	4	3
74.099	694	1	1
74.099	695	3	2
74.276	696	2	2
74.452	697	4	1
74.452	698	2	3
74.452	699	3	3
74.540	700	1	1
74.717	701	3	1
74.805	702	1	1
74.864	703	2	1
74.923	704	3	1
74.982	705	4	1
75.158	706	2	1
75.246	707	3	1
75.335	708	1	1
75.423	709	2	1
75.511	710	4	1
75.599	711	1	1
75.864	712	2	2
75.864	713	4	2
76.040	714	2	3
76.129	715	3	1
76.129	716	4	3
76.217	717	1	1
76.217	718	2	1
76.305	719	3	1
76.393	720	4	1
76.570	721	1	1
76.746	722	3	1
76.923	723	2	2
76.923	724	4	1
77.099	725	3	2
77.276	726	1	1
77.276	727	2	3
77.276	728	3	3
77.364	729	4	1
77.540	730	3	1
77.629	731	2	1
77.805	732	4	1
77.982	733	1	1
78.070	734	2	1
78.158	735	3	1
78.246	736	4	1
78.335	737	1	2
78.511	738	3	2
78.511	739	1	3
78.599	740	2	2
78.599	741	3	3
78.687	742	2	3
78.776	743	4	2
78.952	744	2	2
78.952	745	4	3
79.129	746	4	2
79.129	747	2	3
79.217	748	3	2
79.217	749	4	3
79.305	750	1	2
79.305	751	3	3
79.393	752	2	1
79.393	753	3	1
79.393	754	4	1
79.393	755	1	3
79.746	756	1	1
79.746	757	4	2
79.923	758	2	2
80.099	759	3	1
80.099	760	2	3
80.099	761	4	3
80.187	762	1	1
80.364	763	4	1
80.452	764	2	1
80.540	765	3	1
80.629	766	1	1
80.805	767	4	1
80.893	768	2	1
80.982	769	3	1
81.070	770	4	1
81.158	771	1	1
81.246	772	3	1
81.511	773	2	2
81.511	774	4	2
81.687	775	2	3
81.776	776	3	1
81.776	777	4	3
81.864	778	2	1
82.040	779	1	2
82.217	780	3	2
82.217	781	1	3
82.393	782	2	2
82.393	783	3	3
82.570	784	1	2
82.570	785	4	1
82.570	786	2	3
82.746	787	3	2
82.923	788	2	1
82.923	789	1	3
82.923	790	3	3
83.011	791	4	1
83.187	792	1	1
83.276	793	3	1
83.364	794	2	2
83.540	795	4	1
83.540	796	2	3
83.629	797	1	1
83.805	798	3	2
83.982	799	2	2
83.982	800	4	2
84.158	801	2	3
84.158	802	3	3
84.158	803	4	3
84.335	804	1	1
84.511	805	4	1
84.599	806	2	1
84.687	807	1	2
84.687	808	3	2
84.952	809	1	3
84.952	810	3	3
85.040	811	1	2
85.040	812	3	2
85.305	813	1	3
85.305	814	3	3
85.393	815	2	2
85.393	816	3	1
85.570	817	4	2
85.746	818	1	1
85.746	819	2	3
85.746	820	4	3
85.835	821	3	1
86.011	822	2	1
86.099	823	4	1
86.158	824	3	1
86.217	825	2	1
86.276	826	1	1
86.452	827	4	1
86.540	828	2	1
86.629	829	3	1
86.717	830	1	1
86.805	831	2	1
86.893	832	4	1
87.158	833	1	2
87.158	834	3	2
87.335	835	3	3
87.423	836	2	1
87.423	837	1	3
87.511	838	3	1
87.511	839	4	1
87.599	840	2	1
87.687	841	1	1
87.864	842	3	1
87.952	843	1	1
88.040	844	4	2
88.217	845	2	1
88.217	846	3	2
88.217	847	4	3
88.393	848	1	2
88.570	849	4	1
88.570	850	1	3
88.570	851	3	3
88.658	852	2	1
88.835	853	3	1
89.011	854	1	1
89.099	855	4	2
89.276	856	3	1
89.276	857	4	3
89.364	858	2	1
89.452	859	1	2
89.629	860	3	2
89.629	861	4	2
89.629	862	1	3
89.982	863	1	1
89.982	864	3	3
89.982	865	4	3
90.070	866	2	1
90.158	867	4	1
90.335	868	1	2
90.335	869	3	2
90.687	870	2	1
90.687	871	4	1
90.687	872	1	3
90.687	873	3	3
90.776	874	3	1
90.864	875	1	1
90.952	876	2	1
91.040	877	3	1
91.040	878	4	1
91.217	879	1	2
91.217	880	3	2
91.393	881	2	1
91.393	882	1	3
91.393	883	3	3
91.482	884	4	1
91.658	885	1	1
91.746	886	3	1
91.835	887	2	1
91.923	888	4	1
92.099	889	1	1
92.187	890	3	1
92.276	891	2	1
92.364	892	1	1
92.452	893	4	1
92.540	894	2	1
92.805	895	1	2
92.805	896	3	2
92.982	897	3	3
93.070	898	2	1
93.070	899	1	3
93.158	900	4	1
93.335	901	1	2
93.511	902	4	2
93.511	903	1	3
93.687	904	3	2
93.687	905	4	3
93.864	906	1	1
93.864	907	2	2
93.864	908	3	3
94.040	909	4	2
94.217	910	3	1
94.217	911	2	3
94.217	912	4	3
94.305	913	1	1
94.482	914	4	1
94.570	915	2	1
94.658	916	3	2
94.835	917	1	1
94.835	918	3	3
94.923	919	4	1
95.099	920	2	2
95.276	921	1	2
95.276	922	3	2
95.452	923	1	3
95.452	924	2	3
95.452	925	3	3
95.629	926	4	1
95.805	927	1	1
95.893	928	2	1
95.982	929	3	2
95.982	930	4	2
96.246	931	3	3
96.246	932	4	3
96.335	933	3	2
96.335	934	4	2
96.599	935	3	3
96.599	936	4	3
96.687	937	1	1
96.687	938	3	2
96.864	939	2	2
97.040	940	4	1
97.040	941	2	3
97.040	942	3	3
97.129	943	1	1
97.305	944	3	1
97.393	945	1	1
97.452	946	2	1
97.511	947	3	1
97.570	948	4	1
97.746	949	2	1
97.835	950	3	1
97.923	951	1	1
98.011	952	2	1
98.099	953	4	1
98.187	954	1	1
98.452	955	2	2
98.452	956	4	2
98.629	957	2	3
98.717	958	3	1
98.717	959	4	3
98.805	960	1	1
98.805	961	2	1
98.893	962	3	1
98.982	963	4	1
99.158	964	1	1
99.335	965	3	1
99.511	966	2	2
99.511	967	4	1
99.687	968	3	2
99.864	969	1	1
99.864	970	2	3
99.864	971	3	3
99.952	972	4	1
100.129	973	3	1
100.217	974	2	1
100.393	975	4	1
100.570	976	1	1
100.658	977	2	1
100.746	978	3	1
100.835	979	4	1
100.923	980	1	1
101.099	981	3	2
101.276	982	2	1
101.276	983	3	3
101.364	984	4	2
101.452	985	4	3
101.540	986	2	2
101.629	987	2	3
101.717	988	1	2
101.805	989	3	2
101.805	990	1	3
101.982	991	1	2
101.982	992	3	3
102.070	993	4	2
102.070	994	1	3
102.158	995	2	2
102.158	996	4	3
102.246	997	3	2
102.246	998	2	3
102.335	999	1	1
102.335	1000	4	1
102.335	1001	3	3
102.511	1002	3	2
102.687	1003	2	1
102.687	1004	3	3
102.864	1005	4	2
103.040	1006	1	1
103.040	1007	4	3
103.217	1008	3	2
103.393	1009	2	1
103.393	1010	3	3
103.570	1011	4	2
103.746	1012	3	1
103.746	1013	4	3
103.923	1014	1	2
104.099	1015	4	1
104.099	1016	1	3
104.276	1017	2	2
104.452	1018	3	1
104.452	1019	2	3
104.629	1020	1	2
104.805	1021	3	1
104.805	1022	1	3
104.982	1023	3	1
105.158	1024	2	1
105.158	1025	4	1
105.335	1026	2	2
105.511	1027	3	1
105.511	1028	2	3
105.687	1029	3	2
105.864	1030	1	1
105.864	1031	3	3
106.040	1032	1	2
106.217	1033	4	1
106.217	1034	1	3
106.393	1035	4	2
106.570	1036	2	1
106.570	1037	4	3
106.746	1038	2	2
106.923	1039	3	1
106.923	1040	2	3
107.099	1041	3	2
107.276	1042	1	1
107.276	1043	3	3
107.452	1044	1	2
107.629	1045	3	2
107.629	1046	4	2
107.629	1047	1	3
107.982	1048	1	1
107.982	1049	2	1
107.982	1050	3	3
107.982	1051	4	3
108.158	1052	2	1
108.335	1053	3	1
108.335	1054	4	1
108.511	1055	4	1
108.687	1056	1	1
108.687	1057	2	1
108.864	1058	1	1
109.040	1059	3	1
109.040	1060	4	1
109.217	1061	3	1
109.393	1062	1	1
109.482	1063	3	1
109.570	1064	1	1
109.746	1065	4	1
109.835	1066	2	1
109.923	1067	4	1
110.099	1068	1	1
110.187	1069	3	1
110.276	1070	1	1
110.452	1071	4	1
110.540	1072	2	1
110.629	1073	4	1
110.805	1074	1	1
110.893	1075	2	1
110.982	1076	3	1
111.070	1077	4	1
111.158	1078	1	1
111.246	1079	2	1
111.335	1080	3	1
111.423	1081	4	1
111.511	1082	1	1
111.599	1083	2	1
111.687	1084	3	1
111.776	1085	4	1
111.864	1086	1	1
111.952	1087	2	1
112.040	1088	3	1
112.129	1089	4	1
112.217	1090	1	2
112.923	1091	3	1
112.923	1092	4	1
112.923	1093	1	3
113.099	1094	3	1
113.099	1095	4	1
113.276	1096	1	1
113.452	1097	3	1
113.540	1098	2	1
113.629	1099	1	1
113.629	1100	4	1
113.805	1101	3	1
113.893	1102	2	1
113.982	1103	3	1
114.070	1104	1	1
114.246	1105	4	1
114.423	1106	2	2
114.687	1107	1	1
114.687	1108	4	1
114.687	1109	2	3
114.864	1110	2	1
115.040	1111	3	1
115.129	1112	4	2
115.393	1113	1	1
115.393	1114	2	1
115.393	1115	4	3
115.570	1116	3	1
115.658	1117	2	1
115.835	1118	2	1
115.923	1119	3	1
116.099	1120	1	1
116.099	1121	4	1
116.276	1122	2	1
116.452	1123	1	1
116.452	1124	4	1
116.629	1125	3	1
116.717	1126	2	1
116.805	1127	3	1
116.893	1128	1	1
117.070	1129	4	1
117.246	1130	2	2
117.511	1131	1	1
117.511	1132	4	1
117.511	1133	2	3
117.687	1134	2	1
117.864	1135	3	1
117.952	1136	4	1
118.040	1137	1	1
118.129	1138	2	1
118.217	1139	3	2
118.393	1140	2	1
118.393	1141	3	3
118.482	1142	1	1
118.570	1143	3	1
118.658	1144	4	1
118.746	1145	2	2
118.923	1146	1	1
118.923	1147	2	3
119.011	1148	4	1
119.099	1149	2	1
119.187	1150	3	1
119.276	1151	1	1
119.276	1152	4	1
119.452	1153	2	1
119.540	1154	3	1
119.629	1155	2	1
119.717	1156	4	1
119.893	1157	1	1
120.070	1158	3	2
120.335	1159	1	1
120.335	1160	4	1
120.335	1161	3	3
120.511	1162	3	1
120.687	1163	2	1
120.776	1164	1	2
121.040	1165	3	1
121.040	1166	4	1
121.040	1167	1	3
121.217	1168	2	1
121.305	1169	3	1
121.482	1170	3	1
121.570	1171	2	1
121.746	1172	1	1
121.746	1173	4	1
121.923	1174	3	1
122.099	1175	1	1
122.099	1176	4	2
122.276	1177	2	1
122.276	1178	4	3
122.364	1179	3	1
122.452	1180	4	1
122.540	1181	1	1
122.629	1182	2	1
122.805	1183	1	2
122.805	1184	4	1
122.982	1185	3	1
122.982	1186	1	3
123.070	1187	2	1
123.158	1188	1	1
123.246	1189	4	1
123.335	1190	3	1
123.511	1191	2	1
123.599	1192	4	2
123.864	1193	1	1
123.864	1194	2	1
123.864	1195	4	3
124.040	1196	3	1
124.217	1197	1	2
124.217	1198	4	2
124.393	1199	1	3
124.393	1200	4	3
124.570	1201	2	2
124.570	1202	3	2
124.746	1203	2	3
124.746	1204	3	3
124.923	1205	1	1
124.923	1206	4	1
125.099	1207	3	1
125.187	1208	2	1
125.276	1209	3	1
125.364	1210	1	1
125.540	1211	4	1
125.717	1212	2	2
125.982	1213	1	1
125.982	1214	4	1
125.982	1215	2	3
126.158	1216	2	1
126.335	1217	3	1
126.423	1218	4	2
126.687	1219	1	1
126.687	1220	2	1
126.687	1221	4	3
126.864	1222	3	1
126.952	1223	2	1
127.129	1224	2	1
127.217	1225	3	1
127.393	1226	1	1
127.393	1227	4	1
127.570	1228	2	1
127.746	1229	1	1
127.746	1230	4	1
127.923	1231	3	1
128.011	1232	2	1
128.099	1233	3	1
128.187	1234	1	1
128.364	1235	4	1
128.540	1236	2	2
128.805	1237	1	1
128.805	1238	4	1
128.805	1239	2	3
128.982	1240	2	1
129.158	1241	3	1
129.246	1242	4	1
129.335	1243	1	1
129.423	1244	2	1
129.511	1245	3	2
129.687	1246	2	1
129.687	1247	3	3
129.776	1248	1	1
129.864	1249	3	1
129.952	1250	4	1
130.040	1251	2	2
130.217	1252	1	1
130.217	1253	2	3
130.305	1254	4	1
130.393	1255	2	1
130.482	1256	3	1
130.570	1257	1	1
130.570	1258	4	1
130.746	1259	2	1
130.835	1260	3	1
130.923	1261	2	1
131.011	1262	4	1
131.187	1263	1	1
131.364	1264	3	2
131.629	1265	1	1
131.629	1266	4	1
131.629	1267	3	3
131.805	1268	3	1
131.982	1269	2	1
132.070	1270	1	2
132.335	1271	3	1
132.335	1272	4	1
132.335	1273	1	3
132.511	1274	2	1
132.599	1275	3	1
132.776	1276	3	1
132.864	1277	2	1
133.040	1278	1	1
133.040	1279	4	1
133.217	1280	3	1
133.393	1281	1	2
133.393	1282	4	1
133.570	1283	3	1
133.570	1284	1	3
133.658	1285	2	1
133.746	1286	1	1
133.835	1287	4	1
133.923	1288	3	1
134.099	1289	1	1
134.099	1290	4	2
134.276	1291	2	1
134.276	1292	4	3
134.364	1293	3	1
134.452	1294	4	1
134.540	1295	1	1
134.629	1296	2	1
134.805	1297	4	1
134.893	1298	3	2
135.158	1299	2	1
135.158	1300	3	3
135.335	1301	4	1
135.511	1302	3	1
135.687	1303	1	1
135.864	1304	2	1
136.040	1305	3	1
136.217	1306	1	1
136.217	1307	4	1