Song Name	God ASK (Hard) by naruto2413 (feat. Aya Mashiro)
Title	God ASK (Hard)
Artist	naruto2413 (feat. Aya Mashiro)
Description	From the artist: [this track] expresses the same themes as the previous work 'My lonely excuse that is too convenient' from a different perspective. Known in Japanese as 'Kamisama ASK'. Map by Rushiliate.
Difficulty	25
Primary Color	Beat
Secondary Color	Rush
Cover Image ID	7676115344
Audio Asset ID	rbxassetid://9061152514
Audio File	9061152514.ogg
Last Note Time	128.804
Total Notes	1658
Fever Fill	476
Fever Time	19.320600
Long Notes	230
BPM	140
Song Length	129.804000000

Timing Points
0.662	428.571429
91.519	428.571429
127.519	428.571429


Song Data
0.233	1	2	2
0.447	2	2	3
0.447	3	3	2
0.662	4	3	3
0.662	5	1	1
0.662	6	2	1
0.662	7	4	2
1.090	8	4	3
0.769	9	3	1
0.876	10	2	1
1.090	11	2	1
1.090	12	3	1
1.090	13	1	1
1.304	14	2	2
1.519	15	2	3
1.519	16	4	1
1.519	17	3	2
1.840	18	3	3
1.626	19	2	1
1.733	20	1	1
1.840	21	4	2
2.162	22	4	3
1.947	23	3	1
1.947	24	1	1
1.947	25	2	1
2.162	26	2	2
2.376	27	2	3
2.376	28	4	2
2.697	29	4	3
2.376	30	3	1
2.483	31	2	1
2.590	32	1	1
2.697	33	3	2
3.019	34	3	3
2.804	35	4	1
2.804	36	1	1
2.804	37	2	1
3.019	38	1	2
3.233	39	1	3
3.126	40	2	1
3.126	41	4	1
3.233	42	3	2
3.662	43	3	3
3.340	44	4	1
3.340	45	2	1
3.447	46	1	1
3.662	47	4	1
3.662	48	1	1
3.662	49	2	1
3.769	50	3	1
3.876	51	1	1
4.090	52	4	1
4.090	53	3	2
4.519	54	3	3
4.197	55	2	1
4.304	56	1	1
4.519	57	4	2
4.947	58	4	3
4.519	59	2	1
4.519	60	1	1
4.733	61	3	1
4.947	62	2	1
4.947	63	3	2
5.269	64	3	3
5.054	65	4	1
5.162	66	1	1
5.269	67	2	2
5.590	68	2	3
5.376	69	1	1
5.376	70	4	1
5.376	71	3	1
5.590	72	1	2
5.804	73	1	3
5.804	74	3	1
5.804	75	2	2
6.662	76	2	3
5.912	77	4	1
6.019	78	1	1
6.233	79	1	1
6.233	80	4	1
6.233	81	3	1
6.447	82	1	1
6.554	83	4	1
6.554	84	3	1
6.662	85	1	1
6.769	86	4	1
6.769	87	3	1
6.876	88	1	1
7.090	89	2	2
7.304	90	2	3
7.090	91	1	1
7.304	92	3	2
7.519	93	3	3
7.519	94	1	1
7.519	95	2	1
7.519	96	4	2
7.947	97	4	3
7.626	98	3	1
7.733	99	2	1
7.947	100	2	1
7.947	101	3	1
7.947	102	1	1
8.162	103	2	2
8.376	104	2	3
8.376	105	4	1
8.376	106	3	2
8.697	107	3	3
8.483	108	2	1
8.590	109	1	1
8.697	110	4	2
9.019	111	4	3
8.804	112	3	1
8.804	113	1	1
8.804	114	2	1
9.019	115	2	2
9.233	116	2	3
9.233	117	4	2
9.554	118	4	3
9.233	119	3	1
9.340	120	2	1
9.447	121	1	1
9.554	122	3	2
9.876	123	3	3
9.662	124	4	1
9.662	125	1	1
9.662	126	2	1
9.876	127	1	2
10.519	128	1	3
9.983	129	3	1
9.983	130	4	1
10.090	131	2	1
10.197	132	3	1
10.197	133	4	1
10.304	134	2	1
10.519	135	3	1
10.519	136	4	1
10.519	137	2	1
10.626	138	1	1
10.733	139	2	1
10.947	140	4	1
10.947	141	3	2
11.376	142	3	3
11.054	143	2	1
11.162	144	1	1
11.376	145	4	2
11.804	146	4	3
11.376	147	2	1
11.376	148	1	1
11.590	149	3	1
11.804	150	2	1
11.804	151	3	2
12.126	152	3	3
11.912	153	4	1
12.019	154	2	1
12.126	155	1	2
12.447	156	1	3
12.233	157	2	1
12.233	158	4	1
12.233	159	3	1
12.447	160	2	2
12.662	161	2	3
12.662	162	3	1
12.662	163	4	2
13.519	164	4	3
12.769	165	2	1
12.876	166	1	1
13.090	167	1	1
13.090	168	2	1
13.090	169	3	1
13.304	170	3	1
13.412	171	2	1
13.412	172	1	1
13.519	173	3	1
13.626	174	2	1
13.626	175	1	1
13.733	176	3	1
13.947	177	4	1
13.947	178	2	2
14.162	179	2	3
13.947	180	1	1
14.162	181	3	2
14.376	182	3	3
14.376	183	1	1
14.376	184	2	1
14.376	185	4	2
14.804	186	4	3
14.483	187	3	1
14.590	188	2	1
14.804	189	2	1
14.804	190	3	1
14.804	191	1	1
15.019	192	2	2
15.233	193	2	3
15.233	194	4	1
15.233	195	3	2
15.554	196	3	3
15.340	197	2	1
15.447	198	1	1
15.554	199	4	2
15.876	200	4	3
15.662	201	3	1
15.662	202	1	1
15.662	203	2	1
15.876	204	2	2
16.090	205	2	3
16.090	206	4	2
16.412	207	4	3
16.090	208	3	1
16.197	209	2	1
16.304	210	1	1
16.412	211	3	2
16.733	212	3	3
16.519	213	4	1
16.519	214	1	1
16.519	215	2	1
16.733	216	1	2
17.376	217	1	3
16.840	218	3	1
16.840	219	4	1
16.947	220	2	1
17.054	221	4	1
17.054	222	3	1
17.162	223	2	1
17.376	224	4	1
17.376	225	3	1
17.376	226	2	1
17.483	227	1	1
17.590	228	2	1
17.804	229	4	1
17.804	230	3	2
18.233	231	3	3
17.912	232	2	1
18.019	233	1	1
18.233	234	4	2
18.662	235	4	3
18.233	236	1	1
18.233	237	2	1
18.447	238	3	1
18.662	239	1	1
18.662	240	2	1
18.769	241	4	1
18.876	242	3	2
19.304	243	3	3
19.090	244	4	1
19.090	245	1	1
19.090	246	2	1
19.304	247	2	2
19.519	248	2	3
19.519	249	4	1
19.519	250	3	1
19.519	251	1	2
20.376	252	1	3
19.626	253	2	1
19.733	254	3	1
19.947	255	4	1
19.947	256	3	1
19.947	257	2	1
20.162	258	2	1
20.269	259	4	1
20.269	260	3	1
20.376	261	2	1
20.483	262	4	1
20.483	263	3	1
20.590	264	2	1
20.804	265	4	1
20.804	266	3	1
20.804	267	1	1
21.019	268	2	1
21.233	269	4	1
21.233	270	1	1
21.233	271	3	2
21.662	272	3	3
21.340	273	2	1
21.447	274	4	1
21.662	275	4	1
21.662	276	1	1
21.662	277	2	2
22.304	278	2	3
21.876	279	3	1
22.090	280	3	1
22.090	281	4	1
22.197	282	1	1
22.304	283	3	2
22.733	284	3	3
22.519	285	4	1
22.519	286	1	1
22.519	287	2	1
22.733	288	4	2
22.947	289	4	3
22.947	290	1	1
22.947	291	2	1
22.947	292	3	2
23.590	293	3	3
23.054	294	4	1
23.162	295	2	1
23.376	296	4	1
23.376	297	1	1
23.376	298	2	1
23.590	299	1	1
23.697	300	4	1
23.697	301	3	1
23.804	302	1	1
23.912	303	4	1
23.912	304	3	1
24.019	305	2	2
24.447	306	2	3
24.233	307	4	1
24.233	308	3	1
24.233	309	1	1
24.447	310	3	2
24.662	311	3	3
24.662	312	1	1
24.662	313	2	1
24.662	314	4	2
25.304	315	4	3
24.769	316	3	1
24.876	317	2	1
25.090	318	2	1
25.090	319	1	1
25.090	320	3	1
25.304	321	1	2
25.519	322	1	3
25.519	323	4	1
25.519	324	3	2
25.840	325	3	3
25.626	326	2	1
25.733	327	1	1
25.840	328	2	2
26.162	329	2	3
25.947	330	1	1
25.947	331	4	1
25.947	332	3	1
26.162	333	3	2
26.376	334	3	3
26.376	335	1	1
26.376	336	2	1
26.376	337	4	2
26.804	338	4	3
26.483	339	3	1
26.590	340	2	1
26.804	341	2	1
26.804	342	3	1
26.804	343	1	1
27.019	344	1	2
27.233	345	1	3
27.126	346	2	1
27.126	347	4	1
27.233	348	3	2
27.554	349	3	3
27.340	350	4	1
27.340	351	2	1
27.447	352	1	1
27.554	353	2	2
27.876	354	2	3
27.662	355	1	1
27.662	356	4	1
27.662	357	3	1
27.876	358	3	2
28.090	359	3	3
28.090	360	1	1
28.090	361	2	1
28.090	362	4	2
30.662	363	4	3
28.197	364	3	1
28.304	365	2	1
28.412	366	1	1
28.519	367	2	1
28.519	368	3	1
28.626	369	1	1
28.733	370	3	1
28.840	371	2	1
28.947	372	3	1
28.947	373	1	1
29.054	374	2	1
29.162	375	1	1
29.269	376	3	1
29.376	377	1	1
29.376	378	2	1
29.483	379	3	1
29.590	380	2	1
29.697	381	1	1
29.804	382	3	1
29.804	383	2	1
29.912	384	1	1
30.019	385	3	1
30.126	386	2	1
30.233	387	3	1
30.233	388	1	1
30.340	389	2	1
30.447	390	1	1
30.554	391	3	1
30.554	392	2	1
30.662	393	1	1
30.769	394	3	1
30.769	395	2	1
30.876	396	1	1
30.983	397	2	1
31.090	398	1	1
31.090	399	4	1
31.090	400	3	1
31.197	401	2	1
31.304	402	3	1
31.412	403	4	1
31.519	404	1	1
31.519	405	2	1
31.519	406	3	2
33.233	407	3	3
31.626	408	4	1
31.733	409	2	1
31.840	410	1	1
31.947	411	4	1
31.947	412	2	1
32.054	413	1	1
32.162	414	4	1
32.269	415	2	1
32.376	416	4	1
32.376	417	1	1
32.483	418	2	1
32.590	419	1	1
32.697	420	4	1
32.804	421	1	1
32.804	422	2	1
32.912	423	4	1
33.019	424	2	1
33.126	425	1	1
33.233	426	4	1
33.233	427	2	1
33.340	428	3	1
33.447	429	2	1
33.554	430	1	1
33.662	431	4	1
33.662	432	3	1
33.662	433	2	1
33.769	434	1	1
33.876	435	3	1
33.983	436	1	1
33.983	437	2	1
34.090	438	4	2
34.519	439	4	3
34.197	440	1	1
34.197	441	2	1
34.304	442	3	1
34.412	443	2	1
34.519	444	1	1
34.519	445	3	2
34.733	446	3	3
34.733	447	2	2
34.947	448	2	3
34.947	449	4	1
34.947	450	3	1
34.947	451	1	2
36.233	452	1	3
35.054	453	2	1
35.162	454	3	1
35.269	455	4	1
35.376	456	2	1
35.376	457	3	1
35.483	458	4	1
35.590	459	3	1
35.697	460	2	1
35.804	461	4	1
35.804	462	3	1
35.912	463	2	1
36.019	464	3	1
36.126	465	4	1
36.233	466	2	1
36.233	467	3	1
36.340	468	4	1
36.447	469	3	1
36.554	470	2	1
36.662	471	4	2
37.947	472	4	3
36.662	473	1	1
36.769	474	3	1
36.876	475	2	1
36.983	476	1	1
37.090	477	3	1
37.090	478	2	1
37.197	479	1	1
37.304	480	3	1
37.412	481	1	1
37.412	482	2	1
37.519	483	3	1
37.626	484	1	1
37.626	485	2	1
37.733	486	3	1
37.840	487	2	1
37.947	488	3	1
37.947	489	1	1
38.054	490	2	1
38.162	491	1	1
38.269	492	3	1
38.376	493	1	1
38.376	494	2	1
38.376	495	4	2
40.090	496	4	3
38.483	497	3	1
38.590	498	2	1
38.697	499	1	1
38.804	500	3	1
38.804	501	2	1
38.912	502	1	1
39.019	503	2	1
39.126	504	3	1
39.233	505	1	1
39.233	506	2	1
39.340	507	3	1
39.447	508	2	1
39.554	509	1	1
39.662	510	3	1
39.662	511	2	1
39.769	512	1	1
39.876	513	2	1
39.983	514	3	1
40.090	515	2	1
40.090	516	1	2
41.804	517	1	3
40.197	518	4	1
40.304	519	3	1
40.412	520	2	1
40.519	521	4	1
40.519	522	3	1
40.626	523	2	1
40.733	524	4	1
40.840	525	3	1
40.840	526	2	1
40.947	527	4	1
41.054	528	3	1
41.054	529	2	1
41.162	530	4	1
41.269	531	2	1
41.376	532	4	1
41.376	533	3	1
41.483	534	2	1
41.590	535	3	1
41.697	536	4	1
41.804	537	2	1
41.804	538	3	2
43.519	539	3	3
41.912	540	4	1
42.019	541	2	1
42.126	542	1	1
42.233	543	4	1
42.233	544	2	1
42.340	545	1	1
42.447	546	2	1
42.554	547	4	1
42.662	548	2	1
42.662	549	1	1
42.769	550	4	1
42.876	551	2	1
42.983	552	1	1
43.090	553	4	1
43.090	554	2	1
43.197	555	1	1
43.304	556	2	1
43.412	557	4	1
43.519	558	1	1
43.519	559	2	2
44.162	560	2	3
43.626	561	4	1
43.733	562	3	1
43.840	563	1	1
43.947	564	4	1
43.947	565	3	1
44.054	566	1	1
44.162	567	3	1
44.269	568	4	1
44.269	569	2	1
44.376	570	1	2
45.126	571	1	3
44.483	572	2	1
44.483	573	4	1
44.590	574	3	1
44.697	575	4	1
44.804	576	3	1
44.804	577	2	1
44.912	578	4	1
45.019	579	3	1
45.126	580	2	1
45.233	581	4	2
46.947	582	4	3
45.233	583	3	1
45.233	584	1	1
45.340	585	2	1
45.447	586	1	1
45.554	587	3	1
45.662	588	1	1
45.662	589	2	1
45.769	590	3	1
45.876	591	2	1
45.983	592	1	1
46.090	593	3	1
46.090	594	2	1
46.197	595	1	1
46.304	596	2	1
46.412	597	3	1
46.519	598	1	1
46.519	599	2	1
46.626	600	3	1
46.733	601	1	1
46.840	602	2	1
46.947	603	3	1
46.947	604	1	2
48.662	605	1	3
47.054	606	4	1
47.162	607	3	1
47.269	608	2	1
47.376	609	4	1
47.376	610	3	1
47.483	611	2	1
47.590	612	4	1
47.697	613	2	1
47.697	614	3	1
47.804	615	4	1
47.912	616	2	1
47.912	617	3	1
48.019	618	4	1
48.126	619	2	1
48.233	620	4	1
48.233	621	3	1
48.340	622	2	1
48.447	623	3	1
48.554	624	4	1
48.662	625	3	2
50.376	626	3	3
48.662	627	2	1
48.769	628	4	1
48.876	629	2	1
48.983	630	1	1
49.090	631	4	1
49.090	632	2	1
49.197	633	1	1
49.304	634	2	1
49.412	635	4	1
49.519	636	1	1
49.519	637	2	1
49.626	638	4	1
49.733	639	2	1
49.840	640	1	1
49.947	641	4	1
49.947	642	2	1
50.054	643	1	1
50.162	644	4	1
50.269	645	2	1
50.376	646	1	1
50.376	647	4	2
51.662	648	4	3
50.483	649	3	1
50.590	650	2	1
50.697	651	1	1
50.804	652	3	1
50.804	653	2	1
50.912	654	1	1
51.019	655	3	1
51.126	656	1	1
51.126	657	2	1
51.233	658	3	1
51.340	659	1	1
51.340	660	2	1
51.447	661	3	1
51.554	662	2	1
51.662	663	3	1
51.662	664	1	1
51.769	665	4	1
51.876	666	2	1
51.983	667	1	1
52.090	668	3	1
52.090	669	4	1
52.090	670	2	2
53.804	671	2	3
52.197	672	1	1
52.304	673	4	1
52.412	674	1	1
52.519	675	4	1
52.519	676	3	1
52.626	677	1	1
52.733	678	3	1
52.840	679	4	1
52.947	680	1	1
52.947	681	3	1
53.054	682	4	1
53.162	683	3	1
53.269	684	1	1
53.376	685	4	1
53.376	686	3	1
53.483	687	1	1
53.590	688	3	1
53.697	689	4	1
53.804	690	3	1
53.804	691	1	2
55.412	692	1	3
53.912	693	4	1
54.019	694	3	1
54.126	695	2	1
54.233	696	4	1
54.233	697	3	1
54.340	698	2	1
54.447	699	4	1
54.554	700	2	1
54.554	701	3	1
54.662	702	4	1
54.769	703	2	1
54.769	704	3	1
54.876	705	4	1
54.983	706	2	1
55.090	707	4	1
55.090	708	3	1
55.197	709	2	1
55.304	710	4	1
55.412	711	3	1
55.519	712	4	1
55.519	713	1	1
55.519	714	2	2
57.126	715	2	3
55.626	716	3	1
55.733	717	1	1
55.840	718	4	1
55.947	719	1	1
55.947	720	3	1
56.054	721	4	1
56.162	722	1	1
56.269	723	3	1
56.376	724	4	1
56.376	725	1	1
56.483	726	3	1
56.590	727	1	1
56.697	728	4	1
56.804	729	1	1
56.804	730	3	1
56.912	731	4	1
57.019	732	1	1
57.126	733	4	1
57.233	734	3	2
58.840	735	3	3
57.233	736	1	1
57.233	737	2	1
57.340	738	4	1
57.447	739	2	1
57.554	740	1	1
57.662	741	4	1
57.662	742	2	1
57.769	743	1	1
57.876	744	4	1
57.983	745	1	1
57.983	746	2	1
58.090	747	4	1
58.197	748	1	1
58.197	749	2	1
58.304	750	4	1
58.412	751	1	1
58.519	752	4	1
58.519	753	2	1
58.626	754	1	1
58.733	755	4	1
58.840	756	2	1
58.947	757	1	1
58.947	758	3	1
58.947	759	4	2
61.519	760	4	3
59.054	761	2	1
59.162	762	3	1
59.269	763	1	1
59.376	764	3	1
59.376	765	2	1
59.483	766	1	1
59.590	767	2	1
59.697	768	3	1
59.804	769	1	1
59.804	770	2	1
59.912	771	3	1
60.019	772	2	1
60.126	773	1	1
60.233	774	3	1
60.233	775	2	1
60.340	776	1	1
60.447	777	2	1
60.554	778	3	1
60.662	779	1	2
61.519	780	1	3
60.662	781	2	1
60.769	782	3	1
60.876	783	2	1
61.090	784	2	1
61.090	785	3	1
61.304	786	3	1
61.412	787	2	1
61.519	788	3	1
61.519	789	2	1
61.733	790	4	1
61.733	791	3	1
61.733	792	2	1
62.054	793	4	1
62.054	794	1	1
62.054	795	2	1
62.376	796	4	1
62.376	797	2	1
62.376	798	1	1
62.483	799	3	1
62.590	800	1	2
62.804	801	1	3
62.804	802	2	2
63.019	803	2	3
62.804	804	4	1
62.804	805	3	1
63.019	806	3	2
63.233	807	3	3
63.233	808	1	1
63.233	809	4	2
63.554	810	4	3
63.340	811	3	1
63.447	812	2	1
63.554	813	3	2
63.876	814	3	3
63.662	815	4	1
63.662	816	1	1
63.662	817	2	1
63.876	818	2	2
64.090	819	2	3
64.090	820	4	1
64.090	821	3	1
64.197	822	2	1
64.304	823	1	2
64.519	824	1	3
64.519	825	4	1
64.519	826	3	1
64.519	827	2	2
64.733	828	2	3
64.733	829	3	2
64.947	830	3	3
64.840	831	2	1
64.840	832	1	1
64.947	833	4	2
65.162	834	4	3
65.054	835	3	1
65.054	836	1	1
65.162	837	2	1
65.269	838	3	2
65.590	839	3	3
65.376	840	4	1
65.376	841	1	1
65.376	842	2	1
65.590	843	2	2
65.804	844	2	3
65.804	845	4	1
65.804	846	3	1
65.912	847	2	1
66.019	848	1	2
66.233	849	1	3
66.233	850	2	2
66.447	851	2	3
66.233	852	4	1
66.233	853	3	1
66.447	854	3	2
66.662	855	3	3
66.662	856	4	2
66.983	857	4	3
66.662	858	1	1
66.769	859	3	1
66.876	860	2	1
66.983	861	3	2
67.304	862	3	3
67.090	863	4	1
67.090	864	1	1
67.090	865	2	1
67.304	866	2	2
67.519	867	2	3
67.519	868	4	1
67.519	869	3	2
67.840	870	3	3
67.626	871	1	1
67.733	872	2	1
67.840	873	1	2
68.162	874	1	3
67.947	875	4	1
67.947	876	3	1
67.947	877	2	1
68.162	878	3	2
68.376	879	3	3
68.269	880	1	1
68.269	881	2	1
68.376	882	4	2
68.804	883	4	3
68.483	884	1	1
68.483	885	2	1
68.590	886	3	1
68.804	887	1	1
68.804	888	2	1
68.804	889	3	1
69.019	890	4	1
69.233	891	4	1
69.233	892	2	1
69.233	893	1	1
69.340	894	3	1
69.447	895	1	2
69.662	896	1	3
69.662	897	2	2
69.876	898	2	3
69.662	899	4	1
69.662	900	3	1
69.876	901	3	2
70.090	902	3	3
70.090	903	1	1
70.090	904	4	2
70.412	905	4	3
70.197	906	3	1
70.304	907	2	1
70.412	908	3	2
70.733	909	3	3
70.519	910	4	1
70.519	911	1	1
70.519	912	2	1
70.733	913	2	2
70.947	914	2	3
70.947	915	4	1
70.947	916	3	1
71.054	917	2	1
71.162	918	1	2
71.376	919	1	3
71.376	920	4	1
71.376	921	3	1
71.376	922	2	2
71.590	923	2	3
71.590	924	3	2
71.804	925	3	3
71.697	926	2	1
71.697	927	1	1
71.804	928	4	2
72.019	929	4	3
71.912	930	3	1
71.912	931	1	1
72.019	932	2	1
72.126	933	3	2
72.447	934	3	3
72.233	935	4	1
72.233	936	1	1
72.233	937	2	1
72.447	938	2	2
72.662	939	2	3
72.662	940	4	1
72.662	941	3	1
72.769	942	2	1
72.876	943	1	2
73.090	944	1	3
73.090	945	3	1
73.090	946	4	1
73.090	947	2	2
73.304	948	2	3
73.304	949	3	2
73.519	950	3	3
73.519	951	1	1
73.519	952	4	2
73.840	953	4	3
73.626	954	3	1
73.733	955	2	1
73.840	956	3	2
74.162	957	3	3
73.947	958	2	1
73.947	959	1	1
73.947	960	4	1
74.162	961	2	2
74.376	962	2	3
74.376	963	4	1
74.376	964	3	2
74.697	965	3	3
74.483	966	2	1
74.590	967	1	1
74.697	968	2	2
75.019	969	2	3
74.804	970	1	1
74.804	971	4	1
74.804	972	3	1
75.019	973	3	2
75.233	974	3	3
75.126	975	1	1
75.126	976	2	1
75.233	977	4	2
75.662	978	4	3
75.340	979	1	1
75.340	980	2	1
75.447	981	3	1
75.662	982	1	1
75.662	983	2	1
75.662	984	3	1
75.876	985	4	1
76.090	986	1	1
76.090	987	2	1
76.090	988	4	2
76.519	989	4	3
76.197	990	3	1
76.304	991	2	1
76.519	992	1	1
76.519	993	2	1
76.519	994	3	2
76.947	995	3	3
76.733	996	2	1
76.947	997	1	1
76.947	998	4	2
77.269	999	4	3
77.054	1000	3	1
77.162	1001	2	1
77.269	1002	1	2
77.590	1003	1	3
77.376	1004	4	1
77.376	1005	2	1
77.376	1006	3	1
77.590	1007	2	2
77.804	1008	2	3
77.804	1009	3	1
77.804	1010	4	2
78.126	1011	4	3
77.912	1012	2	1
78.019	1013	1	1
78.126	1014	3	2
78.447	1015	3	3
78.233	1016	4	1
78.233	1017	1	1
78.233	1018	2	1
78.447	1019	2	2
78.662	1020	2	3
78.554	1021	4	1
78.554	1022	1	1
78.662	1023	3	2
78.876	1024	3	3
78.769	1025	1	1
78.769	1026	4	1
78.876	1027	2	1
79.090	1028	4	1
79.090	1029	3	1
79.090	1030	1	1
79.304	1031	2	2
79.519	1032	2	3
79.519	1033	4	1
79.519	1034	3	2
79.947	1035	3	3
79.626	1036	2	1
79.733	1037	1	1
79.947	1038	4	1
79.947	1039	2	1
79.947	1040	1	1
80.162	1041	3	1
80.376	1042	3	1
80.376	1043	4	2
80.697	1044	4	3
80.483	1045	2	1
80.590	1046	1	1
80.697	1047	3	2
81.019	1048	3	3
80.804	1049	4	1
80.804	1050	1	1
80.804	1051	2	1
81.019	1052	2	2
81.233	1053	2	3
81.233	1054	4	1
81.233	1055	1	1
81.233	1056	3	2
81.876	1057	3	3
81.447	1058	2	1
81.662	1059	4	1
81.662	1060	1	1
81.662	1061	2	1
81.876	1062	1	1
81.983	1063	4	1
82.090	1064	3	1
82.090	1065	1	1
82.090	1066	2	1
82.197	1067	4	1
82.304	1068	2	1
82.519	1069	4	1
82.519	1070	3	1
82.519	1071	1	1
82.733	1072	2	1
82.840	1073	3	1
82.947	1074	4	2
83.376	1075	4	3
82.947	1076	1	1
82.947	1077	2	1
83.054	1078	3	1
83.162	1079	2	1
83.376	1080	1	1
83.376	1081	2	1
83.376	1082	3	1
83.590	1083	3	2
83.804	1084	3	3
83.804	1085	2	1
83.804	1086	4	2
84.126	1087	4	3
83.912	1088	1	1
84.019	1089	2	1
84.126	1090	3	2
84.447	1091	3	3
84.233	1092	4	1
84.233	1093	1	1
84.233	1094	2	1
84.447	1095	2	2
84.662	1096	2	3
84.662	1097	3	1
84.662	1098	4	2
85.519	1099	4	3
84.769	1100	2	1
84.876	1101	1	1
85.090	1102	3	1
85.090	1103	2	1
85.090	1104	1	1
85.304	1105	3	1
85.412	1106	1	1
85.412	1107	2	1
85.519	1108	3	1
85.626	1109	1	1
85.626	1110	2	1
85.733	1111	3	1
85.947	1112	4	1
85.947	1113	1	1
85.947	1114	2	1
86.162	1115	2	1
86.269	1116	3	1
86.376	1117	1	1
86.376	1118	4	2
86.590	1119	4	3
86.483	1120	3	1
86.590	1121	2	2
86.804	1122	2	3
86.804	1123	3	1
86.804	1124	1	1
86.804	1125	4	2
87.019	1126	4	3
87.019	1127	2	1
87.233	1128	4	1
87.233	1129	3	2
87.554	1130	3	3
87.340	1131	2	1
87.447	1132	1	1
87.554	1133	2	2
87.876	1134	2	3
87.662	1135	1	1
87.662	1136	4	1
87.662	1137	3	1
87.876	1138	4	2
88.090	1139	4	3
88.090	1140	1	2
89.804	1141	1	3
88.090	1142	2	1
88.090	1143	3	1
88.304	1144	2	1
88.519	1145	2	1
88.519	1146	4	1
88.519	1147	3	1
88.733	1148	4	1
88.840	1149	2	1
88.840	1150	3	1
88.947	1151	4	1
89.054	1152	2	1
89.054	1153	3	1
89.162	1154	4	1
89.376	1155	2	1
89.376	1156	4	1
89.376	1157	3	1
89.590	1158	2	1
89.804	1159	3	1
89.804	1160	2	1
89.912	1161	4	1
90.233	1162	3	1
90.233	1163	1	1
90.233	1164	2	1
90.662	1165	2	1
90.662	1166	3	1
90.769	1167	1	1
90.769	1168	4	1
90.876	1169	2	1
90.876	1170	3	1
90.983	1171	1	1
90.983	1172	4	1
91.090	1173	2	2
91.304	1174	2	3
91.197	1175	1	1
91.304	1176	3	2
91.519	1177	3	3
91.412	1178	2	1
91.519	1179	1	1
91.519	1180	2	1
91.519	1181	4	2
91.947	1182	4	3
91.626	1183	3	1
91.733	1184	2	1
91.947	1185	2	1
91.947	1186	3	1
91.947	1187	1	1
92.162	1188	2	2
92.376	1189	2	3
92.376	1190	4	1
92.376	1191	3	2
92.697	1192	3	3
92.483	1193	2	1
92.590	1194	1	1
92.697	1195	4	2
93.019	1196	4	3
92.804	1197	3	1
92.804	1198	1	1
92.804	1199	2	1
93.019	1200	2	2
93.233	1201	2	3
93.233	1202	4	2
93.554	1203	4	3
93.233	1204	3	1
93.340	1205	2	1
93.447	1206	1	1
93.554	1207	3	2
93.876	1208	3	3
93.662	1209	4	1
93.662	1210	1	1
93.662	1211	2	1
93.876	1212	1	2
94.090	1213	1	3
93.983	1214	2	1
93.983	1215	4	1
94.090	1216	3	2
94.519	1217	3	3
94.197	1218	4	1
94.197	1219	2	1
94.304	1220	1	1
94.519	1221	4	1
94.519	1222	1	1
94.519	1223	2	1
94.626	1224	3	1
94.733	1225	1	1
94.947	1226	4	1
94.947	1227	3	2
95.376	1228	3	3
95.054	1229	2	1
95.162	1230	1	1
95.376	1231	4	2
95.804	1232	4	3
95.376	1233	2	1
95.376	1234	1	1
95.590	1235	3	1
95.804	1236	2	1
95.804	1237	3	2
96.126	1238	3	3
95.912	1239	4	1
96.019	1240	1	1
96.126	1241	2	2
96.447	1242	2	3
96.233	1243	1	1
96.233	1244	4	1
96.233	1245	3	1
96.447	1246	1	2
96.662	1247	1	3
96.662	1248	3	1
96.662	1249	2	2
97.519	1250	2	3
96.769	1251	4	1
96.876	1252	1	1
97.090	1253	1	1
97.090	1254	4	1
97.090	1255	3	1
97.304	1256	1	1
97.412	1257	4	1
97.412	1258	3	1
97.519	1259	1	1
97.626	1260	4	1
97.626	1261	3	1
97.733	1262	1	1
97.947	1263	4	1
97.947	1264	2	2
98.162	1265	2	3
97.947	1266	1	1
98.162	1267	3	2
98.376	1268	3	3
98.376	1269	1	1
98.376	1270	2	1
98.376	1271	4	2
98.804	1272	4	3
98.483	1273	3	1
98.590	1274	2	1
98.804	1275	2	1
98.804	1276	3	1
98.804	1277	1	1
99.019	1278	2	2
99.233	1279	2	3
99.233	1280	4	1
99.233	1281	3	2
99.554	1282	3	3
99.340	1283	2	1
99.447	1284	1	1
99.554	1285	4	2
99.876	1286	4	3
99.662	1287	3	1
99.662	1288	1	1
99.662	1289	2	1
99.876	1290	2	2
100.090	1291	2	3
100.090	1292	4	2
100.412	1293	4	3
100.090	1294	3	1
100.197	1295	2	1
100.304	1296	1	1
100.412	1297	3	2
100.733	1298	3	3
100.519	1299	4	1
100.519	1300	1	1
100.519	1301	2	1
100.733	1302	1	2
101.376	1303	1	3
100.840	1304	3	1
100.840	1305	4	1
100.947	1306	2	1
101.054	1307	3	1
101.054	1308	4	1
101.162	1309	2	1
101.376	1310	3	1
101.376	1311	4	1
101.376	1312	2	1
101.483	1313	1	1
101.590	1314	2	1
101.804	1315	4	1
101.804	1316	3	2
102.233	1317	3	3
101.912	1318	2	1
102.019	1319	1	1
102.233	1320	4	2
102.662	1321	4	3
102.233	1322	2	1
102.233	1323	1	1
102.447	1324	3	1
102.662	1325	2	1
102.662	1326	3	2
102.983	1327	3	3
102.769	1328	4	1
102.876	1329	2	1
102.983	1330	1	2
103.304	1331	1	3
103.090	1332	2	1
103.090	1333	4	1
103.090	1334	3	1
103.304	1335	2	2
103.519	1336	2	3
103.519	1337	3	1
103.519	1338	4	2
104.269	1339	4	3
103.626	1340	2	1
103.733	1341	1	1
103.947	1342	1	1
103.947	1343	2	1
103.947	1344	3	1
104.162	1345	3	1
104.269	1346	2	1
104.269	1347	1	1
104.376	1348	4	1
104.376	1349	3	1
104.483	1350	2	1
104.483	1351	1	1
104.590	1352	3	1
104.804	1353	4	1
104.804	1354	2	2
105.019	1355	2	3
104.804	1356	1	1
105.019	1357	3	2
105.233	1358	3	3
105.233	1359	1	1
105.233	1360	2	1
105.233	1361	4	2
105.662	1362	4	3
105.340	1363	3	1
105.447	1364	2	1
105.662	1365	2	1
105.662	1366	3	1
105.662	1367	1	1
105.876	1368	2	2
106.090	1369	2	3
106.090	1370	4	1
106.090	1371	3	2
106.412	1372	3	3
106.197	1373	2	1
106.304	1374	1	1
106.412	1375	4	2
106.733	1376	4	3
106.519	1377	3	1
106.519	1378	1	1
106.519	1379	2	1
106.733	1380	2	2
106.947	1381	2	3
106.947	1382	4	2
107.269	1383	4	3
106.947	1384	3	1
107.054	1385	2	1
107.162	1386	1	1
107.269	1387	3	2
107.590	1388	3	3
107.376	1389	4	1
107.376	1390	1	1
107.376	1391	2	1
107.590	1392	1	2
108.233	1393	1	3
107.697	1394	3	1
107.697	1395	4	1
107.804	1396	2	1
107.912	1397	4	1
107.912	1398	3	1
108.019	1399	2	1
108.233	1400	4	1
108.233	1401	3	1
108.233	1402	2	1
108.340	1403	1	1
108.447	1404	2	1
108.662	1405	4	1
108.662	1406	3	2
109.090	1407	3	3
108.769	1408	2	1
108.876	1409	1	1
109.090	1410	4	2
109.519	1411	4	3
109.090	1412	1	1
109.090	1413	2	1
109.304	1414	3	1
109.519	1415	1	1
109.519	1416	2	1
109.626	1417	4	1
109.733	1418	3	2
110.162	1419	3	3
109.947	1420	4	1
109.947	1421	1	1
109.947	1422	2	1
110.162	1423	2	2
110.376	1424	2	3
110.376	1425	4	1
110.376	1426	3	1
110.376	1427	1	2
111.233	1428	1	3
110.483	1429	2	1
110.590	1430	3	1
110.804	1431	4	1
110.804	1432	3	1
110.804	1433	2	1
111.019	1434	2	1
111.126	1435	4	1
111.126	1436	3	1
111.233	1437	2	1
111.340	1438	4	1
111.340	1439	3	1
111.447	1440	2	1
111.662	1441	4	1
111.662	1442	3	1
111.662	1443	1	1
111.876	1444	2	1
112.090	1445	4	1
112.090	1446	1	1
112.090	1447	3	2
112.519	1448	3	3
112.197	1449	2	1
112.304	1450	4	1
112.519	1451	4	1
112.519	1452	1	1
112.519	1453	2	2
113.162	1454	2	3
112.733	1455	3	1
112.947	1456	3	1
112.947	1457	4	1
113.054	1458	1	1
113.162	1459	3	2
113.590	1460	3	3
113.376	1461	4	1
113.376	1462	1	1
113.376	1463	2	1
113.590	1464	4	2
113.804	1465	4	3
113.804	1466	1	1
113.804	1467	3	2
114.447	1468	3	3
113.912	1469	2	1
114.019	1470	4	1
114.233	1471	4	1
114.233	1472	1	1
114.233	1473	2	1
114.447	1474	1	1
114.554	1475	4	1
114.554	1476	3	1
114.662	1477	1	1
114.769	1478	4	1
114.769	1479	3	1
114.876	1480	2	2
115.304	1481	2	3
115.090	1482	4	1
115.090	1483	3	1
115.090	1484	1	1
115.304	1485	3	2
115.519	1486	3	3
115.519	1487	1	1
115.519	1488	4	2
116.162	1489	4	3
115.626	1490	2	1
115.733	1491	3	1
115.947	1492	2	1
115.947	1493	1	1
115.947	1494	3	1
116.162	1495	1	2
116.376	1496	1	3
116.376	1497	4	1
116.376	1498	3	2
116.697	1499	3	3
116.483	1500	2	1
116.590	1501	1	1
116.697	1502	2	2
117.019	1503	2	3
116.804	1504	1	1
116.804	1505	4	1
116.804	1506	3	1
117.019	1507	3	2
117.233	1508	3	3
117.233	1509	1	1
117.233	1510	4	2
117.662	1511	4	3
117.340	1512	2	1
117.447	1513	3	1
117.662	1514	2	1
117.662	1515	3	1
117.662	1516	1	1
117.876	1517	1	2
118.090	1518	1	3
117.983	1519	2	1
117.983	1520	4	1
118.090	1521	3	2
118.412	1522	3	3
118.197	1523	4	1
118.197	1524	2	1
118.304	1525	1	1
118.412	1526	2	2
118.733	1527	2	3
118.519	1528	1	1
118.519	1529	4	1
118.519	1530	3	1
118.733	1531	3	2
118.947	1532	3	3
118.947	1533	1	1
118.947	1534	2	1
118.947	1535	4	2
121.519	1536	4	3
119.054	1537	3	1
119.162	1538	2	1
119.269	1539	1	1
119.376	1540	2	1
119.376	1541	3	1
119.483	1542	1	1
119.590	1543	3	1
119.697	1544	2	1
119.804	1545	3	1
119.804	1546	1	1
119.912	1547	2	1
120.019	1548	1	1
120.126	1549	3	1
120.233	1550	1	1
120.233	1551	2	1
120.340	1552	3	1
120.447	1553	2	1
120.554	1554	1	1
120.662	1555	3	1
120.662	1556	2	1
120.769	1557	1	1
120.876	1558	3	1
120.983	1559	2	1
121.090	1560	3	1
121.090	1561	1	1
121.197	1562	2	1
121.304	1563	1	1
121.412	1564	3	1
121.412	1565	2	1
121.519	1566	1	1
121.626	1567	3	1
121.626	1568	2	1
121.733	1569	1	1
121.840	1570	2	1
121.947	1571	1	1
121.947	1572	4	1
121.947	1573	3	1
122.054	1574	2	1
122.162	1575	3	1
122.269	1576	4	1
122.376	1577	1	1
122.376	1578	2	1
122.376	1579	3	2
124.090	1580	3	3
122.483	1581	4	1
122.590	1582	2	1
122.697	1583	1	1
122.804	1584	4	1
122.804	1585	2	1
122.912	1586	1	1
123.019	1587	4	1
123.126	1588	2	1
123.233	1589	4	1
123.233	1590	1	1
123.340	1591	2	1
123.447	1592	1	1
123.554	1593	4	1
123.662	1594	1	1
123.662	1595	2	1
123.769	1596	4	1
123.876	1597	2	1
123.983	1598	1	1
124.090	1599	4	1
124.090	1600	2	1
124.197	1601	3	1
124.304	1602	2	1
124.412	1603	1	1
124.519	1604	4	1
124.519	1605	3	1
124.519	1606	2	1
124.626	1607	1	1
124.733	1608	3	1
124.840	1609	1	1
124.840	1610	2	1
124.947	1611	4	2
125.269	1612	4	3
125.054	1613	3	1
125.054	1614	2	1
125.162	1615	1	1
125.269	1616	3	2
125.590	1617	3	3
125.376	1618	4	1
125.376	1619	2	1
125.376	1620	1	1
125.590	1621	2	2
125.804	1622	2	3
125.804	1623	4	1
125.804	1624	3	1
125.804	1625	1	2
127.090	1626	1	3
125.912	1627	2	1
126.019	1628	3	1
126.126	1629	4	1
126.233	1630	2	1
126.233	1631	3	1
126.340	1632	4	1
126.447	1633	2	1
126.554	1634	4	1
126.554	1635	3	1
126.662	1636	2	1
126.769	1637	4	1
126.769	1638	3	1
126.876	1639	2	1
126.983	1640	4	1
127.090	1641	2	1
127.090	1642	3	1
127.197	1643	4	1
127.304	1644	3	1
127.412	1645	2	1
127.519	1646	1	1
127.733	1647	1	1
127.947	1648	4	1
127.947	1649	3	1
128.162	1650	1	1
128.269	1651	4	1
128.269	1652	3	1
128.376	1653	1	1
128.483	1654	4	1
128.483	1655	3	1
128.590	1656	1	1
128.804	1657	4	1
128.804	1658	3	1