Song Name	Guardian Of The Flower Offering by Chroma
Difficulty	12
Primary Color	Vibe
Secondary Color	Beat
Last Note Time	115.670
Total Notes	411
Fever Fill	106
Fever Time	17.350500
Long Notes	95
BPM	150
Song Length	117.437165533

Timing Points
2.070	400.0000


Song Data
2.070	1	1	2
2.870	2	3	2
2.870	3	1	3
3.670	4	1	1
3.670	5	4	2
3.670	6	3	3
4.470	7	2	1
5.270	8	2	1
6.070	9	1	1
6.337	10	1	1
6.870	11	1	1
6.870	12	4	3
7.137	13	3	1
7.403	14	4	1
7.670	15	2	1
7.937	16	1	1
8.203	17	4	1
8.470	18	2	1
8.737	19	1	1
9.003	20	3	1
9.270	21	2	2
9.670	22	3	2
9.670	23	2	3
10.070	24	1	2
10.070	25	3	3
10.870	26	3	1
11.670	27	3	2
11.670	28	1	3
12.470	29	4	2
12.470	30	3	3
13.270	31	1	2
13.270	32	4	3
14.070	33	3	1
14.603	34	4	1
14.603	35	1	3
14.737	36	3	1
14.870	37	2	2
15.270	38	1	1
15.670	39	3	2
15.670	40	2	3
16.470	41	1	1
16.470	42	3	3
16.603	43	2	1
16.737	44	3	1
16.870	45	4	2
17.270	46	1	1
18.070	47	2	1
18.870	48	1	1
19.137	49	1	1
19.670	50	1	1
19.670	51	4	3
19.937	52	3	1
20.203	53	4	1
20.470	54	2	1
20.737	55	1	1
21.003	56	4	1
21.270	57	3	1
21.537	58	2	1
21.803	59	3	1
22.070	60	1	1
22.070	61	4	1
22.337	62	1	1
22.337	63	2	1
22.470	64	4	1
22.737	65	3	1
22.870	66	1	1
23.137	67	2	1
23.403	68	4	1
23.670	69	3	1
23.937	70	1	1
24.203	71	4	1
24.470	72	2	1
24.737	73	3	1
25.003	74	1	1
25.270	75	2	1
25.270	76	4	1
25.537	77	2	1
25.537	78	4	1
25.803	79	1	1
26.070	80	4	1
26.203	81	3	1
26.337	82	2	1
26.603	83	3	1
26.603	84	4	1
26.870	85	1	1
27.003	86	2	1
27.137	87	3	1
27.403	88	1	1
27.403	89	2	1
27.670	90	4	1
27.937	91	3	1
28.203	92	2	1
28.470	93	1	1
28.870	94	3	1
29.270	95	1	2
29.270	96	4	1
29.937	97	2	1
29.937	98	1	3
30.070	99	3	2
30.470	100	1	2
30.470	101	3	3
30.737	102	2	1
30.737	103	1	3
30.870	104	4	2
31.137	105	3	1
31.137	106	4	3
31.270	107	2	2
31.537	108	1	1
31.537	109	2	3
31.670	110	3	2
32.070	111	4	2
32.070	112	3	3
32.470	113	1	2
32.470	114	4	3
32.737	115	3	1
32.737	116	1	3
32.870	117	2	2
33.270	118	4	2
33.270	119	2	3
33.537	120	2	1
33.537	121	4	3
33.670	122	3	2
34.070	123	1	2
34.070	124	3	3
34.337	125	2	1
34.337	126	1	3
34.470	127	4	2
34.737	128	2	1
34.737	129	4	3
34.870	130	3	2
35.670	131	1	2
35.670	132	3	3
36.337	133	2	1
36.337	134	1	3
36.470	135	3	2
36.870	136	1	2
36.870	137	3	3
37.137	138	2	1
37.137	139	1	3
37.270	140	4	2
37.537	141	3	1
37.537	142	4	3
37.670	143	2	2
37.937	144	1	1
37.937	145	2	3
38.070	146	3	2
38.470	147	4	2
38.470	148	3	3
38.870	149	1	2
38.870	150	4	3
39.137	151	3	1
39.137	152	1	3
39.270	153	2	2
39.670	154	4	2
39.670	155	2	3
39.937	156	1	1
39.937	157	4	3
40.070	158	2	1
40.203	159	3	1
40.337	160	4	1
40.470	161	1	2
40.737	162	2	1
40.737	163	1	3
40.870	164	4	2
41.670	165	1	1
42.070	166	2	1
42.070	167	3	2
42.070	168	4	3
42.870	169	2	2
42.870	170	3	3
43.137	171	1	2
43.137	172	2	3
43.403	173	3	2
43.403	174	1	3
43.670	175	4	2
43.670	176	3	3
44.203	177	3	2
44.203	178	4	3
44.470	179	2	2
44.470	180	3	3
45.003	181	3	2
45.003	182	2	3
45.270	183	1	2
45.270	184	3	3
45.670	185	2	2
45.670	186	1	3
46.070	187	4	2
46.070	188	2	3
46.470	189	3	2
46.470	190	4	3
46.870	191	2	2
46.870	192	3	3
47.137	193	4	1
47.137	194	2	3
47.270	195	1	2
48.070	196	4	1
48.070	197	1	3
48.203	198	3	1
48.337	199	1	1
48.470	200	2	2
48.470	201	4	1
49.270	202	3	2
49.270	203	4	1
49.270	204	2	3
50.070	205	1	2
50.070	206	2	1
50.070	207	3	3
50.870	208	3	2
50.870	209	4	1
50.870	210	1	3
51.670	211	1	1
51.670	212	3	3
51.803	213	4	1
51.937	214	2	1
52.070	215	3	1
52.203	216	4	2
54.070	217	1	2
54.070	218	4	3
54.870	219	4	2
54.870	220	1	3
56.470	221	1	2
58.070	222	2	2
58.070	223	1	3
58.070	224	4	3
59.670	225	4	2
61.270	226	3	2
61.270	227	2	3
61.270	228	4	3
62.870	229	2	2
64.470	230	1	2
64.470	231	2	3
64.470	232	3	3
66.070	233	3	2
67.670	234	2	1
67.670	235	1	3
67.670	236	3	3
68.070	237	4	1
68.470	238	3	1
69.270	239	1	1
69.403	240	2	1
69.537	241	3	1
69.670	242	4	1
70.070	243	1	1
70.870	244	3	1
71.270	245	1	1
71.670	246	2	1
72.470	247	4	1
72.603	248	3	1
72.737	249	2	1
72.870	250	1	1
73.270	251	4	1
74.070	252	2	1
74.470	253	4	1
74.870	254	3	1
75.670	255	1	1
75.803	256	2	1
75.937	257	3	1
76.070	258	4	1
76.470	259	1	1
77.270	260	3	1
77.670	261	1	1
78.070	262	2	1
78.870	263	4	1
79.003	264	3	1
79.137	265	2	1
79.270	266	1	1
79.670	267	4	1
80.470	268	1	2
81.270	269	2	2
82.070	270	3	2
82.870	271	4	2
83.670	272	1	3
84.070	273	2	3
84.470	274	3	3
84.870	275	4	3
85.270	276	1	1
85.270	277	2	1
85.270	278	3	1
85.270	279	4	1
86.070	280	2	2
86.470	281	3	2
86.470	282	2	3
86.870	283	2	1
86.870	284	3	3
87.137	285	1	1
87.270	286	3	1
87.270	287	4	1
87.670	288	3	1
87.937	289	4	1
88.070	290	1	1
88.070	291	2	1
88.470	292	2	1
88.737	293	1	1
88.870	294	3	1
88.870	295	4	1
89.270	296	1	1
89.403	297	2	1
89.537	298	3	1
89.803	299	4	1
89.937	300	3	1
90.070	301	2	1
90.337	302	4	1
90.470	303	1	1
90.470	304	3	1
90.870	305	3	1
91.137	306	1	1
91.270	307	2	1
91.270	308	4	1
91.670	309	2	1
91.937	310	4	1
92.070	311	1	1
92.070	312	3	1
92.470	313	2	1
92.603	314	3	1
92.737	315	4	1
92.870	316	1	2
93.270	317	2	2
93.270	318	3	1
93.270	319	1	3
94.070	320	3	2
94.070	321	4	1
94.070	322	2	3
94.870	323	1	2
94.870	324	2	1
94.870	325	3	3
95.670	326	2	2
95.670	327	4	1
95.670	328	1	3
96.470	329	3	2
96.470	330	4	2
96.470	331	2	3
97.270	332	1	1
97.270	333	3	3
97.270	334	4	3
97.403	335	2	1
97.537	336	3	1
97.803	337	2	1
98.070	338	1	2
98.070	339	4	2
98.870	340	2	2
98.870	341	1	3
98.870	342	4	3
99.270	343	3	2
99.270	344	2	3
99.670	345	2	1
99.670	346	3	3
99.937	347	1	1
100.070	348	3	1
100.070	349	4	1
100.470	350	3	1
100.737	351	4	1
100.870	352	1	1
100.870	353	2	1
101.270	354	2	1
101.537	355	1	1
101.670	356	3	1
101.670	357	4	1
102.070	358	1	1
102.203	359	2	1
102.337	360	3	1
102.603	361	4	1
102.737	362	3	1
102.870	363	2	1
103.137	364	4	1
103.270	365	1	1
103.270	366	3	1
103.670	367	3	1
103.937	368	1	1
104.070	369	2	1
104.070	370	4	1
104.470	371	2	1
104.737	372	4	1
104.870	373	1	1
104.870	374	3	1
105.137	375	2	1
105.270	376	4	2
105.670	377	1	2
105.670	378	4	3
106.070	379	2	2
106.070	380	3	1
106.070	381	1	3
106.870	382	3	2
106.870	383	4	1
106.870	384	2	3
107.670	385	1	2
107.670	386	2	1
107.670	387	3	3
108.470	388	2	2
108.470	389	4	1
108.470	390	1	3
109.270	391	3	2
109.270	392	4	2
109.270	393	2	3
110.070	394	1	1
110.070	395	3	3
110.070	396	4	3
110.203	397	2	1
110.337	398	3	1
110.603	399	2	1
110.870	400	1	2
110.870	401	4	2
111.670	402	2	1
111.670	403	1	3
111.670	404	4	3
111.803	405	3	1
111.937	406	4	1
112.203	407	3	1
112.470	408	1	2
112.470	409	2	2
115.670	410	1	3
115.670	411	2	3