Song Name	Happy Lucky --> Injection!! by brz1128
Difficulty	24
Primary Color	Rush
Secondary Color	Vibe
Last Note Time	116.843
Total Notes	1172
Fever Fill	383
Fever Time	17.526450
Long Notes	24
BPM	234
Song Length	118.776000000

Timing Points
1.074	256.4103


Song Data
1.074	1	4	1
1.138	2	3	1
1.202	3	2	1
1.330	4	4	1
1.458	5	3	1
1.586	6	1	1
1.715	7	3	1
1.843	8	3	1
2.099	9	4	1
2.163	10	3	1
2.227	11	2	1
2.356	12	3	1
2.484	13	3	1
2.612	14	2	1
2.740	15	3	1
2.868	16	2	1
2.997	17	1	1
3.125	18	4	1
3.189	19	3	1
3.253	20	2	1
3.381	21	3	1
3.509	22	3	1
3.638	23	1	1
3.766	24	2	1
3.894	25	2	1
4.022	26	3	1
4.150	27	4	1
4.279	28	1	1
4.407	29	2	1
4.535	30	4	2
4.791	31	2	1
4.791	32	4	3
4.856	33	3	1
4.920	34	2	1
5.048	35	1	1
5.176	36	4	1
5.240	37	3	1
5.304	38	2	1
5.432	39	3	1
5.561	40	2	1
5.689	41	1	1
5.817	42	2	1
5.945	43	3	1
6.202	44	4	1
6.266	45	3	1
6.330	46	2	1
6.458	47	3	1
6.586	48	3	1
6.715	49	2	1
6.843	50	2	1
6.971	51	1	1
7.099	52	1	1
7.227	53	4	1
7.291	54	3	1
7.356	55	2	1
7.484	56	4	1
7.612	57	3	1
7.740	58	1	1
7.868	59	2	1
7.997	60	3	1
8.125	61	4	1
8.253	62	1	1
8.381	63	2	1
8.509	64	3	1
8.638	65	4	2
8.766	66	1	1
8.766	67	2	1
8.894	68	3	1
8.894	69	4	3
8.958	70	2	1
9.022	71	1	1
9.022	72	4	1
9.279	73	2	1
9.279	74	4	1
9.343	75	3	1
9.407	76	2	1
9.535	77	3	1
9.535	78	4	1
9.663	79	2	1
9.791	80	1	1
9.791	81	3	1
9.920	82	2	1
10.048	83	3	1
10.048	84	4	1
10.304	85	1	1
10.304	86	3	1
10.368	87	2	1
10.432	88	3	1
10.561	89	1	1
10.561	90	2	1
10.689	91	3	1
10.817	92	2	1
10.817	93	4	1
10.945	94	3	1
11.009	95	2	1
11.073	96	1	1
11.202	97	2	1
11.330	98	4	1
11.394	99	3	1
11.458	100	2	1
11.586	101	3	1
11.586	102	4	1
11.715	103	2	1
11.843	104	1	1
11.971	105	3	1
12.099	106	1	1
12.099	107	2	1
12.227	108	3	1
12.356	109	4	1
12.484	110	1	1
12.548	111	3	1
12.612	112	2	1
12.740	113	4	2
12.868	114	2	1
12.997	115	2	1
12.997	116	4	3
13.125	117	3	1
13.125	118	4	1
13.253	119	2	1
13.381	120	1	1
13.381	121	3	1
13.445	122	2	1
13.509	123	3	1
13.638	124	1	1
13.638	125	2	1
13.766	126	3	1
13.894	127	2	1
14.022	128	2	1
14.150	129	1	1
14.150	130	3	1
14.279	131	4	2
14.407	132	2	1
14.535	133	3	1
14.535	134	4	3
14.599	135	2	1
14.663	136	3	1
14.791	137	3	1
14.920	138	2	1
15.048	139	2	1
15.112	140	1	1
15.176	141	3	1
15.176	142	4	1
15.304	143	2	1
15.432	144	1	1
15.432	145	3	1
15.561	146	2	1
15.689	147	3	1
15.817	148	2	1
15.817	149	4	1
15.945	150	3	1
16.073	151	2	1
16.202	152	1	1
16.202	153	3	1
16.330	154	4	1
16.586	155	3	1
16.650	156	2	1
16.715	157	1	1
16.843	158	3	1
16.971	159	1	2
17.227	160	4	2
17.227	161	1	3
17.484	162	1	1
17.484	163	3	1
17.484	164	4	3
17.612	165	2	1
17.740	166	3	1
17.868	167	3	1
17.997	168	2	1
18.125	169	4	1
18.253	170	1	1
18.381	171	1	1
18.509	172	3	1
18.638	173	4	1
18.766	174	2	1
18.894	175	3	1
19.022	176	1	1
19.150	177	1	1
19.215	178	2	1
19.279	179	3	1
19.407	180	2	1
19.535	181	1	1
19.535	182	4	1
19.599	183	3	1
19.663	184	2	1
19.791	185	3	1
19.791	186	4	1
19.920	187	2	1
20.048	188	3	1
20.176	189	4	1
20.304	190	1	1
20.304	191	2	1
20.432	192	3	1
20.561	193	1	1
20.689	194	4	1
20.753	195	2	1
20.817	196	4	1
20.945	197	1	1
21.073	198	2	1
21.073	199	3	1
21.330	200	2	1
21.330	201	3	1
21.586	202	1	1
21.586	203	4	1
21.715	204	2	1
21.843	205	4	1
21.971	206	4	1
22.099	207	1	1
22.227	208	3	1
22.356	209	1	1
22.484	210	2	1
22.612	211	3	1
22.740	212	4	1
22.868	213	2	1
22.997	214	3	1
23.125	215	1	1
23.253	216	1	1
23.317	217	2	1
23.381	218	3	1
23.509	219	2	1
23.638	220	3	1
23.638	221	4	1
23.702	222	2	1
23.766	223	1	1
23.894	224	2	1
23.894	225	4	1
24.022	226	3	1
24.150	227	1	1
24.279	228	3	1
24.407	229	1	1
24.407	230	2	1
24.535	231	3	1
24.663	232	1	1
24.663	233	2	1
24.920	234	1	1
24.920	235	2	1
25.176	236	3	1
25.176	237	4	1
25.432	238	3	1
25.432	239	4	1
25.689	240	1	1
25.689	241	4	1
25.945	242	2	1
25.945	243	3	1
26.202	244	1	1
26.202	245	3	1
26.458	246	2	1
26.458	247	4	1
26.715	248	1	1
26.715	249	4	1
26.843	250	2	1
26.971	251	3	1
27.099	252	1	1
27.227	253	4	1
27.356	254	2	1
27.484	255	4	1
27.612	256	3	1
27.740	257	2	1
27.740	258	4	1
27.997	259	1	1
27.997	260	2	1
28.253	261	1	1
28.253	262	3	1
28.509	263	2	1
28.509	264	4	1
28.766	265	2	1
28.766	266	3	1
28.894	267	1	1
29.022	268	3	1
29.150	269	2	1
29.279	270	3	1
29.279	271	4	1
29.535	272	1	1
29.535	273	2	1
29.791	274	1	1
29.791	275	4	1
30.048	276	2	1
30.176	277	1	1
30.176	278	4	1
30.432	279	3	1
30.561	280	1	1
30.561	281	4	1
30.817	282	2	1
30.945	283	1	1
30.945	284	4	1
31.202	285	3	1
31.330	286	1	1
31.330	287	4	1
31.458	288	2	1
31.586	289	1	1
31.586	290	4	1
31.715	291	3	1
31.843	292	1	1
31.843	293	2	1
31.971	294	1	1
31.971	295	2	1
32.099	296	1	1
32.099	297	2	1
32.356	298	3	1
32.356	299	4	1
32.484	300	3	1
32.484	301	4	1
32.740	302	3	1
32.740	303	4	1
32.997	304	2	1
33.061	305	3	1
33.125	306	2	1
33.189	307	3	1
33.253	308	2	1
33.381	309	3	1
33.509	310	2	1
33.638	311	1	1
33.638	312	4	1
33.894	313	2	1
33.894	314	4	1
34.150	315	1	1
34.150	316	3	1
34.279	317	4	1
34.407	318	2	1
34.407	319	3	1
34.663	320	1	1
34.663	321	3	1
34.791	322	2	1
34.920	323	3	1
34.920	324	4	1
35.048	325	2	1
35.176	326	1	1
35.176	327	4	1
35.304	328	3	1
35.432	329	1	1
35.432	330	2	1
35.689	331	1	1
35.689	332	2	1
35.817	333	3	1
35.817	334	4	1
35.945	335	1	1
35.945	336	2	1
36.202	337	1	1
36.202	338	3	1
36.330	339	2	1
36.458	340	3	1
36.458	341	4	1
36.715	342	2	1
36.715	343	4	1
36.843	344	3	1
36.971	345	2	1
36.971	346	4	1
37.099	347	3	1
37.163	348	2	1
37.227	349	1	1
37.356	350	3	1
37.484	351	1	1
37.484	352	2	1
37.612	353	2	1
37.676	354	3	1
37.740	355	4	1
37.868	356	2	1
37.997	357	3	1
37.997	358	4	1
38.125	359	2	1
38.253	360	4	1
38.381	361	1	1
38.381	362	2	1
38.509	363	3	1
38.638	364	1	1
38.766	365	2	1
38.766	366	4	1
38.894	367	3	1
39.022	368	1	1
39.022	369	4	1
39.150	370	2	1
39.215	371	3	1
39.279	372	2	1
39.407	373	3	1
39.535	374	1	1
39.535	375	4	1
39.663	376	3	1
39.727	377	2	1
39.791	378	3	1
39.920	379	2	1
40.048	380	1	1
40.048	381	3	1
40.176	382	1	1
40.240	383	2	1
40.304	384	3	1
40.304	385	4	1
40.432	386	4	1
40.497	387	3	1
40.561	388	1	1
40.561	389	2	1
40.689	390	3	1
40.689	391	4	1
40.817	392	1	1
40.817	393	2	1
40.945	394	3	1
40.945	395	4	1
41.073	396	1	1
41.073	397	4	1
41.202	398	3	1
41.266	399	2	1
41.330	400	3	1
41.458	401	3	1
41.586	402	1	1
41.586	403	4	1
41.715	404	2	1
41.779	405	3	1
41.843	406	2	1
41.971	407	2	1
42.099	408	1	1
42.099	409	4	1
42.356	410	1	1
42.356	411	3	1
42.484	412	4	1
42.612	413	2	1
42.612	414	3	1
42.868	415	1	1
42.868	416	3	1
42.997	417	2	1
43.125	418	3	1
43.125	419	4	1
43.253	420	2	1
43.381	421	1	1
43.381	422	4	1
43.509	423	3	1
43.638	424	1	1
43.638	425	2	1
43.894	426	1	1
43.894	427	2	1
44.022	428	3	1
44.022	429	4	1
44.150	430	1	1
44.150	431	2	1
44.407	432	1	1
44.407	433	3	1
44.535	434	2	1
44.663	435	3	1
44.663	436	4	1
44.920	437	2	1
44.920	438	4	1
45.048	439	3	1
45.176	440	2	1
45.176	441	4	1
45.304	442	3	1
45.368	443	2	1
45.432	444	1	1
45.561	445	3	1
45.689	446	1	1
45.689	447	2	1
45.817	448	2	1
45.881	449	3	1
45.945	450	4	1
46.073	451	2	1
46.202	452	3	1
46.202	453	4	1
46.330	454	2	1
46.458	455	4	1
46.586	456	1	1
46.586	457	2	1
46.715	458	3	1
46.843	459	1	1
46.971	460	2	1
46.971	461	4	1
47.099	462	3	1
47.227	463	1	1
47.227	464	4	1
47.356	465	2	1
47.420	466	3	1
47.484	467	2	1
47.612	468	3	1
47.740	469	1	1
47.740	470	4	1
47.868	471	3	1
47.932	472	2	1
47.997	473	3	1
48.125	474	2	1
48.253	475	1	1
48.253	476	3	1
48.381	477	1	1
48.445	478	2	1
48.509	479	3	1
48.509	480	4	1
48.638	481	4	1
48.702	482	3	1
48.766	483	1	1
48.766	484	2	1
48.894	485	3	1
48.894	486	4	1
49.022	487	1	1
49.022	488	2	1
49.150	489	3	1
49.150	490	4	1
49.279	491	2	1
49.407	492	2	1
49.535	493	2	1
49.663	494	2	1
49.791	495	3	1
49.920	496	3	1
50.048	497	3	1
50.304	498	2	1
50.304	499	4	1
50.368	500	3	1
50.432	501	2	1
50.561	502	3	1
50.561	503	4	1
50.689	504	2	1
50.817	505	1	1
50.817	506	3	1
50.945	507	2	1
51.073	508	3	1
51.073	509	4	1
51.330	510	1	1
51.330	511	3	1
51.394	512	2	1
51.458	513	3	1
51.586	514	1	1
51.586	515	2	1
51.715	516	3	1
51.843	517	2	1
51.843	518	4	1
51.971	519	3	1
52.035	520	2	1
52.099	521	1	1
52.227	522	2	1
52.356	523	4	1
52.420	524	3	1
52.484	525	2	1
52.612	526	3	1
52.612	527	4	1
52.740	528	2	1
52.868	529	1	1
52.997	530	3	1
53.125	531	1	1
53.125	532	2	1
53.253	533	3	1
53.381	534	4	1
53.509	535	1	1
53.573	536	3	1
53.638	537	2	1
53.766	538	4	2
53.894	539	2	1
54.022	540	2	1
54.022	541	4	3
54.150	542	3	1
54.150	543	4	1
54.279	544	2	1
54.407	545	1	1
54.407	546	3	1
54.471	547	2	1
54.535	548	3	1
54.663	549	1	1
54.663	550	2	1
54.791	551	3	1
54.920	552	2	1
55.048	553	2	1
55.176	554	1	1
55.176	555	3	1
55.304	556	4	2
55.432	557	2	1
55.561	558	3	1
55.561	559	4	3
55.625	560	2	1
55.689	561	3	1
55.817	562	3	1
55.945	563	2	1
56.073	564	2	1
56.138	565	1	1
56.202	566	3	1
56.202	567	4	1
56.330	568	2	1
56.458	569	1	1
56.458	570	3	1
56.586	571	2	1
56.715	572	3	1
56.843	573	2	1
56.843	574	4	1
56.971	575	3	1
57.099	576	2	1
57.227	577	1	1
57.227	578	3	1
57.356	579	4	1
57.612	580	3	1
57.676	581	2	1
57.740	582	1	1
57.868	583	3	1
57.997	584	1	2
58.125	585	3	1
58.125	586	1	3
58.253	587	4	2
58.381	588	2	1
58.381	589	4	3
58.509	590	1	2
58.509	591	4	2
58.766	592	2	1
59.022	593	3	1
59.279	594	2	1
59.535	595	3	1
59.791	596	2	1
60.048	597	3	1
60.304	598	2	1
60.561	599	1	3
60.561	600	4	3
60.689	601	4	1
60.753	602	3	1
60.817	603	2	1
60.945	604	4	1
61.073	605	4	1
61.202	606	1	1
61.266	607	2	1
61.330	608	3	1
61.458	609	1	1
61.586	610	1	1
61.715	611	3	1
61.779	612	2	1
61.843	613	3	1
61.971	614	3	1
62.099	615	2	1
62.227	616	2	1
62.356	617	3	1
62.484	618	2	1
62.612	619	1	1
62.612	620	4	1
62.868	621	2	1
62.868	622	3	1
63.125	623	1	1
63.125	624	2	1
63.253	625	3	1
63.381	626	4	1
63.445	627	3	1
63.509	628	2	1
63.573	629	1	1
63.638	630	3	1
63.638	631	4	1
63.766	632	2	1
63.894	633	3	1
64.022	634	4	1
64.150	635	1	1
64.279	636	2	1
64.407	637	3	1
64.535	638	2	1
64.663	639	4	1
64.727	640	3	1
64.791	641	1	1
64.856	642	2	1
64.920	643	4	1
64.984	644	3	1
65.048	645	1	1
65.112	646	2	1
65.176	647	4	1
65.240	648	3	1
65.304	649	1	1
65.368	650	2	1
65.432	651	4	1
65.497	652	3	1
65.561	653	1	1
65.625	654	2	1
65.689	655	3	1
65.817	656	2	2
66.073	657	3	1
66.073	658	2	3
66.202	659	2	1
66.330	660	2	1
66.458	661	2	1
66.715	662	1	1
66.971	663	1	1
67.227	664	2	1
67.356	665	2	1
67.612	666	4	1
67.868	667	4	1
68.125	668	4	1
68.253	669	3	1
68.509	670	3	1
68.766	671	1	1
69.022	672	1	1
69.279	673	2	1
69.407	674	2	1
69.663	675	4	1
69.920	676	4	1
70.176	677	4	1
70.304	678	3	2
70.561	679	1	1
70.561	680	2	1
70.561	681	3	3
70.817	682	1	1
71.073	683	1	1
71.330	684	2	1
71.458	685	2	1
71.715	686	4	1
71.971	687	4	1
72.227	688	4	1
72.356	689	3	1
72.612	690	3	1
72.868	691	1	1
73.125	692	1	1
73.381	693	2	1
73.509	694	2	1
73.766	695	4	1
74.022	696	4	1
74.279	697	4	1
74.407	698	3	2
74.663	699	1	1
74.663	700	3	3
74.727	701	2	1
74.791	702	3	1
74.856	703	4	1
74.920	704	1	1
74.920	705	2	1
75.176	706	3	1
75.176	707	4	1
75.432	708	2	1
75.432	709	4	1
75.561	710	3	1
75.689	711	1	1
75.689	712	2	1
75.817	713	3	1
75.945	714	1	1
75.945	715	4	1
76.073	716	2	1
76.202	717	1	1
76.202	718	3	1
76.330	719	4	1
76.458	720	2	1
76.458	721	3	1
76.586	722	1	1
76.715	723	3	1
76.715	724	4	1
76.843	725	2	1
76.971	726	1	1
76.971	727	3	1
77.227	728	1	1
77.227	729	3	1
77.484	730	2	1
77.484	731	3	1
77.612	732	2	1
77.612	733	3	1
77.868	734	2	1
77.868	735	4	1
78.125	736	2	1
78.125	737	4	1
78.381	738	2	1
78.381	739	4	1
78.509	740	2	2
78.509	741	3	2
78.766	742	1	1
78.766	743	4	1
78.766	744	2	3
78.766	745	3	3
79.022	746	1	1
79.022	747	4	1
79.150	748	2	1
79.279	749	3	1
79.407	750	1	1
79.407	751	4	1
79.535	752	3	1
79.663	753	2	1
79.791	754	1	1
79.791	755	4	1
79.920	756	2	1
80.048	757	3	1
80.176	758	1	1
80.176	759	4	1
80.304	760	3	1
80.432	761	2	1
80.561	762	1	1
80.561	763	4	1
80.689	764	1	1
80.689	765	4	1
80.817	766	1	2
80.817	767	4	2
81.073	768	3	1
81.073	769	1	3
81.073	770	4	3
81.138	771	2	1
81.202	772	3	1
81.330	773	3	1
81.458	774	3	1
81.586	775	1	1
81.715	776	1	1
81.843	777	3	1
81.971	778	1	1
82.099	779	3	1
82.099	780	4	1
82.356	781	3	1
82.356	782	4	1
82.612	783	1	1
82.612	784	2	1
82.868	785	1	1
82.868	786	2	1
83.125	787	1	1
83.125	788	4	1
83.381	789	2	1
83.381	790	3	1
83.638	791	1	1
83.638	792	3	1
83.894	793	2	1
83.894	794	4	1
84.150	795	1	1
84.150	796	4	1
84.279	797	2	1
84.407	798	3	1
84.535	799	1	1
84.663	800	4	1
84.791	801	2	1
84.920	802	4	1
85.048	803	3	1
85.176	804	2	1
85.176	805	4	1
85.432	806	1	1
85.432	807	2	1
85.689	808	1	1
85.689	809	3	1
85.945	810	2	1
85.945	811	4	1
86.202	812	2	1
86.202	813	3	1
86.330	814	1	1
86.458	815	3	1
86.586	816	2	1
86.715	817	3	1
86.715	818	4	1
86.971	819	1	1
86.971	820	2	1
87.227	821	1	1
87.227	822	4	1
87.484	823	2	1
87.612	824	1	1
87.612	825	4	1
87.868	826	3	1
87.997	827	1	1
87.997	828	4	1
88.253	829	2	1
88.381	830	1	1
88.381	831	4	1
88.638	832	3	1
88.766	833	1	1
88.766	834	4	1
88.894	835	2	1
89.022	836	1	1
89.022	837	4	1
89.150	838	3	1
89.279	839	1	1
89.279	840	2	1
89.407	841	1	1
89.407	842	2	1
89.535	843	1	1
89.535	844	2	1
89.663	845	1	1
89.663	846	2	1
89.920	847	3	1
89.920	848	4	1
90.176	849	3	1
90.176	850	4	1
90.432	851	2	1
90.497	852	3	1
90.561	853	2	1
90.625	854	3	1
90.689	855	2	1
90.817	856	3	1
90.945	857	2	1
91.073	858	1	1
91.073	859	4	1
91.202	860	3	1
91.330	861	2	1
91.330	862	4	1
91.586	863	1	1
91.586	864	3	1
91.715	865	4	1
91.843	866	2	1
91.843	867	3	1
92.099	868	1	1
92.099	869	3	1
92.227	870	2	1
92.356	871	3	1
92.356	872	4	1
92.484	873	2	1
92.612	874	1	1
92.612	875	4	1
92.740	876	3	1
92.868	877	1	1
92.868	878	2	1
93.125	879	1	1
93.125	880	2	1
93.253	881	3	1
93.253	882	4	1
93.381	883	1	1
93.381	884	2	1
93.638	885	1	1
93.638	886	3	1
93.766	887	2	1
93.894	888	3	1
93.894	889	4	1
94.150	890	2	1
94.150	891	4	1
94.279	892	3	1
94.407	893	2	1
94.407	894	4	1
94.535	895	3	1
94.599	896	2	1
94.663	897	1	1
94.791	898	3	1
94.920	899	1	1
94.920	900	2	1
95.048	901	2	1
95.112	902	3	1
95.176	903	4	1
95.304	904	2	1
95.432	905	3	1
95.432	906	4	1
95.561	907	2	1
95.689	908	4	1
95.817	909	1	1
95.817	910	2	1
95.945	911	3	1
96.073	912	1	1
96.202	913	2	1
96.202	914	4	1
96.330	915	3	1
96.458	916	1	1
96.458	917	4	1
96.586	918	2	1
96.650	919	3	1
96.715	920	2	1
96.843	921	3	1
96.971	922	1	1
96.971	923	4	1
97.099	924	3	1
97.163	925	2	1
97.227	926	3	1
97.356	927	2	1
97.484	928	1	1
97.484	929	3	1
97.612	930	1	1
97.676	931	2	1
97.740	932	3	1
97.740	933	4	1
97.868	934	4	1
97.932	935	3	1
97.997	936	1	1
97.997	937	2	1
98.125	938	3	1
98.125	939	4	1
98.253	940	1	1
98.253	941	2	1
98.381	942	3	1
98.381	943	4	1
98.509	944	1	1
98.509	945	4	1
98.638	946	3	1
98.702	947	2	1
98.766	948	3	1
98.894	949	3	1
99.022	950	1	1
99.022	951	4	1
99.150	952	2	1
99.215	953	3	1
99.279	954	2	1
99.407	955	2	1
99.535	956	1	1
99.535	957	4	1
99.791	958	1	1
99.791	959	3	1
99.920	960	4	1
100.048	961	2	1
100.048	962	3	1
100.304	963	1	1
100.304	964	3	1
100.432	965	2	1
100.561	966	3	1
100.561	967	4	1
100.689	968	2	1
100.817	969	1	1
100.817	970	4	1
100.945	971	3	1
101.073	972	1	1
101.073	973	2	1
101.202	974	4	1
101.330	975	1	1
101.330	976	2	1
101.458	977	3	1
101.458	978	4	1
101.586	979	1	1
101.586	980	2	1
101.843	981	2	1
101.843	982	4	1
101.971	983	3	1
102.099	984	1	1
102.099	985	4	1
102.227	986	2	1
102.356	987	3	1
102.356	988	4	1
102.484	989	2	2
102.612	990	3	1
102.612	991	4	1
102.740	992	3	1
102.740	993	4	1
102.740	994	2	3
102.868	995	1	1
102.868	996	2	1
102.997	997	3	1
102.997	998	4	1
103.125	999	1	1
103.125	1000	2	1
103.253	1001	1	1
103.253	1002	2	1
103.381	1003	3	1
103.381	1004	4	1
103.509	1005	1	1
103.509	1006	2	1
103.638	1007	3	1
103.638	1008	4	1
103.766	1009	2	1
103.894	1010	1	1
103.894	1011	4	1
104.022	1012	2	1
104.150	1013	1	1
104.150	1014	3	1
104.279	1015	1	1
104.279	1016	3	1
104.407	1017	2	1
104.407	1018	4	1
104.535	1019	2	1
104.535	1020	4	1
104.663	1021	1	1
104.663	1022	3	1
104.791	1023	2	1
104.920	1024	3	1
104.920	1025	4	1
105.048	1026	1	1
105.176	1027	2	1
105.176	1028	4	1
105.304	1029	2	1
105.304	1030	4	1
105.432	1031	1	1
105.432	1032	3	1
105.561	1033	1	1
105.561	1034	3	1
105.689	1035	4	1
105.753	1036	3	1
105.817	1037	2	1
105.881	1038	1	1
105.945	1039	4	1
106.009	1040	3	1
106.073	1041	2	1
106.138	1042	1	1
106.202	1043	4	1
106.266	1044	3	1
106.330	1045	2	1
106.394	1046	1	1
106.458	1047	4	1
106.522	1048	3	1
106.586	1049	2	1
106.650	1050	1	1
106.715	1051	3	1
106.715	1052	4	1
106.843	1053	1	1
106.843	1054	2	1
106.971	1055	3	1
106.971	1056	4	1
107.099	1057	1	1
107.099	1058	2	1
107.227	1059	3	1
107.227	1060	4	1
107.356	1061	1	1
107.356	1062	2	1
107.484	1063	1	1
107.484	1064	4	1
107.740	1065	2	1
107.740	1066	4	1
107.804	1067	3	1
107.868	1068	2	1
107.997	1069	3	1
107.997	1070	4	1
108.125	1071	2	1
108.253	1072	1	1
108.253	1073	3	1
108.381	1074	2	1
108.509	1075	3	1
108.509	1076	4	1
108.766	1077	1	1
108.766	1078	3	1
108.830	1079	2	1
108.894	1080	3	1
109.022	1081	1	1
109.022	1082	2	1
109.150	1083	3	1
109.279	1084	2	1
109.279	1085	4	1
109.407	1086	3	1
109.471	1087	2	1
109.535	1088	1	1
109.663	1089	2	1
109.791	1090	4	1
109.856	1091	3	1
109.920	1092	2	1
110.048	1093	3	1
110.048	1094	4	1
110.176	1095	2	1
110.304	1096	1	1
110.432	1097	3	1
110.561	1098	1	1
110.561	1099	2	1
110.689	1100	3	1
110.817	1101	4	1
110.945	1102	1	1
111.009	1103	3	1
111.073	1104	2	1
111.202	1105	4	2
111.330	1106	2	1
111.458	1107	2	1
111.458	1108	4	3
111.586	1109	3	1
111.586	1110	4	1
111.715	1111	2	1
111.843	1112	1	1
111.843	1113	3	1
111.907	1114	2	1
111.971	1115	3	1
112.099	1116	1	1
112.099	1117	2	1
112.227	1118	3	1
112.356	1119	2	1
112.484	1120	2	1
112.612	1121	1	1
112.612	1122	3	1
112.740	1123	4	2
112.868	1124	2	1
112.997	1125	3	1
112.997	1126	4	3
113.061	1127	2	1
113.125	1128	3	1
113.253	1129	3	1
113.381	1130	2	1
113.509	1131	2	1
113.573	1132	1	1
113.638	1133	3	1
113.638	1134	4	1
113.766	1135	2	1
113.894	1136	1	1
113.894	1137	3	1
114.022	1138	2	1
114.150	1139	3	1
114.279	1140	2	1
114.279	1141	4	1
114.407	1142	3	1
114.535	1143	2	1
114.663	1144	1	1
114.663	1145	3	1
114.791	1146	4	1
115.048	1147	3	1
115.112	1148	2	1
115.176	1149	1	1
115.304	1150	3	1
115.432	1151	4	2
115.689	1152	1	2
115.689	1153	4	3
115.945	1154	3	1
115.945	1155	4	1
115.945	1156	1	3
116.073	1157	3	1
116.073	1158	4	1
116.202	1159	1	1
116.202	1160	2	1
116.330	1161	1	1
116.330	1162	2	1
116.458	1163	4	1
116.522	1164	3	1
116.586	1165	2	1
116.650	1166	1	1
116.715	1167	3	1
116.715	1168	4	1
116.843	1169	1	1
116.843	1170	2	1
116.843	1171	3	1
116.843	1172	4	1