Song Name	HazArtOth (Hard) by Se-U-Ra
Title	HazArtOth (Hard)
Artist	Se-U-Ra
Description	A 2020 track by Japanese artist and music producer Se-U-Ra. A song provided for 'yukarim's liberation package', a song pack for music game k-shoot mania. From the package website: Wonderful songs born from the theme of 'black and white'. Map by GanyuTheHalfQilin.
Difficulty	30
Primary Color	Chill
Secondary Color	Vibe
Cover Image ID	7222616351
Audio Asset ID	rbxassetid://9063501518
Audio File	9063501518.ogg
Last Note Time	123.888
Total Notes	1861
Fever Fill	525
Fever Time	18.583200
Long Notes	286
BPM	195
Song Length	124.888000000

Timing Points
3.274	307.692308
40.043	307.692308
46.350	307.692308


Song Data
1.735	1	4	2
2.043	2	4	3
2.043	3	1	1
2.081	4	2	1
2.120	5	3	1
2.158	6	4	1
2.197	7	1	1
2.273	8	4	1
2.273	9	3	1
2.350	10	1	1
2.350	11	2	1
2.427	12	3	1
2.427	13	4	1
2.504	14	1	1
2.504	15	2	1
2.543	16	4	1
2.581	17	3	1
2.620	18	1	1
2.658	19	2	1
2.735	20	4	1
2.735	21	3	1
2.812	22	1	1
2.812	23	2	1
2.889	24	4	1
2.889	25	3	1
2.966	26	2	1
2.966	27	1	1
3.017	28	4	1
3.068	29	3	1
3.120	30	1	1
3.171	31	2	1
3.222	32	3	1
3.273	33	4	2
4.504	34	4	3
3.273	35	1	1
3.273	36	2	1
3.581	37	3	1
3.889	38	1	1
4.197	39	3	1
4.504	40	2	1
4.504	41	3	2
5.735	42	3	3
4.658	43	1	2
4.812	44	1	3
4.812	45	2	2
4.966	46	2	3
5.120	47	1	1
5.427	48	4	1
5.735	49	1	1
5.735	50	2	2
6.966	51	2	3
5.889	52	3	2
6.043	53	3	3
6.043	54	4	2
6.197	55	4	3
6.350	56	1	1
6.658	57	4	1
6.966	58	3	2
7.120	59	3	3
6.966	60	1	2
8.197	61	1	3
7.120	62	4	2
7.274	63	4	3
7.274	64	2	1
7.581	65	4	1
7.889	66	3	1
8.197	67	4	2
9.427	68	4	3
8.197	69	2	1
8.504	70	3	1
8.812	71	1	1
9.120	72	3	1
9.427	73	2	1
9.427	74	3	2
10.658	75	3	3
9.581	76	1	2
9.735	77	1	3
9.735	78	2	2
9.889	79	2	3
10.043	80	1	1
10.350	81	4	1
10.658	82	1	1
10.658	83	2	2
11.889	84	2	3
10.812	85	3	2
10.966	86	3	3
10.966	87	4	2
11.120	88	4	3
11.274	89	1	1
11.581	90	4	1
11.889	91	4	1
11.889	92	3	1
11.991	93	1	1
11.991	94	2	1
12.094	95	4	1
12.094	96	3	1
12.197	97	1	1
12.197	98	2	1
12.299	99	4	1
12.299	100	3	1
12.402	101	1	1
12.402	102	2	1
12.504	103	4	1
12.504	104	3	1
12.607	105	1	1
12.607	106	2	1
12.709	107	3	1
12.709	108	4	1
12.812	109	1	2
13.120	110	1	3
12.812	111	4	1
12.812	112	2	1
13.120	113	4	2
13.581	114	4	3
13.120	115	3	1
13.120	116	2	1
13.427	117	1	1
13.427	118	2	1
13.427	119	3	1
13.581	120	2	1
13.581	121	1	1
13.658	122	4	1
13.658	123	3	1
13.735	124	1	1
13.735	125	2	1
13.735	126	4	1
13.889	127	4	1
13.889	128	3	1
13.966	129	1	1
13.966	130	2	1
14.043	131	3	1
14.043	132	4	1
14.043	133	1	1
14.197	134	2	1
14.350	135	4	1
14.350	136	3	1
14.350	137	1	1
14.658	138	3	2
14.812	139	3	3
14.658	140	4	1
14.658	141	1	1
14.812	142	1	1
14.889	143	4	1
14.889	144	2	1
14.966	145	3	1
15.120	146	1	2
15.274	147	1	3
15.120	148	4	1
15.274	149	3	2
15.427	150	3	3
15.274	151	4	1
15.274	152	2	1
15.427	153	1	1
15.427	154	2	1
15.504	155	4	1
15.504	156	3	1
15.581	157	2	1
15.735	158	3	1
15.735	159	1	2
15.889	160	1	3
15.889	161	4	1
15.889	162	3	2
16.043	163	3	3
15.889	164	2	1
16.043	165	1	1
16.120	166	4	1
16.120	167	2	1
16.197	168	1	1
16.274	169	2	1
16.274	170	3	1
16.350	171	1	2
16.504	172	1	3
16.350	173	4	1
16.504	174	2	1
16.504	175	4	1
16.504	176	3	2
16.658	177	3	3
16.658	178	1	1
16.735	179	4	1
16.735	180	2	1
16.812	181	1	2
17.427	182	1	3
16.812	183	3	1
16.966	184	2	2
17.120	185	2	3
17.120	186	4	2
17.274	187	4	3
17.120	188	3	1
17.274	189	2	1
17.350	190	4	1
17.350	191	3	1
17.427	192	2	1
17.581	193	1	2
17.735	194	1	3
17.581	195	3	1
17.735	196	3	2
17.889	197	3	3
17.735	198	4	1
17.735	199	2	1
17.889	200	2	1
17.889	201	1	1
17.966	202	4	1
17.966	203	3	1
18.043	204	1	1
18.197	205	1	2
18.350	206	1	3
18.197	207	4	1
18.350	208	3	2
18.504	209	3	3
18.350	210	2	1
18.350	211	4	1
18.504	212	1	1
18.581	213	4	1
18.581	214	2	1
18.658	215	1	1
18.735	216	3	1
18.735	217	4	1
18.812	218	1	2
18.966	219	1	3
18.812	220	2	1
18.966	221	4	1
18.966	222	2	1
18.966	223	3	2
19.120	224	3	3
19.120	225	1	1
19.197	226	4	1
19.197	227	2	1
19.274	228	4	1
19.274	229	1	1
19.274	230	3	1
19.427	231	2	1
19.581	232	4	2
19.735	233	4	3
19.581	234	1	1
19.735	235	2	1
19.812	236	3	1
19.812	237	1	2
19.966	238	1	3
19.889	239	4	1
20.043	240	4	1
20.043	241	2	2
20.197	242	2	3
20.197	243	3	1
20.197	244	4	2
20.350	245	4	3
20.197	246	1	1
20.350	247	1	1
20.350	248	2	1
20.427	249	4	1
20.427	250	3	1
20.504	251	2	1
20.581	252	4	1
20.658	253	3	1
20.658	254	1	2
20.812	255	1	3
20.812	256	4	2
20.966	257	4	3
20.812	258	3	1
20.812	259	2	1
20.966	260	1	1
21.043	261	4	1
21.043	262	2	1
21.120	263	1	1
21.197	264	4	1
21.197	265	3	1
21.274	266	1	2
21.427	267	1	3
21.274	268	2	1
21.427	269	3	1
21.427	270	2	1
21.427	271	4	2
21.581	272	4	3
21.581	273	1	1
21.658	274	4	1
21.658	275	3	1
21.735	276	2	2
21.812	277	2	3
21.735	278	1	1
21.812	279	4	2
21.889	280	4	3
21.889	281	3	2
21.966	282	3	3
21.966	283	2	1
22.043	284	1	2
22.120	285	1	3
22.043	286	3	1
22.043	287	4	1
22.197	288	1	2
22.274	289	1	3
22.274	290	3	1
22.274	291	4	1
22.350	292	1	2
22.427	293	1	3
22.504	294	2	1
22.504	295	1	2
22.581	296	1	3
22.658	297	1	2
22.735	298	1	3
22.658	299	4	1
22.658	300	3	1
22.812	301	1	2
22.889	302	1	3
22.812	303	4	1
22.889	304	2	1
22.889	305	3	1
22.966	306	4	2
23.274	307	4	3
23.120	308	2	1
23.120	309	1	1
23.274	310	3	1
23.274	311	2	1
23.274	312	1	1
23.427	313	4	1
23.504	314	1	1
23.504	315	2	1
23.581	316	4	1
23.581	317	3	1
23.658	318	1	1
23.735	319	2	1
23.735	320	4	1
23.812	321	3	1
23.889	322	1	1
23.889	323	2	1
23.966	324	3	1
23.966	325	4	1
24.043	326	1	1
24.043	327	2	1
24.120	328	3	1
24.197	329	1	2
24.350	330	1	3
24.197	331	4	1
24.197	332	2	1
24.350	333	3	1
24.504	334	1	1
24.504	335	2	1
24.504	336	4	2
24.658	337	4	3
24.658	338	2	1
24.735	339	3	1
24.735	340	1	2
24.889	341	1	3
24.812	342	4	1
24.966	343	2	1
24.966	344	3	2
25.120	345	3	3
25.120	346	1	1
25.120	347	2	1
25.120	348	4	2
25.274	349	4	3
25.274	350	1	1
25.274	351	2	1
25.350	352	3	1
25.350	353	4	1
25.427	354	1	1
25.581	355	2	2
25.735	356	2	3
25.581	357	4	1
25.735	358	1	1
25.735	359	4	1
25.735	360	3	1
25.812	361	2	2
25.889	362	2	3
25.889	363	4	2
25.966	364	4	3
25.966	365	2	1
25.966	366	1	1
26.043	367	3	2
26.120	368	3	3
26.120	369	1	1
26.120	370	2	1
26.197	371	4	1
26.197	372	3	1
26.350	373	4	2
26.504	374	4	3
26.350	375	1	1
26.350	376	2	1
26.504	377	1	1
26.581	378	3	1
26.581	379	4	1
26.658	380	1	2
26.812	381	1	3
26.658	382	2	1
26.812	383	4	1
26.966	384	1	1
26.966	385	2	1
26.966	386	4	2
27.120	387	4	3
27.120	388	3	1
27.197	389	2	1
27.197	390	1	2
27.350	391	1	3
27.274	392	4	1
27.427	393	2	1
27.427	394	3	2
27.581	395	3	3
27.581	396	2	1
27.581	397	1	1
27.581	398	4	2
27.735	399	4	3
27.735	400	1	1
27.735	401	2	1
27.812	402	4	1
27.812	403	3	1
27.889	404	1	1
28.043	405	2	2
28.197	406	2	3
28.043	407	4	1
28.197	408	3	1
28.197	409	4	1
28.197	410	1	1
28.274	411	2	2
28.350	412	2	3
28.350	413	4	2
28.427	414	4	3
28.427	415	3	1
28.427	416	1	1
28.504	417	2	1
28.581	418	3	1
28.581	419	4	1
28.658	420	2	1
28.658	421	1	1
28.812	422	1	1
28.812	423	2	1
28.812	424	4	1
28.966	425	1	1
29.043	426	4	1
29.043	427	3	1
29.120	428	1	2
29.274	429	1	3
29.120	430	4	1
29.120	431	2	1
29.274	432	3	1
29.427	433	1	1
29.427	434	2	1
29.427	435	4	2
29.581	436	4	3
29.581	437	3	1
29.658	438	4	1
29.658	439	1	2
29.812	440	1	3
29.735	441	2	1
29.889	442	4	1
29.889	443	3	2
30.043	444	3	3
30.043	445	1	1
30.043	446	2	1
30.043	447	4	2
30.197	448	4	3
30.197	449	1	1
30.197	450	2	1
30.274	451	4	1
30.274	452	3	1
30.350	453	1	1
30.504	454	4	1
30.504	455	2	2
30.658	456	2	3
30.658	457	3	1
30.658	458	4	1
30.658	459	1	1
30.735	460	2	2
30.812	461	2	3
30.812	462	4	2
30.889	463	4	3
30.889	464	2	1
30.889	465	1	1
30.966	466	3	2
31.043	467	3	3
31.043	468	1	1
31.043	469	2	1
31.120	470	4	1
31.120	471	3	1
31.274	472	1	1
31.274	473	4	1
31.274	474	2	1
31.427	475	1	1
31.504	476	4	1
31.504	477	3	1
31.581	478	1	2
31.735	479	1	3
31.581	480	2	1
31.735	481	3	1
31.889	482	1	1
31.889	483	2	1
31.889	484	4	2
32.043	485	4	3
32.043	486	3	1
32.120	487	4	1
32.120	488	1	2
32.274	489	1	3
32.197	490	2	1
32.350	491	1	1
32.350	492	3	2
32.504	493	3	3
32.504	494	1	1
32.504	495	2	1
32.504	496	4	2
32.658	497	4	3
32.658	498	2	1
32.658	499	1	1
32.735	500	4	1
32.735	501	3	1
32.812	502	1	1
32.966	503	2	2
33.120	504	2	3
33.120	505	1	1
33.120	506	4	1
33.120	507	3	1
33.197	508	2	2
33.274	509	2	3
33.274	510	4	2
33.350	511	4	3
33.350	512	2	1
33.350	513	1	1
33.427	514	4	1
33.427	515	3	1
33.581	516	1	1
33.581	517	3	1
33.735	518	1	1
33.735	519	2	1
33.812	520	4	1
33.812	521	3	1
33.889	522	1	1
33.889	523	2	1
33.966	524	3	1
34.043	525	2	2
34.350	526	2	3
34.043	527	1	1
34.043	528	4	1
34.504	529	2	2
34.658	530	2	3
34.658	531	4	1
34.966	532	2	2
35.274	533	2	3
35.274	534	4	1
35.427	535	2	2
35.581	536	2	3
35.735	537	3	1
35.889	538	2	2
36.043	539	2	3
36.043	540	4	1
36.197	541	3	1
36.197	542	1	1
36.197	543	4	1
36.350	544	2	1
36.504	545	3	2
36.658	546	3	3
36.504	547	4	1
36.504	548	1	1
36.658	549	2	2
36.812	550	2	3
36.812	551	3	1
36.812	552	4	1
36.812	553	1	1
36.966	554	3	2
37.120	555	3	3
37.043	556	2	1
37.043	557	1	1
37.120	558	4	1
37.197	559	1	1
37.274	560	3	1
37.274	561	2	1
37.350	562	1	1
37.427	563	4	1
37.427	564	2	1
37.427	565	3	2
37.581	566	3	3
37.581	567	1	1
37.581	568	2	1
37.658	569	4	1
37.658	570	3	1
37.735	571	1	1
37.812	572	2	1
37.889	573	3	2
38.043	574	3	3
37.889	575	4	1
38.043	576	2	1
38.043	577	1	1
38.043	578	4	1
38.197	579	3	2
38.350	580	3	3
38.274	581	4	1
38.274	582	1	1
38.350	583	2	1
38.427	584	4	1
38.427	585	3	1
38.504	586	1	1
38.504	587	2	1
38.581	588	4	1
38.658	589	3	2
38.812	590	3	3
38.658	591	1	1
38.658	592	2	1
38.812	593	4	1
38.889	594	1	1
38.889	595	2	1
38.966	596	4	2
39.120	597	4	3
38.966	598	3	1
38.966	599	1	1
39.120	600	3	2
39.274	601	3	3
39.274	602	4	1
39.274	603	1	1
39.274	604	2	1
39.427	605	4	2
39.581	606	4	3
39.504	607	1	1
39.504	608	3	1
39.581	609	2	1
39.658	610	3	1
39.735	611	1	1
39.735	612	4	2
39.889	613	4	3
39.889	614	1	1
39.889	615	2	1
39.889	616	3	1
40.043	617	4	1
40.043	618	3	1
40.043	619	1	2
40.196	620	1	3
40.196	621	2	1
40.350	622	1	1
40.350	623	4	1
40.350	624	3	1
40.504	625	1	2
40.658	626	1	3
40.581	627	4	1
40.581	628	3	1
40.658	629	2	2
40.812	630	2	3
40.735	631	4	1
40.812	632	1	1
40.812	633	3	1
40.966	634	4	1
40.966	635	3	1
40.966	636	1	2
41.119	637	1	3
41.119	638	4	1
41.119	639	3	1
41.196	640	2	1
41.196	641	1	1
41.273	642	4	2
41.427	643	4	3
41.427	644	3	1
41.427	645	1	2
41.581	646	1	3
41.581	647	2	1
41.581	648	4	1
41.581	649	3	1
41.658	650	1	1
41.735	651	4	1
41.812	652	1	1
41.812	653	3	1
41.889	654	2	1
41.966	655	4	1
41.966	656	3	1
42.043	657	2	1
42.043	658	1	1
42.196	659	4	1
42.196	660	3	1
42.196	661	1	2
42.350	662	1	3
42.350	663	2	1
42.427	664	4	1
42.427	665	3	1
42.504	666	4	1
42.504	667	1	1
42.504	668	2	1
42.658	669	1	2
42.812	670	1	3
42.812	671	4	1
42.812	672	3	1
42.812	673	2	1
42.966	674	3	2
43.119	675	3	3
43.119	676	1	1
43.119	677	4	1
43.119	678	2	2
43.273	679	2	3
43.273	680	4	2
43.427	681	4	3
43.350	682	1	1
43.350	683	3	1
43.427	684	2	1
43.504	685	1	1
43.581	686	4	1
43.581	687	3	1
43.735	688	4	2
43.889	689	4	3
43.735	690	1	1
43.735	691	2	1
43.889	692	1	1
43.889	693	2	1
43.966	694	4	1
43.966	695	3	1
44.043	696	2	1
44.196	697	1	1
44.196	698	4	2
44.350	699	4	3
44.196	700	3	1
44.350	701	1	1
44.350	702	2	1
44.350	703	3	1
44.504	704	4	2
44.658	705	4	3
44.581	706	1	1
44.581	707	3	1
44.658	708	2	1
44.735	709	4	1
44.735	710	3	1
44.812	711	1	1
44.812	712	2	1
44.966	713	4	2
45.119	714	4	3
44.966	715	3	1
44.966	716	1	1
45.119	717	1	1
45.119	718	2	1
45.196	719	4	1
45.196	720	3	1
45.273	721	2	2
45.427	722	2	3
45.273	723	4	1
45.273	724	1	1
45.427	725	3	2
45.581	726	3	3
45.581	727	1	1
45.581	728	4	1
45.581	729	2	1
45.735	730	3	2
45.889	731	3	3
45.812	732	4	1
45.812	733	1	1
45.889	734	2	1
45.966	735	4	1
46.043	736	3	2
46.196	737	3	3
46.043	738	1	1
46.196	739	4	1
46.196	740	2	1
46.196	741	1	1
46.350	742	1	1
46.350	743	3	1
46.350	744	4	2
46.503	745	4	3
46.503	746	2	1
46.657	747	4	1
46.657	748	1	1
46.657	749	3	1
46.811	750	4	2
46.965	751	4	3
46.888	752	1	1
46.888	753	2	1
46.965	754	3	2
47.119	755	3	3
47.042	756	1	1
47.119	757	4	1
47.119	758	2	1
47.273	759	4	2
47.426	760	4	3
47.273	761	3	1
47.273	762	1	1
47.426	763	1	1
47.426	764	2	1
47.503	765	4	1
47.503	766	3	1
47.580	767	1	2
47.734	768	1	3
47.657	769	4	1
47.734	770	3	1
47.734	771	2	2
47.888	772	2	3
47.888	773	1	1
47.888	774	3	1
47.888	775	4	1
48.042	776	1	2
48.196	777	1	3
48.119	778	4	1
48.119	779	2	1
48.196	780	3	1
48.273	781	1	1
48.273	782	2	1
48.350	783	4	1
48.350	784	3	1
48.503	785	3	1
48.503	786	4	1
48.503	787	1	2
48.657	788	1	3
48.657	789	2	1
48.734	790	4	1
48.734	791	3	1
48.811	792	4	1
48.811	793	1	1
48.811	794	2	1
48.965	795	1	2
49.119	796	1	3
49.119	797	4	2
50.042	798	4	3
49.426	799	3	2
50.042	800	3	3
50.042	801	2	1
50.042	802	1	1
50.119	803	4	1
50.196	804	1	1
50.273	805	2	1
50.350	806	4	1
50.350	807	3	1
50.426	808	1	1
50.503	809	4	1
50.580	810	3	1
50.657	811	1	1
50.734	812	4	1
50.811	813	3	1
50.888	814	1	1
50.965	815	4	1
50.965	816	2	1
51.042	817	3	1
51.119	818	1	1
51.196	819	2	1
51.273	820	3	1
51.350	821	4	1
51.426	822	2	1
51.503	823	1	1
51.580	824	4	1
51.580	825	3	1
51.657	826	1	1
51.734	827	4	1
51.811	828	3	1
51.888	829	1	1
51.965	830	4	1
52.042	831	3	1
52.119	832	1	1
52.196	833	4	1
52.196	834	2	1
52.273	835	3	1
52.350	836	1	1
52.426	837	2	1
52.503	838	4	1
52.503	839	3	1
52.580	840	1	1
52.657	841	4	1
52.734	842	3	1
52.811	843	2	1
52.811	844	1	1
52.888	845	3	1
52.965	846	4	1
53.042	847	1	1
53.119	848	2	1
53.196	849	4	1
53.273	850	3	1
53.350	851	1	1
53.426	852	4	1
53.426	853	2	1
53.503	854	3	1
53.580	855	1	1
53.657	856	4	1
53.734	857	2	1
53.811	858	1	1
53.888	859	4	1
53.965	860	3	1
54.042	861	1	1
54.042	862	2	1
54.119	863	4	1
54.196	864	3	1
54.273	865	1	1
54.350	866	2	1
54.426	867	3	1
54.503	868	1	1
54.580	869	4	1
54.657	870	1	1
54.657	871	2	1
54.734	872	3	1
54.811	873	4	1
54.888	874	1	1
54.965	875	4	1
54.965	876	2	1
55.042	877	3	1
55.119	878	1	1
55.196	879	2	1
55.273	880	4	1
55.273	881	3	1
55.350	882	1	1
55.426	883	4	1
55.503	884	1	1
55.580	885	2	1
55.657	886	4	1
55.734	887	1	1
55.811	888	2	1
55.888	889	3	1
55.888	890	4	1
55.965	891	1	1
56.042	892	4	1
56.119	893	1	1
56.196	894	3	1
56.273	895	2	1
56.350	896	3	2
56.503	897	3	3
56.426	898	1	1
56.503	899	2	1
56.503	900	4	2
56.657	901	4	3
56.580	902	1	1
56.657	903	2	2
56.811	904	2	3
56.734	905	1	1
56.811	906	3	2
56.965	907	3	3
56.888	908	4	1
56.965	909	1	2
57.119	910	1	3
57.042	911	4	1
57.119	912	3	1
57.119	913	2	2
57.273	914	2	3
57.196	915	4	1
57.273	916	3	2
57.426	917	3	3
57.350	918	1	1
57.426	919	2	1
57.426	920	4	2
57.580	921	4	3
57.503	922	1	1
57.580	923	2	2
57.734	924	2	3
57.657	925	1	1
57.734	926	4	1
57.734	927	3	2
57.888	928	3	3
57.811	929	2	1
57.888	930	1	1
57.965	931	4	1
58.042	932	2	1
58.119	933	3	1
58.196	934	1	1
58.273	935	2	1
58.350	936	4	1
58.350	937	3	1
58.426	938	1	1
58.503	939	3	1
58.580	940	1	1
58.657	941	2	1
58.734	942	4	1
58.811	943	1	1
58.888	944	2	1
58.965	945	3	1
58.965	946	4	1
59.042	947	2	1
59.119	948	1	1
59.196	949	3	1
59.273	950	2	1
59.350	951	4	1
59.426	952	1	1
59.503	953	2	1
59.580	954	4	1
59.580	955	3	1
59.657	956	1	1
59.734	957	4	1
59.811	958	3	1
59.888	959	2	1
59.888	960	4	1
59.888	961	1	1
60.042	962	1	1
60.042	963	3	1
60.042	964	4	1
60.350	965	3	1
60.350	966	4	1
60.350	967	1	1
60.503	968	2	1
60.503	969	1	1
60.503	970	3	1
60.811	971	4	1
61.119	972	1	1
61.119	973	4	1
61.119	974	3	1
61.273	975	2	1
61.426	976	4	2
61.503	977	4	3
61.580	978	1	2
61.657	979	1	3
61.734	980	4	2
61.811	981	4	3
61.888	982	1	2
61.965	983	1	3
62.042	984	4	2
62.119	985	4	3
62.350	986	3	2
63.580	987	3	3
62.350	988	4	1
62.350	989	1	1
62.657	990	2	1
62.965	991	4	1
62.965	992	2	1
63.273	993	1	1
63.580	994	4	1
63.580	995	1	2
64.196	996	1	3
63.734	997	2	1
63.888	998	4	1
64.042	999	2	1
64.196	1000	3	1
64.196	1001	4	2
64.811	1002	4	3
64.350	1003	1	1
64.503	1004	3	1
64.657	1005	1	1
64.811	1006	2	1
64.811	1007	3	2
66.042	1008	3	3
64.965	1009	4	1
65.119	1010	1	1
65.273	1011	4	1
65.426	1012	1	1
65.426	1013	2	1
65.580	1014	4	1
65.734	1015	1	1
65.888	1016	4	1
66.042	1017	2	2
66.657	1018	2	3
66.196	1019	1	1
66.350	1020	4	1
66.503	1021	1	1
66.657	1022	3	1
66.657	1023	4	1
66.811	1024	2	1
66.965	1025	1	1
67.119	1026	3	1
67.273	1027	2	2
68.503	1028	2	3
67.273	1029	4	1
67.426	1030	1	1
67.580	1031	4	1
67.734	1032	1	1
67.811	1033	4	1
67.888	1034	1	1
67.888	1035	3	1
68.042	1036	4	1
68.196	1037	1	1
68.350	1038	4	1
68.503	1039	3	1
68.503	1040	1	2
69.734	1041	1	3
68.657	1042	2	1
68.811	1043	4	1
68.965	1044	2	1
69.042	1045	4	1
69.119	1046	2	1
69.119	1047	3	1
69.273	1048	4	1
69.426	1049	3	1
69.580	1050	2	1
69.734	1051	3	1
69.734	1052	4	2
70.965	1053	4	3
69.888	1054	1	1
70.042	1055	3	1
70.196	1056	1	1
70.273	1057	3	1
70.350	1058	1	1
70.350	1059	2	1
70.503	1060	3	1
70.657	1061	1	1
70.811	1062	2	1
70.965	1063	1	1
70.965	1064	3	2
72.196	1065	3	3
71.119	1066	4	1
71.273	1067	1	1
71.426	1068	4	1
71.503	1069	1	1
71.580	1070	4	1
71.580	1071	2	1
71.734	1072	1	1
71.888	1073	4	1
72.042	1074	1	1
72.196	1075	4	1
72.196	1076	2	1
72.350	1077	3	1
72.426	1078	1	1
72.503	1079	2	1
72.657	1080	4	2
72.811	1081	4	3
72.811	1082	2	1
72.965	1083	1	1
73.119	1084	3	2
73.273	1085	3	3
73.273	1086	2	1
73.426	1087	3	1
73.426	1088	1	1
73.503	1089	4	1
73.580	1090	2	2
73.734	1091	2	3
73.734	1092	1	1
73.734	1093	4	2
73.888	1094	4	3
73.888	1095	3	2
74.042	1096	3	3
74.042	1097	1	2
74.196	1098	1	3
74.196	1099	4	2
74.350	1100	4	3
74.350	1101	1	1
74.350	1102	3	2
74.503	1103	3	3
74.503	1104	2	2
74.657	1105	2	3
74.657	1106	1	2
74.811	1107	1	3
74.811	1108	4	1
74.965	1109	1	1
74.965	1110	3	1
75.119	1111	2	1
75.273	1112	1	1
75.426	1113	2	1
75.580	1114	4	1
75.580	1115	3	1
75.734	1116	1	1
75.888	1117	4	2
76.196	1118	4	3
75.888	1119	2	1
76.042	1120	3	1
76.196	1121	1	1
76.196	1122	2	1
76.350	1123	3	1
76.503	1124	2	2
76.657	1125	2	3
76.657	1126	4	2
76.811	1127	4	3
76.811	1128	3	2
76.965	1129	3	3
76.811	1130	1	1
76.965	1131	2	1
77.119	1132	1	1
77.119	1133	4	1
77.273	1134	3	1
77.350	1135	1	1
77.426	1136	3	1
77.426	1137	2	1
77.580	1138	4	2
77.734	1139	4	3
77.734	1140	2	1
77.888	1141	1	1
78.042	1142	4	1
78.042	1143	3	2
78.196	1144	3	3
78.196	1145	2	1
78.350	1146	3	1
78.350	1147	1	1
78.426	1148	4	1
78.503	1149	2	2
78.657	1150	2	3
78.657	1151	1	1
78.657	1152	4	2
78.811	1153	4	3
78.811	1154	3	2
78.965	1155	3	3
78.965	1156	1	2
79.119	1157	1	3
79.119	1158	4	2
79.273	1159	4	3
79.273	1160	1	1
79.273	1161	3	2
79.426	1162	3	3
79.426	1163	2	2
79.580	1164	2	3
79.580	1165	1	2
79.734	1166	1	3
79.734	1167	4	1
79.888	1168	1	1
79.888	1169	3	1
80.042	1170	2	1
80.119	1171	4	1
80.196	1172	1	1
80.273	1173	3	1
80.350	1174	2	1
80.503	1175	4	1
80.503	1176	3	1
80.657	1177	1	1
80.734	1178	3	1
80.811	1179	4	2
81.119	1180	4	3
80.811	1181	2	1
80.965	1182	1	1
81.042	1183	3	1
81.119	1184	1	1
81.119	1185	2	1
81.273	1186	3	1
81.350	1187	4	1
81.426	1188	1	2
82.042	1189	1	3
81.503	1190	2	1
81.580	1191	4	1
81.657	1192	2	1
81.734	1193	4	1
81.734	1194	3	1
81.888	1195	2	1
81.965	1196	4	1
82.042	1197	3	2
82.196	1198	3	3
82.042	1199	2	1
82.196	1200	1	1
82.350	1201	1	1
82.503	1202	3	1
82.657	1203	1	1
82.734	1204	2	1
82.811	1205	4	1
82.811	1206	3	1
82.888	1207	2	1
82.965	1208	4	1
82.965	1209	1	1
82.965	1210	3	2
83.119	1211	3	3
83.119	1212	2	1
83.273	1213	2	1
83.273	1214	1	1
83.273	1215	4	2
83.426	1216	4	3
83.426	1217	3	1
83.503	1218	1	1
83.580	1219	4	1
83.580	1220	3	1
83.580	1221	2	2
83.734	1222	2	3
83.734	1223	4	2
83.888	1224	4	3
83.811	1225	3	1
83.811	1226	1	1
83.888	1227	2	1
84.042	1228	4	1
84.042	1229	1	2
84.196	1230	1	3
84.196	1231	4	1
84.196	1232	2	1
84.196	1233	3	2
84.350	1234	3	3
84.350	1235	2	2
84.503	1236	2	3
84.350	1237	1	1
84.426	1238	4	1
84.426	1239	3	1
84.503	1240	1	1
84.580	1241	3	1
84.657	1242	2	1
84.657	1243	1	2
84.811	1244	1	3
84.811	1245	3	1
84.811	1246	2	1
84.811	1247	4	2
84.965	1248	4	3
84.965	1249	3	1
85.042	1250	1	1
85.042	1251	2	1
85.119	1252	4	1
85.196	1253	3	1
85.196	1254	2	1
85.273	1255	4	2
85.426	1256	4	3
85.273	1257	1	1
85.426	1258	2	1
85.426	1259	3	2
85.580	1260	3	3
85.426	1261	1	1
85.580	1262	2	1
85.657	1263	4	1
85.657	1264	3	1
85.734	1265	2	1
85.734	1266	1	1
85.888	1267	1	1
86.042	1268	2	1
86.042	1269	4	1
86.042	1270	1	1
86.196	1271	3	2
86.350	1272	3	3
86.273	1273	2	1
86.273	1274	4	1
86.350	1275	1	1
86.503	1276	2	1
86.503	1277	1	1
86.657	1278	3	1
86.657	1279	2	1
86.657	1280	4	2
86.811	1281	4	3
86.811	1282	2	1
86.811	1283	1	1
86.888	1284	4	1
86.888	1285	3	1
86.965	1286	2	2
87.119	1287	2	3
87.119	1288	4	1
87.119	1289	3	2
87.273	1290	3	3
87.273	1291	4	1
87.273	1292	2	1
87.273	1293	1	2
87.426	1294	1	3
87.426	1295	3	1
87.503	1296	2	1
87.503	1297	4	1
87.580	1298	3	1
87.657	1299	1	1
87.657	1300	2	1
87.734	1301	4	2
87.888	1302	4	3
87.734	1303	3	1
87.888	1304	1	1
87.888	1305	2	1
87.888	1306	3	1
88.042	1307	4	1
88.119	1308	1	1
88.119	1309	2	1
88.196	1310	4	1
88.196	1311	3	1
88.350	1312	4	1
88.426	1313	1	1
88.503	1314	4	1
88.503	1315	3	1
88.503	1316	2	2
88.657	1317	2	3
88.657	1318	4	2
88.811	1319	4	3
88.734	1320	3	1
88.734	1321	1	1
88.811	1322	2	1
88.965	1323	4	1
88.965	1324	1	2
89.119	1325	1	3
89.119	1326	4	1
89.119	1327	2	1
89.119	1328	3	2
89.273	1329	3	3
89.273	1330	2	2
89.426	1331	2	3
89.273	1332	1	1
89.350	1333	4	1
89.350	1334	3	1
89.426	1335	1	1
89.503	1336	3	1
89.580	1337	2	1
89.580	1338	1	2
89.734	1339	1	3
89.734	1340	3	1
89.734	1341	2	1
89.734	1342	4	2
89.888	1343	4	3
89.888	1344	3	1
89.965	1345	1	1
89.965	1346	2	1
90.042	1347	4	1
90.042	1348	3	1
90.119	1349	2	1
90.196	1350	4	1
90.196	1351	1	1
90.350	1352	2	1
90.350	1353	1	1
90.426	1354	4	1
90.426	1355	3	1
90.503	1356	1	1
90.503	1357	2	1
90.580	1358	4	1
90.580	1359	3	1
90.657	1360	4	1
90.657	1361	2	1
90.657	1362	1	1
90.811	1363	3	1
90.965	1364	1	1
91.119	1365	3	1
91.273	1366	2	1
91.426	1367	4	1
91.580	1368	2	2
91.888	1369	2	3
91.734	1370	4	1
91.888	1371	3	1
92.042	1372	1	1
92.119	1373	2	1
92.196	1374	3	1
92.350	1375	4	1
92.426	1376	3	1
92.503	1377	2	2
92.657	1378	2	3
92.657	1379	1	2
92.811	1380	1	3
92.811	1381	3	1
92.888	1382	4	1
93.042	1383	2	1
93.119	1384	1	1
93.119	1385	4	1
93.119	1386	3	1
93.273	1387	3	1
93.350	1388	1	1
93.426	1389	2	2
93.580	1390	2	3
93.426	1391	3	1
93.426	1392	4	1
93.580	1393	4	2
93.734	1394	4	3
93.657	1395	1	1
93.657	1396	3	1
93.734	1397	2	1
93.888	1398	3	1
93.888	1399	1	2
94.042	1400	1	3
94.042	1401	3	1
94.042	1402	2	1
94.042	1403	4	2
94.196	1404	4	3
94.196	1405	2	1
94.196	1406	1	1
94.273	1407	4	1
94.273	1408	3	1
94.350	1409	1	1
94.426	1410	2	1
94.503	1411	4	1
94.503	1412	3	2
94.657	1413	3	3
94.657	1414	4	2
94.811	1415	4	3
94.657	1416	1	1
94.657	1417	2	1
94.811	1418	1	2
94.965	1419	1	3
94.888	1420	2	1
94.888	1421	4	1
94.965	1422	3	1
95.042	1423	1	1
95.042	1424	2	1
95.119	1425	4	2
95.273	1426	4	3
95.119	1427	3	1
95.273	1428	3	1
95.273	1429	2	1
95.273	1430	1	2
95.426	1431	1	3
95.426	1432	4	1
95.503	1433	2	1
95.503	1434	3	1
95.580	1435	1	2
95.734	1436	1	3
95.580	1437	4	1
95.734	1438	2	2
95.888	1439	2	3
95.888	1440	3	1
95.888	1441	1	1
95.888	1442	4	2
96.042	1443	4	3
96.042	1444	3	2
96.196	1445	3	3
96.119	1446	4	1
96.119	1447	1	1
96.196	1448	2	2
96.350	1449	2	3
96.350	1450	1	1
96.350	1451	4	2
96.503	1452	4	3
96.503	1453	1	1
96.503	1454	3	1
96.503	1455	2	2
96.657	1456	2	3
96.657	1457	4	1
96.657	1458	3	1
96.734	1459	1	1
96.734	1460	2	1
96.811	1461	3	2
97.119	1462	3	3
96.965	1463	1	1
96.965	1464	2	1
97.119	1465	1	1
97.119	1466	2	1
97.119	1467	4	2
97.273	1468	4	3
97.273	1469	2	1
97.350	1470	1	1
97.350	1471	3	1
97.426	1472	4	1
97.503	1473	1	1
97.503	1474	2	1
97.580	1475	3	1
97.580	1476	4	2
97.734	1477	4	3
97.734	1478	3	1
97.734	1479	2	1
97.734	1480	1	2
97.888	1481	1	3
97.888	1482	4	1
97.965	1483	1	1
98.042	1484	4	1
98.042	1485	3	1
98.042	1486	2	1
98.196	1487	3	1
98.273	1488	1	1
98.350	1489	3	1
98.350	1490	4	1
98.350	1491	2	2
98.503	1492	2	3
98.503	1493	4	2
98.657	1494	4	3
98.580	1495	1	1
98.580	1496	3	1
98.657	1497	2	1
98.811	1498	3	1
98.811	1499	1	2
98.965	1500	1	3
98.965	1501	3	1
98.965	1502	2	1
98.965	1503	4	2
99.119	1504	4	3
99.119	1505	2	1
99.119	1506	1	1
99.196	1507	4	1
99.196	1508	3	1
99.273	1509	1	1
99.350	1510	2	1
99.426	1511	4	1
99.426	1512	3	2
99.580	1513	3	3
99.580	1514	1	1
99.580	1515	2	1
99.580	1516	4	2
99.734	1517	4	3
99.734	1518	1	1
99.811	1519	4	1
99.811	1520	3	1
99.888	1521	2	1
99.888	1522	1	1
100.042	1523	3	1
100.042	1524	4	2
100.196	1525	4	3
100.196	1526	1	1
100.196	1527	2	1
100.273	1528	4	1
100.273	1529	3	1
100.350	1530	1	1
100.350	1531	2	1
100.426	1532	3	1
100.503	1533	1	1
100.503	1534	4	1
100.503	1535	2	1
100.657	1536	4	1
100.657	1537	3	1
100.811	1538	1	1
100.811	1539	2	1
100.965	1540	2	1
100.965	1541	4	1
100.965	1542	3	1
101.119	1543	1	1
101.119	1544	4	1
101.273	1545	1	1
101.273	1546	2	1
101.426	1547	4	1
101.426	1548	3	1
101.426	1549	2	1
101.580	1550	3	1
101.580	1551	1	1
101.734	1552	1	1
101.734	1553	4	1
101.734	1554	2	2
102.042	1555	2	3
102.042	1556	4	2
102.350	1557	4	3
102.350	1558	1	1
102.503	1559	2	1
102.657	1560	1	1
102.657	1561	4	1
102.657	1562	3	1
102.734	1563	2	1
102.811	1564	4	1
102.811	1565	3	1
102.888	1566	2	1
102.965	1567	3	1
102.965	1568	1	1
102.965	1569	4	2
104.196	1570	4	3
103.273	1571	3	1
103.580	1572	1	1
103.888	1573	3	1
104.196	1574	2	1
104.196	1575	3	2
105.426	1576	3	3
104.350	1577	1	2
104.503	1578	1	3
104.503	1579	2	2
104.657	1580	2	3
104.811	1581	1	1
105.119	1582	4	1
105.426	1583	1	1
105.426	1584	2	2
106.657	1585	2	3
105.580	1586	3	2
105.734	1587	3	3
105.734	1588	4	2
105.888	1589	4	3
106.042	1590	1	1
106.350	1591	4	1
106.657	1592	4	1
106.657	1593	3	1
106.734	1594	1	1
106.773	1595	2	1
106.811	1596	3	1
106.850	1597	4	1
106.888	1598	2	1
106.888	1599	1	1
106.965	1600	3	1
107.042	1601	4	1
107.119	1602	1	1
107.119	1603	2	1
107.196	1604	4	1
107.234	1605	3	1
107.273	1606	2	1
107.311	1607	1	1
107.350	1608	3	1
107.350	1609	4	1
107.426	1610	1	1
107.426	1611	2	1
107.503	1612	4	1
107.503	1613	3	1
107.580	1614	1	1
107.619	1615	2	1
107.657	1616	4	1
107.696	1617	3	1
107.734	1618	2	1
107.773	1619	1	1
107.811	1620	4	1
107.850	1621	3	1
107.888	1622	1	1
107.888	1623	4	2
109.119	1624	4	3
107.888	1625	2	1
108.196	1626	3	1
108.503	1627	1	1
108.811	1628	3	1
109.119	1629	2	1
109.119	1630	3	2
110.350	1631	3	3
109.273	1632	1	2
109.426	1633	1	3
109.426	1634	2	2
109.580	1635	2	3
109.734	1636	1	1
110.042	1637	4	1
110.350	1638	1	1
110.350	1639	2	2
111.580	1640	2	3
110.503	1641	3	2
110.657	1642	3	3
110.657	1643	4	2
110.811	1644	4	3
110.965	1645	1	1
111.273	1646	4	1
111.580	1647	4	1
111.580	1648	3	1
111.683	1649	1	1
111.683	1650	2	1
111.785	1651	4	1
111.785	1652	3	1
111.888	1653	1	1
111.888	1654	2	1
111.991	1655	4	1
111.991	1656	3	1
112.093	1657	1	1
112.093	1658	2	1
112.196	1659	4	1
112.196	1660	3	1
112.298	1661	1	1
112.298	1662	2	1
112.401	1663	3	1
112.401	1664	4	1
112.503	1665	2	1
112.503	1666	1	1
112.580	1667	4	1
112.580	1668	3	1
112.657	1669	1	1
112.657	1670	2	1
112.734	1671	4	1
112.734	1672	3	1
112.811	1673	1	2
113.734	1674	1	3
112.811	1675	2	1
114.042	1676	1	1
114.042	1677	4	1
114.042	1678	3	1
114.196	1679	3	1
114.273	1680	1	1
114.350	1681	2	2
114.503	1682	2	3
114.350	1683	3	1
114.350	1684	4	1
114.503	1685	4	2
114.657	1686	4	3
114.580	1687	1	1
114.580	1688	3	1
114.657	1689	2	1
114.811	1690	3	1
114.811	1691	1	2
114.965	1692	1	3
114.965	1693	3	1
114.965	1694	2	1
114.965	1695	4	2
115.119	1696	4	3
115.119	1697	2	1
115.119	1698	1	1
115.196	1699	4	1
115.196	1700	3	1
115.273	1701	1	1
115.350	1702	2	1
115.426	1703	4	1
115.426	1704	3	2
115.580	1705	3	3
115.580	1706	4	2
115.734	1707	4	3
115.580	1708	1	1
115.580	1709	2	1
115.734	1710	1	2
115.888	1711	1	3
115.811	1712	2	1
115.811	1713	4	1
115.888	1714	3	1
115.965	1715	1	1
115.965	1716	2	1
116.042	1717	4	2
116.196	1718	4	3
116.042	1719	3	1
116.196	1720	3	1
116.196	1721	2	1
116.196	1722	1	2
116.350	1723	1	3
116.350	1724	4	1
116.426	1725	2	1
116.426	1726	3	1
116.503	1727	1	2
116.657	1728	1	3
116.503	1729	4	1
116.657	1730	2	2
116.811	1731	2	3
116.811	1732	3	1
116.811	1733	1	1
116.811	1734	4	2
116.965	1735	4	3
116.965	1736	3	2
117.119	1737	3	3
117.042	1738	4	1
117.042	1739	1	1
117.119	1740	2	2
117.273	1741	2	3
117.273	1742	1	1
117.273	1743	4	2
117.426	1744	4	3
117.426	1745	1	1
117.426	1746	3	1
117.426	1747	2	2
117.580	1748	2	3
117.580	1749	4	1
117.580	1750	3	1
117.657	1751	1	1
117.657	1752	2	1
117.734	1753	3	2
118.042	1754	3	3
117.888	1755	1	1
117.888	1756	2	1
118.042	1757	1	1
118.042	1758	2	1
118.042	1759	4	2
118.196	1760	4	3
118.196	1761	2	1
118.273	1762	1	1
118.273	1763	3	1
118.350	1764	4	1
118.426	1765	1	1
118.426	1766	2	1
118.503	1767	3	1
118.503	1768	4	2
118.657	1769	4	3
118.657	1770	3	1
118.657	1771	2	1
118.657	1772	1	2
118.811	1773	1	3
118.811	1774	4	1
118.888	1775	1	1
118.965	1776	4	1
118.965	1777	3	1
118.965	1778	2	1
119.119	1779	3	1
119.196	1780	1	1
119.273	1781	3	1
119.273	1782	4	1
119.273	1783	2	2
119.426	1784	2	3
119.426	1785	4	2
119.580	1786	4	3
119.503	1787	1	1
119.503	1788	3	1
119.580	1789	2	1
119.734	1790	3	1
119.734	1791	1	2
119.888	1792	1	3
119.888	1793	3	1
119.888	1794	2	1
119.888	1795	4	2
120.042	1796	4	3
120.042	1797	2	1
120.042	1798	1	1
120.119	1799	4	1
120.119	1800	3	1
120.196	1801	1	1
120.273	1802	2	1
120.350	1803	4	1
120.350	1804	3	2
120.503	1805	3	3
120.503	1806	1	1
120.503	1807	2	1
120.503	1808	4	2
120.657	1809	4	3
120.657	1810	1	1
120.734	1811	4	1
120.734	1812	3	1
120.811	1813	2	1
120.811	1814	1	1
120.965	1815	3	1
120.965	1816	4	2
121.119	1817	4	3
121.119	1818	1	1
121.119	1819	2	1
121.196	1820	4	1
121.196	1821	3	1
121.273	1822	1	1
121.273	1823	2	1
121.350	1824	3	1
121.426	1825	1	1
121.426	1826	4	1
121.426	1827	2	1
121.580	1828	4	1
121.580	1829	3	1
121.734	1830	1	1
121.734	1831	2	1
121.888	1832	2	1
121.888	1833	4	1
121.888	1834	3	1
122.042	1835	1	1
122.042	1836	4	1
122.196	1837	1	1
122.196	1838	2	1
122.350	1839	4	1
122.350	1840	3	1
122.350	1841	2	1
122.503	1842	3	1
122.503	1843	1	1
122.657	1844	1	1
122.657	1845	4	1
122.657	1846	2	2
122.965	1847	2	3
122.965	1848	4	2
123.273	1849	4	3
123.273	1850	1	1
123.426	1851	2	1
123.580	1852	1	1
123.580	1853	4	1
123.580	1854	3	1
123.657	1855	2	1
123.734	1856	4	1
123.734	1857	3	1
123.811	1858	2	1
123.888	1859	4	1
123.888	1860	3	1
123.888	1861	1	1