Song Name	If The Sun Went Out by tv room
Difficulty	11
Primary Color	Flow
Secondary Color	Beat
Last Note Time	110.269
Total Notes	427
Fever Fill	110
Fever Time	16.540350
Long Notes	97
BPM	111
Song Length	112.300045351

Timing Points
2.127	535.7143
107.127	571.4286


Song Data
0.520	1	4	1
0.787	2	2	1
1.055	3	3	2
1.591	4	4	1
1.591	5	3	3
1.859	6	1	1
2.662	7	1	1
2.930	8	2	1
3.064	9	3	1
3.198	10	4	2
3.734	11	4	3
4.002	12	3	1
4.136	13	2	1
4.270	14	1	2
4.805	15	4	1
4.805	16	1	3
5.073	17	2	1
5.207	18	3	1
5.341	19	4	1
5.609	20	2	1
5.743	21	3	1
6.011	22	1	1
6.145	23	2	1
6.814	24	2	1
6.948	25	4	1
7.082	26	3	1
7.216	27	1	1
7.350	28	2	1
7.484	29	3	1
8.020	30	1	1
8.555	31	3	1
8.823	32	2	1
9.091	33	4	1
9.225	34	3	2
9.627	35	1	1
9.627	36	3	3
9.761	37	2	2
10.162	38	4	2
10.162	39	2	3
10.430	40	3	1
10.698	41	2	1
10.698	42	4	3
11.234	43	1	1
11.502	44	2	1
11.636	45	3	1
11.770	46	4	2
12.305	47	4	3
12.573	48	3	1
12.707	49	2	1
12.841	50	1	2
13.377	51	4	1
13.377	52	1	3
13.645	53	2	1
13.778	54	3	1
13.912	55	4	1
14.046	56	1	1
14.314	57	2	1
14.448	58	4	1
14.716	59	3	1
15.386	60	2	1
15.520	61	4	1
15.653	62	3	1
15.787	63	1	1
15.921	64	2	1
16.055	65	3	1
16.591	66	1	1
17.127	67	3	1
17.395	68	2	1
17.662	69	4	1
17.796	70	3	2
18.198	71	1	1
18.198	72	3	3
18.332	73	2	2
18.734	74	4	2
18.734	75	2	3
19.002	76	3	1
19.270	77	1	2
19.270	78	2	2
19.270	79	4	3
19.537	80	1	3
19.537	81	2	3
20.609	82	1	1
20.609	83	2	1
21.412	84	3	2
21.412	85	4	2
21.680	86	3	3
21.680	87	4	3
23.153	88	3	1
23.153	89	4	1
23.555	90	1	2
23.555	91	2	2
23.823	92	1	3
23.823	93	2	3
25.698	94	1	2
25.698	95	4	2
26.234	96	3	1
26.502	97	2	1
26.770	98	3	2
26.770	99	1	3
26.770	100	4	3
27.305	101	4	1
27.305	102	3	3
27.573	103	2	1
27.707	104	3	1
27.841	105	1	2
27.841	106	4	2
28.377	107	1	3
28.377	108	4	3
29.180	109	1	2
29.180	110	4	2
29.448	111	1	3
29.448	112	4	3
29.984	113	3	1
29.984	114	4	1
30.386	115	1	1
30.386	116	2	1
30.787	117	1	1
30.787	118	4	1
31.055	119	2	1
31.055	120	3	1
31.457	121	4	2
31.859	122	1	1
31.859	123	2	1
31.859	124	4	3
32.127	125	3	1
32.127	126	4	1
32.528	127	1	1
32.528	128	2	1
32.930	129	3	1
32.930	130	4	1
33.734	131	1	2
33.734	132	4	2
34.270	133	2	2
34.270	134	3	2
34.270	135	1	3
34.270	136	4	3
34.805	137	4	1
34.805	138	2	3
34.805	139	3	3
35.073	140	2	1
35.341	141	1	2
35.341	142	3	2
35.877	143	4	1
35.877	144	1	3
35.877	145	3	3
36.145	146	2	1
36.278	147	3	1
36.814	148	3	1
36.948	149	1	2
37.484	150	4	1
37.484	151	1	3
37.752	152	2	1
38.020	153	1	1
38.287	154	3	2
38.957	155	4	1
38.957	156	3	3
39.091	157	2	1
39.627	158	1	1
39.895	159	3	2
40.430	160	1	1
40.430	161	3	3
40.698	162	2	2
41.234	163	4	1
41.234	164	2	3
41.502	165	3	1
41.770	166	4	2
42.171	167	1	1
42.171	168	4	3
42.305	169	2	2
42.707	170	4	1
42.707	171	2	3
42.841	172	1	1
43.109	173	1	1
43.377	174	2	1
43.645	175	2	1
43.912	176	3	1
44.180	177	3	1
44.448	178	4	1
44.582	179	3	1
44.716	180	2	1
44.850	181	1	1
45.252	182	2	1
45.520	183	3	1
45.787	184	4	1
45.921	185	1	1
46.189	186	2	2
46.859	187	4	1
47.127	188	3	1
47.127	189	2	3
47.395	190	1	1
47.662	191	4	1
47.930	192	3	1
48.198	193	1	1
48.466	194	4	1
48.734	195	2	1
49.002	196	3	1
49.403	197	1	1
49.805	198	2	1
50.341	199	3	1
50.877	200	4	2
51.412	201	1	2
51.412	202	4	3
51.948	203	4	1
51.948	204	1	3
52.216	205	2	1
52.484	206	3	2
53.020	207	4	1
53.020	208	3	3
53.555	209	1	2
54.091	210	1	3
54.359	211	2	1
54.493	212	3	1
54.627	213	4	2
55.162	214	4	3
55.430	215	3	1
55.564	216	2	1
55.698	217	1	2
56.234	218	1	3
56.502	219	2	1
56.636	220	3	1
56.770	221	4	1
57.037	222	2	1
57.171	223	3	1
57.439	224	1	1
57.573	225	2	1
58.243	226	2	1
58.377	227	4	1
58.511	228	3	1
58.645	229	1	1
58.778	230	2	1
60.520	231	4	1
60.653	232	3	2
61.055	233	1	1
61.055	234	3	3
61.189	235	2	2
61.591	236	4	2
61.591	237	2	3
62.127	238	4	3
62.930	239	2	1
63.064	240	3	1
63.198	241	4	2
63.734	242	4	3
64.002	243	3	1
64.136	244	2	1
64.270	245	1	2
64.805	246	1	3
65.073	247	2	1
65.207	248	3	1
65.341	249	4	1
65.475	250	1	1
65.743	251	3	1
66.011	252	2	1
66.278	253	1	1
66.814	254	2	1
66.948	255	4	1
67.082	256	3	1
67.216	257	1	1
67.350	258	2	1
68.555	259	2	1
68.689	260	3	1
68.823	261	4	1
68.957	262	1	1
69.627	263	1	2
69.895	264	2	2
70.162	265	3	2
70.564	266	4	1
70.564	267	1	3
70.564	268	2	3
70.564	269	3	3
71.502	270	1	1
71.770	271	2	2
72.171	272	3	2
72.171	273	2	3
72.841	274	3	3
73.912	275	1	1
74.046	276	3	2
74.448	277	2	1
74.448	278	3	3
74.582	279	4	1
74.805	280	1	2
75.252	281	1	3
76.055	282	2	2
76.457	283	3	2
76.457	284	2	3
76.859	285	1	1
76.859	286	3	3
77.127	287	4	2
77.528	288	1	2
77.528	289	4	3
77.930	290	4	1
77.930	291	1	3
78.198	292	2	2
78.600	293	3	2
78.600	294	2	3
79.002	295	1	1
79.002	296	3	3
79.270	297	4	2
79.671	298	1	2
79.671	299	4	3
80.073	300	3	1
80.073	301	1	3
80.341	302	2	2
80.743	303	3	2
80.743	304	2	3
81.412	305	3	3
82.484	306	1	1
82.618	307	3	2
83.020	308	2	1
83.020	309	3	3
83.153	310	4	1
83.421	311	1	2
83.823	312	3	2
84.359	313	1	3
84.359	314	3	3
84.627	315	2	2
85.162	316	4	1
85.162	317	2	3
85.341	318	3	1
85.520	319	2	1
85.698	320	1	1
85.966	321	4	1
86.234	322	3	1
86.502	323	2	1
86.770	324	1	1
86.948	325	3	1
87.127	326	2	1
87.305	327	1	1
87.484	328	4	1
87.662	329	3	1
87.841	330	1	2
87.841	331	2	2
88.377	332	4	1
88.377	333	1	3
88.377	334	2	3
88.645	335	3	1
89.180	336	2	1
89.180	337	4	1
89.314	338	3	1
89.582	339	1	1
89.984	340	3	2
89.984	341	4	2
90.520	342	3	3
90.520	343	4	3
91.323	344	2	1
91.725	345	3	1
92.127	346	1	2
92.127	347	2	2
92.662	348	4	1
92.662	349	1	3
92.662	350	2	3
92.930	351	3	1
93.466	352	1	2
94.002	353	1	3
94.270	354	3	2
94.270	355	4	2
94.805	356	2	1
94.805	357	3	3
94.805	358	4	3
95.073	359	1	1
95.341	360	3	2
95.877	361	4	1
95.877	362	3	3
96.145	363	2	1
96.278	364	3	1
96.412	365	1	2
96.412	366	4	2
96.948	367	1	3
96.948	368	4	3
97.752	369	1	2
97.752	370	4	2
98.020	371	1	3
98.020	372	4	3
98.555	373	3	1
98.555	374	4	1
98.957	375	2	1
98.957	376	3	1
99.359	377	1	1
99.359	378	2	1
99.627	379	3	1
99.627	380	4	1
100.028	381	1	1
100.028	382	4	1
100.430	383	1	1
100.430	384	2	1
100.698	385	3	1
100.698	386	4	1
101.100	387	1	1
101.100	388	2	1
101.502	389	3	1
101.502	390	4	1
102.305	391	1	2
102.305	392	4	2
102.841	393	2	2
102.841	394	3	2
102.841	395	1	3
102.841	396	4	3
103.377	397	4	1
103.377	398	2	3
103.377	399	3	3
103.645	400	2	1
103.912	401	1	2
103.912	402	3	2
104.448	403	4	1
104.448	404	1	3
104.448	405	3	3
105.252	406	3	1
105.252	407	4	1
105.787	408	2	1
106.055	409	1	2
106.055	410	3	2
106.591	411	2	2
106.591	412	4	2
106.591	413	1	3
106.591	414	3	3
106.859	415	2	3
106.859	416	4	3
107.127	417	1	1
107.127	418	3	1
107.698	419	4	1
107.984	420	2	1
108.269	421	1	2
108.269	422	3	2
108.984	423	4	1
108.984	424	1	3
108.984	425	3	3
109.412	426	2	2
110.269	427	2	3