Song Name	Insight (1NS1GHTFUL Remix) (Hard) by Haywyre (Remixed by Fritzy)
Title	Insight (1NS1GHTFUL Remix) (Hard)
Artist	Haywyre (Remixed by Fritzy)
Description	A remix of 'Insight' by Robeats contributor Fritzy. Map by Himitsu.
Difficulty	31
Primary Color	Vibe
Secondary Color	Flow
Cover Image ID	7098335739
Audio Asset ID	rbxassetid://9065268029
Audio File	9065268029.ogg
Last Note Time	114.754
Total Notes	2042
Fever Fill	637
Fever Time	17.213100
Long Notes	131
BPM	205
Song Length	115.754000000

Timing Points
0.023	292.682927
58.559	292.682927
96.022	292.682927


Song Data
0.023	1	1	1
0.023	2	4	1
0.023	3	3	1
0.169	4	1	1
0.315	5	3	1
0.315	6	4	1
0.315	7	2	1
0.462	8	2	1
0.608	9	4	1
0.608	10	1	1
0.754	11	3	1
0.901	12	1	1
0.901	13	2	1
0.901	14	4	1
1.047	15	4	1
1.193	16	2	1
1.193	17	3	1
1.340	18	1	1
1.486	19	2	1
1.486	20	4	1
1.486	21	3	1
1.632	22	2	1
1.779	23	1	1
1.779	24	4	1
1.925	25	3	1
2.071	26	4	1
2.071	27	2	1
2.071	28	1	1
2.218	29	4	1
2.364	30	2	1
2.364	31	3	1
2.510	32	1	1
2.657	33	3	1
2.657	34	4	1
2.657	35	2	1
2.803	36	2	1
2.949	37	4	1
2.949	38	1	1
3.096	39	3	1
3.242	40	1	1
3.242	41	2	1
3.242	42	4	1
3.388	43	4	1
3.535	44	2	1
3.535	45	3	1
3.681	46	1	1
3.827	47	2	1
3.827	48	4	1
3.827	49	3	1
3.974	50	2	1
4.120	51	1	1
4.120	52	4	1
4.266	53	3	1
4.413	54	4	1
4.413	55	2	1
4.413	56	1	1
4.559	57	4	1
4.705	58	2	1
4.705	59	3	1
4.852	60	1	1
4.998	61	2	1
4.998	62	4	1
4.998	63	3	1
5.144	64	2	1
5.291	65	1	1
5.291	66	4	1
5.437	67	3	1
5.583	68	4	1
5.583	69	2	1
5.583	70	1	1
5.730	71	4	1
5.876	72	3	1
5.876	73	2	1
6.022	74	1	1
6.169	75	3	1
6.169	76	4	1
6.169	77	2	1
6.315	78	2	1
6.462	79	4	1
6.462	80	1	1
6.608	81	3	1
6.754	82	1	1
6.754	83	2	1
6.754	84	4	1
6.901	85	4	1
7.047	86	3	1
7.047	87	2	1
7.193	88	1	1
7.340	89	2	1
7.340	90	4	1
7.340	91	3	1
7.486	92	2	1
7.632	93	1	1
7.632	94	4	1
7.779	95	3	1
7.925	96	4	1
7.925	97	2	1
7.925	98	1	1
8.071	99	4	1
8.218	100	3	1
8.218	101	2	1
8.364	102	1	1
8.510	103	3	1
8.510	104	4	1
8.510	105	2	1
8.657	106	2	1
8.803	107	4	1
8.803	108	1	1
8.949	109	3	1
9.096	110	1	1
9.096	111	2	1
9.096	112	4	1
9.242	113	4	1
9.388	114	3	1
9.388	115	1	1
9.462	116	2	1
9.535	117	4	1
9.608	118	3	1
9.681	119	4	1
9.681	120	1	1
9.681	121	2	1
9.754	122	3	1
9.827	123	1	1
9.901	124	2	1
9.974	125	4	1
9.974	126	1	1
10.047	127	3	1
10.120	128	2	1
10.193	129	1	1
10.266	130	2	1
10.266	131	4	1
10.266	132	3	1
10.340	133	1	1
10.413	134	4	1
10.486	135	2	1
10.559	136	1	1
10.559	137	3	1
10.632	138	2	1
10.705	139	4	1
10.779	140	3	1
10.852	141	1	1
10.852	142	4	1
10.852	143	2	1
10.925	144	3	1
10.998	145	1	1
11.071	146	2	1
11.144	147	4	1
11.144	148	1	1
11.218	149	3	1
11.291	150	2	1
11.364	151	1	1
11.437	152	4	1
11.437	153	2	1
11.437	154	3	1
11.510	155	1	1
11.583	156	4	1
11.657	157	2	1
11.730	158	3	1
11.730	159	1	1
11.803	160	2	1
11.876	161	4	1
11.949	162	3	1
12.022	163	2	1
12.022	164	4	1
12.022	165	1	1
12.096	166	3	1
12.169	167	1	1
12.242	168	2	1
12.315	169	1	1
12.315	170	4	1
12.388	171	3	1
12.462	172	2	1
12.535	173	1	1
12.608	174	3	1
12.608	175	2	1
12.608	176	4	1
12.681	177	1	1
12.754	178	4	1
12.827	179	2	1
12.901	180	1	1
12.901	181	3	1
12.974	182	2	1
13.047	183	4	1
13.120	184	3	1
13.193	185	1	1
13.193	186	4	1
13.193	187	2	1
13.266	188	3	1
13.340	189	1	1
13.413	190	2	1
13.486	191	4	1
13.486	192	1	1
13.559	193	3	1
13.632	194	2	1
13.705	195	1	1
13.779	196	4	1
13.779	197	2	1
13.779	198	3	1
13.852	199	1	1
13.925	200	4	1
13.998	201	2	1
14.071	202	3	1
14.071	203	1	1
14.144	204	2	1
14.218	205	4	1
14.291	206	3	1
14.364	207	2	1
14.364	208	4	1
14.364	209	1	1
14.437	210	3	1
14.510	211	1	1
14.583	212	2	1
14.657	213	1	1
14.657	214	4	1
14.730	215	3	1
14.803	216	2	1
14.876	217	1	1
14.949	218	3	1
14.949	219	2	1
14.949	220	4	1
15.022	221	1	1
15.096	222	4	1
15.169	223	2	1
15.242	224	1	1
15.242	225	3	1
15.315	226	2	1
15.388	227	4	1
15.462	228	3	1
15.535	229	1	1
15.535	230	4	1
15.535	231	2	1
15.608	232	3	1
15.681	233	1	1
15.754	234	2	1
15.827	235	4	1
15.827	236	1	1
15.901	237	3	1
15.974	238	2	1
16.047	239	1	1
16.120	240	4	1
16.120	241	2	1
16.120	242	3	1
16.193	243	1	1
16.266	244	4	1
16.340	245	2	1
16.413	246	3	1
16.413	247	1	1
16.486	248	2	1
16.559	249	4	1
16.632	250	3	1
16.705	251	2	1
16.705	252	4	1
16.705	253	1	1
16.779	254	3	1
16.852	255	1	1
16.925	256	2	1
16.998	257	1	1
16.998	258	4	1
17.071	259	3	1
17.144	260	2	1
17.218	261	1	1
17.291	262	3	1
17.291	263	2	1
17.291	264	4	1
17.364	265	1	1
17.437	266	4	1
17.510	267	2	1
17.583	268	1	1
17.583	269	3	1
17.657	270	2	1
17.730	271	4	1
17.803	272	3	1
17.876	273	1	1
17.876	274	4	1
17.876	275	2	1
17.949	276	3	1
18.022	277	1	1
18.096	278	2	1
18.169	279	4	1
18.169	280	1	1
18.242	281	3	1
18.315	282	2	1
18.388	283	1	1
18.462	284	4	1
18.462	285	2	1
18.462	286	3	1
18.535	287	1	1
18.608	288	4	1
18.681	289	2	1
18.754	290	1	2
20.803	291	1	3
20.803	292	4	2
21.096	293	4	3
21.096	294	3	2
21.242	295	3	3
21.096	296	1	2
21.242	297	1	3
21.242	298	2	2
21.388	299	2	3
21.388	300	3	2
21.535	301	3	3
21.535	302	4	2
21.681	303	4	3
21.681	304	1	2
21.827	305	1	3
21.827	306	4	2
21.974	307	4	3
21.827	308	2	2
21.974	309	2	3
21.974	310	3	2
22.120	311	3	3
22.120	312	4	2
22.266	313	4	3
22.266	314	1	2
22.413	315	1	3
22.266	316	3	2
22.413	317	3	3
22.413	318	2	2
22.559	319	2	3
22.559	320	4	2
22.705	321	4	3
22.705	322	3	2
22.852	323	3	3
22.852	324	1	2
22.998	325	1	3
22.852	326	2	2
22.998	327	2	3
22.998	328	3	2
23.144	329	3	3
23.144	330	4	2
23.291	331	4	3
23.291	332	1	2
23.437	333	1	3
23.437	334	3	2
23.583	335	3	3
23.437	336	2	2
23.583	337	2	3
23.583	338	4	2
23.730	339	4	3
23.730	340	1	2
23.876	341	1	3
23.876	342	2	2
24.022	343	2	3
24.022	344	3	2
24.169	345	3	3
24.169	346	1	2
24.315	347	1	3
24.169	348	4	2
24.315	349	4	3
24.315	350	2	2
24.462	351	2	3
24.462	352	3	2
24.608	353	3	3
24.608	354	4	2
24.754	355	4	3
24.608	356	1	2
24.754	357	1	3
24.754	358	2	2
24.901	359	2	3
24.901	360	3	2
25.047	361	3	3
25.047	362	4	2
25.193	363	4	3
25.193	364	1	2
25.340	365	1	3
25.193	366	2	2
25.340	367	2	3
25.340	368	3	2
25.486	369	3	3
25.486	370	4	2
25.632	371	4	3
25.632	372	2	2
25.779	373	2	3
25.779	374	3	2
25.925	375	3	3
25.779	376	1	2
25.925	377	1	3
25.925	378	2	2
26.071	379	2	3
26.071	380	3	2
26.218	381	3	3
26.218	382	4	2
26.364	383	4	3
26.364	384	1	2
26.510	385	1	3
26.510	386	4	2
26.657	387	4	3
26.510	388	2	2
26.657	389	2	3
26.657	390	3	2
26.803	391	3	3
26.803	392	4	2
26.949	393	4	3
26.949	394	1	2
27.096	395	1	3
26.949	396	3	2
27.096	397	3	3
27.096	398	2	2
27.242	399	2	3
27.242	400	4	2
27.388	401	4	3
27.388	402	3	2
27.535	403	3	3
27.535	404	1	2
27.681	405	1	3
27.535	406	2	2
27.681	407	2	3
27.681	408	3	2
27.827	409	3	3
27.827	410	4	2
27.974	411	4	3
27.974	412	1	2
28.120	413	1	3
28.120	414	3	2
28.266	415	3	3
28.120	416	2	2
28.266	417	2	3
28.266	418	4	2
28.413	419	4	3
28.413	420	1	2
28.559	421	1	3
28.559	422	2	2
28.705	423	2	3
28.705	424	3	2
28.852	425	3	3
28.852	426	1	2
28.998	427	1	3
28.852	428	4	2
28.998	429	4	3
28.998	430	2	2
29.144	431	2	3
29.144	432	3	2
29.291	433	3	3
29.291	434	4	2
29.437	435	4	3
29.291	436	1	2
29.437	437	1	3
29.437	438	2	2
29.583	439	2	3
29.583	440	3	2
29.730	441	3	3
29.730	442	4	2
29.876	443	4	3
29.876	444	1	2
30.022	445	1	3
29.876	446	2	2
30.022	447	2	3
30.022	448	3	2
30.169	449	3	3
30.169	450	4	2
30.315	451	4	3
30.315	452	2	2
30.462	453	2	3
30.462	454	4	1
30.462	455	1	1
30.608	456	3	1
30.754	457	2	1
30.754	458	3	1
30.901	459	2	1
31.047	460	4	1
31.047	461	1	1
31.193	462	3	1
31.340	463	2	1
31.486	464	3	1
31.486	465	4	1
31.632	466	1	1
31.779	467	3	1
31.779	468	4	1
31.925	469	1	1
31.925	470	3	1
32.071	471	1	1
32.071	472	2	1
32.218	473	3	1
32.218	474	4	1
32.364	475	1	1
32.413	476	4	1
32.462	477	3	1
32.510	478	2	1
32.657	479	4	1
32.657	480	1	1
32.803	481	1	1
32.803	482	2	1
32.949	483	3	1
33.096	484	2	1
33.096	485	3	1
33.242	486	2	1
33.388	487	4	1
33.388	488	1	1
33.535	489	3	1
33.681	490	2	1
33.827	491	3	1
33.827	492	4	1
33.974	493	1	1
34.120	494	3	1
34.120	495	4	1
34.266	496	1	1
34.266	497	3	1
34.413	498	2	1
34.559	499	2	1
34.559	500	3	1
34.705	501	4	1
34.852	502	1	1
34.998	503	3	1
35.144	504	4	1
35.144	505	1	1
35.291	506	3	1
35.437	507	2	1
35.437	508	3	1
35.583	509	2	1
35.730	510	4	1
35.730	511	1	1
35.876	512	3	1
36.022	513	2	1
36.169	514	3	1
36.169	515	4	1
36.315	516	1	1
36.462	517	3	1
36.462	518	4	1
36.608	519	1	1
36.608	520	3	1
36.754	521	1	1
36.754	522	2	1
36.901	523	3	1
36.901	524	4	1
37.047	525	1	1
37.096	526	4	1
37.144	527	3	1
37.193	528	2	1
37.340	529	4	1
37.340	530	1	1
37.486	531	1	1
37.486	532	2	1
37.632	533	3	1
37.779	534	2	1
37.779	535	3	1
37.925	536	1	1
38.071	537	4	1
38.071	538	2	1
38.218	539	3	1
38.364	540	1	1
38.510	541	4	1
38.510	542	2	1
38.657	543	1	1
38.803	544	2	1
38.803	545	3	1
38.949	546	4	1
38.949	547	3	1
39.096	548	1	1
39.242	549	3	1
39.242	550	2	1
39.388	551	1	1
39.535	552	1	1
39.535	553	2	1
39.608	554	4	1
39.608	555	3	1
39.681	556	1	1
39.681	557	2	1
39.754	558	3	1
39.754	559	4	1
39.827	560	1	1
39.827	561	2	1
39.974	562	4	1
39.974	563	3	1
40.120	564	2	1
40.120	565	3	1
40.266	566	2	1
40.340	567	4	1
40.340	568	3	1
40.413	569	1	1
40.486	570	3	1
40.486	571	4	1
40.559	572	2	1
40.559	573	1	1
40.632	574	1	1
40.632	575	2	1
40.705	576	4	1
40.705	577	3	1
40.852	578	3	1
40.925	579	4	1
40.925	580	2	1
40.998	581	3	1
40.998	582	1	1
41.144	583	3	1
41.144	584	4	1
41.291	585	1	1
41.291	586	3	1
41.437	587	1	1
41.510	588	3	1
41.510	589	2	1
41.583	590	4	1
41.657	591	2	1
41.657	592	3	1
41.730	593	4	1
41.730	594	1	1
41.779	595	3	1
41.827	596	2	1
41.876	597	4	1
41.876	598	1	1
42.022	599	2	1
42.022	600	3	1
42.169	601	1	1
42.169	602	2	1
42.315	603	4	1
42.315	604	3	1
42.462	605	2	1
42.462	606	3	1
42.608	607	2	1
42.681	608	4	1
42.681	609	3	1
42.754	610	1	1
42.827	611	3	1
42.827	612	4	1
42.901	613	1	1
42.901	614	2	1
42.974	615	1	1
42.974	616	2	1
43.047	617	4	1
43.047	618	3	1
43.193	619	3	1
43.266	620	4	1
43.266	621	2	1
43.340	622	1	1
43.486	623	3	1
43.486	624	4	1
43.632	625	1	1
43.632	626	3	1
43.779	627	1	1
43.852	628	2	1
43.852	629	3	1
43.925	630	4	1
43.998	631	2	1
43.998	632	3	1
44.071	633	1	1
44.071	634	4	1
44.218	635	2	1
44.218	636	1	1
44.364	637	4	1
44.364	638	3	1
44.510	639	1	1
44.510	640	2	1
44.657	641	4	1
44.657	642	3	1
44.803	643	2	1
44.803	644	3	1
44.949	645	2	1
45.022	646	4	1
45.022	647	3	1
45.096	648	1	1
45.169	649	3	1
45.169	650	4	1
45.242	651	2	1
45.242	652	1	1
45.315	653	1	1
45.315	654	2	1
45.388	655	4	1
45.388	656	3	1
45.535	657	3	1
45.608	658	4	1
45.608	659	2	1
45.681	660	3	1
45.681	661	1	1
45.827	662	3	1
45.827	663	4	1
45.974	664	1	1
45.974	665	3	1
46.120	666	1	1
46.193	667	3	1
46.193	668	2	1
46.266	669	4	1
46.340	670	2	1
46.340	671	3	1
46.413	672	4	1
46.413	673	1	1
46.462	674	3	1
46.510	675	2	1
46.559	676	4	1
46.559	677	1	1
46.705	678	2	1
46.705	679	3	1
46.852	680	1	1
46.852	681	2	1
46.998	682	4	1
46.998	683	3	1
47.144	684	2	1
47.144	685	3	1
47.291	686	2	1
47.364	687	3	1
47.364	688	4	1
47.437	689	1	1
47.510	690	3	1
47.510	691	4	1
47.583	692	1	1
47.583	693	2	1
47.657	694	1	1
47.657	695	2	1
47.730	696	4	1
47.730	697	3	1
47.876	698	3	1
47.949	699	4	1
47.949	700	2	1
48.022	701	1	1
48.169	702	3	1
48.169	703	4	1
48.315	704	1	1
48.315	705	3	1
48.462	706	1	1
48.535	707	2	1
48.535	708	3	1
48.608	709	4	1
48.681	710	2	1
48.681	711	3	1
48.754	712	1	1
48.754	713	4	1
48.901	714	3	1
48.901	715	2	1
48.901	716	1	1
49.047	717	4	1
49.193	718	1	1
49.193	719	2	1
49.266	720	4	1
49.340	721	2	1
49.340	722	3	1
49.413	723	1	1
49.486	724	2	1
49.486	725	3	1
49.559	726	4	1
49.632	727	2	1
49.705	728	4	1
49.705	729	3	1
49.779	730	1	1
49.852	731	3	1
49.852	732	4	1
49.925	733	2	1
49.925	734	1	1
49.998	735	1	1
49.998	736	2	1
50.071	737	4	1
50.071	738	3	1
50.144	739	1	1
50.218	740	3	1
50.291	741	4	1
50.291	742	2	1
50.364	743	3	1
50.364	744	1	1
50.437	745	2	1
50.510	746	3	1
50.510	747	4	1
50.583	748	2	1
50.657	749	1	1
50.657	750	3	1
50.730	751	4	1
50.803	752	1	1
50.876	753	3	1
50.876	754	2	1
50.949	755	4	1
51.022	756	2	1
51.022	757	3	1
51.096	758	4	1
51.096	759	1	1
51.144	760	3	1
51.193	761	2	1
51.242	762	4	1
51.242	763	1	1
51.315	764	3	1
51.388	765	1	1
51.388	766	2	1
51.462	767	4	1
51.535	768	1	1
51.535	769	2	1
51.608	770	3	1
51.681	771	2	1
51.681	772	4	1
51.754	773	1	1
51.827	774	2	1
51.827	775	3	1
51.901	776	4	1
51.974	777	2	1
52.047	778	4	1
52.047	779	3	1
52.120	780	1	1
52.193	781	3	1
52.193	782	4	1
52.266	783	1	1
52.266	784	2	1
52.340	785	1	1
52.340	786	2	1
52.413	787	4	1
52.413	788	3	1
52.486	789	1	1
52.559	790	3	1
52.632	791	4	1
52.632	792	2	1
52.705	793	1	1
52.779	794	2	1
52.852	795	3	1
52.852	796	4	1
52.925	797	2	1
52.998	798	1	1
52.998	799	3	1
53.071	800	4	1
53.144	801	1	1
53.218	802	2	1
53.218	803	3	1
53.291	804	4	1
53.364	805	2	1
53.364	806	3	1
53.437	807	1	1
53.437	808	4	1
53.510	809	3	1
53.583	810	2	1
53.583	811	1	1
53.657	812	3	1
53.730	813	1	1
53.730	814	4	1
53.803	815	3	1
53.876	816	1	1
53.876	817	2	1
53.949	818	4	1
54.022	819	2	1
54.022	820	3	1
54.096	821	1	1
54.169	822	2	1
54.169	823	3	1
54.242	824	4	1
54.315	825	2	1
54.388	826	4	1
54.388	827	3	1
54.462	828	1	1
54.535	829	3	1
54.535	830	4	1
54.608	831	2	1
54.608	832	1	1
54.681	833	1	1
54.681	834	2	1
54.754	835	4	1
54.754	836	3	1
54.827	837	1	1
54.901	838	3	1
54.974	839	4	1
54.974	840	2	1
55.047	841	3	1
55.047	842	1	1
55.120	843	2	1
55.193	844	3	1
55.193	845	4	1
55.266	846	2	1
55.340	847	1	1
55.340	848	3	1
55.413	849	4	1
55.486	850	1	1
55.559	851	3	1
55.559	852	2	1
55.632	853	4	1
55.705	854	2	1
55.705	855	3	1
55.779	856	4	1
55.779	857	1	1
55.827	858	3	1
55.876	859	2	1
55.925	860	4	1
55.925	861	1	1
55.998	862	3	1
56.071	863	4	1
56.071	864	2	1
56.144	865	3	1
56.218	866	1	1
56.291	867	2	1
56.364	868	3	1
56.437	869	4	1
56.510	870	3	1
56.583	871	2	1
56.657	872	1	1
56.730	873	2	1
56.803	874	3	1
56.876	875	4	1
56.949	876	3	1
57.022	877	2	1
57.096	878	1	1
57.169	879	2	1
57.242	880	3	1
57.315	881	4	1
57.388	882	1	1
57.425	883	2	1
57.462	884	3	1
57.498	885	4	1
57.535	886	1	1
57.571	887	2	1
57.608	888	3	1
57.644	889	4	1
57.681	890	1	1
57.718	891	2	1
57.754	892	3	1
57.791	893	4	1
57.827	894	1	1
57.864	895	2	1
57.901	896	3	1
57.937	897	4	1
57.974	898	1	2
58.266	899	1	3
58.266	900	4	2
58.559	901	4	3
58.559	902	1	1
58.559	903	3	1
58.632	904	2	1
58.705	905	1	1
58.705	906	3	1
58.779	907	4	1
58.852	908	3	1
58.852	909	2	1
58.852	910	1	1
58.925	911	4	1
58.998	912	3	1
59.071	913	1	1
59.071	914	2	1
59.144	915	3	1
59.144	916	4	1
59.218	917	2	1
59.218	918	1	1
59.291	919	4	1
59.291	920	3	1
59.364	921	4	1
59.364	922	3	1
59.437	923	1	1
59.437	924	2	1
59.510	925	3	1
59.583	926	4	1
59.657	927	1	1
59.657	928	2	1
59.730	929	4	1
59.730	930	3	1
59.803	931	2	1
59.876	932	1	1
59.876	933	3	1
59.949	934	4	1
60.022	935	3	1
60.022	936	2	1
60.022	937	1	1
60.096	938	4	1
60.169	939	3	1
60.242	940	1	1
60.242	941	2	1
60.315	942	3	1
60.315	943	4	1
60.388	944	2	1
60.388	945	1	1
60.462	946	4	1
60.462	947	3	1
60.535	948	2	1
60.608	949	3	1
60.608	950	4	1
60.608	951	1	1
60.681	952	2	1
60.754	953	1	1
60.827	954	4	1
60.901	955	2	1
60.901	956	3	1
60.974	957	1	1
61.047	958	4	1
61.047	959	3	1
61.120	960	2	1
61.193	961	3	1
61.193	962	4	1
61.193	963	1	1
61.266	964	2	1
61.340	965	1	1
61.413	966	3	1
61.413	967	4	1
61.486	968	2	1
61.486	969	1	1
61.559	970	3	1
61.559	971	4	1
61.632	972	1	1
61.632	973	2	1
61.705	974	1	1
61.705	975	2	1
61.779	976	4	1
61.779	977	3	1
61.852	978	2	1
61.925	979	1	1
61.998	980	3	1
61.998	981	4	1
62.071	982	1	1
62.071	983	2	1
62.144	984	3	1
62.218	985	1	1
62.218	986	4	1
62.291	987	2	1
62.364	988	3	1
62.364	989	4	1
62.364	990	1	1
62.437	991	2	1
62.510	992	1	1
62.583	993	4	1
62.583	994	3	1
62.657	995	1	1
62.657	996	2	1
62.730	997	3	1
62.730	998	4	1
62.803	999	2	1
62.803	1000	1	1
62.876	1001	3	1
62.949	1002	1	1
62.949	1003	2	1
62.949	1004	4	1
63.022	1005	3	1
63.096	1006	1	1
63.169	1007	4	1
63.242	1008	1	1
63.242	1009	3	1
63.315	1010	2	1
63.388	1011	1	1
63.388	1012	3	1
63.462	1013	4	1
63.535	1014	3	1
63.535	1015	2	1
63.535	1016	1	1
63.608	1017	4	1
63.681	1018	3	1
63.754	1019	1	1
63.754	1020	2	1
63.827	1021	3	1
63.827	1022	4	1
63.901	1023	2	1
63.901	1024	1	1
63.974	1025	4	1
63.974	1026	3	1
64.047	1027	4	1
64.047	1028	3	1
64.120	1029	1	1
64.120	1030	2	1
64.193	1031	3	1
64.266	1032	4	1
64.340	1033	1	1
64.340	1034	2	1
64.413	1035	4	1
64.413	1036	3	1
64.486	1037	2	1
64.559	1038	1	1
64.559	1039	3	1
64.632	1040	4	1
64.705	1041	3	1
64.705	1042	2	1
64.705	1043	1	1
64.779	1044	4	1
64.852	1045	3	1
64.925	1046	1	1
64.925	1047	2	1
64.998	1048	3	1
64.998	1049	4	1
65.071	1050	2	1
65.071	1051	1	1
65.144	1052	4	1
65.144	1053	3	1
65.218	1054	2	1
65.291	1055	3	1
65.291	1056	4	1
65.291	1057	1	1
65.364	1058	2	1
65.437	1059	1	1
65.510	1060	4	1
65.583	1061	3	1
65.583	1062	1	2
66.022	1063	1	3
65.730	1064	4	1
65.730	1065	2	1
65.876	1066	4	1
65.876	1067	3	1
66.022	1068	2	2
66.608	1069	2	3
66.096	1070	4	1
66.096	1071	3	1
66.169	1072	1	1
66.242	1073	4	1
66.242	1074	3	1
66.315	1075	1	1
66.388	1076	4	1
66.462	1077	1	1
66.462	1078	3	1
66.608	1079	4	2
66.901	1080	4	3
66.681	1081	1	1
66.681	1082	2	1
66.754	1083	3	1
66.901	1084	1	1
66.901	1085	3	1
67.047	1086	4	1
67.047	1087	1	1
67.047	1088	2	1
67.193	1089	3	1
67.266	1090	4	1
67.266	1091	2	1
67.340	1092	3	1
67.340	1093	1	1
67.413	1094	4	1
67.413	1095	2	1
67.486	1096	1	1
67.486	1097	3	1
67.632	1098	1	1
67.632	1099	2	1
67.632	1100	4	2
67.925	1101	4	3
67.779	1102	3	1
67.925	1103	1	1
67.925	1104	3	1
67.998	1105	2	1
68.071	1106	1	1
68.071	1107	3	1
68.144	1108	4	1
68.218	1109	3	1
68.218	1110	2	1
68.218	1111	1	1
68.291	1112	4	1
68.364	1113	3	1
68.437	1114	1	1
68.437	1115	2	1
68.510	1116	3	1
68.510	1117	4	1
68.583	1118	2	1
68.583	1119	1	1
68.657	1120	4	1
68.657	1121	3	1
68.730	1122	4	1
68.730	1123	3	1
68.803	1124	1	1
68.803	1125	2	1
68.876	1126	3	1
68.949	1127	4	1
69.022	1128	1	1
69.022	1129	2	1
69.096	1130	4	1
69.096	1131	3	1
69.169	1132	2	1
69.242	1133	1	1
69.242	1134	3	1
69.315	1135	4	1
69.388	1136	3	1
69.388	1137	2	1
69.388	1138	1	1
69.462	1139	4	1
69.535	1140	3	1
69.608	1141	1	1
69.608	1142	2	1
69.681	1143	3	1
69.681	1144	4	1
69.754	1145	2	1
69.754	1146	1	1
69.827	1147	4	1
69.827	1148	3	1
69.901	1149	2	1
69.974	1150	3	1
69.974	1151	4	1
69.974	1152	1	1
70.047	1153	2	1
70.120	1154	1	1
70.193	1155	4	1
70.266	1156	2	1
70.266	1157	3	1
70.340	1158	1	1
70.413	1159	4	1
70.413	1160	3	1
70.486	1161	2	1
70.559	1162	3	1
70.559	1163	4	1
70.559	1164	1	1
70.632	1165	2	1
70.705	1166	1	1
70.779	1167	3	1
70.779	1168	4	1
70.852	1169	2	1
70.852	1170	1	1
70.925	1171	3	1
70.925	1172	4	1
70.998	1173	1	1
70.998	1174	2	1
71.071	1175	1	1
71.071	1176	2	1
71.144	1177	4	1
71.144	1178	3	1
71.218	1179	2	1
71.291	1180	1	1
71.364	1181	3	1
71.364	1182	4	1
71.437	1183	1	1
71.437	1184	2	1
71.510	1185	3	1
71.583	1186	1	1
71.583	1187	4	1
71.657	1188	2	1
71.730	1189	3	1
71.730	1190	4	1
71.730	1191	1	1
71.803	1192	2	1
71.876	1193	1	1
71.949	1194	4	1
71.949	1195	3	1
72.022	1196	1	1
72.022	1197	2	1
72.096	1198	3	1
72.096	1199	4	1
72.169	1200	2	1
72.169	1201	1	1
72.242	1202	3	1
72.315	1203	1	1
72.315	1204	2	1
72.315	1205	4	1
72.388	1206	3	1
72.462	1207	1	1
72.535	1208	4	1
72.608	1209	1	1
72.608	1210	3	1
72.681	1211	2	1
72.754	1212	1	1
72.754	1213	3	1
72.827	1214	4	1
72.901	1215	3	1
72.901	1216	2	1
72.901	1217	1	1
72.974	1218	4	1
73.047	1219	3	1
73.120	1220	1	1
73.120	1221	2	1
73.193	1222	3	1
73.193	1223	4	1
73.266	1224	2	1
73.266	1225	1	1
73.340	1226	4	1
73.340	1227	3	1
73.413	1228	4	1
73.413	1229	3	1
73.486	1230	1	1
73.486	1231	2	1
73.559	1232	3	1
73.632	1233	4	1
73.705	1234	1	1
73.705	1235	2	1
73.779	1236	4	1
73.779	1237	3	1
73.852	1238	2	1
73.925	1239	1	1
73.925	1240	3	1
73.998	1241	4	1
74.071	1242	3	1
74.071	1243	2	1
74.071	1244	1	1
74.144	1245	4	1
74.218	1246	3	1
74.291	1247	1	1
74.291	1248	2	1
74.364	1249	3	1
74.364	1250	4	1
74.437	1251	2	1
74.437	1252	1	1
74.510	1253	4	1
74.510	1254	3	1
74.583	1255	2	1
74.657	1256	3	1
74.657	1257	4	1
74.657	1258	1	1
74.730	1259	2	1
74.803	1260	1	1
74.876	1261	4	1
74.949	1262	3	1
74.949	1263	1	2
75.388	1264	1	3
75.096	1265	4	1
75.096	1266	2	1
75.242	1267	4	1
75.242	1268	3	1
75.388	1269	2	2
75.974	1270	2	3
75.462	1271	4	1
75.462	1272	3	1
75.535	1273	1	1
75.608	1274	4	1
75.608	1275	3	1
75.681	1276	1	1
75.754	1277	4	1
75.827	1278	1	1
75.827	1279	3	1
75.974	1280	4	2
76.266	1281	4	3
76.047	1282	1	1
76.047	1283	2	1
76.120	1284	3	1
76.266	1285	1	1
76.266	1286	3	1
76.413	1287	4	1
76.413	1288	1	1
76.413	1289	2	1
76.559	1290	3	1
76.632	1291	4	1
76.632	1292	2	1
76.705	1293	3	1
76.705	1294	1	1
76.779	1295	4	1
76.779	1296	2	1
76.852	1297	1	1
76.852	1298	3	1
76.998	1299	1	1
76.998	1300	2	1
76.998	1301	4	2
77.291	1302	4	3
77.144	1303	3	1
77.291	1304	1	1
77.291	1305	3	1
77.364	1306	2	1
77.437	1307	3	1
77.437	1308	1	1
77.510	1309	4	1
77.583	1310	1	1
77.583	1311	2	1
77.583	1312	3	1
77.657	1313	4	1
77.730	1314	3	1
77.803	1315	2	1
77.803	1316	1	1
77.876	1317	4	1
77.876	1318	3	1
77.949	1319	1	1
77.949	1320	2	1
78.022	1321	3	1
78.022	1322	4	1
78.096	1323	3	1
78.096	1324	4	1
78.169	1325	2	1
78.169	1326	1	1
78.242	1327	3	1
78.315	1328	4	1
78.388	1329	2	1
78.388	1330	1	1
78.462	1331	3	1
78.462	1332	4	1
78.535	1333	2	1
78.608	1334	3	1
78.608	1335	1	1
78.681	1336	4	1
78.754	1337	1	1
78.754	1338	2	1
78.754	1339	3	1
78.827	1340	4	1
78.901	1341	3	1
78.974	1342	2	1
78.974	1343	1	1
79.047	1344	4	1
79.047	1345	3	1
79.120	1346	1	1
79.120	1347	2	1
79.193	1348	3	1
79.193	1349	4	1
79.242	1350	1	1
79.291	1351	2	1
79.340	1352	1	1
79.340	1353	4	1
79.340	1354	3	1
79.413	1355	2	1
79.486	1356	1	1
79.559	1357	4	1
79.632	1358	3	1
79.632	1359	2	1
79.705	1360	1	1
79.779	1361	3	1
79.779	1362	4	1
79.852	1363	2	1
79.925	1364	1	1
79.925	1365	4	1
79.925	1366	3	1
79.998	1367	2	1
80.071	1368	1	1
80.144	1369	4	1
80.144	1370	3	1
80.218	1371	1	1
80.218	1372	2	1
80.291	1373	4	1
80.291	1374	3	1
80.364	1375	2	1
80.364	1376	1	1
80.437	1377	2	1
80.437	1378	1	1
80.510	1379	3	1
80.510	1380	4	1
80.583	1381	2	1
80.657	1382	1	1
80.730	1383	4	1
80.730	1384	3	1
80.803	1385	2	1
80.803	1386	1	1
80.876	1387	3	1
80.949	1388	4	1
80.949	1389	1	1
81.022	1390	2	1
81.096	1391	1	1
81.096	1392	4	1
81.096	1393	3	1
81.169	1394	2	1
81.242	1395	1	1
81.315	1396	3	1
81.315	1397	4	1
81.388	1398	2	1
81.388	1399	1	1
81.462	1400	4	1
81.462	1401	3	1
81.535	1402	1	1
81.535	1403	2	1
81.608	1404	3	1
81.681	1405	4	1
81.681	1406	2	1
81.681	1407	1	1
81.754	1408	3	1
81.827	1409	1	1
81.901	1410	4	1
81.974	1411	3	1
81.974	1412	1	1
82.047	1413	2	1
82.120	1414	3	1
82.120	1415	1	1
82.193	1416	4	1
82.266	1417	1	1
82.266	1418	2	1
82.266	1419	3	1
82.340	1420	4	1
82.413	1421	3	1
82.486	1422	2	1
82.486	1423	1	1
82.559	1424	4	1
82.559	1425	3	1
82.632	1426	1	1
82.632	1427	2	1
82.705	1428	3	1
82.705	1429	4	1
82.779	1430	3	1
82.779	1431	4	1
82.852	1432	2	1
82.852	1433	1	1
82.925	1434	3	1
82.998	1435	4	1
83.071	1436	2	1
83.071	1437	1	1
83.144	1438	3	1
83.144	1439	4	1
83.218	1440	2	1
83.291	1441	3	1
83.291	1442	1	1
83.364	1443	4	1
83.437	1444	1	1
83.437	1445	2	1
83.437	1446	3	1
83.510	1447	4	1
83.583	1448	3	1
83.657	1449	2	1
83.657	1450	1	1
83.730	1451	4	1
83.730	1452	3	1
83.803	1453	1	1
83.803	1454	2	1
83.876	1455	3	1
83.876	1456	4	1
83.925	1457	1	1
83.974	1458	2	1
84.022	1459	1	1
84.022	1460	4	1
84.022	1461	3	1
84.096	1462	2	1
84.169	1463	1	1
84.242	1464	4	1
84.315	1465	1	2
84.754	1466	1	3
84.315	1467	3	1
84.462	1468	2	1
84.462	1469	4	1
84.608	1470	3	1
84.608	1471	4	1
84.754	1472	2	2
85.340	1473	2	3
84.827	1474	3	1
84.827	1475	4	1
84.901	1476	1	1
84.974	1477	3	1
84.974	1478	4	1
85.047	1479	1	1
85.120	1480	4	1
85.193	1481	3	1
85.193	1482	1	1
85.340	1483	4	2
85.632	1484	4	3
85.413	1485	2	1
85.413	1486	1	1
85.486	1487	3	1
85.632	1488	3	1
85.632	1489	1	1
85.779	1490	2	1
85.779	1491	1	1
85.779	1492	4	1
85.925	1493	3	1
85.998	1494	2	1
85.998	1495	4	1
86.071	1496	1	1
86.071	1497	3	1
86.144	1498	2	1
86.144	1499	4	1
86.218	1500	3	1
86.218	1501	1	1
86.364	1502	4	2
86.657	1503	4	3
86.364	1504	2	1
86.364	1505	1	1
86.510	1506	3	1
86.657	1507	1	1
86.657	1508	3	1
86.730	1509	2	1
86.803	1510	3	1
86.803	1511	1	1
86.876	1512	4	1
86.949	1513	1	1
86.949	1514	2	1
86.949	1515	3	1
87.022	1516	4	1
87.096	1517	3	1
87.169	1518	2	1
87.169	1519	1	1
87.242	1520	4	1
87.242	1521	3	1
87.315	1522	1	1
87.315	1523	2	1
87.388	1524	3	1
87.388	1525	4	1
87.462	1526	3	1
87.462	1527	4	1
87.535	1528	2	1
87.535	1529	1	1
87.608	1530	3	1
87.681	1531	4	1
87.754	1532	2	1
87.754	1533	1	1
87.827	1534	3	1
87.827	1535	4	1
87.901	1536	2	1
87.974	1537	3	1
87.974	1538	1	1
88.047	1539	4	1
88.120	1540	1	1
88.120	1541	2	1
88.120	1542	3	1
88.193	1543	4	1
88.266	1544	3	1
88.340	1545	2	1
88.340	1546	1	1
88.413	1547	4	1
88.413	1548	3	1
88.486	1549	1	1
88.486	1550	2	1
88.559	1551	3	1
88.559	1552	4	1
88.632	1553	2	1
88.705	1554	1	1
88.705	1555	4	1
88.705	1556	3	1
88.779	1557	2	1
88.852	1558	1	1
88.925	1559	4	1
88.998	1560	3	1
88.998	1561	2	1
89.071	1562	1	1
89.144	1563	3	1
89.144	1564	4	1
89.218	1565	2	1
89.291	1566	1	1
89.291	1567	4	1
89.291	1568	3	1
89.364	1569	2	1
89.437	1570	1	1
89.510	1571	4	1
89.510	1572	3	1
89.583	1573	1	1
89.583	1574	2	1
89.657	1575	4	1
89.657	1576	3	1
89.730	1577	2	1
89.730	1578	1	1
89.803	1579	2	1
89.803	1580	1	1
89.876	1581	3	1
89.876	1582	4	1
89.949	1583	2	1
90.022	1584	1	1
90.096	1585	4	1
90.096	1586	3	1
90.169	1587	2	1
90.169	1588	1	1
90.242	1589	3	1
90.315	1590	4	1
90.315	1591	1	1
90.388	1592	2	1
90.462	1593	1	1
90.462	1594	4	1
90.462	1595	3	1
90.535	1596	2	1
90.608	1597	1	1
90.681	1598	3	1
90.681	1599	4	1
90.754	1600	2	1
90.754	1601	1	1
90.827	1602	4	1
90.827	1603	3	1
90.901	1604	1	1
90.901	1605	2	1
90.974	1606	3	1
91.047	1607	4	1
91.047	1608	2	1
91.047	1609	1	1
91.120	1610	3	1
91.193	1611	1	1
91.266	1612	4	1
91.340	1613	3	1
91.340	1614	1	1
91.413	1615	2	1
91.486	1616	3	1
91.486	1617	1	1
91.559	1618	4	1
91.632	1619	1	1
91.632	1620	2	1
91.632	1621	3	1
91.705	1622	4	1
91.779	1623	3	1
91.852	1624	2	1
91.852	1625	1	1
91.925	1626	4	1
91.925	1627	3	1
91.998	1628	1	1
91.998	1629	2	1
92.071	1630	3	1
92.071	1631	4	1
92.144	1632	3	1
92.144	1633	4	1
92.218	1634	2	1
92.218	1635	1	1
92.291	1636	3	1
92.364	1637	4	1
92.437	1638	2	1
92.437	1639	1	1
92.510	1640	3	1
92.510	1641	4	1
92.583	1642	2	1
92.657	1643	3	1
92.657	1644	1	1
92.730	1645	4	1
92.803	1646	1	1
92.803	1647	2	1
92.803	1648	3	1
92.876	1649	4	1
92.949	1650	3	1
93.022	1651	2	1
93.022	1652	1	1
93.096	1653	4	1
93.096	1654	3	1
93.169	1655	1	1
93.169	1656	2	1
93.242	1657	3	1
93.242	1658	4	1
93.315	1659	2	1
93.388	1660	1	1
93.388	1661	4	1
93.388	1662	3	1
93.462	1663	2	1
93.535	1664	1	1
93.608	1665	4	1
93.681	1666	1	2
94.120	1667	1	3
93.681	1668	3	1
93.827	1669	2	1
93.827	1670	4	1
93.974	1671	3	1
93.974	1672	4	1
94.120	1673	2	2
94.705	1674	2	3
94.193	1675	3	1
94.193	1676	4	1
94.266	1677	1	1
94.340	1678	3	1
94.340	1679	4	1
94.413	1680	1	1
94.486	1681	4	1
94.559	1682	3	1
94.559	1683	1	1
94.705	1684	4	2
94.998	1685	4	3
94.779	1686	2	1
94.779	1687	1	1
94.852	1688	3	1
94.998	1689	3	1
94.998	1690	1	1
95.144	1691	2	1
95.144	1692	1	1
95.144	1693	4	1
95.291	1694	3	1
95.364	1695	2	1
95.364	1696	4	1
95.437	1697	1	1
95.437	1698	3	1
95.510	1699	2	1
95.510	1700	4	1
95.583	1701	3	1
95.583	1702	1	1
95.730	1703	4	2
96.022	1704	4	3
95.730	1705	2	1
95.730	1706	1	1
95.876	1707	3	1
96.022	1708	2	1
96.022	1709	1	1
96.169	1710	4	1
96.169	1711	3	1
96.315	1712	1	1
96.315	1713	2	1
96.315	1714	3	1
96.462	1715	4	1
96.535	1716	2	1
96.535	1717	3	1
96.608	1718	1	1
96.681	1719	3	1
96.681	1720	2	1
96.754	1721	1	1
96.754	1722	4	1
96.901	1723	3	1
96.974	1724	4	1
96.974	1725	2	1
97.047	1726	1	1
97.120	1727	2	1
97.120	1728	3	1
97.193	1729	1	1
97.193	1730	4	2
97.486	1731	4	3
97.340	1732	1	1
97.413	1733	3	1
97.413	1734	2	1
97.486	1735	1	1
97.583	1736	3	1
97.632	1737	4	1
97.681	1738	2	1
97.779	1739	1	1
97.779	1740	3	2
98.071	1741	3	3
97.925	1742	4	1
97.925	1743	2	1
98.071	1744	1	1
98.071	1745	2	1
98.144	1746	4	1
98.144	1747	3	1
98.218	1748	1	1
98.254	1749	2	1
98.291	1750	4	1
98.327	1751	3	1
98.364	1752	2	1
98.364	1753	1	1
98.510	1754	3	1
98.657	1755	1	1
98.657	1756	4	1
98.657	1757	3	1
98.803	1758	2	1
98.949	1759	4	1
98.949	1760	3	1
99.096	1761	2	1
99.242	1762	1	1
99.242	1763	3	1
99.242	1764	4	2
99.535	1765	4	3
99.388	1766	2	1
99.535	1767	3	1
99.535	1768	1	2
99.827	1769	1	3
99.681	1770	2	1
99.827	1771	2	1
99.827	1772	4	1
99.827	1773	3	2
100.120	1774	3	3
99.974	1775	1	1
100.120	1776	4	1
100.120	1777	2	2
100.413	1778	2	3
100.266	1779	3	1
100.413	1780	1	1
100.413	1781	3	1
100.413	1782	4	2
100.705	1783	4	3
100.559	1784	2	1
100.705	1785	3	2
100.852	1786	3	3
100.705	1787	1	1
100.852	1788	1	1
100.888	1789	2	1
100.925	1790	4	1
100.962	1791	3	1
100.998	1792	1	1
100.998	1793	2	1
101.144	1794	4	1
101.218	1795	1	1
101.218	1796	3	1
101.291	1797	2	2
101.876	1798	2	3
101.364	1799	4	1
101.364	1800	3	1
101.437	1801	1	1
101.583	1802	3	1
101.730	1803	1	1
101.730	1804	4	1
101.876	1805	1	2
102.315	1806	1	3
101.949	1807	2	1
102.022	1808	4	1
102.022	1809	3	1
102.169	1810	4	1
102.169	1811	3	1
102.315	1812	4	1
102.352	1813	3	1
102.388	1814	1	1
102.388	1815	2	1
102.462	1816	4	2
102.535	1817	4	3
102.535	1818	1	1
102.571	1819	2	1
102.608	1820	4	1
102.608	1821	3	1
102.754	1822	3	1
102.754	1823	2	2
103.047	1824	2	3
102.901	1825	4	1
102.901	1826	1	1
103.047	1827	1	1
103.047	1828	3	2
103.632	1829	3	3
103.193	1830	2	1
103.340	1831	2	1
103.340	1832	4	1
103.340	1833	1	1
103.486	1834	4	1
103.632	1835	2	1
103.632	1836	1	2
104.218	1837	1	3
103.779	1838	3	1
103.925	1839	3	1
103.925	1840	4	1
103.925	1841	2	1
104.071	1842	2	1
104.218	1843	4	1
104.218	1844	3	2
104.803	1845	3	3
104.364	1846	2	1
104.510	1847	2	1
104.510	1848	4	1
104.510	1849	1	1
104.657	1850	1	1
104.803	1851	4	1
104.803	1852	2	2
105.096	1853	2	3
104.949	1854	3	1
105.096	1855	3	1
105.096	1856	1	1
105.096	1857	4	2
105.388	1858	4	3
105.242	1859	2	1
105.388	1860	1	1
105.388	1861	2	1
105.462	1862	4	1
105.535	1863	2	1
105.535	1864	1	1
105.608	1865	4	1
105.608	1866	3	1
105.681	1867	1	1
105.681	1868	2	1
105.754	1869	3	1
105.827	1870	1	1
105.827	1871	4	1
105.901	1872	3	1
105.974	1873	2	1
105.974	1874	1	1
106.047	1875	1	1
106.047	1876	2	1
106.120	1877	3	1
106.120	1878	4	1
106.193	1879	4	1
106.193	1880	3	1
106.266	1881	1	1
106.266	1882	2	1
106.340	1883	3	1
106.413	1884	4	1
106.413	1885	1	1
106.486	1886	2	1
106.559	1887	1	1
106.559	1888	4	2
106.852	1889	4	3
106.632	1890	3	1
106.705	1891	1	1
106.779	1892	3	1
106.779	1893	2	1
106.852	1894	1	1
106.925	1895	2	1
106.925	1896	3	1
106.998	1897	1	1
106.998	1898	4	1
107.144	1899	1	1
107.144	1900	3	2
107.437	1901	3	3
107.291	1902	4	1
107.291	1903	2	1
107.437	1904	1	1
107.437	1905	2	1
107.510	1906	4	1
107.510	1907	3	1
107.583	1908	1	1
107.620	1909	2	1
107.657	1910	4	1
107.693	1911	3	1
107.730	1912	1	1
107.803	1913	4	1
107.803	1914	3	1
107.876	1915	2	1
107.949	1916	4	1
107.949	1917	3	1
108.022	1918	2	1
108.022	1919	1	1
108.096	1920	4	1
108.096	1921	3	1
108.169	1922	1	1
108.169	1923	2	1
108.315	1924	4	1
108.315	1925	3	1
108.388	1926	2	1
108.388	1927	1	1
108.462	1928	4	1
108.462	1929	3	1
108.608	1930	1	1
108.608	1931	4	2
108.901	1932	4	3
108.754	1933	3	1
108.754	1934	2	1
108.901	1935	1	2
109.193	1936	1	3
109.047	1937	3	1
109.120	1938	2	1
109.120	1939	4	1
109.193	1940	3	2
109.486	1941	3	3
109.266	1942	2	1
109.340	1943	4	1
109.340	1944	1	1
109.486	1945	4	1
109.486	1946	2	2
109.779	1947	2	3
109.559	1948	1	1
109.632	1949	4	1
109.632	1950	3	1
109.779	1951	3	1
109.779	1952	4	2
110.071	1953	4	3
109.925	1954	1	1
109.925	1955	2	1
110.071	1956	2	1
110.071	1957	3	2
110.657	1958	3	3
110.071	1959	1	1
110.218	1960	1	1
110.364	1961	4	1
110.364	1962	1	1
110.364	1963	2	1
110.510	1964	1	1
110.510	1965	4	1
110.657	1966	2	2
111.242	1967	2	3
110.803	1968	3	1
110.803	1969	1	1
110.949	1970	1	1
110.949	1971	4	1
110.949	1972	3	1
111.096	1973	1	1
111.096	1974	4	1
111.242	1975	1	2
111.681	1976	1	3
111.388	1977	4	1
111.388	1978	3	1
111.535	1979	2	1
111.608	1980	3	1
111.681	1981	2	1
111.681	1982	4	1
111.827	1983	4	1
111.864	1984	3	1
111.901	1985	1	1
111.937	1986	2	1
111.974	1987	4	1
111.974	1988	3	1
112.047	1989	1	1
112.047	1990	2	1
112.120	1991	4	1
112.120	1992	3	1
112.193	1993	1	1
112.193	1994	2	1
112.266	1995	4	1
112.303	1996	3	1
112.340	1997	2	1
112.376	1998	1	1
112.413	1999	4	1
112.413	2000	3	2
112.998	2001	3	3
112.559	2002	2	1
112.705	2003	2	1
112.705	2004	4	1
112.705	2005	1	1
112.852	2006	1	1
112.925	2007	4	1
112.925	2008	2	1
112.998	2009	1	2
113.583	2010	1	3
113.071	2011	4	1
113.071	2012	2	1
113.144	2013	3	1
113.218	2014	4	1
113.291	2015	3	1
113.291	2016	2	1
113.437	2017	3	1
113.510	2018	2	1
113.510	2019	4	1
113.583	2020	3	2
114.169	2021	3	3
113.730	2022	2	1
113.876	2023	4	1
113.876	2024	1	1
114.022	2025	2	1
114.096	2026	4	1
114.096	2027	1	1
114.169	2028	2	2
114.462	2029	2	3
114.242	2030	1	1
114.242	2031	4	1
114.315	2032	3	1
114.462	2033	4	1
114.462	2034	3	1
114.535	2035	1	1
114.535	2036	2	1
114.608	2037	4	1
114.608	2038	3	1
114.681	2039	1	1
114.681	2040	2	1
114.754	2041	4	1
114.754	2042	3	1