Song Name	Lake Attitash by tv room
Difficulty	15
Primary Color	Vibe
Secondary Color	Flow
Last Note Time	129.996
Total Notes	728
Fever Fill	193
Fever Time	19.499400
Long Notes	150
BPM	132
Song Length	132.743832200

Timing Points
0.000	454.5455
0.110	454.5455
0.451	454.5455
1.815	454.5455
58.178	454.5455
87.269	454.5455


Song Data
0.000	1	2	2
0.000	2	4	2
0.450	3	1	1
0.451	4	2	3
0.791	5	3	1
0.791	6	4	3
1.132	7	3	1
1.815	8	1	2
1.815	9	3	2
2.269	10	4	1
2.269	11	3	3
2.610	12	2	1
2.610	13	1	3
2.951	14	2	1
3.633	15	1	2
3.633	16	4	2
4.087	17	2	1
4.087	18	1	3
4.428	19	3	1
4.428	20	4	3
4.769	21	3	1
5.451	22	1	2
5.451	23	2	1
5.678	24	4	1
5.905	25	3	1
5.905	26	1	3
6.133	27	1	1
6.360	28	3	1
6.360	29	4	2
6.587	30	1	1
6.815	31	2	1
6.815	32	4	3
7.042	33	3	1
7.269	34	2	2
7.269	35	4	2
7.724	36	1	1
7.724	37	2	3
8.065	38	3	1
8.065	39	4	3
8.405	40	3	1
9.087	41	1	2
9.087	42	3	2
9.542	43	4	1
9.542	44	3	3
9.883	45	2	1
9.883	46	1	3
10.224	47	2	1
10.905	48	1	2
10.905	49	4	2
11.360	50	2	1
11.360	51	1	3
11.701	52	3	1
11.701	53	4	3
12.042	54	3	1
12.724	55	1	2
12.724	56	2	1
12.951	57	4	1
13.178	58	3	1
13.178	59	1	3
13.405	60	1	1
13.633	61	3	1
13.633	62	4	2
13.860	63	1	1
14.087	64	2	2
14.087	65	4	3
14.315	66	3	1
14.315	67	2	3
14.542	68	1	1
14.542	69	4	2
14.655	70	2	1
14.769	71	3	1
14.996	72	2	1
14.996	73	4	3
15.224	74	1	1
15.451	75	2	2
15.678	76	3	1
15.905	77	1	1
15.905	78	2	3
16.133	79	4	1
16.360	80	3	2
16.474	81	2	1
16.587	82	1	1
16.815	83	4	1
16.815	84	3	3
17.042	85	2	1
17.155	86	3	1
17.269	87	4	2
17.383	88	2	1
17.496	89	1	1
17.724	90	2	1
17.724	91	4	3
17.951	92	3	1
18.178	93	2	2
18.292	94	3	1
18.405	95	4	1
18.633	96	1	1
18.633	97	2	3
18.860	98	3	1
19.087	99	4	2
19.315	100	2	1
19.542	101	3	1
19.542	102	4	3
19.769	103	2	1
19.996	104	1	2
20.110	105	3	1
20.224	106	4	1
20.451	107	2	1
20.451	108	1	3
20.678	109	3	1
20.792	110	4	1
20.905	111	2	2
21.019	112	3	1
21.133	113	1	1
21.360	114	4	1
21.360	115	2	3
21.587	116	3	1
21.701	117	4	1
21.815	118	1	2
21.928	119	2	1
22.042	120	4	1
22.269	121	3	1
22.269	122	1	3
22.496	123	2	1
22.724	124	4	2
22.951	125	1	1
23.178	126	3	1
23.178	127	4	3
23.405	128	2	1
23.633	129	3	2
23.746	130	1	1
23.860	131	2	1
24.087	132	1	1
24.087	133	3	3
24.315	134	4	1
24.428	135	2	1
24.542	136	1	2
24.655	137	3	1
24.769	138	2	1
24.996	139	4	1
24.996	140	1	3
25.224	141	3	1
25.337	142	1	1
25.451	143	2	2
25.565	144	4	1
25.678	145	1	1
25.905	146	3	1
25.905	147	2	3
26.246	148	2	1
26.587	149	2	1
26.815	150	1	1
26.815	151	4	1
27.269	152	3	1
27.383	153	2	1
27.496	154	3	1
27.724	155	1	1
27.724	156	2	1
27.951	157	4	1
28.178	158	2	1
28.405	159	2	1
28.633	160	1	1
28.633	161	4	1
28.746	162	3	1
28.860	163	2	1
29.087	164	1	2
29.087	165	4	1
29.201	166	3	1
29.315	167	2	1
29.542	168	3	1
29.542	169	1	3
29.769	170	4	1
29.996	171	3	2
30.224	172	2	1
30.451	173	4	1
30.451	174	3	3
30.678	175	1	1
30.905	176	2	2
31.019	177	3	1
31.133	178	4	1
31.360	179	1	1
31.360	180	2	3
31.587	181	3	1
31.701	182	2	1
31.815	183	1	2
31.928	184	3	1
32.042	185	4	1
32.269	186	3	1
32.269	187	1	3
32.496	188	2	1
32.724	189	3	2
32.837	190	2	1
32.951	191	1	1
33.178	192	4	1
33.178	193	3	3
33.405	194	2	1
33.633	195	1	2
33.860	196	3	1
34.087	197	2	1
34.087	198	1	3
34.315	199	3	1
34.542	200	4	2
34.655	201	2	1
34.769	202	1	1
34.996	203	3	1
34.996	204	4	3
35.224	205	2	1
35.337	206	4	1
35.451	207	3	2
35.565	208	1	1
35.678	209	4	1
35.905	210	1	1
35.905	211	3	3
36.133	212	2	1
36.246	213	1	1
36.360	214	4	2
36.474	215	3	1
36.587	216	1	1
36.815	217	2	1
36.815	218	4	3
37.042	219	3	1
37.269	220	1	2
37.496	221	4	1
37.724	222	2	1
37.724	223	1	3
37.951	224	3	1
38.178	225	2	2
38.292	226	4	1
38.405	227	3	1
38.633	228	4	1
38.633	229	2	3
38.860	230	1	1
38.974	231	2	1
39.087	232	4	2
39.201	233	1	1
39.315	234	3	1
39.542	235	1	1
39.542	236	4	3
39.769	237	2	1
39.883	238	4	1
39.996	239	3	2
40.110	240	1	1
40.224	241	4	1
40.451	242	2	1
40.451	243	3	3
40.792	244	3	1
41.133	245	3	1
41.360	246	1	1
41.360	247	4	1
41.815	248	2	1
41.928	249	3	1
42.042	250	2	1
42.269	251	3	1
42.269	252	4	1
42.496	253	1	1
42.610	254	2	1
42.724	255	3	1
42.951	256	2	1
43.178	257	1	1
43.178	258	4	1
43.633	259	1	2
44.087	260	3	1
44.087	261	1	3
44.542	262	4	2
44.996	263	1	2
44.996	264	4	3
45.451	265	4	2
45.451	266	1	3
45.678	267	4	3
45.905	268	3	2
46.133	269	3	3
46.360	270	2	2
46.587	271	2	3
46.815	272	1	2
47.269	273	2	2
47.269	274	4	1
47.269	275	1	3
47.724	276	3	1
47.724	277	2	3
48.178	278	3	2
48.633	279	2	1
48.633	280	3	3
49.087	281	4	2
49.315	282	4	3
49.542	283	2	2
49.769	284	2	3
49.996	285	3	2
50.224	286	3	3
50.451	287	1	2
50.678	288	4	1
50.678	289	1	3
50.905	290	1	2
51.360	291	2	1
51.360	292	1	3
51.815	293	4	2
52.269	294	1	1
52.269	295	2	1
52.269	296	4	3
52.724	297	4	2
52.951	298	4	3
53.178	299	2	2
53.405	300	2	3
53.633	301	3	2
53.860	302	3	3
54.087	303	1	2
54.542	304	3	2
54.542	305	4	1
54.542	306	1	3
54.996	307	2	1
54.996	308	3	3
55.451	309	2	2
55.905	310	3	1
55.905	311	2	3
56.360	312	2	2
56.360	313	4	2
56.815	314	3	1
56.815	315	2	3
56.815	316	4	3
57.269	317	1	2
57.269	318	3	2
57.724	319	2	1
57.724	320	1	3
57.724	321	3	3
58.178	322	3	1
58.178	323	4	2
58.405	324	2	1
58.633	325	1	1
58.633	326	4	3
58.974	327	2	1
59.315	328	3	1
59.542	329	4	1
59.769	330	2	1
59.883	331	3	1
59.996	332	1	1
60.110	333	2	1
60.224	334	4	1
60.451	335	1	1
60.792	336	4	1
61.133	337	3	1
61.360	338	2	1
61.587	339	4	1
61.701	340	3	1
61.815	341	1	2
61.815	342	2	1
62.042	343	3	1
62.269	344	4	1
62.269	345	1	3
62.610	346	3	1
62.951	347	2	1
63.178	348	4	1
63.405	349	2	1
63.519	350	3	1
63.633	351	1	1
63.746	352	4	1
63.860	353	2	1
64.087	354	1	1
64.428	355	2	1
64.769	356	3	1
64.996	357	1	2
64.996	358	4	2
65.451	359	2	1
65.451	360	3	2
65.451	361	1	3
65.451	362	4	3
65.678	363	4	1
65.905	364	1	1
65.905	365	3	3
66.246	366	3	1
66.587	367	4	1
66.815	368	2	1
67.042	369	3	1
67.155	370	2	1
67.269	371	1	1
67.383	372	4	1
67.496	373	2	1
67.724	374	1	1
68.065	375	3	1
68.405	376	2	1
68.633	377	3	1
68.860	378	1	1
68.974	379	4	1
69.087	380	2	2
69.087	381	3	1
69.315	382	1	1
69.542	383	4	1
69.542	384	2	3
69.883	385	2	1
70.224	386	1	1
70.451	387	4	1
70.678	388	2	1
70.792	389	3	1
70.905	390	4	1
71.019	391	1	1
71.133	392	2	1
71.360	393	4	1
71.701	394	2	1
72.042	395	4	1
72.269	396	1	1
72.496	397	3	1
72.724	398	1	2
72.724	399	4	2
72.951	400	3	1
72.951	401	1	3
73.178	402	1	1
73.178	403	4	3
73.633	404	4	2
73.860	405	2	1
73.860	406	4	3
73.974	407	3	1
74.087	408	1	2
74.315	409	4	1
74.315	410	1	3
74.542	411	1	1
74.769	412	3	1
74.996	413	2	1
75.224	414	4	1
75.451	415	1	2
75.678	416	2	1
75.678	417	1	3
75.792	418	3	1
75.905	419	4	2
76.133	420	2	1
76.360	421	1	2
76.360	422	3	2
76.360	423	4	3
76.587	424	4	1
76.587	425	3	3
76.815	426	3	1
76.815	427	1	3
77.269	428	4	2
77.496	429	3	1
77.496	430	4	3
77.610	431	2	1
77.724	432	1	2
77.951	433	3	2
78.178	434	2	1
78.178	435	1	3
78.178	436	3	3
78.405	437	3	1
78.633	438	2	1
78.860	439	4	1
79.087	440	1	2
79.315	441	2	1
79.315	442	1	3
79.428	443	3	1
79.542	444	1	2
79.542	445	4	2
79.996	446	2	2
79.996	447	3	2
79.996	448	1	3
79.996	449	4	3
80.224	450	4	1
80.224	451	3	3
80.451	452	1	2
80.451	453	2	3
80.678	454	1	3
80.905	455	4	2
81.133	456	2	1
81.133	457	4	3
81.246	458	3	1
81.360	459	1	2
81.587	460	4	2
81.587	461	1	3
81.815	462	2	2
81.815	463	4	3
82.042	464	3	1
82.042	465	2	3
82.269	466	1	1
82.383	467	4	1
82.496	468	3	1
82.610	469	2	1
82.724	470	4	2
82.951	471	3	1
82.951	472	4	3
83.178	473	1	2
83.405	474	4	2
83.405	475	1	3
83.633	476	1	2
83.633	477	2	2
83.633	478	4	3
83.860	479	3	1
83.860	480	2	3
84.087	481	4	1
84.087	482	1	3
84.315	483	3	2
84.542	484	2	2
84.542	485	3	3
84.769	486	1	1
84.769	487	2	3
84.996	488	4	2
85.224	489	1	2
85.451	490	3	1
85.451	491	1	3
85.451	492	4	3
85.678	493	2	1
85.905	494	4	1
86.133	495	1	1
86.360	496	4	2
86.587	497	2	1
86.587	498	4	3
86.701	499	3	1
86.815	500	2	2
87.042	501	3	2
87.269	502	1	1
87.269	503	4	2
87.269	504	2	3
87.269	505	3	3
87.724	506	2	1
87.951	507	1	1
87.951	508	4	3
88.065	509	2	1
88.178	510	3	2
88.405	511	2	1
88.633	512	3	3
88.860	513	2	1
89.087	514	1	2
89.315	515	4	1
89.769	516	3	1
89.769	517	1	3
89.883	518	2	1
89.996	519	4	2
90.224	520	1	1
90.451	521	4	3
90.678	522	2	1
90.792	523	4	1
90.905	524	3	2
91.360	525	2	1
91.587	526	1	1
91.587	527	3	3
91.701	528	4	1
91.815	529	2	2
92.042	530	4	1
92.269	531	2	3
92.496	532	3	1
92.724	533	4	2
92.951	534	1	1
93.405	535	2	1
93.405	536	4	3
93.519	537	3	1
93.633	538	1	2
93.860	539	4	1
94.087	540	2	1
94.087	541	1	3
94.315	542	3	1
94.542	543	1	2
94.996	544	4	1
95.224	545	2	1
95.224	546	1	3
95.337	547	3	1
95.451	548	4	2
95.565	549	1	1
95.905	550	1	1
95.905	551	4	3
96.133	552	2	1
96.360	553	3	2
96.587	554	1	1
96.815	555	4	1
96.815	556	3	3
97.042	557	4	1
97.155	558	2	1
97.269	559	1	2
97.383	560	3	1
97.724	561	4	1
97.724	562	1	3
97.951	563	3	1
98.065	564	1	1
98.178	565	2	2
98.292	566	4	1
98.633	567	1	1
98.633	568	2	3
98.860	569	3	1
98.974	570	2	1
99.201	571	1	1
99.315	572	4	1
99.542	573	2	1
99.769	574	3	1
99.883	575	1	1
99.996	576	4	1
100.110	577	2	1
100.224	578	4	1
100.451	579	1	1
100.678	580	4	1
100.905	581	2	1
101.019	582	3	1
101.246	583	2	1
101.360	584	1	1
101.474	585	3	1
101.587	586	1	1
101.815	587	4	2
102.269	588	1	1
102.269	589	2	1
102.269	590	4	3
102.496	591	4	1
102.724	592	1	2
102.951	593	2	1
103.178	594	3	1
103.178	595	4	1
103.178	596	1	3
103.405	597	1	1
103.633	598	3	2
104.087	599	2	1
104.087	600	4	1
104.087	601	3	3
104.315	602	1	1
104.542	603	2	2
104.769	604	4	1
104.996	605	1	1
104.996	606	3	1
104.996	607	2	3
105.224	608	4	1
105.451	609	1	2
105.905	610	2	1
105.905	611	3	1
105.905	612	1	3
106.133	613	1	1
106.360	614	4	2
106.587	615	1	1
106.815	616	2	1
106.815	617	3	1
106.815	618	4	3
107.042	619	4	1
107.269	620	1	1
107.383	621	2	1
107.496	622	3	1
107.724	623	4	1
107.951	624	1	1
108.065	625	2	1
108.178	626	4	1
108.292	627	3	1
108.405	628	2	1
108.633	629	1	1
108.860	630	4	1
109.087	631	1	2
109.542	632	2	1
109.542	633	4	1
109.542	634	1	3
109.769	635	1	1
109.996	636	3	2
110.224	637	4	1
110.451	638	1	1
110.451	639	2	1
110.451	640	3	3
110.678	641	3	1
110.905	642	4	2
111.360	643	1	1
111.360	644	3	1
111.360	645	4	3
111.587	646	4	1
111.815	647	2	2
112.042	648	1	1
112.269	649	3	1
112.269	650	4	1
112.269	651	2	3
112.496	652	2	1
112.724	653	1	2
112.724	654	4	2
113.178	655	2	1
113.178	656	3	1
113.178	657	1	3
113.178	658	4	3
113.519	659	1	1
113.860	660	4	1
114.087	661	1	1
114.087	662	2	1
114.201	663	3	1
114.542	664	1	1
114.542	665	4	1
114.769	666	2	1
114.996	667	1	1
114.996	668	4	1
115.110	669	3	1
115.451	670	2	1
115.678	671	3	1
115.792	672	2	1
115.905	673	1	1
115.905	674	4	1
116.360	675	1	2
116.815	676	3	1
116.815	677	1	3
117.269	678	4	2
117.724	679	2	1
117.724	680	4	3
118.178	681	3	2
118.633	682	1	1
118.633	683	3	3
119.087	684	2	2
119.542	685	2	3
119.769	686	4	2
119.996	687	1	2
119.996	688	4	3
120.451	689	4	1
120.451	690	1	3
120.905	691	4	2
121.360	692	1	1
121.360	693	4	3
121.815	694	3	2
122.269	695	2	1
122.269	696	3	3
122.724	697	2	2
123.178	698	3	1
123.178	699	2	3
123.633	700	1	2
124.087	701	4	1
124.087	702	1	3
124.542	703	3	2
124.996	704	1	1
124.996	705	2	1
124.996	706	3	3
125.451	707	4	2
125.678	708	4	3
125.905	709	1	2
126.133	710	1	3
126.360	711	3	2
126.587	712	3	3
126.815	713	2	2
127.269	714	1	2
127.269	715	4	2
127.269	716	2	3
127.724	717	3	1
127.724	718	1	3
127.724	719	4	3
128.178	720	1	2
128.633	721	2	1
128.633	722	1	3
129.087	723	3	1
129.087	724	4	1
129.542	725	2	1
129.542	726	3	1
129.996	727	1	1
129.996	728	2	1