Song Name	Landscape by Juggernaut
Title	Landscape
Artist	Juggernaut
Description	From the artist: Landscape, the culmination of Juggernaut's UK Hardcore album, has been released! In addition to 5 new tracks including a collaboration with flatt, previously released songs have been remastered and re-recorded! Map by Fritzy.
Difficulty	14
Primary Color	Rush
Secondary Color	Chill
Cover Image ID	15874341531
Audio Asset ID	rbxassetid://15478358958
Audio File	15478358958.ogg
Last Note Time	124.545
Total Notes	699
Fever Fill	192
Fever Time	18.681750
Long Notes	124
BPM	173
Song Length	125.545000000

Timing Points
1.077	346.820809


Song Data
0.036	1	4	2
1.077	2	4	3
1.077	3	1	1
1.077	4	2	1
1.250	5	3	1
1.423	6	4	1
1.597	7	1	2
3.157	8	1	3
3.331	9	4	1
3.504	10	3	1
3.678	11	2	1
3.851	12	3	2
4.371	13	3	3
4.371	14	4	2
4.892	15	4	3
4.892	16	2	2
5.585	17	2	3
5.585	18	3	1
5.932	19	1	1
6.279	20	3	1
6.452	21	3	2
7.493	22	3	3
7.493	23	1	1
7.666	24	2	1
7.840	25	3	2
8.013	26	3	3
8.013	27	4	1
8.186	28	3	1
8.360	29	2	1
8.533	30	1	2
8.880	31	1	3
8.880	32	3	1
9.053	33	1	1
9.227	34	4	2
10.787	35	4	3
10.787	36	2	1
11.481	37	3	1
11.481	38	2	1
12.175	39	1	1
12.348	40	2	1
12.522	41	4	1
12.695	42	3	2
14.429	43	3	3
14.429	44	2	1
14.603	45	1	1
14.776	46	3	1
14.949	47	4	2
15.470	48	4	3
15.470	49	2	2
15.990	50	2	3
15.990	51	3	2
16.683	52	3	3
16.683	53	4	2
17.030	54	4	3
17.030	55	2	2
17.377	56	2	3
17.377	57	1	1
17.550	58	3	2
18.591	59	3	3
18.591	60	1	1
18.764	61	2	1
18.938	62	3	1
19.111	63	4	1
19.285	64	3	1
19.458	65	2	1
19.631	66	2	2
19.978	67	2	3
19.978	68	1	1
20.152	69	3	1
20.325	70	4	2
21.886	71	4	3
22.579	72	4	2
23.273	73	4	3
22.579	74	1	2
23.273	75	1	3
23.273	76	3	1
23.273	77	2	1
23.446	78	3	1
23.620	79	2	1
23.707	80	3	1
23.880	81	2	1
23.967	82	3	1
24.140	83	2	1
24.227	84	4	1
24.487	85	2	1
24.660	86	3	1
25.181	87	3	1
25.701	88	3	1
26.048	89	3	1
26.221	90	2	1
26.394	91	3	1
26.481	92	2	1
26.655	93	3	1
26.741	94	2	1
26.915	95	3	1
27.001	96	1	1
27.261	97	4	1
27.435	98	2	1
27.955	99	2	1
28.129	100	3	1
28.475	101	4	1
28.649	102	1	1
28.822	103	3	1
28.996	104	2	1
29.169	105	3	1
29.256	106	2	1
29.429	107	3	1
29.516	108	2	1
29.689	109	3	1
29.776	110	4	1
30.036	111	1	1
30.209	112	3	1
30.730	113	3	1
30.903	114	1	1
30.990	115	2	1
31.077	116	4	1
31.250	117	3	1
31.423	118	1	1
31.597	119	3	1
31.770	120	1	1
31.857	121	2	1
32.030	122	2	1
32.117	123	3	1
32.290	124	3	1
32.377	125	4	1
32.550	126	4	1
32.637	127	2	1
32.811	128	3	1
33.157	129	2	1
33.504	130	3	1
33.678	131	1	2
33.851	132	1	3
33.851	133	4	1
34.024	134	3	2
34.198	135	3	3
34.198	136	2	1
34.371	137	1	1
34.371	138	4	1
34.718	139	3	1
34.892	140	1	1
34.892	141	2	1
35.065	142	3	1
35.412	143	1	1
35.412	144	3	1
35.759	145	4	1
35.759	146	1	1
36.105	147	2	1
36.279	148	3	1
36.279	149	4	1
36.452	150	2	1
36.626	151	3	1
36.799	152	1	1
36.886	153	2	1
36.972	154	3	1
37.146	155	4	1
37.146	156	1	1
37.493	157	2	1
37.666	158	3	1
37.666	159	1	1
37.840	160	2	1
38.186	161	2	1
38.186	162	3	1
38.533	163	1	1
38.533	164	4	1
38.880	165	3	1
39.053	166	2	1
39.053	167	4	1
39.227	168	3	1
39.400	169	2	1
39.574	170	4	1
39.660	171	3	1
39.747	172	2	1
39.834	173	1	1
39.920	174	4	1
40.094	175	3	1
40.267	176	4	1
40.441	177	3	1
40.527	178	2	1
40.614	179	1	1
40.787	180	2	1
40.961	181	3	1
41.134	182	2	1
41.221	183	3	1
41.308	184	4	1
41.481	185	2	1
41.655	186	3	1
41.828	187	1	1
41.915	188	2	1
42.001	189	3	1
42.175	190	2	1
42.348	191	1	1
42.522	192	3	1
42.695	193	2	1
42.868	194	2	1
43.042	195	3	1
43.215	196	3	1
43.389	197	1	1
43.562	198	4	1
43.735	199	1	1
43.909	200	4	1
44.082	201	1	1
44.256	202	4	2
44.429	203	4	3
44.429	204	3	2
44.603	205	3	3
44.603	206	2	2
44.776	207	2	3
44.776	208	1	1
44.776	209	4	1
45.123	210	2	1
45.296	211	3	1
45.470	212	4	2
45.816	213	4	3
45.470	214	1	1
45.816	215	2	1
46.163	216	3	1
46.337	217	2	2
46.510	218	2	3
46.510	219	1	1
46.683	220	4	2
46.857	221	4	3
46.857	222	1	1
47.030	223	3	2
47.204	224	3	3
47.204	225	2	1
47.377	226	1	2
47.550	227	1	3
47.550	228	4	2
47.724	229	4	3
47.724	230	3	2
47.897	231	3	3
47.897	232	2	2
48.071	233	2	3
48.071	234	3	2
48.244	235	3	3
48.244	236	4	2
48.591	237	4	3
48.591	238	1	1
48.764	239	3	1
48.938	240	4	1
49.111	241	4	2
49.458	242	4	3
49.111	243	1	1
49.285	244	2	1
49.458	245	1	2
49.631	246	1	3
49.631	247	3	1
49.805	248	2	2
49.978	249	2	3
49.978	250	3	1
50.152	251	4	2
50.325	252	4	3
50.325	253	3	1
50.498	254	3	2
50.672	255	3	3
50.672	256	2	1
50.845	257	4	2
51.366	258	4	3
51.019	259	3	2
51.366	260	3	3
51.366	261	2	2
51.539	262	2	3
51.539	263	1	1
51.712	264	3	1
51.886	265	1	2
52.059	266	1	3
52.059	267	3	1
52.233	268	3	2
52.406	269	3	3
52.406	270	2	1
52.579	271	4	2
52.753	272	4	3
52.753	273	3	1
52.926	274	2	2
53.273	275	2	3
53.100	276	3	2
53.273	277	3	3
53.273	278	4	1
53.446	279	1	2
53.620	280	1	3
53.620	281	3	1
53.793	282	4	2
54.140	283	4	3
54.140	284	2	1
54.313	285	1	2
54.487	286	1	3
54.487	287	3	1
54.660	288	3	2
54.834	289	3	3
54.834	290	4	1
55.007	291	4	2
55.874	292	4	3
55.181	293	1	1
55.354	294	2	1
55.527	295	1	1
55.701	296	3	1
55.874	297	1	1
56.048	298	3	1
56.221	299	2	1
56.394	300	3	1
56.568	301	4	2
56.915	302	4	3
56.915	303	2	1
57.261	304	3	1
57.435	305	2	2
57.608	306	2	3
57.608	307	1	1
57.782	308	4	2
57.955	309	4	3
57.955	310	1	1
58.129	311	3	2
58.302	312	3	3
58.302	313	2	1
58.475	314	1	2
58.649	315	1	3
58.649	316	4	2
58.822	317	4	3
58.822	318	3	2
58.996	319	3	3
58.996	320	2	2
59.169	321	2	3
59.169	322	3	2
59.342	323	3	3
59.342	324	4	2
59.689	325	4	3
59.689	326	1	1
59.863	327	3	1
60.036	328	4	1
60.209	329	1	1
60.209	330	4	2
60.556	331	4	3
60.383	332	2	1
60.556	333	1	2
60.730	334	1	3
60.730	335	3	1
60.903	336	4	2
61.077	337	4	3
61.077	338	2	1
61.250	339	4	2
61.423	340	4	3
61.423	341	3	2
61.597	342	3	3
61.597	343	1	2
61.770	344	1	3
61.770	345	3	1
61.944	346	2	2
62.464	347	2	3
62.117	348	3	1
62.464	349	3	1
62.637	350	1	1
62.811	351	3	1
62.984	352	2	1
63.157	353	4	2
63.331	354	4	3
63.331	355	3	2
63.678	356	3	3
63.504	357	2	1
63.678	358	1	2
63.851	359	1	3
63.851	360	2	2
64.024	361	2	3
64.024	362	3	2
64.198	363	3	3
64.198	364	4	1
64.371	365	2	1
64.545	366	3	2
64.718	367	3	3
64.718	368	1	1
64.892	369	4	2
65.065	370	4	3
65.065	371	3	2
65.238	372	3	3
65.238	373	2	2
65.412	374	2	3
65.412	375	1	2
66.279	376	1	3
65.585	377	3	1
65.759	378	4	1
65.932	379	3	1
66.105	380	4	1
66.279	381	2	1
66.452	382	4	1
66.626	383	1	1
66.799	384	3	1
66.972	385	2	1
67.146	386	4	2
67.493	387	4	3
67.319	388	3	1
67.493	389	1	2
67.666	390	1	3
67.666	391	4	1
67.840	392	1	2
68.013	393	1	3
68.013	394	4	1
68.186	395	1	2
68.360	396	1	3
68.360	397	4	1
68.707	398	2	1
68.707	399	3	1
69.053	400	4	1
69.053	401	1	1
69.400	402	3	1
69.400	403	2	1
69.747	404	2	1
69.920	405	2	1
70.094	406	2	1
70.267	407	3	1
70.614	408	3	1
70.787	409	3	1
70.961	410	1	1
71.134	411	3	1
71.308	412	4	1
71.481	413	2	1
71.655	414	1	1
71.828	415	4	2
72.175	416	4	3
72.175	417	3	1
72.348	418	3	1
72.522	419	3	1
72.695	420	3	1
72.868	421	3	1
73.042	422	3	1
73.215	423	2	1
73.389	424	2	1
73.562	425	3	1
73.735	426	1	1
73.909	427	4	2
74.082	428	4	3
74.256	429	4	1
74.429	430	2	1
74.603	431	4	2
74.949	432	4	3
74.949	433	2	1
75.123	434	2	1
75.296	435	3	1
75.470	436	3	1
75.643	437	2	1
75.816	438	1	2
75.990	439	1	3
75.990	440	3	1
76.163	441	1	1
76.337	442	1	1
76.510	443	1	1
76.683	444	4	2
76.857	445	4	3
76.857	446	3	1
77.030	447	2	2
77.204	448	2	3
77.204	449	1	1
77.377	450	3	2
77.724	451	3	3
77.724	452	2	1
77.897	453	3	1
78.071	454	3	2
78.244	455	3	3
78.418	456	2	1
78.591	457	2	1
78.764	458	4	1
78.938	459	4	1
79.111	460	2	1
79.285	461	2	1
79.458	462	4	2
79.805	463	4	3
79.805	464	1	2
79.978	465	1	3
79.978	466	2	1
80.152	467	1	1
80.152	468	4	1
80.498	469	2	1
80.498	470	3	1
80.845	471	2	1
81.019	472	2	1
81.192	473	2	1
81.366	474	3	1
81.712	475	3	1
81.886	476	3	1
82.059	477	1	1
82.233	478	3	1
82.406	479	4	1
82.579	480	2	1
82.753	481	1	1
82.926	482	4	2
83.273	483	4	3
83.273	484	3	1
83.446	485	3	1
83.620	486	3	1
83.793	487	3	1
83.967	488	3	1
84.140	489	3	1
84.313	490	2	1
84.487	491	2	1
84.660	492	3	1
84.834	493	1	1
85.007	494	4	2
85.181	495	4	3
85.354	496	4	1
85.527	497	2	1
85.701	498	4	2
85.874	499	4	3
85.874	500	3	1
86.048	501	4	2
86.221	502	4	3
86.221	503	3	1
86.394	504	3	2
86.568	505	3	3
86.568	506	2	1
86.741	507	3	1
86.915	508	2	2
87.261	509	2	3
87.261	510	3	1
87.435	511	2	2
87.608	512	2	3
87.608	513	3	1
87.782	514	1	2
87.955	515	1	3
87.955	516	2	1
88.129	517	1	2
88.302	518	1	3
88.302	519	3	1
88.475	520	4	1
88.649	521	1	1
88.822	522	4	1
88.996	523	1	1
89.169	524	3	1
89.342	525	2	1
89.516	526	3	1
89.689	527	2	1
89.863	528	3	1
90.036	529	3	1
90.209	530	2	1
90.383	531	2	1
90.556	532	4	1
90.643	533	3	1
90.730	534	2	1
90.903	535	3	1
90.903	536	2	1
91.250	537	1	1
91.250	538	4	1
91.597	539	3	1
91.944	540	2	1
92.117	541	1	1
92.290	542	4	1
92.464	543	3	1
92.637	544	2	1
92.984	545	4	1
93.331	546	3	1
93.678	547	1	1
94.024	548	2	1
94.371	549	4	1
94.545	550	1	1
94.718	551	3	1
95.065	552	2	1
95.238	553	4	1
95.412	554	1	1
95.585	555	3	1
95.759	556	4	1
95.932	557	2	1
96.105	558	3	1
96.279	559	1	1
96.452	560	3	1
96.626	561	4	1
96.799	562	2	1
96.972	563	2	1
97.146	564	2	1
97.319	565	2	1
97.493	566	1	1
97.666	567	4	1
97.840	568	3	1
98.013	569	2	1
98.186	570	1	1
98.360	571	3	1
98.533	572	4	1
98.707	573	1	1
98.880	574	2	1
99.053	575	3	1
99.227	576	4	1
99.400	577	2	1
99.574	578	3	1
99.747	579	1	1
99.920	580	4	1
100.094	581	2	1
100.267	582	3	1
100.441	583	4	1
100.614	584	1	1
100.787	585	4	1
100.961	586	2	1
101.134	587	3	1
101.308	588	1	1
101.481	589	2	1
101.655	590	4	1
102.001	591	3	1
102.348	592	1	1
102.695	593	2	1
102.868	594	3	1
103.042	595	1	1
103.389	596	2	1
103.562	597	4	1
103.735	598	1	1
103.909	599	3	1
104.082	600	2	1
104.256	601	1	1
104.429	602	4	1
104.603	603	3	1
104.776	604	4	1
104.949	605	2	1
105.123	606	3	1
105.470	607	1	1
105.643	608	4	1
105.816	609	2	1
106.163	610	4	1
106.337	611	3	1
106.510	612	1	1
106.683	613	2	1
106.857	614	3	1
107.030	615	1	1
107.204	616	2	1
107.377	617	4	1
107.550	618	1	1
107.637	619	2	1
107.724	620	3	1
107.897	621	2	1
107.897	622	1	1
108.244	623	4	1
108.418	624	1	1
108.504	625	2	1
108.591	626	3	1
108.591	627	4	1
108.938	628	1	1
109.111	629	4	1
109.198	630	3	1
109.285	631	1	1
109.285	632	2	1
109.631	633	4	1
109.805	634	1	1
109.892	635	2	1
109.978	636	3	1
109.978	637	4	1
110.325	638	4	1
110.498	639	1	1
110.672	640	3	2
111.019	641	3	3
111.019	642	2	2
111.366	643	2	3
111.366	644	3	2
111.712	645	3	3
111.366	646	4	2
111.712	647	4	3
111.712	648	2	2
112.059	649	2	3
111.712	650	1	2
112.059	651	1	3
112.059	652	4	2
112.233	653	4	3
112.233	654	3	2
112.406	655	3	3
112.406	656	2	2
112.579	657	2	3
112.579	658	1	2
112.753	659	1	3
112.753	660	3	2
113.100	661	3	3
112.926	662	2	2
113.100	663	2	3
113.100	664	1	1
113.100	665	4	1
113.446	666	1	1
113.446	667	4	1
113.620	668	2	1
113.793	669	3	1
113.967	670	2	2
115.527	671	2	3
115.701	672	4	1
115.874	673	3	1
116.048	674	2	1
116.221	675	1	2
116.741	676	1	3
116.741	677	4	2
117.261	678	4	3
117.261	679	3	2
117.955	680	3	3
117.955	681	2	2
118.302	682	2	3
118.302	683	1	2
118.649	684	1	3
118.649	685	3	1
118.822	686	3	2
119.863	687	3	3
119.863	688	1	1
120.036	689	2	1
120.209	690	3	1
120.383	691	4	1
120.556	692	3	1
120.730	693	2	1
120.903	694	1	2
121.250	695	1	3
121.250	696	2	1
121.423	697	3	1
121.597	698	4	2
124.545	699	4	3