Song Name	Light it up by Camellia
Difficulty	11
Primary Color	Vibe
Secondary Color	Chill
Audio Asset ID	rbxassetid://9059191944
Audio File	9059191944.ogg
Last Note Time	157.949
Total Notes	925
Fever Fill	228
Fever Time	23.692350
Long Notes	241
BPM	175
Song Length	158.949000000

Timing Points
22.007	342.857143


Song Data
0.064	1	1	1
0.407	2	4	1
0.749	3	1	1
1.092	4	4	1
1.435	5	1	1
1.778	6	4	1
1.949	7	1	2
2.292	8	2	2
2.292	9	1	3
2.464	10	3	2
2.464	11	2	3
2.635	12	4	2
2.635	13	3	3
2.807	14	1	1
2.978	15	4	3
3.149	16	4	1
3.492	17	1	1
3.835	18	4	1
4.178	19	1	1
4.521	20	4	1
4.864	21	1	1
5.207	22	4	1
5.549	23	1	1
5.892	24	4	1
6.235	25	1	1
6.578	26	4	1
6.921	27	1	1
7.264	28	4	1
7.435	29	1	2
7.778	30	2	2
7.778	31	1	3
7.949	32	3	2
7.949	33	2	3
8.121	34	4	2
8.121	35	3	3
8.292	36	1	1
8.464	37	4	3
8.635	38	4	1
8.978	39	1	1
9.321	40	4	1
9.664	41	1	1
10.007	42	4	1
10.349	43	1	1
10.692	44	4	1
11.035	45	1	1
11.378	46	4	1
11.721	47	1	1
12.064	48	4	1
12.407	49	1	1
12.749	50	4	1
12.921	51	1	2
13.264	52	2	2
13.264	53	1	3
13.435	54	3	2
13.435	55	2	3
13.607	56	4	2
13.607	57	3	3
13.778	58	1	1
13.949	59	4	3
14.121	60	4	1
14.464	61	1	1
14.807	62	4	1
15.149	63	1	1
15.492	64	4	1
15.835	65	1	1
16.178	66	4	1
16.521	67	1	1
16.864	68	4	1
17.207	69	1	1
17.549	70	4	1
17.892	71	1	1
18.235	72	4	1
18.407	73	1	2
18.749	74	2	2
18.749	75	1	3
18.921	76	3	2
18.921	77	2	3
19.092	78	4	2
19.092	79	3	3
20.635	80	2	2
20.635	81	4	3
21.321	82	4	2
22.007	83	1	1
22.007	84	3	1
22.007	85	2	3
22.007	86	4	3
22.349	87	3	1
22.349	88	4	1
22.692	89	1	1
23.035	90	3	1
23.035	91	4	1
23.378	92	1	1
23.721	93	3	1
23.721	94	4	1
23.892	95	1	2
24.235	96	2	2
24.235	97	1	3
24.407	98	3	2
24.407	99	2	3
24.578	100	4	2
24.578	101	3	3
24.749	102	1	1
24.921	103	4	3
25.092	104	3	1
25.092	105	4	1
25.435	106	1	1
25.778	107	3	1
25.778	108	4	1
26.121	109	1	1
26.464	110	3	1
26.464	111	4	1
26.807	112	1	1
26.978	113	2	2
27.149	114	4	2
27.149	115	2	3
27.321	116	2	1
27.321	117	4	3
27.407	118	3	1
27.492	119	1	1
27.835	120	3	1
27.835	121	4	1
28.178	122	1	1
28.521	123	3	1
28.521	124	4	1
28.864	125	1	1
29.035	126	4	2
29.207	127	3	2
29.207	128	4	3
29.378	129	2	2
29.378	130	3	3
29.549	131	1	1
29.549	132	2	3
29.721	133	3	1
29.721	134	4	2
30.235	135	2	1
30.235	136	3	2
30.235	137	4	3
30.749	138	1	1
30.749	139	2	2
30.749	140	3	3
31.264	141	1	2
31.264	142	3	1
31.264	143	2	3
31.607	144	2	1
31.607	145	4	2
31.607	146	1	3
31.949	147	4	3
32.121	148	1	2
32.464	149	2	1
32.464	150	1	3
32.635	151	4	2
32.978	152	1	1
32.978	153	4	3
33.149	154	1	1
33.321	155	4	1
33.492	156	4	1
33.664	157	2	1
33.835	158	2	1
34.007	159	4	1
34.178	160	4	1
34.349	161	1	1
34.521	162	1	1
34.692	163	4	1
34.864	164	1	2
35.207	165	2	2
35.207	166	1	3
35.378	167	3	2
35.378	168	2	3
35.549	169	4	2
35.549	170	3	3
35.721	171	1	1
35.892	172	1	1
35.892	173	4	3
36.064	174	4	1
36.235	175	4	1
36.407	176	2	1
36.578	177	2	1
36.749	178	4	1
36.921	179	4	1
37.092	180	1	1
37.264	181	1	1
37.435	182	4	1
37.607	183	4	1
37.778	184	1	1
37.949	185	2	2
38.121	186	4	2
38.121	187	2	3
38.292	188	3	1
38.292	189	4	3
38.464	190	1	1
38.635	191	2	1
38.807	192	3	1
38.978	193	4	1
39.149	194	1	1
39.321	195	2	1
39.492	196	3	1
39.664	197	4	1
39.835	198	1	1
40.007	199	2	1
40.178	200	3	1
40.349	201	4	1
40.521	202	1	1
40.692	203	3	1
40.864	204	2	2
41.207	205	1	1
41.207	206	2	3
41.378	207	3	1
41.549	208	2	1
41.721	209	4	1
41.892	210	2	1
42.064	211	3	1
42.235	212	2	1
42.407	213	3	1
42.578	214	2	2
43.092	215	4	2
43.949	216	1	1
43.949	217	3	1
43.949	218	2	3
43.949	219	4	3
44.464	220	2	1
46.692	221	4	1
47.207	222	3	1
49.435	223	2	1
49.949	224	1	1
52.178	225	1	1
52.692	226	2	1
54.921	227	3	2
55.264	228	2	1
55.264	229	3	3
55.435	230	4	2
55.778	231	3	1
55.778	232	4	3
55.949	233	1	2
56.464	234	1	3
56.635	235	1	1
56.807	236	1	1
56.978	237	2	2
57.321	238	3	2
57.321	239	2	3
57.664	240	4	2
57.664	241	3	3
58.007	242	2	1
58.007	243	4	3
58.178	244	3	2
58.521	245	1	1
58.521	246	3	3
58.692	247	2	2
59.207	248	2	3
59.378	249	4	2
59.721	250	3	2
59.721	251	4	3
60.064	252	1	2
60.064	253	3	3
60.407	254	3	2
60.407	255	1	3
60.749	256	2	1
60.749	257	3	3
60.921	258	4	2
61.264	259	3	1
61.264	260	4	3
61.435	261	1	2
61.949	262	1	3
62.121	263	1	1
62.292	264	1	1
62.464	265	3	2
62.807	266	1	2
62.807	267	3	3
63.149	268	2	2
63.149	269	1	3
63.492	270	1	1
63.492	271	2	3
63.664	272	3	2
64.178	273	3	3
64.349	274	1	1
64.435	275	2	1
64.521	276	3	2
64.864	277	2	1
64.864	278	3	3
65.035	279	4	2
65.378	280	4	3
65.549	281	4	2
65.892	282	3	2
65.892	283	4	3
66.235	284	2	1
66.235	285	3	3
66.407	286	4	2
66.749	287	3	1
66.749	288	4	3
66.921	289	1	2
67.435	290	1	3
67.607	291	1	1
67.778	292	1	1
67.949	293	2	2
68.292	294	3	2
68.292	295	2	3
68.635	296	4	2
68.635	297	3	3
68.978	298	2	1
68.978	299	4	3
69.149	300	3	2
69.492	301	1	1
69.492	302	3	3
69.664	303	2	2
70.178	304	2	3
70.349	305	4	2
70.692	306	3	2
70.692	307	4	3
71.035	308	1	2
71.035	309	3	3
71.378	310	3	2
71.378	311	1	3
71.721	312	2	1
71.721	313	3	3
71.892	314	4	2
72.235	315	3	1
72.235	316	4	3
72.407	317	1	2
72.921	318	1	3
73.092	319	1	1
73.264	320	1	1
73.435	321	3	2
73.778	322	1	2
73.778	323	3	3
74.121	324	4	2
74.121	325	1	3
74.464	326	2	1
74.464	327	4	3
74.635	328	3	2
74.978	329	1	1
74.978	330	3	3
75.149	331	2	2
75.835	332	2	3
76.521	333	1	1
76.521	334	4	1
76.864	335	2	2
76.864	336	4	1
77.378	337	1	1
77.378	338	4	2
77.378	339	2	3
77.892	340	1	2
77.892	341	2	1
77.892	342	4	3
79.092	343	1	3
79.607	344	2	2
79.607	345	4	1
80.121	346	1	1
80.121	347	4	2
80.121	348	2	3
80.978	349	1	2
80.978	350	3	1
80.978	351	4	3
81.492	352	3	2
81.492	353	4	1
81.492	354	1	3
82.349	355	2	2
82.349	356	4	1
82.349	357	3	3
82.864	358	1	1
82.864	359	4	2
82.864	360	2	3
83.378	361	1	2
83.378	362	2	1
83.378	363	4	3
84.749	364	3	2
84.749	365	1	3
85.092	366	2	2
85.092	367	4	1
85.092	368	3	3
85.607	369	1	1
85.607	370	4	2
85.607	371	2	3
86.464	372	1	2
86.464	373	3	1
86.464	374	4	3
86.978	375	3	2
86.978	376	4	1
86.978	377	1	3
87.835	378	1	1
87.835	379	4	1
87.835	380	3	3
88.007	381	2	1
88.178	382	1	1
88.349	383	3	2
88.521	384	1	1
88.692	385	3	3
88.864	386	1	1
89.035	387	4	2
89.207	388	1	1
89.378	389	2	1
89.549	390	4	3
89.721	391	1	2
89.892	392	2	1
90.064	393	1	3
90.235	394	1	1
90.407	395	4	1
90.578	396	2	1
90.749	397	3	1
90.921	398	1	1
91.092	399	3	2
91.264	400	1	1
91.435	401	3	3
91.607	402	1	1
91.778	403	4	1
91.949	404	2	1
92.121	405	4	1
92.292	406	1	1
92.464	407	4	2
92.635	408	1	1
92.807	409	4	3
92.978	410	1	1
93.149	411	3	1
93.321	412	1	1
93.492	413	2	1
93.664	414	1	1
93.835	415	3	2
94.007	416	1	1
94.178	417	3	3
94.349	418	1	1
94.521	419	4	2
94.692	420	1	1
94.864	421	2	1
95.035	422	4	3
95.207	423	1	2
95.378	424	2	1
95.549	425	1	3
95.721	426	1	1
95.892	427	4	1
96.064	428	2	1
96.235	429	3	1
96.407	430	1	1
96.578	431	3	2
96.749	432	1	1
96.921	433	3	3
97.092	434	1	1
97.264	435	4	1
97.435	436	1	1
97.607	437	2	1
97.778	438	3	1
97.949	439	4	1
98.121	440	1	1
98.292	441	2	1
98.464	442	2	2
98.464	443	3	2
98.635	444	2	3
98.635	445	3	3
98.807	446	1	1
98.807	447	4	1
99.149	448	1	1
99.492	449	1	1
99.835	450	1	1
99.835	451	3	2
99.835	452	4	2
100.178	453	1	1
100.178	454	3	3
100.178	455	4	3
100.521	456	1	1
100.864	457	1	1
101.207	458	1	1
101.207	459	4	2
101.378	460	2	2
101.378	461	4	3
101.549	462	1	1
101.549	463	2	3
101.892	464	1	1
102.235	465	1	1
102.578	466	1	1
102.578	467	4	1
102.664	468	3	1
102.749	469	4	1
102.835	470	3	1
102.921	471	1	1
103.264	472	1	1
103.607	473	1	1
103.607	474	2	2
103.949	475	1	1
104.292	476	1	1
104.292	477	2	3
104.464	478	2	1
104.635	479	3	1
104.807	480	4	1
104.978	481	1	1
105.149	482	2	1
105.321	483	3	1
105.492	484	4	1
105.664	485	1	1
105.835	486	2	1
106.007	487	3	1
106.178	488	4	1
106.349	489	1	1
106.521	490	2	1
106.692	491	3	1
106.864	492	4	1
107.035	493	1	1
107.207	494	2	1
107.378	495	4	1
107.549	496	3	1
107.721	497	1	1
107.892	498	2	1
108.064	499	4	1
108.235	500	3	1
108.407	501	1	1
108.407	502	2	1
109.778	503	1	1
109.778	504	2	2
109.949	505	2	3
110.121	506	3	1
110.121	507	4	2
110.292	508	1	2
110.292	509	4	3
110.464	510	3	1
110.464	511	4	2
110.464	512	1	3
110.635	513	4	3
110.721	514	3	2
110.892	515	3	3
110.978	516	1	2
111.149	517	2	1
111.149	518	1	3
111.321	519	3	1
111.492	520	4	1
111.664	521	1	2
111.835	522	4	1
112.007	523	2	2
112.007	524	1	3
112.178	525	3	2
112.178	526	2	3
112.349	527	4	2
112.349	528	3	3
112.521	529	1	1
112.521	530	2	2
112.521	531	4	3
112.692	532	2	3
112.864	533	3	1
112.864	534	4	2
113.035	535	1	2
113.035	536	4	3
113.207	537	3	1
113.207	538	4	2
113.207	539	1	3
113.378	540	4	3
113.464	541	3	2
113.635	542	3	3
113.721	543	1	2
113.892	544	2	1
113.892	545	1	3
114.064	546	1	1
114.149	547	2	1
114.235	548	3	1
114.321	549	4	1
114.407	550	1	1
114.578	551	4	2
114.749	552	1	2
114.749	553	4	3
114.921	554	1	3
115.092	555	3	2
115.264	556	1	1
115.264	557	2	2
115.264	558	3	3
115.435	559	2	3
115.607	560	3	1
115.607	561	4	2
115.778	562	1	2
115.778	563	4	3
115.949	564	3	1
115.949	565	4	2
115.949	566	1	3
116.121	567	4	3
116.207	568	3	2
116.378	569	3	3
116.464	570	1	2
116.635	571	2	1
116.635	572	1	3
116.807	573	3	1
116.978	574	4	1
117.149	575	1	2
117.321	576	4	1
117.492	577	2	2
117.492	578	1	3
117.664	579	3	2
117.664	580	2	3
117.835	581	4	2
117.835	582	3	3
118.007	583	1	1
118.007	584	2	2
118.007	585	4	3
118.178	586	3	2
118.178	587	2	3
118.349	588	1	1
118.349	589	3	3
118.521	590	2	2
118.692	591	4	1
118.692	592	2	3
118.778	593	3	1
119.035	594	2	1
119.121	595	3	1
119.207	596	2	1
119.292	597	3	1
119.378	598	1	1
119.378	599	4	1
119.892	600	3	2
120.749	601	1	1
120.749	602	2	2
120.749	603	3	3
120.921	604	2	3
121.092	605	3	1
121.092	606	4	2
121.264	607	1	2
121.264	608	4	3
121.435	609	3	1
121.435	610	4	2
121.435	611	1	3
121.607	612	4	3
121.692	613	3	2
121.864	614	3	3
121.949	615	1	2
122.121	616	2	1
122.121	617	1	3
122.292	618	3	1
122.464	619	1	1
122.635	620	1	2
122.807	621	4	1
122.978	622	2	2
122.978	623	1	3
123.149	624	3	2
123.149	625	2	3
123.321	626	4	2
123.321	627	3	3
123.492	628	1	1
123.492	629	2	2
123.492	630	4	3
123.664	631	2	3
123.835	632	3	1
123.835	633	4	2
124.007	634	1	2
124.007	635	4	3
124.178	636	3	1
124.178	637	4	2
124.178	638	1	3
124.349	639	4	3
124.435	640	3	2
124.607	641	3	3
124.692	642	1	2
124.864	643	2	1
124.864	644	1	3
124.949	645	3	1
125.035	646	1	1
125.121	647	2	1
125.207	648	3	1
125.292	649	4	1
125.378	650	1	1
125.549	651	4	2
125.721	652	1	2
125.721	653	4	3
125.892	654	1	3
126.064	655	3	2
126.235	656	4	1
126.235	657	3	3
126.407	658	1	1
126.578	659	3	1
126.578	660	4	2
126.749	661	1	2
126.749	662	4	3
126.921	663	3	1
126.921	664	4	2
126.921	665	1	3
127.092	666	4	3
127.178	667	2	1
127.264	668	3	1
127.264	669	4	2
127.435	670	2	2
127.435	671	4	3
127.607	672	1	1
127.607	673	2	3
127.778	674	3	2
127.949	675	4	1
127.949	676	3	3
128.121	677	2	2
128.292	678	3	2
128.292	679	2	3
128.464	680	1	2
128.464	681	3	3
128.635	682	3	1
128.635	683	4	2
128.635	684	1	3
128.807	685	4	3
128.978	686	1	1
128.978	687	3	2
129.149	688	2	1
129.149	689	3	3
129.321	690	3	2
129.321	691	4	1
129.492	692	1	1
129.492	693	3	3
129.664	694	2	1
129.664	695	3	2
129.835	696	1	1
129.835	697	3	3
130.007	698	4	1
130.092	699	3	1
130.178	700	2	1
130.264	701	1	1
130.349	702	3	1
130.349	703	4	1
131.721	704	1	1
131.721	705	2	2
131.892	706	2	3
132.064	707	4	1
132.235	708	1	1
132.407	709	4	2
132.578	710	4	3
132.664	711	3	2
132.749	712	1	1
132.835	713	3	3
132.921	714	1	2
133.092	715	2	1
133.092	716	1	3
133.264	717	3	1
133.435	718	1	1
133.607	719	2	1
133.778	720	1	2
133.778	721	4	1
133.949	722	2	2
133.949	723	1	3
134.121	724	3	2
134.121	725	2	3
134.292	726	4	2
134.292	727	3	3
134.464	728	1	1
134.464	729	2	2
134.464	730	4	3
134.635	731	2	3
134.807	732	4	1
134.978	733	1	1
135.149	734	4	2
135.321	735	4	3
135.407	736	3	2
135.492	737	1	1
135.578	738	3	3
135.664	739	1	2
135.835	740	2	1
135.835	741	1	3
136.007	742	2	1
136.178	743	4	1
136.349	744	3	1
136.521	745	2	2
136.692	746	1	2
136.692	747	2	3
136.864	748	2	2
136.864	749	3	2
136.864	750	1	3
137.035	751	2	3
137.035	752	3	3
137.207	753	1	1
137.207	754	2	2
137.207	755	4	1
137.378	756	2	3
137.549	757	4	1
137.721	758	1	1
137.892	759	4	2
138.064	760	4	3
138.149	761	3	2
138.235	762	1	1
138.321	763	3	3
138.407	764	1	2
138.578	765	2	1
138.578	766	1	3
138.749	767	3	1
138.921	768	1	1
139.092	769	2	1
139.264	770	1	2
139.264	771	4	1
139.435	772	2	2
139.435	773	1	3
139.607	774	3	2
139.607	775	2	3
139.778	776	4	2
139.778	777	3	3
139.949	778	1	1
139.949	779	2	2
139.949	780	4	3
140.121	781	3	1
140.121	782	2	3
140.292	783	1	1
140.292	784	4	1
140.464	785	3	1
140.635	786	2	2
140.807	787	1	2
140.807	788	2	3
140.978	789	3	2
140.978	790	4	1
140.978	791	1	3
141.321	792	1	1
141.321	793	3	3
141.492	794	3	1
141.664	795	4	1
141.835	796	3	1
142.007	797	2	2
142.178	798	1	2
142.178	799	2	3
142.349	800	3	2
142.349	801	4	1
142.349	802	1	3
142.692	803	2	2
142.692	804	3	3
142.864	805	2	3
143.035	806	4	1
143.207	807	1	1
143.378	808	4	2
143.549	809	4	3
143.635	810	3	2
143.721	811	1	1
143.807	812	3	3
143.892	813	1	2
144.064	814	2	1
144.064	815	1	3
144.235	816	3	1
144.407	817	4	1
144.578	818	2	1
144.749	819	1	2
144.749	820	4	1
144.921	821	2	2
144.921	822	1	3
145.092	823	3	2
145.092	824	2	3
145.264	825	4	2
145.264	826	3	3
145.435	827	1	1
145.435	828	2	2
145.435	829	4	3
145.607	830	2	3
145.778	831	4	1
145.949	832	1	1
146.121	833	4	2
146.292	834	4	3
146.378	835	3	2
146.464	836	1	1
146.549	837	3	3
146.635	838	1	2
146.807	839	2	1
146.807	840	1	3
146.978	841	2	1
147.149	842	4	1
147.321	843	3	1
147.492	844	2	2
147.664	845	1	2
147.664	846	2	3
147.835	847	4	1
147.835	848	1	3
147.921	849	3	1
148.007	850	2	1
148.092	851	3	1
148.178	852	4	2
148.349	853	4	3
148.521	854	4	1
148.692	855	1	2
148.864	856	4	2
148.864	857	1	3
149.035	858	4	3
149.121	859	3	2
149.207	860	1	1
149.292	861	3	3
149.378	862	1	2
149.549	863	2	1
149.549	864	1	3
149.721	865	3	1
149.807	866	2	1
149.892	867	1	1
149.978	868	3	1
150.064	869	1	1
150.149	870	2	1
150.235	871	1	2
150.235	872	4	1
150.407	873	2	2
150.407	874	1	3
150.578	875	3	2
150.578	876	2	3
150.749	877	4	2
150.749	878	3	3
150.921	879	1	1
150.921	880	2	1
150.921	881	4	3
151.178	882	1	1
151.178	883	2	1
151.435	884	2	1
151.435	885	4	1
151.607	886	1	1
151.607	887	3	1
151.864	888	1	1
151.864	889	3	1
152.121	890	1	1
152.121	891	3	1
152.292	892	2	1
152.292	893	4	1
152.549	894	2	1
152.549	895	4	1
152.807	896	1	1
152.892	897	2	1
152.978	898	4	1
153.064	899	3	1
153.149	900	1	1
153.235	901	2	1
153.321	902	4	1
153.407	903	3	1
153.492	904	1	1
153.578	905	2	1
153.664	906	3	2
154.007	907	2	1
154.007	908	3	3
154.178	909	4	2
154.521	910	3	1
154.521	911	4	3
154.692	912	1	2
155.207	913	1	3
155.378	914	1	1
155.549	915	1	1
155.721	916	2	2
156.064	917	3	2
156.064	918	2	3
156.407	919	4	2
156.407	920	3	3
156.749	921	4	3
156.921	922	3	2
157.264	923	3	3
157.435	924	2	2
157.949	925	2	3