Song Name	Lights [EXTENDED CUT] by Project Skylate
Difficulty	16
Primary Color	Chill
Secondary Color	Chill
Last Note Time	263.448
Total Notes	1376
Fever Fill	392
Fever Time	39.517200
Long Notes	199
BPM	100
Song Length	263.911111111

Timing Points
2.448	600.0000
21.648	600.0000
40.848	600.0000
98.448	600.0000
116.448	600.0000
117.648	600.0000
136.848	600.0000
213.648	600.0000
214.248	600.0000
214.848	600.0000
215.448	600.0000
216.048	600.0000
216.648	600.0000
217.248	600.0000
217.398	600.0000
217.548	600.0000
217.698	600.0000
220.848	600.0000
221.148	600.0000
221.448	600.0000
221.748	600.0000
222.048	600.0000
222.648	600.0000
223.248	600.0000
240.348	600.0000
240.648	600.0000
240.948	600.0000
241.248	600.0000
241.848	600.0000
242.448	600.0000
252.648	600.0000
253.248	600.0000
253.848	600.0000
254.448	600.0000
256.848	600.0000


Song Data
2.448	1	1	2
2.448	2	4	1
6.048	3	3	1
6.048	4	4	2
6.048	5	1	3
7.248	6	2	1
7.248	7	3	2
7.248	8	4	3
9.048	9	2	2
9.048	10	4	1
9.048	11	3	3
9.648	12	1	2
9.648	13	3	1
9.648	14	2	3
12.048	15	1	3
12.348	16	3	1
12.648	17	2	1
13.098	18	1	1
13.548	19	3	1
13.848	20	2	1
14.298	21	1	1
14.748	22	4	1
15.048	23	3	1
15.498	24	2	1
15.948	25	4	1
16.248	26	3	1
16.698	27	2	1
17.148	28	1	1
17.448	29	3	1
17.898	30	2	1
18.348	31	4	1
18.648	32	1	1
19.248	33	3	1
19.848	34	3	2
20.448	35	3	3
21.048	36	1	1
21.123	37	2	1
21.198	38	3	1
21.273	39	4	1
21.348	40	2	1
21.498	41	3	1
21.648	42	1	1
21.648	43	4	1
21.798	44	2	1
21.948	45	1	1
22.098	46	4	1
22.248	47	2	1
22.248	48	3	2
22.698	49	2	1
22.698	50	3	3
22.848	51	1	1
22.998	52	4	1
23.148	53	1	1
23.148	54	2	1
23.298	55	3	1
23.448	56	4	1
23.748	57	1	2
24.048	58	2	1
24.048	59	4	1
24.048	60	1	3
24.198	61	3	1
24.348	62	1	1
24.498	63	3	1
24.648	64	1	1
24.648	65	2	1
24.798	66	4	1
24.948	67	2	1
25.098	68	3	1
25.098	69	4	1
25.248	70	1	1
25.398	71	2	1
25.548	72	1	1
25.548	73	4	1
25.698	74	3	1
25.848	75	2	1
25.998	76	3	1
26.148	77	2	1
26.148	78	4	1
26.448	79	1	1
26.448	80	3	1
26.598	81	2	1
26.748	82	3	1
26.898	83	2	1
26.898	84	4	1
27.048	85	1	1
27.348	86	4	2
27.648	87	1	1
27.648	88	4	3
27.798	89	2	1
27.948	90	3	1
28.098	91	1	1
28.248	92	3	1
28.248	93	4	1
28.548	94	1	1
28.548	95	4	1
28.848	96	1	1
28.848	97	2	1
28.998	98	4	1
29.148	99	2	1
29.298	100	3	1
29.298	101	4	1
29.448	102	1	1
29.748	103	2	2
30.198	104	1	1
30.198	105	2	3
30.348	106	3	1
30.498	107	2	1
30.648	108	3	1
30.648	109	4	1
30.948	110	1	1
30.948	111	4	1
31.248	112	2	1
31.248	113	3	1
31.398	114	4	1
31.548	115	1	1
31.698	116	3	1
31.848	117	1	2
31.848	118	2	1
32.298	119	3	1
32.298	120	1	3
32.448	121	2	1
32.598	122	4	1
32.748	123	1	1
32.748	124	2	1
32.898	125	3	1
33.348	126	1	2
33.648	127	3	1
33.648	128	4	1
33.648	129	1	3
33.798	130	2	1
33.948	131	4	1
34.098	132	3	1
34.248	133	1	1
34.248	134	2	1
34.398	135	3	1
34.548	136	1	1
34.698	137	2	1
34.698	138	4	1
34.848	139	3	1
34.998	140	2	1
35.148	141	1	1
35.148	142	4	1
35.298	143	3	1
35.448	144	2	1
35.598	145	4	1
35.748	146	1	1
35.748	147	2	1
36.048	148	1	1
36.048	149	4	1
36.198	150	3	1
36.348	151	4	1
36.498	152	1	1
36.498	153	2	1
36.648	154	3	1
36.798	155	4	1
36.948	156	2	1
36.948	157	3	1
37.098	158	1	1
37.248	159	4	1
37.398	160	2	1
37.548	161	3	1
37.698	162	1	1
37.848	163	2	1
37.848	164	4	1
38.148	165	1	1
38.148	166	4	1
38.448	167	1	2
38.898	168	3	2
38.898	169	1	3
39.348	170	2	2
39.348	171	3	3
39.648	172	1	2
39.648	173	2	3
40.098	174	3	2
40.098	175	1	3
40.398	176	4	1
40.398	177	3	3
40.548	178	2	2
40.848	179	1	1
40.848	180	3	1
40.848	181	2	3
41.448	182	4	2
41.748	183	2	2
41.748	184	4	3
42.648	185	2	3
43.548	186	3	2
43.848	187	4	2
43.848	188	3	3
44.148	189	1	2
44.148	190	4	3
44.448	191	3	1
44.448	192	4	1
45.048	193	3	2
45.048	194	1	3
45.348	195	2	2
45.348	196	3	3
45.648	197	1	1
45.648	198	4	1
45.648	199	2	3
45.948	200	4	2
46.248	201	3	2
46.248	202	4	3
46.548	203	1	2
46.548	204	3	3
47.448	205	3	2
47.448	206	4	1
47.448	207	1	3
47.748	208	2	2
47.748	209	3	3
48.048	210	1	1
48.048	211	4	1
48.048	212	2	3
48.348	213	4	2
48.648	214	3	2
48.648	215	4	3
48.948	216	1	2
48.948	217	3	3
49.848	218	3	1
49.848	219	4	1
49.848	220	1	3
50.448	221	1	1
50.448	222	4	1
51.048	223	1	1
51.048	224	3	2
51.348	225	2	2
51.348	226	3	3
51.648	227	4	1
52.248	228	3	1
52.248	229	4	1
52.248	230	2	3
52.848	231	1	1
53.148	232	4	2
53.448	233	2	2
53.448	234	3	1
53.448	235	4	3
53.748	236	1	2
53.748	237	2	3
54.048	238	3	1
54.048	239	4	1
54.648	240	2	1
54.648	241	4	2
54.648	242	1	3
54.948	243	3	2
54.948	244	4	3
55.248	245	1	1
55.248	246	4	1
55.248	247	3	3
55.548	248	2	2
55.848	249	3	2
55.848	250	4	1
55.848	251	2	3
56.148	252	1	2
56.148	253	2	1
56.148	254	3	3
56.448	255	4	1
56.748	256	3	2
56.748	257	1	3
57.048	258	2	2
57.048	259	4	1
57.048	260	3	3
57.348	261	4	2
57.348	262	2	3
57.648	263	1	1
57.648	264	2	1
57.648	265	4	3
57.948	266	3	2
58.248	267	2	2
58.248	268	4	1
58.248	269	3	3
58.548	270	1	2
58.548	271	2	3
59.448	272	3	1
59.448	273	4	1
59.448	274	1	3
59.598	275	2	1
59.748	276	3	1
59.898	277	2	1
60.048	278	1	1
60.048	279	4	2
60.648	280	3	1
60.948	281	2	1
61.098	282	1	1
61.248	283	2	1
61.248	284	4	3
61.548	285	3	2
61.848	286	2	2
61.848	287	3	3
62.148	288	1	2
62.148	289	2	3
62.298	290	4	1
63.048	291	3	1
63.348	292	4	1
63.348	293	1	3
63.498	294	3	1
63.648	295	4	1
63.948	296	2	2
64.248	297	3	2
64.248	298	2	3
64.548	299	1	2
64.548	300	3	3
64.698	301	2	1
65.148	302	4	2
65.148	303	1	3
65.448	304	3	2
65.448	305	4	3
65.748	306	2	2
65.748	307	3	3
65.898	308	4	1
66.048	309	1	1
66.048	310	2	3
66.348	311	3	1
66.648	312	1	2
66.948	313	4	2
66.948	314	1	3
67.098	315	2	1
67.248	316	1	1
67.548	317	3	2
67.548	318	4	3
67.848	319	2	2
67.848	320	3	3
68.148	321	1	2
68.148	322	2	3
68.298	323	3	1
68.448	324	4	1
68.748	325	2	1
68.748	326	1	3
69.048	327	3	2
69.348	328	4	2
69.348	329	3	3
69.498	330	2	1
69.648	331	1	1
70.248	332	3	1
70.548	333	1	1
70.548	334	4	3
70.698	335	2	1
70.848	336	4	1
71.148	337	2	2
71.448	338	3	2
71.448	339	2	3
71.748	340	4	2
71.748	341	3	3
71.898	342	2	1
72.048	343	1	1
72.648	344	3	1
72.948	345	2	1
72.948	346	4	3
73.098	347	1	1
73.548	348	3	2
73.848	349	2	2
73.848	350	3	3
74.148	351	1	2
74.148	352	2	3
74.298	353	4	1
74.448	354	2	1
74.748	355	3	2
74.748	356	1	3
75.048	357	4	2
75.048	358	3	3
75.348	359	2	2
75.348	360	4	3
75.498	361	3	1
75.648	362	4	1
75.948	363	3	2
75.948	364	2	3
76.248	365	1	2
76.248	366	3	3
76.548	367	4	2
76.548	368	1	3
76.698	369	2	1
76.848	370	1	1
77.148	371	3	2
77.148	372	4	3
77.448	373	2	2
77.448	374	3	3
77.748	375	1	2
77.748	376	2	3
77.898	377	3	1
78.048	378	4	1
78.348	379	1	3
78.648	380	2	1
78.648	381	3	2
78.948	382	4	2
78.948	383	3	3
79.248	384	1	1
79.848	385	1	1
80.448	386	1	1
81.048	387	1	1
81.648	388	2	1
81.648	389	4	3
82.248	390	2	1
82.848	391	2	1
83.148	392	3	2
83.448	393	2	2
83.448	394	4	1
83.448	395	3	3
83.748	396	1	2
83.748	397	2	3
84.048	398	3	1
84.648	399	3	1
85.248	400	3	1
85.848	401	3	1
86.448	402	4	1
86.448	403	1	3
87.048	404	4	1
87.648	405	4	1
88.248	406	2	1
88.248	407	3	2
88.548	408	4	2
88.548	409	3	3
88.848	410	2	1
89.448	411	1	2
89.448	412	2	1
89.448	413	4	3
89.748	414	3	2
89.748	415	1	3
90.048	416	1	1
90.648	417	1	1
90.648	418	4	2
90.648	419	3	3
90.948	420	2	2
90.948	421	4	3
91.248	422	4	1
91.548	423	3	2
91.548	424	2	3
91.848	425	2	2
91.848	426	4	1
91.848	427	3	3
92.148	428	1	2
92.148	429	2	3
92.448	430	4	1
93.048	431	2	1
93.048	432	3	2
93.048	433	1	3
93.348	434	4	2
93.348	435	3	3
93.648	436	1	1
94.248	437	1	1
94.848	438	1	1
95.448	439	1	1
96.048	440	1	1
96.048	441	4	3
97.248	442	4	1
97.398	443	3	1
97.548	444	1	1
97.698	445	2	1
97.848	446	4	1
97.923	447	3	1
97.998	448	2	1
98.073	449	1	1
98.148	450	3	1
98.298	451	2	1
98.448	452	1	1
98.448	453	4	1
98.598	454	3	1
98.748	455	1	1
98.898	456	2	1
99.048	457	3	2
99.048	458	4	1
99.498	459	2	1
99.498	460	3	3
99.648	461	1	1
99.798	462	4	1
99.948	463	1	1
99.948	464	2	1
100.098	465	3	1
100.248	466	4	1
100.548	467	1	2
100.848	468	2	1
100.848	469	4	1
100.848	470	1	3
100.998	471	3	1
101.148	472	1	1
101.298	473	3	1
101.448	474	1	1
101.448	475	2	1
101.598	476	4	1
101.748	477	2	1
101.898	478	3	1
101.898	479	4	1
102.048	480	1	1
102.198	481	2	1
102.348	482	1	1
102.348	483	4	1
102.498	484	3	1
102.648	485	2	1
102.798	486	3	1
102.948	487	2	1
102.948	488	4	1
103.248	489	1	1
103.248	490	3	1
103.398	491	2	1
103.548	492	3	1
103.698	493	2	1
103.698	494	4	1
103.848	495	1	1
104.148	496	4	2
104.448	497	1	1
104.448	498	4	3
104.598	499	2	1
104.748	500	3	1
104.898	501	1	1
105.048	502	3	1
105.048	503	4	1
105.348	504	1	1
105.348	505	4	1
105.648	506	1	1
105.648	507	2	1
105.798	508	4	1
105.948	509	2	1
106.098	510	3	1
106.098	511	4	1
106.248	512	1	1
106.548	513	2	2
106.998	514	1	1
106.998	515	2	3
107.148	516	3	1
107.298	517	2	1
107.448	518	3	1
107.448	519	4	1
107.748	520	1	1
107.748	521	4	1
108.048	522	2	1
108.048	523	3	1
108.198	524	4	1
108.348	525	1	1
108.498	526	3	1
108.648	527	1	2
108.648	528	2	1
109.098	529	3	1
109.098	530	1	3
109.248	531	2	1
109.398	532	4	1
109.548	533	1	1
109.548	534	2	1
109.698	535	3	1
110.148	536	1	2
110.448	537	3	1
110.448	538	4	1
110.448	539	1	3
110.598	540	2	1
110.748	541	4	1
110.898	542	3	1
111.048	543	1	1
111.048	544	2	1
111.198	545	3	1
111.348	546	1	1
111.498	547	2	1
111.498	548	4	1
111.648	549	3	1
111.798	550	2	1
111.948	551	1	1
111.948	552	4	1
112.098	553	3	1
112.248	554	2	1
112.398	555	4	1
112.548	556	1	1
112.548	557	2	1
112.848	558	1	1
112.848	559	4	1
112.998	560	3	1
113.148	561	4	1
113.298	562	1	1
113.298	563	2	1
113.448	564	3	1
113.598	565	4	1
113.748	566	2	1
113.748	567	3	1
113.898	568	1	1
114.048	569	4	1
114.198	570	2	1
114.348	571	3	1
114.498	572	1	1
114.648	573	2	1
114.648	574	4	1
114.948	575	1	1
114.948	576	4	1
115.248	577	1	2
115.698	578	3	2
115.698	579	1	3
116.148	580	2	2
116.148	581	3	3
116.448	582	1	1
116.448	583	2	3
116.898	584	4	1
117.048	585	1	1
117.123	586	2	1
117.198	587	3	1
117.273	588	4	1
117.348	589	2	1
117.498	590	3	1
117.648	591	1	1
117.648	592	4	1
117.798	593	2	1
117.948	594	3	1
118.098	595	1	1
118.248	596	3	1
118.248	597	4	1
118.398	598	2	1
118.548	599	4	1
118.698	600	1	1
118.698	601	2	1
118.848	602	3	1
118.998	603	1	1
119.148	604	2	1
119.148	605	4	1
119.298	606	3	1
119.448	607	1	1
119.598	608	4	1
119.748	609	1	1
119.748	610	2	1
120.048	611	3	1
120.048	612	4	1
120.198	613	2	1
120.348	614	3	1
120.498	615	4	1
120.648	616	1	1
120.648	617	2	1
120.798	618	3	1
120.948	619	1	1
121.098	620	2	1
121.098	621	4	1
121.248	622	3	1
121.398	623	1	1
121.548	624	3	1
121.548	625	4	1
121.698	626	2	1
121.848	627	1	1
121.998	628	3	1
122.148	629	2	1
122.148	630	4	1
122.448	631	1	1
122.448	632	4	1
122.598	633	3	1
122.748	634	2	1
122.898	635	1	1
122.898	636	3	1
123.048	637	4	1
123.198	638	2	1
123.348	639	3	1
123.348	640	4	1
123.498	641	1	1
123.648	642	3	1
123.798	643	2	1
123.948	644	1	1
124.098	645	3	1
124.248	646	2	1
124.248	647	4	1
124.548	648	2	1
124.548	649	3	1
124.848	650	1	1
124.848	651	3	1
124.998	652	4	1
125.148	653	2	1
125.298	654	3	1
125.298	655	4	1
125.448	656	1	1
125.598	657	3	1
125.748	658	1	1
125.748	659	2	1
125.898	660	3	1
126.048	661	2	1
126.198	662	4	1
126.348	663	1	1
126.498	664	3	1
126.648	665	1	1
126.648	666	2	1
126.948	667	2	1
126.948	668	4	1
127.248	669	1	1
127.248	670	4	1
127.398	671	2	1
127.548	672	3	1
127.698	673	1	1
127.848	674	3	1
127.848	675	4	1
127.998	676	2	1
128.148	677	4	1
128.298	678	1	1
128.298	679	2	1
128.448	680	3	1
128.598	681	1	1
128.748	682	2	1
128.748	683	4	1
128.898	684	3	1
129.048	685	1	1
129.198	686	4	1
129.348	687	1	1
129.348	688	2	1
129.648	689	3	1
129.648	690	4	1
129.798	691	2	1
129.948	692	3	1
130.098	693	4	1
130.248	694	1	1
130.248	695	2	1
130.398	696	3	1
130.548	697	1	1
130.698	698	2	1
130.698	699	4	1
130.848	700	3	1
130.998	701	1	1
131.148	702	3	1
131.148	703	4	1
131.298	704	2	1
131.448	705	1	1
131.598	706	3	1
131.748	707	2	1
131.748	708	4	1
132.048	709	1	1
132.048	710	4	1
132.198	711	3	1
132.348	712	2	1
132.498	713	1	1
132.498	714	3	1
132.648	715	4	1
132.798	716	2	1
132.948	717	3	1
132.948	718	4	1
133.098	719	1	1
133.248	720	3	1
133.398	721	2	1
133.548	722	1	1
133.698	723	3	1
133.848	724	2	1
133.848	725	4	1
134.148	726	2	1
134.148	727	3	1
134.448	728	1	2
134.898	729	3	2
134.898	730	1	3
135.348	731	2	2
135.348	732	3	3
135.648	733	1	2
135.648	734	2	3
136.098	735	4	2
136.098	736	1	3
136.398	737	3	1
136.398	738	4	3
136.548	739	2	2
136.848	740	1	1
136.848	741	4	1
136.848	742	2	3
137.448	743	4	2
137.748	744	1	2
137.748	745	4	3
138.348	746	2	1
138.348	747	1	3
138.798	748	4	1
139.248	749	3	1
139.548	750	1	2
139.848	751	2	2
139.848	752	1	3
140.148	753	4	2
140.148	754	2	3
140.448	755	1	1
141.048	756	2	1
141.048	757	4	3
141.648	758	4	1
141.948	759	3	2
142.248	760	2	2
142.248	761	3	3
142.548	762	4	2
142.548	763	2	3
143.448	764	1	1
143.448	765	4	3
144.048	766	4	1
144.348	767	3	1
144.498	768	2	2
144.948	769	1	2
144.948	770	2	3
145.848	771	3	2
145.848	772	1	3
146.148	773	3	3
146.448	774	2	1
146.748	775	4	2
147.048	776	3	2
147.048	777	4	3
147.348	778	1	2
147.348	779	3	3
147.648	780	4	1
147.798	781	1	3
148.098	782	2	1
148.248	783	3	2
148.548	784	2	2
148.548	785	3	3
148.848	786	4	1
148.848	787	2	3
149.148	788	1	2
149.448	789	3	2
149.448	790	1	3
149.748	791	4	2
149.748	792	3	3
150.048	793	1	1
150.648	794	2	2
150.648	795	4	3
150.948	796	3	2
150.948	797	2	3
151.248	798	1	1
151.248	799	3	3
151.548	800	4	2
151.848	801	3	2
151.848	802	4	3
152.148	803	1	2
152.148	804	3	3
153.048	805	2	1
153.048	806	1	3
153.198	807	3	2
153.648	808	4	1
153.648	809	3	3
153.948	810	2	2
154.248	811	4	2
154.248	812	2	3
154.548	813	1	2
154.548	814	4	3
155.148	815	1	3
155.448	816	2	2
155.448	817	3	2
155.748	818	4	2
155.748	819	3	3
156.048	820	1	1
156.048	821	2	3
157.248	822	1	1
157.248	823	4	3
157.548	824	3	2
157.848	825	2	2
157.848	826	3	3
158.148	827	1	2
158.148	828	2	3
158.448	829	4	1
159.348	830	1	3
159.648	831	2	1
159.948	832	3	2
160.248	833	4	2
160.248	834	3	3
160.548	835	2	2
160.548	836	4	3
160.848	837	1	1
161.148	838	3	2
161.148	839	2	3
161.448	840	4	2
161.448	841	3	3
161.748	842	1	2
161.748	843	4	3
162.048	844	1	3
162.648	845	3	2
162.948	846	4	2
162.948	847	3	3
163.248	848	1	1
163.548	849	2	2
163.548	850	4	3
163.848	851	3	2
163.848	852	2	3
164.148	853	1	2
164.148	854	3	3
164.748	855	1	3
165.048	856	3	2
165.348	857	1	2
165.348	858	3	3
165.648	859	4	1
166.548	860	1	3
166.848	861	2	1
167.148	862	3	2
167.448	863	4	2
167.448	864	3	3
167.748	865	2	2
167.748	866	4	3
168.048	867	3	1
168.948	868	2	3
169.248	869	1	1
169.548	870	4	2
169.848	871	3	2
169.848	872	4	3
170.148	873	1	2
170.148	874	3	3
170.448	875	4	1
170.748	876	2	2
170.748	877	1	3
171.048	878	4	2
171.048	879	2	3
171.348	880	3	2
171.348	881	4	3
171.648	882	3	3
171.948	883	4	2
172.248	884	1	2
172.248	885	4	3
172.548	886	2	2
172.548	887	1	3
172.848	888	3	1
173.148	889	4	2
173.148	890	2	3
173.448	891	3	2
173.448	892	4	3
173.748	893	2	2
173.748	894	3	3
174.048	895	2	3
174.648	896	3	2
174.948	897	4	2
174.948	898	3	3
175.548	899	2	1
175.848	900	3	1
176.148	901	2	1
176.298	902	1	1
176.748	903	2	1
177.048	904	3	1
177.348	905	2	1
177.498	906	1	1
177.648	907	4	3
177.948	908	3	1
178.248	909	4	1
178.548	910	3	1
178.698	911	2	1
179.148	912	3	2
179.448	913	2	2
179.448	914	3	3
179.748	915	1	2
179.748	916	2	3
180.348	917	4	1
180.648	918	3	1
180.948	919	2	1
181.098	920	3	1
181.548	921	4	1
181.848	922	3	1
182.148	923	2	1
182.298	924	3	1
182.448	925	1	3
182.748	926	4	1
183.048	927	3	1
183.348	928	2	1
183.498	929	3	1
183.948	930	4	1
184.248	931	3	2
184.548	932	1	2
184.548	933	3	3
184.848	934	4	1
185.148	935	3	1
185.148	936	1	3
185.448	937	2	2
185.748	938	4	2
185.748	939	2	3
185.898	940	3	1
186.348	941	1	1
186.348	942	4	3
186.648	943	3	2
186.948	944	2	2
186.948	945	3	3
187.098	946	4	1
187.548	947	1	2
187.548	948	2	3
187.848	949	3	2
187.848	950	1	3
188.148	951	4	2
188.148	952	3	3
188.298	953	2	1
188.748	954	1	1
188.748	955	4	3
189.048	956	2	2
189.348	957	1	2
189.348	958	2	3
189.498	959	3	1
189.948	960	2	1
190.248	961	4	1
190.548	962	3	1
190.698	963	2	1
191.148	964	4	1
191.448	965	2	1
191.748	966	3	1
191.898	967	4	1
192.048	968	1	3
192.348	969	2	1
192.648	970	4	1
192.948	971	3	1
193.098	972	2	1
193.548	973	1	1
193.848	974	4	2
194.148	975	3	1
194.298	976	2	1
194.448	977	1	1
194.448	978	4	3
194.898	979	3	1
195.348	980	2	1
195.498	981	4	1
195.648	982	3	1
196.098	983	2	1
196.548	984	3	1
196.698	985	2	1
196.848	986	1	1
197.298	987	4	1
197.748	988	2	1
197.898	989	3	1
198.048	990	1	1
198.348	991	4	1
198.648	992	3	1
198.948	993	2	1
199.248	994	1	1
199.698	995	4	1
200.148	996	2	1
200.448	997	3	1
200.898	998	4	1
201.348	999	2	1
201.648	1000	1	1
201.948	1001	3	1
202.098	1002	2	1
202.248	1003	1	1
202.548	1004	3	1
202.698	1005	2	1
202.848	1006	1	1
203.148	1007	3	1
203.298	1008	4	1
203.448	1009	2	1
203.748	1010	3	1
204.048	1011	4	1
204.498	1012	2	1
204.948	1013	3	1
205.098	1014	1	1
205.248	1015	4	1
205.698	1016	2	1
206.148	1017	4	1
206.298	1018	3	1
206.448	1019	1	1
206.898	1020	2	1
207.348	1021	4	1
207.498	1022	1	1
207.648	1023	3	1
207.948	1024	2	1
208.248	1025	3	1
208.548	1026	4	1
208.848	1027	1	1
209.298	1028	3	1
209.748	1029	2	1
210.048	1030	4	1
210.198	1031	1	1
210.498	1032	2	1
210.948	1033	4	1
211.248	1034	1	1
211.548	1035	3	1
211.698	1036	2	1
211.848	1037	1	1
212.148	1038	3	1
212.298	1039	2	1
212.448	1040	1	1
212.748	1041	3	1
212.898	1042	4	1
213.348	1043	4	1
213.498	1044	3	1
213.648	1045	1	1
213.648	1046	4	1
213.798	1047	2	1
213.948	1048	3	1
214.098	1049	1	1
214.098	1050	2	1
214.248	1051	4	2
214.848	1052	1	1
214.848	1053	3	1
214.848	1054	4	3
214.998	1055	2	1
215.148	1056	3	1
215.298	1057	1	1
215.598	1058	4	1
215.748	1059	3	1
216.048	1060	1	1
216.048	1061	4	1
216.198	1062	2	1
216.348	1063	3	1
216.498	1064	1	1
216.498	1065	2	1
216.648	1066	4	2
216.948	1067	1	1
216.948	1068	4	3
217.098	1069	3	1
217.248	1070	1	1
217.248	1071	2	1
217.548	1072	2	1
217.548	1073	3	1
217.848	1074	3	1
217.848	1075	4	2
218.148	1076	1	2
218.148	1077	4	3
218.448	1078	2	1
218.448	1079	3	1
218.448	1080	1	3
218.598	1081	4	1
218.898	1082	2	1
219.048	1083	3	1
219.048	1084	4	1
219.348	1085	1	1
219.648	1086	2	1
219.648	1087	3	1
219.798	1088	1	1
220.098	1089	3	1
220.248	1090	1	1
220.248	1091	2	1
220.548	1092	3	1
220.698	1093	2	1
220.848	1094	1	1
220.848	1095	4	1
220.998	1096	3	1
221.148	1097	2	1
221.448	1098	1	1
221.448	1099	4	1
221.598	1100	2	1
221.898	1101	3	1
222.048	1102	1	1
222.048	1103	2	1
222.198	1104	4	1
222.648	1105	3	1
222.948	1106	2	1
223.098	1107	3	1
223.248	1108	1	1
223.248	1109	2	1
223.398	1110	4	1
223.548	1111	3	1
223.698	1112	1	1
223.698	1113	2	1
223.848	1114	4	1
223.998	1115	2	1
224.148	1116	1	1
224.148	1117	3	1
224.448	1118	2	1
224.448	1119	4	1
224.598	1120	1	1
224.748	1121	2	1
224.898	1122	3	1
224.898	1123	4	1
225.048	1124	1	1
225.198	1125	3	1
225.348	1126	1	1
225.348	1127	2	1
225.648	1128	2	1
225.648	1129	4	1
225.798	1130	3	1
225.948	1131	1	1
226.098	1132	2	1
226.098	1133	3	1
226.248	1134	4	1
226.398	1135	1	1
226.548	1136	3	1
226.548	1137	4	1
226.848	1138	1	1
226.848	1139	2	1
226.998	1140	3	1
227.148	1141	2	1
227.148	1142	4	1
227.448	1143	1	1
227.448	1144	3	1
227.748	1145	3	1
227.748	1146	4	1
228.048	1147	1	1
228.048	1148	2	1
228.198	1149	3	1
228.348	1150	1	1
228.498	1151	2	1
228.498	1152	4	1
228.648	1153	3	1
228.798	1154	1	1
228.948	1155	3	1
228.948	1156	4	1
229.098	1157	2	1
229.248	1158	1	1
229.248	1159	4	1
229.398	1160	3	1
229.548	1161	1	1
229.698	1162	3	1
229.698	1163	4	1
229.848	1164	2	1
229.998	1165	4	1
230.148	1166	1	1
230.148	1167	2	1
230.448	1168	1	1
230.448	1169	4	1
230.748	1170	2	1
230.898	1171	3	1
231.048	1172	1	1
231.048	1173	4	1
231.348	1174	3	1
231.498	1175	2	1
231.648	1176	1	1
231.648	1177	4	1
231.948	1178	2	1
232.098	1179	4	1
232.248	1180	1	1
232.248	1181	3	1
232.398	1182	2	1
232.548	1183	4	1
232.848	1184	1	1
232.848	1185	2	1
232.998	1186	4	1
233.148	1187	3	1
233.298	1188	1	1
233.298	1189	2	1
233.448	1190	4	1
233.598	1191	2	1
233.748	1192	1	1
233.748	1193	3	1
234.048	1194	2	1
234.048	1195	4	1
234.198	1196	1	1
234.348	1197	2	1
234.498	1198	3	1
234.498	1199	4	1
234.648	1200	1	1
234.798	1201	3	1
234.948	1202	1	1
234.948	1203	2	1
235.248	1204	2	1
235.248	1205	4	1
235.398	1206	3	1
235.548	1207	1	1
235.698	1208	2	1
235.698	1209	3	1
235.848	1210	4	1
235.998	1211	1	1
236.148	1212	3	1
236.148	1213	4	1
236.448	1214	1	1
236.448	1215	2	1
236.748	1216	3	1
236.898	1217	2	1
237.048	1218	1	1
237.048	1219	4	1
237.348	1220	3	1
237.348	1221	4	1
237.648	1222	1	1
237.648	1223	2	1
237.798	1224	3	1
237.948	1225	1	1
238.098	1226	2	1
238.098	1227	4	1
238.248	1228	3	1
238.398	1229	1	1
238.548	1230	3	1
238.548	1231	4	1
238.698	1232	2	1
238.848	1233	1	1
238.848	1234	4	1
238.998	1235	3	1
239.148	1236	1	1
239.298	1237	3	1
239.298	1238	4	1
239.448	1239	2	1
239.598	1240	4	1
239.748	1241	1	1
239.748	1242	2	1
240.048	1243	1	1
240.048	1244	4	1
240.198	1245	3	1
240.648	1246	1	1
240.648	1247	4	1
240.798	1248	2	1
241.248	1249	1	1
241.248	1250	4	1
241.398	1251	3	1
241.548	1252	1	1
241.548	1253	2	1
241.698	1254	3	1
241.848	1255	4	1
242.448	1256	1	1
242.448	1257	2	1
242.598	1258	4	1
242.748	1259	1	1
242.898	1260	3	1
243.048	1261	2	1
243.048	1262	4	1
243.198	1263	1	1
243.348	1264	3	1
243.498	1265	2	1
243.648	1266	1	1
243.648	1267	3	1
243.798	1268	4	1
243.948	1269	2	1
244.098	1270	3	1
244.248	1271	1	1
244.248	1272	4	1
244.398	1273	2	1
244.548	1274	3	1
244.698	1275	1	1
244.848	1276	3	1
244.848	1277	4	1
244.998	1278	2	1
245.148	1279	1	1
245.298	1280	4	1
245.448	1281	2	1
245.448	1282	3	1
245.598	1283	1	1
245.748	1284	4	1
245.898	1285	2	1
246.048	1286	3	1
246.048	1287	4	1
246.198	1288	1	1
246.348	1289	2	1
246.348	1290	3	1
246.648	1291	1	1
246.648	1292	2	1
246.948	1293	3	1
246.948	1294	4	1
247.248	1295	1	1
247.248	1296	4	1
247.398	1297	2	1
247.548	1298	3	1
247.698	1299	1	1
247.848	1300	2	1
247.848	1301	4	1
247.998	1302	3	1
248.148	1303	1	1
248.298	1304	4	1
248.448	1305	1	1
248.448	1306	2	1
248.598	1307	3	1
248.748	1308	2	1
248.898	1309	1	1
249.048	1310	3	1
249.048	1311	4	1
249.198	1312	2	1
249.348	1313	3	1
249.498	1314	4	1
249.648	1315	1	1
249.648	1316	2	1
249.798	1317	3	1
249.948	1318	1	1
250.098	1319	2	1
250.248	1320	3	1
250.248	1321	4	1
250.398	1322	1	1
250.548	1323	4	1
250.698	1324	2	1
250.848	1325	1	1
250.998	1326	3	1
250.998	1327	4	1
251.148	1328	2	1
251.298	1329	3	1
251.448	1330	1	1
251.448	1331	4	1
251.598	1332	2	1
251.748	1333	3	1
251.898	1334	1	1
252.048	1335	2	1
252.048	1336	4	1
252.198	1337	3	1
252.348	1338	4	1
252.498	1339	2	1
252.648	1340	1	1
252.648	1341	3	1
252.948	1342	3	1
253.248	1343	1	1
253.248	1344	2	1
253.398	1345	4	1
253.548	1346	2	1
253.698	1347	3	1
253.848	1348	4	1
254.148	1349	3	1
254.448	1350	1	1
254.448	1351	4	1
254.598	1352	2	1
254.748	1353	3	1
254.898	1354	1	1
255.048	1355	2	1
255.048	1356	4	1
255.198	1357	3	1
255.348	1358	1	1
255.498	1359	4	1
255.648	1360	1	1
255.648	1361	2	1
255.798	1362	3	1
255.948	1363	2	1
256.098	1364	1	1
256.248	1365	3	1
256.248	1366	4	1
256.548	1367	2	1
256.848	1368	1	1
256.848	1369	4	2
257.748	1370	3	2
257.748	1371	4	3
258.648	1372	2	2
258.648	1373	3	3
258.948	1374	1	2
263.448	1375	1	3
263.448	1376	2	3