Song Name	LosTear'n HeriX (Hard) by MisoilePunch ~with siromaru~
Title	LosTear'n HeriX (Hard)
Artist	MisoilePunch ~with siromaru~
Description	Track 4 from MisoilePunch's 2018 album I Re:S. From the artist: Lost tears and a spiral of discord. Map by AverageBoi.
Difficulty	30
Primary Color	Beat
Secondary Color	Beat
Cover Image ID	8919819801
Audio Asset ID	rbxassetid://9060919639
Audio File	9060919639.ogg
Last Note Time	130.767
Total Notes	1818
Fever Fill	531
Fever Time	19.615050
Long Notes	225
BPM	185
Song Length	131.767000000

Timing Points
1.200	324.324324


Song Data
0.875	1	1	1
0.956	2	2	1
1.037	3	3	1
1.118	4	2	1
1.200	5	4	2
1.848	6	4	3
1.200	7	1	1
1.200	8	3	2
1.848	9	3	3
1.848	10	1	1
1.929	11	2	1
2.010	12	4	1
2.010	13	1	1
2.091	14	3	1
2.172	15	1	1
2.172	16	2	2
2.821	17	2	3
2.172	18	4	2
2.821	19	4	3
2.821	20	1	1
2.983	21	3	1
3.064	22	3	1
3.145	23	4	1
3.308	24	4	1
3.470	25	2	1
3.551	26	2	1
3.632	27	1	1
3.794	28	1	2
4.443	29	1	3
3.794	30	4	1
3.794	31	2	2
4.443	32	2	3
4.443	33	3	1
4.524	34	4	1
4.605	35	3	1
4.605	36	1	1
4.686	37	2	1
4.767	38	4	1
4.767	39	1	2
5.416	40	1	3
4.767	41	3	2
5.416	42	3	3
5.416	43	4	2
5.740	44	4	3
5.578	45	3	2
5.659	46	3	3
5.659	47	2	2
5.740	48	2	3
5.740	49	3	2
6.064	50	3	3
5.902	51	2	2
6.064	52	2	3
6.064	53	1	2
6.389	54	1	3
6.389	55	4	2
7.037	56	4	3
6.389	57	3	2
7.037	58	3	3
7.037	59	2	1
7.037	60	1	1
7.118	61	3	1
7.199	62	4	1
7.199	63	1	1
7.281	64	3	1
7.362	65	2	2
8.010	66	2	3
7.362	67	4	1
7.362	68	1	2
8.010	69	1	3
8.010	70	3	1
8.010	71	4	1
8.335	72	2	2
8.497	73	2	3
8.335	74	1	2
8.497	75	1	3
8.335	76	3	1
8.578	77	2	2
8.740	78	2	3
8.578	79	1	1
8.578	80	4	2
8.740	81	4	3
8.821	82	3	1
8.821	83	4	1
8.821	84	1	1
8.983	85	4	2
9.632	86	4	3
8.983	87	3	2
9.632	88	3	3
8.983	89	2	1
9.632	90	2	1
9.794	91	2	2
9.956	92	2	3
9.956	93	1	2
10.443	94	1	3
9.956	95	4	1
9.956	96	3	1
10.118	97	2	1
10.281	98	2	2
10.443	99	2	3
10.443	100	3	1
10.524	101	3	1
10.605	102	4	1
10.605	103	2	2
10.929	104	2	3
10.767	105	4	2
10.929	106	4	3
10.929	107	3	2
11.254	108	3	3
11.091	109	2	1
11.172	110	2	1
11.254	111	1	1
11.254	112	4	2
11.578	113	4	3
11.416	114	1	2
11.578	115	1	3
11.578	116	3	1
11.578	117	2	1
11.740	118	3	1
11.902	119	4	1
11.902	120	1	1
12.064	121	3	2
12.551	122	3	3
12.227	123	1	1
12.389	124	1	1
12.389	125	4	1
12.551	126	2	2
12.875	127	2	3
12.551	128	4	1
12.713	129	3	1
12.875	130	1	1
12.875	131	3	1
13.037	132	4	2
13.524	133	4	3
13.199	134	3	1
13.199	135	2	1
13.362	136	1	1
13.524	137	1	2
13.848	138	1	3
13.686	139	4	1
13.686	140	2	1
13.848	141	3	1
13.848	142	4	2
14.172	143	4	3
14.010	144	2	1
14.010	145	1	1
14.172	146	1	1
14.172	147	3	2
14.659	148	3	3
14.335	149	1	1
14.497	150	4	1
14.497	151	2	1
14.659	152	2	2
15.145	153	2	3
14.821	154	1	1
14.983	155	1	1
14.983	156	4	1
15.145	157	4	1
15.145	158	3	2
15.632	159	3	3
15.308	160	1	1
15.470	161	2	1
15.470	162	1	1
15.632	163	1	2
16.118	164	1	3
15.794	165	4	1
15.794	166	3	1
15.956	167	2	1
16.118	168	3	1
16.118	169	4	1
16.281	170	2	1
16.281	171	1	1
16.443	172	3	1
16.443	173	1	1
16.605	174	2	1
16.605	175	3	1
16.767	176	2	1
16.767	177	4	2
17.010	178	4	3
16.929	179	1	1
17.091	180	1	1
17.091	181	4	2
17.335	182	4	3
17.254	183	2	1
17.416	184	3	1
17.416	185	4	2
17.740	186	4	3
17.578	187	1	1
17.578	188	3	2
17.740	189	3	3
17.740	190	1	1
17.740	191	2	1
17.902	192	4	2
18.227	193	4	3
17.902	194	3	1
18.064	195	2	1
18.227	196	2	1
18.227	197	1	1
18.389	198	3	1
18.389	199	4	2
18.551	200	4	3
18.551	201	1	1
18.713	202	1	1
18.713	203	3	2
18.875	204	3	3
18.875	205	4	1
18.875	206	2	1
19.037	207	2	2
19.199	208	2	3
19.037	209	1	1
19.199	210	3	1
19.362	211	3	2
19.686	212	3	3
19.362	213	4	1
19.524	214	1	1
19.686	215	1	1
19.686	216	2	1
19.848	217	4	1
19.848	218	3	1
20.010	219	2	1
20.010	220	1	1
20.172	221	1	1
20.172	222	3	1
20.335	223	4	1
20.335	224	2	1
20.497	225	3	1
20.497	226	2	1
20.659	227	4	1
20.659	228	1	1
20.821	229	3	1
20.821	230	2	1
20.902	231	4	1
20.983	232	1	1
20.983	233	2	1
21.064	234	3	1
21.145	235	1	1
21.145	236	4	1
21.227	237	2	1
21.308	238	4	1
21.308	239	3	1
21.389	240	1	1
21.470	241	2	1
21.470	242	3	1
21.551	243	4	1
21.632	244	1	1
21.632	245	2	1
21.794	246	3	1
21.794	247	1	1
21.956	248	2	2
22.281	249	2	3
21.956	250	3	1
22.118	251	4	2
22.281	252	4	3
22.281	253	1	1
22.443	254	3	2
22.929	255	3	3
22.605	256	1	2
22.767	257	1	3
22.767	258	4	1
22.929	259	2	2
23.254	260	2	3
23.091	261	4	2
23.254	262	4	3
23.254	263	1	1
23.416	264	4	2
23.902	265	4	3
23.578	266	1	2
23.740	267	1	3
23.740	268	2	1
23.902	269	1	2
24.227	270	1	3
24.064	271	4	2
24.227	272	4	3
24.227	273	2	1
24.227	274	3	1
24.308	275	1	1
24.389	276	3	1
24.470	277	2	1
24.551	278	4	1
24.551	279	1	1
24.551	280	3	2
25.037	281	3	3
24.713	282	4	2
24.875	283	4	3
24.875	284	1	1
24.875	285	2	1
25.037	286	4	1
25.037	287	2	2
25.524	288	2	3
25.199	289	1	2
25.362	290	1	3
25.362	291	4	1
25.362	292	3	1
25.524	293	1	1
25.524	294	3	2
26.010	295	3	3
25.686	296	4	2
25.848	297	4	3
25.848	298	2	1
25.848	299	1	1
26.010	300	2	2
26.497	301	2	3
26.010	302	4	1
26.172	303	1	2
26.335	304	1	3
26.335	305	4	1
26.335	306	3	1
26.497	307	3	1
26.497	308	1	1
26.659	309	4	1
26.659	310	1	1
26.821	311	3	1
26.821	312	2	1
26.902	313	1	1
26.983	314	4	1
26.983	315	2	1
27.064	316	3	1
27.145	317	1	1
27.145	318	4	2
27.389	319	4	3
27.145	320	2	1
27.308	321	2	1
27.470	322	4	2
27.632	323	4	3
27.470	324	1	1
27.632	325	3	1
27.713	326	3	1
27.794	327	4	1
27.794	328	2	1
27.956	329	1	2
28.281	330	1	3
28.118	331	2	1
28.281	332	4	2
28.767	333	4	3
28.443	334	2	1
28.443	335	3	1
28.605	336	2	2
28.767	337	2	3
28.767	338	3	2
29.091	339	3	3
28.929	340	1	2
29.091	341	1	3
29.091	342	2	2
29.416	343	2	3
29.254	344	4	2
29.416	345	4	3
29.416	346	1	2
29.740	347	1	3
29.578	348	2	1
29.740	349	2	1
29.740	350	4	2
32.010	351	4	3
29.902	352	1	1
30.064	353	2	1
30.064	354	1	1
30.227	355	3	1
30.389	356	1	1
30.389	357	2	1
30.551	358	1	1
30.713	359	1	1
30.713	360	2	1
30.875	361	3	1
31.037	362	2	1
31.037	363	1	1
31.037	364	3	2
32.010	365	3	3
31.686	366	1	2
32.010	367	1	3
32.010	368	2	1
32.091	369	3	1
32.172	370	1	1
32.254	371	2	1
32.335	372	1	1
32.335	373	2	1
32.335	374	4	1
32.335	375	3	1
32.416	376	3	1
32.497	377	4	1
32.659	378	3	1
32.659	379	1	1
32.659	380	2	1
32.821	381	4	1
32.902	382	3	1
32.983	383	4	1
32.983	384	2	1
33.064	385	2	1
33.145	386	1	1
33.145	387	3	1
33.308	388	4	1
33.308	389	2	1
33.308	390	3	1
33.389	391	4	1
33.389	392	3	1
33.389	393	1	1
33.551	394	2	1
33.551	395	4	1
33.551	396	1	1
33.632	397	3	1
33.632	398	1	1
33.632	399	2	1
33.875	400	4	1
33.956	401	3	1
33.956	402	1	1
33.956	403	2	1
34.118	404	2	1
34.199	405	2	1
34.281	406	3	1
34.281	407	1	1
34.281	408	4	1
34.443	409	2	1
34.443	410	3	1
34.605	411	1	1
34.605	412	4	1
34.686	413	3	1
34.767	414	2	1
34.848	415	3	1
34.929	416	4	1
34.929	417	3	1
34.929	418	1	1
35.091	419	3	1
35.172	420	2	1
35.254	421	2	1
35.254	422	4	1
35.254	423	1	1
35.416	424	2	1
35.497	425	3	1
35.578	426	3	1
35.578	427	1	1
35.578	428	4	1
35.740	429	4	1
35.902	430	2	1
35.902	431	4	1
36.064	432	2	1
36.064	433	3	1
36.227	434	3	1
36.227	435	1	1
36.227	436	4	1
36.389	437	2	1
36.389	438	4	1
36.389	439	1	1
36.551	440	3	1
36.551	441	4	1
36.551	442	2	1
36.713	443	1	1
36.875	444	3	1
36.875	445	4	1
36.875	446	2	1
37.037	447	2	1
37.199	448	3	1
37.199	449	1	1
37.199	450	4	1
37.362	451	3	1
37.524	452	2	1
37.524	453	1	1
37.524	454	4	1
37.605	455	3	1
37.686	456	4	1
37.686	457	1	1
37.767	458	2	1
37.848	459	1	1
37.848	460	4	1
37.848	461	3	1
37.929	462	2	1
38.010	463	4	1
38.010	464	1	1
38.091	465	3	1
38.172	466	1	1
38.172	467	2	1
38.172	468	4	1
38.335	469	3	1
38.497	470	3	1
38.497	471	4	1
38.497	472	1	1
38.659	473	2	1
38.821	474	4	1
38.821	475	1	1
38.821	476	3	1
38.983	477	2	1
39.145	478	1	1
39.145	479	2	1
39.145	480	4	1
39.308	481	3	1
39.470	482	2	1
39.470	483	3	1
39.470	484	4	1
39.551	485	1	1
39.632	486	3	1
39.632	487	2	1
39.713	488	1	1
39.794	489	3	1
39.794	490	4	1
39.875	491	2	1
39.956	492	4	1
40.037	493	2	1
40.118	494	4	1
40.118	495	3	1
40.118	496	1	1
40.281	497	1	1
40.443	498	3	1
40.443	499	4	1
40.443	500	2	1
40.605	501	2	1
40.767	502	3	1
40.767	503	1	1
40.929	504	2	1
40.929	505	4	1
41.091	506	1	1
41.091	507	4	1
41.091	508	3	1
41.254	509	2	1
41.416	510	2	1
41.416	511	3	1
41.416	512	4	1
41.578	513	1	1
41.659	514	4	1
41.659	515	3	1
41.740	516	1	1
41.740	517	2	1
41.902	518	1	1
41.902	519	2	1
41.902	520	3	1
42.064	521	4	1
42.145	522	2	1
42.227	523	1	1
42.227	524	3	1
42.308	525	4	1
42.389	526	1	1
42.389	527	3	1
42.470	528	2	1
42.551	529	3	1
42.551	530	4	1
42.632	531	1	1
42.632	532	2	1
43.037	533	4	2
43.281	534	4	3
43.037	535	1	2
43.281	536	1	3
43.037	537	3	1
43.037	538	2	1
43.362	539	4	1
43.362	540	1	1
43.524	541	2	1
43.524	542	3	1
43.686	543	2	1
43.686	544	1	1
43.686	545	3	1
43.767	546	1	1
43.767	547	4	1
43.767	548	2	1
43.929	549	3	1
43.929	550	4	1
43.929	551	1	1
44.010	552	4	1
44.010	553	3	1
44.010	554	2	1
44.254	555	1	1
44.335	556	4	1
44.335	557	2	1
44.335	558	3	1
44.497	559	3	1
44.659	560	2	1
44.659	561	1	1
44.659	562	4	1
44.821	563	3	1
44.821	564	2	1
44.983	565	1	1
44.983	566	4	1
45.064	567	2	1
45.145	568	3	1
45.227	569	2	1
45.308	570	2	1
45.308	571	4	1
45.308	572	1	1
45.470	573	2	1
45.551	574	3	1
45.632	575	3	1
45.632	576	4	1
45.632	577	1	1
45.794	578	3	1
45.875	579	2	1
45.956	580	2	1
45.956	581	1	1
45.956	582	4	1
46.118	583	1	1
46.281	584	3	1
46.281	585	2	1
46.362	586	4	1
46.443	587	2	1
46.524	588	3	1
46.605	589	1	1
46.605	590	2	1
46.605	591	4	1
46.686	592	4	1
46.686	593	1	1
46.767	594	3	1
46.767	595	2	1
46.929	596	3	1
46.929	597	2	1
46.929	598	4	1
47.091	599	4	1
47.091	600	1	1
47.254	601	4	1
47.254	602	2	1
47.254	603	3	1
47.416	604	1	1
47.416	605	3	1
47.578	606	1	1
47.578	607	2	1
47.578	608	4	1
47.740	609	3	1
47.902	610	3	1
47.902	611	1	2
48.064	612	1	3
47.902	613	2	2
48.064	614	2	3
47.902	615	4	1
48.145	616	4	2
48.308	617	4	3
48.145	618	3	2
48.308	619	3	3
48.145	620	1	1
48.145	621	2	1
48.389	622	4	2
48.551	623	4	3
48.389	624	2	1
48.389	625	3	2
48.551	626	3	3
48.389	627	1	1
48.632	628	1	1
48.632	629	3	2
48.794	630	3	3
48.632	631	2	1
48.632	632	4	2
48.794	633	4	3
48.875	634	2	1
48.875	635	4	1
48.875	636	1	1
48.956	637	3	1
49.037	638	4	1
49.118	639	1	1
49.118	640	2	1
49.199	641	3	1
49.199	642	4	2
49.362	643	4	3
49.199	644	1	2
49.362	645	1	3
49.199	646	2	1
49.443	647	3	1
49.443	648	4	2
49.605	649	4	3
49.443	650	1	2
49.605	651	1	3
49.443	652	2	1
49.686	653	3	1
49.686	654	2	1
49.686	655	1	2
49.848	656	1	3
49.686	657	4	2
49.848	658	4	3
49.929	659	1	2
50.091	660	1	3
49.929	661	3	1
49.929	662	4	2
50.091	663	4	3
49.929	664	2	1
50.091	665	3	1
50.172	666	2	1
50.172	667	4	1
50.254	668	1	1
50.335	669	2	1
50.335	670	4	1
50.416	671	3	1
50.497	672	1	1
50.497	673	4	1
50.497	674	2	1
50.578	675	3	1
50.659	676	2	1
50.740	677	3	1
50.740	678	1	1
50.740	679	4	1
50.821	680	2	1
50.902	681	3	1
50.983	682	4	1
50.983	683	1	1
50.983	684	2	1
51.064	685	3	1
51.145	686	2	1
51.227	687	4	1
51.227	688	3	1
51.227	689	1	1
51.308	690	2	1
51.389	691	3	1
51.470	692	4	1
51.470	693	1	1
51.551	694	2	1
51.632	695	3	1
51.632	696	4	1
51.713	697	2	1
51.713	698	1	1
51.794	699	3	1
51.794	700	4	2
51.956	701	4	3
51.956	702	1	1
52.037	703	2	2
52.199	704	2	3
52.118	705	3	1
52.281	706	1	2
52.443	707	1	3
52.362	708	4	1
52.443	709	2	1
52.524	710	3	2
52.767	711	3	3
52.605	712	2	1
52.686	713	1	1
52.767	714	2	1
52.767	715	4	1
52.929	716	1	1
53.091	717	2	1
53.091	718	1	1
53.091	719	4	1
53.091	720	3	2
55.037	721	3	3
53.416	722	1	1
53.740	723	2	1
53.740	724	4	1
53.902	725	4	1
53.902	726	1	1
54.064	727	1	1
54.064	728	2	1
54.227	729	2	1
54.308	730	4	1
54.389	731	1	1
54.389	732	2	1
54.713	733	1	1
55.037	734	4	1
55.037	735	2	1
55.199	736	1	1
55.199	737	4	1
55.362	738	1	1
55.362	739	3	1
55.686	740	1	1
55.686	741	3	1
56.010	742	2	1
56.335	743	3	1
56.335	744	4	1
56.497	745	3	1
56.497	746	1	1
56.659	747	4	1
56.659	748	2	1
56.983	749	3	1
56.983	750	1	1
57.308	751	4	1
57.308	752	2	1
57.632	753	3	1
57.632	754	4	1
57.956	755	3	1
57.956	756	2	1
58.118	757	1	1
58.118	758	4	1
58.281	759	4	1
58.281	760	1	1
58.605	761	3	1
58.605	762	1	1
58.929	763	4	1
58.929	764	2	1
59.254	765	3	1
59.254	766	4	1
59.578	767	2	1
59.578	768	4	1
59.902	769	2	1
59.902	770	3	1
60.227	771	1	1
60.227	772	3	1
60.389	773	2	1
60.389	774	4	1
60.551	775	1	1
60.551	776	2	1
60.591	777	4	1
60.632	778	3	1
60.672	779	2	1
60.713	780	1	1
60.875	781	1	2
61.199	782	1	3
60.875	783	2	2
61.199	784	2	3
61.037	785	3	1
61.199	786	3	1
61.362	787	4	2
61.686	788	4	3
61.362	789	1	2
61.686	790	1	3
61.524	791	2	1
61.686	792	2	1
61.848	793	4	2
62.172	794	4	3
61.848	795	1	2
62.172	796	1	3
62.010	797	3	1
62.172	798	3	1
62.335	799	3	2
62.659	800	3	3
62.335	801	4	2
62.659	802	4	3
62.497	803	1	1
62.497	804	2	1
62.659	805	2	1
62.659	806	1	1
62.821	807	3	1
62.821	808	4	1
62.821	809	1	2
63.145	810	1	3
62.902	811	2	2
63.145	812	2	3
62.983	813	3	2
63.145	814	3	3
63.064	815	4	2
63.145	816	4	3
63.470	817	1	1
63.470	818	2	1
63.470	819	4	1
63.470	820	3	1
63.632	821	1	1
63.713	822	2	1
63.794	823	3	1
63.956	824	1	1
64.037	825	2	1
64.118	826	4	1
64.281	827	1	1
64.362	828	3	1
64.443	829	4	1
64.524	830	1	1
64.605	831	2	1
64.686	832	3	1
64.767	833	4	1
64.848	834	3	1
64.929	835	2	1
65.010	836	1	1
65.091	837	3	1
65.172	838	2	1
65.254	839	4	1
65.335	840	1	1
65.416	841	3	1
65.497	842	2	1
65.578	843	3	1
65.659	844	4	1
65.740	845	1	1
65.821	846	2	1
65.902	847	4	1
65.983	848	1	1
66.064	849	2	1
66.145	850	3	1
66.227	851	1	1
66.308	852	2	1
66.389	853	3	1
66.551	854	1	1
66.632	855	2	1
66.713	856	4	1
66.875	857	1	1
66.956	858	3	1
67.037	859	4	1
67.199	860	2	1
67.281	861	3	1
67.362	862	4	1
67.443	863	3	1
67.524	864	2	1
67.605	865	1	1
67.686	866	2	1
67.767	867	3	1
67.848	868	4	1
67.929	869	1	1
68.010	870	4	1
68.091	871	3	1
68.172	872	2	1
68.254	873	3	1
68.335	874	4	1
68.416	875	1	1
68.497	876	2	1
68.578	877	3	1
68.659	878	4	1
68.740	879	2	1
68.821	880	4	1
68.902	881	1	1
68.983	882	3	1
69.064	883	1	1
69.145	884	2	1
69.227	885	3	1
69.308	886	4	1
69.389	887	2	1
69.470	888	4	1
69.551	889	1	1
69.632	890	3	1
69.713	891	1	1
69.794	892	2	1
69.875	893	3	1
69.956	894	4	1
70.037	895	1	1
70.118	896	4	1
70.199	897	2	1
70.281	898	4	1
70.362	899	1	1
70.443	900	2	1
70.524	901	3	1
70.605	902	4	1
70.686	903	2	1
70.767	904	3	1
70.848	905	1	1
70.929	906	2	1
71.010	907	1	1
71.091	908	3	1
71.172	909	2	1
71.254	910	1	1
71.335	911	2	1
71.416	912	3	1
71.497	913	1	1
71.578	914	2	1
71.659	915	4	1
71.740	916	2	1
71.821	917	3	1
71.902	918	4	1
71.983	919	2	1
72.064	920	4	1
72.145	921	1	1
72.227	922	4	1
72.308	923	1	1
72.389	924	3	1
72.470	925	1	1
72.551	926	2	1
72.551	927	3	1
72.551	928	4	1
72.713	929	1	1
72.794	930	1	1
72.875	931	3	1
72.875	932	4	1
72.956	933	2	1
73.037	934	1	1
73.199	935	2	1
73.199	936	1	2
73.524	937	1	3
73.524	938	3	2
73.848	939	3	3
73.524	940	4	1
73.564	941	2	1
73.605	942	1	1
73.848	943	1	1
73.848	944	4	2
74.172	945	4	3
73.848	946	2	1
74.010	947	3	1
74.091	948	1	1
74.172	949	2	1
74.172	950	3	1
74.335	951	1	1
74.416	952	1	1
74.497	953	2	1
74.497	954	3	2
74.740	955	3	3
74.659	956	4	1
74.740	957	1	2
74.983	958	1	3
74.821	959	2	1
74.821	960	4	1
74.983	961	3	1
74.983	962	4	1
75.064	963	2	1
75.145	964	4	2
75.794	965	4	3
75.145	966	1	1
75.308	967	2	1
75.389	968	1	1
75.470	969	3	1
75.470	970	2	1
75.632	971	1	1
75.713	972	3	1
75.794	973	1	2
76.118	974	1	3
75.794	975	2	1
75.956	976	4	1
75.956	977	3	1
76.037	978	2	1
76.118	979	4	1
76.118	980	3	1
76.199	981	4	1
76.199	982	3	1
76.281	983	1	1
76.281	984	2	1
76.362	985	1	1
76.362	986	2	1
76.443	987	3	1
76.443	988	4	2
76.767	989	4	3
76.605	990	2	1
76.686	991	3	1
76.767	992	2	1
76.767	993	1	1
76.929	994	4	1
77.010	995	4	1
77.091	996	3	2
77.335	997	3	3
77.091	998	1	1
77.254	999	4	1
77.335	1000	1	2
77.578	1001	1	3
77.416	1002	4	1
77.416	1003	2	1
77.578	1004	2	1
77.578	1005	3	1
77.659	1006	4	1
77.659	1007	1	1
77.740	1008	3	1
77.740	1009	2	2
78.389	1010	2	3
77.902	1011	4	1
77.983	1012	3	1
78.064	1013	4	1
78.064	1014	1	1
78.227	1015	1	1
78.308	1016	3	1
78.389	1017	1	1
78.389	1018	4	1
78.551	1019	4	1
78.551	1020	2	1
78.551	1021	1	1
78.632	1022	3	1
78.713	1023	4	1
78.713	1024	2	1
78.875	1025	4	1
78.875	1026	1	1
78.875	1027	3	1
78.956	1028	2	1
79.037	1029	3	2
79.362	1030	3	3
79.037	1031	1	1
79.199	1032	4	1
79.281	1033	1	1
79.362	1034	4	1
79.362	1035	2	1
79.524	1036	2	1
79.605	1037	2	1
79.686	1038	3	2
79.929	1039	3	3
79.686	1040	1	1
79.848	1041	4	1
79.929	1042	2	2
80.172	1043	2	3
80.010	1044	4	1
80.010	1045	1	1
80.172	1046	1	1
80.254	1047	3	1
80.335	1048	1	2
80.578	1049	1	3
80.335	1050	2	1
80.497	1051	2	1
80.578	1052	3	2
80.821	1053	3	3
80.659	1054	4	1
80.659	1055	2	1
80.821	1056	4	1
80.902	1057	2	1
80.983	1058	1	1
80.983	1059	3	1
81.145	1060	1	1
81.145	1061	2	1
81.227	1062	4	1
81.308	1063	1	1
81.308	1064	3	1
81.470	1065	2	1
81.470	1066	4	1
81.551	1067	1	1
81.632	1068	3	2
81.956	1069	3	3
81.956	1070	2	1
81.956	1071	1	1
81.956	1072	4	1
82.118	1073	3	1
82.118	1074	4	1
82.199	1075	3	1
82.281	1076	1	1
82.281	1077	2	1
82.443	1078	1	1
82.443	1079	4	1
82.524	1080	3	1
82.524	1081	2	1
82.605	1082	4	1
82.605	1083	1	1
82.767	1084	4	1
82.767	1085	3	1
82.848	1086	2	1
82.929	1087	1	1
82.929	1088	3	2
83.172	1089	3	3
82.929	1090	4	1
83.091	1091	2	1
83.172	1092	1	1
83.172	1093	4	2
83.416	1094	4	3
83.254	1095	2	1
83.416	1096	3	1
83.416	1097	2	1
83.578	1098	4	1
83.578	1099	3	1
83.578	1100	1	2
84.227	1101	1	3
83.740	1102	3	1
83.902	1103	2	1
83.902	1104	4	1
84.064	1105	3	1
84.064	1106	4	1
84.227	1107	4	2
84.713	1108	4	3
84.551	1109	1	1
84.551	1110	2	1
84.551	1111	3	1
84.713	1112	3	2
84.794	1113	3	3
84.794	1114	4	2
84.875	1115	4	3
84.875	1116	3	2
85.118	1117	3	3
84.875	1118	2	1
85.037	1119	4	1
85.118	1120	1	2
85.362	1121	1	3
85.199	1122	2	1
85.199	1123	4	1
85.362	1124	3	2
85.524	1125	3	3
85.443	1126	2	1
85.524	1127	1	1
85.524	1128	4	2
86.172	1129	4	3
85.686	1130	2	1
85.767	1131	1	1
85.848	1132	3	1
85.848	1133	2	1
86.010	1134	1	1
86.091	1135	3	1
86.172	1136	1	2
86.497	1137	1	3
86.172	1138	2	1
86.335	1139	3	1
86.335	1140	4	1
86.416	1141	2	1
86.497	1142	3	1
86.497	1143	4	1
86.578	1144	4	1
86.578	1145	3	1
86.659	1146	2	1
86.659	1147	1	1
86.740	1148	2	1
86.740	1149	1	1
86.821	1150	3	1
86.821	1151	4	2
87.308	1152	4	3
86.983	1153	2	1
87.064	1154	3	1
87.145	1155	2	1
87.145	1156	1	1
87.308	1157	3	2
87.389	1158	3	3
87.389	1159	4	2
87.470	1160	4	3
87.470	1161	3	2
87.713	1162	3	3
87.470	1163	1	1
87.632	1164	2	1
87.713	1165	1	2
87.956	1166	1	3
87.794	1167	2	1
87.794	1168	4	1
87.956	1169	3	2
88.118	1170	3	3
88.037	1171	2	1
88.118	1172	1	1
88.118	1173	4	2
88.362	1174	4	3
88.281	1175	2	1
88.362	1176	3	2
88.605	1177	3	3
88.443	1178	2	1
88.443	1179	1	1
88.605	1180	2	1
88.686	1181	4	1
88.767	1182	1	2
88.929	1183	1	3
88.767	1184	2	1
88.767	1185	3	1
88.929	1186	2	1
88.929	1187	3	1
88.929	1188	4	2
89.091	1189	4	3
89.091	1190	1	1
89.091	1191	3	2
89.254	1192	3	3
89.091	1193	2	1
89.254	1194	4	1
89.254	1195	2	2
89.416	1196	2	3
89.254	1197	1	1
89.416	1198	3	2
89.578	1199	3	3
89.416	1200	4	1
89.416	1201	1	2
89.578	1202	1	3
89.659	1203	1	1
89.659	1204	2	2
89.821	1205	2	3
89.659	1206	4	2
89.821	1207	4	3
89.659	1208	3	1
89.902	1209	1	2
90.227	1210	1	3
89.902	1211	2	1
89.902	1212	4	1
89.902	1213	3	2
90.227	1214	3	3
90.227	1215	4	1
90.227	1216	2	1
90.308	1217	3	1
90.389	1218	1	1
90.389	1219	2	1
90.470	1220	4	1
90.551	1221	3	1
90.632	1222	2	1
90.713	1223	4	1
90.713	1224	1	2
90.875	1225	1	3
90.713	1226	3	1
90.713	1227	2	2
90.875	1228	2	3
90.956	1229	3	2
91.118	1230	3	3
90.956	1231	4	2
91.118	1232	4	3
90.956	1233	1	1
90.956	1234	2	1
91.199	1235	4	1
91.199	1236	1	1
91.199	1237	2	2
91.524	1238	2	3
91.199	1239	3	2
91.524	1240	3	3
91.524	1241	4	1
91.524	1242	1	1
91.605	1243	2	1
91.686	1244	4	1
91.686	1245	1	1
91.767	1246	3	1
91.848	1247	1	2
91.929	1248	1	3
91.848	1249	4	1
91.929	1250	2	2
92.010	1251	2	3
92.010	1252	4	1
92.010	1253	3	2
92.254	1254	3	3
92.172	1255	2	1
92.254	1256	1	2
92.335	1257	1	3
92.335	1258	3	1
92.335	1259	4	1
92.416	1260	2	2
92.497	1261	2	3
92.497	1262	4	1
92.578	1263	3	2
92.659	1264	3	3
92.659	1265	1	1
92.659	1266	4	2
92.902	1267	4	3
92.821	1268	3	1
92.902	1269	1	2
93.145	1270	1	3
92.983	1271	2	1
92.983	1272	3	1
93.145	1273	2	2
93.308	1274	2	3
93.145	1275	4	1
93.227	1276	3	1
93.308	1277	4	2
93.551	1278	4	3
93.308	1279	1	1
93.470	1280	2	1
93.551	1281	3	2
93.794	1282	3	3
93.551	1283	1	1
93.713	1284	1	1
93.794	1285	4	1
93.794	1286	2	2
94.118	1287	2	3
93.956	1288	1	2
94.118	1289	1	3
93.956	1290	3	1
94.037	1291	4	1
94.118	1292	3	2
94.281	1293	3	3
94.199	1294	2	1
94.281	1295	4	2
94.605	1296	4	3
94.362	1297	2	1
94.443	1298	1	1
94.605	1299	1	2
94.929	1300	1	3
94.605	1301	3	1
94.605	1302	2	1
94.767	1303	4	1
94.848	1304	3	1
94.929	1305	2	1
94.929	1306	4	1
95.091	1307	3	1
95.172	1308	3	1
95.254	1309	2	2
95.497	1310	2	3
95.254	1311	1	1
95.416	1312	3	1
95.497	1313	1	2
95.740	1314	1	3
95.740	1315	4	1
95.902	1316	4	1
95.902	1317	2	1
95.902	1318	3	1
95.902	1319	1	2
96.227	1320	1	3
96.064	1321	3	1
96.145	1322	2	1
96.227	1323	4	1
96.227	1324	3	1
96.389	1325	4	1
96.470	1326	4	1
96.551	1327	2	2
96.794	1328	2	3
96.551	1329	3	2
97.199	1330	3	3
96.713	1331	4	1
96.794	1332	1	2
97.037	1333	1	3
97.037	1334	4	1
97.199	1335	2	1
97.199	1336	1	2
98.335	1337	1	3
97.199	1338	4	1
97.362	1339	3	1
97.443	1340	2	1
97.524	1341	3	1
97.524	1342	4	1
97.686	1343	3	1
97.767	1344	3	1
97.848	1345	2	1
97.848	1346	4	1
98.010	1347	3	1
98.091	1348	2	1
98.172	1349	4	1
98.172	1350	3	1
98.335	1351	2	1
98.335	1352	3	1
98.335	1353	4	1
98.416	1354	1	1
98.497	1355	4	2
99.470	1356	4	3
98.497	1357	3	1
98.659	1358	1	1
98.659	1359	2	1
98.740	1360	3	1
98.821	1361	1	1
98.821	1362	2	1
98.983	1363	3	1
98.983	1364	2	1
99.064	1365	1	1
99.145	1366	3	1
99.145	1367	2	1
99.308	1368	2	1
99.308	1369	1	1
99.389	1370	3	1
99.470	1371	2	1
99.470	1372	1	1
99.551	1373	4	1
99.551	1374	3	1
99.632	1375	1	1
99.632	1376	2	1
99.713	1377	3	1
99.713	1378	4	1
99.794	1379	3	1
99.794	1380	4	1
99.794	1381	1	1
99.956	1382	4	1
99.956	1383	1	1
99.956	1384	2	1
100.118	1385	1	1
100.118	1386	3	1
100.118	1387	4	1
100.281	1388	2	1
100.281	1389	3	2
100.605	1390	3	3
100.281	1391	1	1
100.281	1392	4	2
100.605	1393	4	3
100.605	1394	1	1
100.605	1395	2	1
100.767	1396	1	1
100.767	1397	4	1
100.767	1398	2	1
100.848	1399	3	1
100.929	1400	2	1
101.010	1401	1	1
101.091	1402	2	1
101.091	1403	3	1
101.091	1404	4	1
101.254	1405	3	1
101.254	1406	4	1
101.254	1407	1	1
101.416	1408	2	1
101.416	1409	1	1
101.416	1410	4	1
101.578	1411	2	2
101.902	1412	2	3
101.578	1413	1	2
101.902	1414	1	3
101.578	1415	3	1
101.902	1416	3	1
101.902	1417	4	1
102.064	1418	1	1
102.064	1419	2	1
102.105	1420	3	1
102.145	1421	4	1
102.186	1422	2	1
102.227	1423	3	1
102.267	1424	1	1
102.308	1425	2	1
102.348	1426	3	1
102.389	1427	1	1
102.389	1428	4	2
103.037	1429	4	3
102.551	1430	3	1
102.713	1431	2	1
102.713	1432	3	1
102.875	1433	1	1
103.037	1434	1	2
103.199	1435	1	3
103.037	1436	2	1
103.199	1437	3	2
103.362	1438	3	3
103.362	1439	2	1
103.362	1440	1	1
103.402	1441	4	1
103.443	1442	3	1
103.483	1443	1	1
103.524	1444	2	1
103.564	1445	4	1
103.605	1446	1	1
103.645	1447	2	1
103.686	1448	3	1
103.686	1449	4	1
103.848	1450	3	1
103.848	1451	1	2
104.172	1452	1	3
104.010	1453	2	1
104.010	1454	4	1
104.172	1455	3	1
104.172	1456	4	2
104.335	1457	4	3
104.335	1458	1	1
104.335	1459	2	1
104.416	1460	1	1
104.416	1461	2	1
104.497	1462	3	1
104.497	1463	4	1
104.578	1464	4	1
104.578	1465	3	1
104.659	1466	2	1
104.659	1467	1	1
104.740	1468	1	1
104.740	1469	2	1
104.821	1470	3	1
104.821	1471	4	1
104.902	1472	3	1
104.902	1473	4	1
104.983	1474	1	1
104.983	1475	2	2
107.578	1476	2	3
105.145	1477	3	1
105.308	1478	3	1
105.470	1479	4	1
105.632	1480	4	1
105.794	1481	1	1
105.956	1482	1	1
106.118	1483	3	1
106.281	1484	3	1
106.443	1485	4	1
106.605	1486	4	1
106.686	1487	1	1
106.767	1488	3	1
106.848	1489	4	1
106.929	1490	1	1
107.010	1491	4	1
107.091	1492	1	1
107.172	1493	3	1
107.254	1494	1	1
107.335	1495	4	1
107.416	1496	3	1
107.497	1497	1	1
107.578	1498	4	2
108.227	1499	4	3
107.578	1500	3	2
108.227	1501	3	3
107.902	1502	2	1
108.064	1503	1	1
108.227	1504	1	1
108.227	1505	2	1
108.308	1506	3	1
108.389	1507	4	1
108.389	1508	1	1
108.470	1509	3	1
108.551	1510	4	2
109.199	1511	4	3
108.551	1512	2	2
109.199	1513	2	3
108.875	1514	1	1
109.037	1515	3	1
109.199	1516	1	1
109.362	1517	3	1
109.524	1518	2	1
109.524	1519	1	1
109.686	1520	3	1
109.767	1521	2	1
109.848	1522	4	1
109.848	1523	3	1
109.929	1524	2	1
110.010	1525	4	1
110.010	1526	1	1
110.091	1527	3	1
110.172	1528	1	2
110.821	1529	1	3
110.172	1530	2	2
110.821	1531	2	3
110.659	1532	4	1
110.821	1533	3	1
110.821	1534	4	1
110.902	1535	2	1
110.983	1536	4	1
110.983	1537	1	1
111.064	1538	2	1
111.145	1539	4	2
111.794	1540	4	3
111.145	1541	3	2
111.794	1542	3	3
111.308	1543	1	1
111.470	1544	2	1
111.632	1545	1	1
111.794	1546	2	1
111.956	1547	1	1
112.118	1548	3	2
112.281	1549	3	3
112.118	1550	4	2
112.281	1551	4	3
112.281	1552	2	1
112.362	1553	4	2
112.524	1554	4	3
112.362	1555	1	2
112.524	1556	1	3
112.443	1557	2	1
112.605	1558	1	1
112.605	1559	3	1
112.767	1560	2	2
113.416	1561	2	3
112.767	1562	1	2
113.416	1563	1	3
113.416	1564	3	1
113.416	1565	4	1
113.659	1566	1	1
113.659	1567	4	1
113.902	1568	1	1
113.983	1569	2	1
114.064	1570	3	2
114.632	1571	3	3
114.064	1572	4	2
114.632	1573	4	3
114.308	1574	2	2
114.632	1575	2	3
114.551	1576	1	2
114.632	1577	1	3
114.713	1578	2	1
114.713	1579	1	1
114.713	1580	3	1
114.713	1581	4	1
114.956	1582	3	1
114.956	1583	1	1
114.956	1584	2	1
115.199	1585	1	1
115.199	1586	2	1
115.362	1587	1	1
115.686	1588	2	1
115.686	1589	1	1
115.686	1590	3	1
115.686	1591	4	1
115.848	1592	3	1
115.848	1593	1	1
115.848	1594	4	1
115.929	1595	2	1
116.010	1596	1	1
116.010	1597	3	1
116.010	1598	4	1
116.172	1599	4	1
116.172	1600	2	1
116.172	1601	1	1
116.335	1602	1	1
116.335	1603	2	1
116.497	1604	1	1
116.497	1605	4	1
116.497	1606	3	1
116.659	1607	4	1
116.659	1608	2	1
116.659	1609	3	1
116.821	1610	2	1
116.821	1611	3	1
116.821	1612	1	1
116.902	1613	4	1
116.983	1614	2	1
116.983	1615	1	1
116.983	1616	3	1
117.145	1617	2	1
117.145	1618	1	1
117.145	1619	4	1
117.308	1620	2	1
117.308	1621	1	1
117.308	1622	3	1
117.470	1623	3	1
117.470	1624	2	1
117.470	1625	4	1
117.551	1626	1	1
117.632	1627	3	1
117.632	1628	4	1
117.713	1629	2	1
117.713	1630	1	1
117.794	1631	4	1
117.794	1632	3	1
117.875	1633	2	1
117.956	1634	1	1
118.037	1635	4	1
118.118	1636	2	1
118.199	1637	3	1
118.281	1638	1	1
118.281	1639	4	1
118.281	1640	2	1
118.443	1641	3	1
118.443	1642	1	1
118.443	1643	4	1
118.524	1644	2	1
118.605	1645	1	1
118.605	1646	4	1
118.686	1647	3	1
118.767	1648	4	1
118.767	1649	2	1
118.767	1650	1	1
118.929	1651	3	1
118.929	1652	2	1
118.929	1653	1	1
119.010	1654	4	1
119.091	1655	3	1
119.091	1656	2	1
119.172	1657	1	1
119.254	1658	3	1
119.254	1659	2	1
119.335	1660	4	1
119.416	1661	1	1
119.416	1662	2	1
119.497	1663	3	1
119.578	1664	4	1
119.578	1665	2	1
119.659	1666	1	1
119.740	1667	3	1
119.740	1668	4	1
119.821	1669	2	1
119.902	1670	1	1
119.902	1671	3	1
119.983	1672	4	1
120.064	1673	2	1
120.064	1674	3	1
120.145	1675	1	1
120.227	1676	3	1
120.227	1677	4	1
120.308	1678	1	1
120.389	1679	3	1
120.470	1680	2	1
120.551	1681	3	1
120.551	1682	1	1
120.551	1683	4	1
120.632	1684	2	1
120.713	1685	4	1
120.713	1686	3	1
120.794	1687	1	1
120.875	1688	2	1
120.875	1689	3	1
120.956	1690	1	1
121.037	1691	2	1
121.037	1692	4	1
121.118	1693	3	1
121.199	1694	2	1
121.199	1695	4	1
121.281	1696	1	1
121.362	1697	2	1
121.362	1698	4	1
121.443	1699	3	1
121.524	1700	2	1
121.524	1701	4	1
121.524	1702	1	1
121.605	1703	3	1
121.605	1704	1	1
121.605	1705	2	1
121.767	1706	4	1
121.767	1707	3	1
121.767	1708	2	1
121.848	1709	3	1
121.848	1710	4	1
121.848	1711	1	1
121.929	1712	2	1
122.010	1713	3	1
122.010	1714	1	1
122.091	1715	4	1
122.172	1716	2	1
122.172	1717	1	1
122.254	1718	3	1
122.335	1719	4	1
122.335	1720	2	1
122.416	1721	1	1
122.497	1722	3	1
122.497	1723	4	1
122.578	1724	1	1
122.659	1725	2	1
122.659	1726	3	1
122.740	1727	1	1
122.821	1728	3	1
122.821	1729	4	1
122.821	1730	2	1
122.902	1731	4	1
122.902	1732	3	1
122.902	1733	1	1
123.064	1734	2	1
123.064	1735	1	1
123.064	1736	4	1
123.145	1737	1	1
123.145	1738	2	1
123.227	1739	4	1
123.227	1740	3	1
123.308	1741	2	1
123.308	1742	1	1
123.389	1743	3	1
123.389	1744	4	1
123.470	1745	2	1
123.470	1746	1	1
123.551	1747	4	1
123.551	1748	3	1
123.632	1749	1	1
123.632	1750	2	1
123.713	1751	3	1
123.713	1752	4	1
123.794	1753	1	1
123.794	1754	2	1
123.875	1755	4	1
123.875	1756	3	1
123.956	1757	1	1
123.956	1758	2	1
124.037	1759	4	1
124.037	1760	3	1
124.118	1761	2	1
124.118	1762	1	1
124.199	1763	3	1
124.199	1764	4	1
124.281	1765	2	1
124.281	1766	1	1
124.362	1767	4	1
124.362	1768	3	1
124.443	1769	2	2
124.686	1770	2	3
124.605	1771	1	1
124.686	1772	3	2
124.929	1773	3	3
124.767	1774	1	1
124.929	1775	4	2
125.335	1776	4	3
125.091	1777	2	1
125.172	1778	3	1
125.335	1779	3	2
125.578	1780	3	3
125.416	1781	2	1
125.578	1782	1	1
125.740	1783	3	1
125.740	1784	4	1
125.740	1785	1	1
125.740	1786	2	2
127.037	1787	2	3
125.902	1788	1	1
126.064	1789	3	1
126.227	1790	4	1
126.389	1791	4	1
126.551	1792	3	1
126.713	1793	1	1
126.875	1794	1	1
127.037	1795	1	1
127.199	1796	2	1
127.362	1797	3	1
127.524	1798	4	1
127.686	1799	4	1
127.848	1800	2	1
128.010	1801	3	1
128.172	1802	1	1
128.335	1803	1	1
128.497	1804	2	1
128.659	1805	3	1
128.821	1806	3	1
128.983	1807	4	1
129.145	1808	2	1
129.308	1809	3	1
129.470	1810	1	1
129.632	1811	1	1
129.794	1812	2	1
129.956	1813	3	1
130.118	1814	3	1
130.281	1815	4	1
130.443	1816	2	1
130.605	1817	3	1
130.767	1818	1	1