Song Name	Moonbeam by Autodidactic Studios feat. Waterflame and F-777
Title	Moonbeam
Artist	Autodidactic Studios feat. Waterflame and F-777
Description	From the artist: 'This has been a long time coming, F-777 and I have been side by side for over a decade! Now we finally decided to join forces and make some epic 00s inspired EDM!' A March 2024 single from Waterflame and F-777.
Difficulty	17
Primary Color	Vibe
Secondary Color	Chill
Cover Image ID	103551556311825
Audio Asset ID	rbxassetid://130571675415165
Audio File	130571675415165.ogg
Last Note Time	187.041
Total Notes	1424
Fever Fill	391
Fever Time	28.056150
Long Notes	251
BPM	136
Song Length	188.041000000

Timing Points
0.000	441.176471
0.202	441.176471
0.423	441.176471
1.747	441.176471


Song Data
0.000	1	4	1
0.000	2	1	1
0.202	3	3	1
0.422	4	2	1
0.643	5	4	1
0.864	6	3	1
1.084	7	2	1
1.305	8	4	1
1.525	9	1	1
1.746	10	4	1
1.967	11	2	1
2.188	12	1	1
2.408	13	4	1
2.629	14	2	1
2.849	15	1	1
3.070	16	3	1
3.291	17	2	1
3.511	18	4	1
3.732	19	2	1
3.952	20	1	1
4.173	21	4	1
4.394	22	2	1
4.614	23	1	1
4.835	24	4	1
5.055	25	1	1
5.276	26	3	1
5.496	27	2	1
5.717	28	1	1
5.938	29	3	1
6.158	30	2	1
6.379	31	1	1
6.599	32	2	1
6.820	33	3	1
7.041	34	1	1
7.261	35	2	1
7.482	36	3	1
7.702	37	1	1
7.923	38	2	1
8.144	39	3	1
8.364	40	1	1
8.585	41	4	1
8.805	42	1	1
9.026	43	3	1
9.246	44	4	1
9.467	45	1	1
9.688	46	3	1
9.908	47	4	1
10.129	48	2	1
10.349	49	3	1
10.570	50	1	1
10.791	51	3	1
11.011	52	4	1
11.232	53	1	1
11.452	54	3	1
11.673	55	4	1
11.894	56	1	1
12.114	57	4	1
12.335	58	2	1
12.555	59	3	1
12.776	60	4	1
12.996	61	2	1
13.217	62	3	1
13.438	63	4	1
13.658	64	2	1
13.658	65	1	1
13.879	66	3	1
14.099	67	4	1
14.099	68	1	1
14.320	69	2	1
14.541	70	3	1
14.761	71	1	1
14.982	72	2	1
15.202	73	3	1
15.423	74	1	1
15.644	75	4	1
15.864	76	2	1
16.085	77	3	1
16.305	78	4	1
16.526	79	2	1
16.746	80	3	1
16.967	81	4	1
17.188	82	2	1
17.408	83	3	1
17.629	84	1	1
17.629	85	4	1
17.849	86	2	1
18.070	87	4	1
18.291	88	1	1
18.511	89	2	1
18.732	90	4	1
18.952	91	1	1
19.173	92	4	1
19.394	93	2	1
19.394	94	3	1
19.614	95	1	1
19.835	96	4	1
20.055	97	2	1
20.276	98	1	1
20.496	99	4	1
20.717	100	1	1
20.717	101	2	1
20.938	102	3	1
21.158	103	4	1
21.158	104	1	1
21.379	105	3	1
21.599	106	2	1
21.820	107	4	1
22.041	108	3	1
22.261	109	2	1
22.482	110	4	1
22.702	111	1	1
22.923	112	3	1
23.144	113	2	1
23.364	114	1	1
23.585	115	3	1
23.805	116	2	1
24.026	117	1	1
24.246	118	3	1
24.467	119	2	1
24.688	120	1	1
24.688	121	4	1
24.908	122	3	1
25.129	123	1	1
25.349	124	4	1
25.570	125	3	1
25.791	126	1	1
26.011	127	4	1
26.232	128	1	1
26.452	129	2	1
26.452	130	3	1
26.673	131	4	1
26.894	132	1	1
27.114	133	3	1
27.335	134	4	1
27.555	135	1	1
27.776	136	4	1
27.776	137	3	1
27.996	138	2	1
28.217	139	4	1
28.217	140	1	2
29.541	141	1	3
28.438	142	3	1
28.658	143	2	1
28.879	144	4	1
29.099	145	3	1
29.320	146	2	1
29.541	147	4	2
29.761	148	4	3
29.761	149	3	2
31.746	150	3	3
29.982	151	1	1
30.202	152	2	1
30.423	153	4	1
30.644	154	1	1
30.864	155	2	1
31.085	156	4	1
31.305	157	1	1
31.526	158	4	1
31.746	159	2	2
33.070	160	2	3
31.746	161	1	1
31.967	162	4	1
32.188	163	3	1
32.408	164	1	1
32.629	165	4	1
32.849	166	3	1
33.070	167	1	2
33.291	168	1	3
33.291	169	4	2
34.614	170	4	3
33.511	171	3	1
33.511	172	2	1
33.732	173	1	1
33.952	174	3	1
34.173	175	2	1
34.394	176	1	1
34.614	177	3	2
34.835	178	3	3
34.835	179	2	2
35.055	180	2	3
35.055	181	1	2
36.599	182	1	3
35.276	183	3	1
35.276	184	4	1
35.496	185	2	1
35.717	186	4	1
35.938	187	3	1
36.158	188	2	1
36.379	189	4	1
36.599	190	3	2
36.820	191	3	3
36.820	192	2	2
38.364	193	2	3
37.041	194	4	1
37.261	195	1	1
37.482	196	3	1
37.702	197	4	1
37.923	198	1	1
38.144	199	3	1
38.364	200	4	2
38.585	201	4	3
38.585	202	1	2
40.129	203	1	3
38.805	204	3	1
38.805	205	2	1
39.026	206	4	1
39.246	207	2	1
39.467	208	3	1
39.688	209	4	1
39.908	210	2	1
40.129	211	4	2
40.349	212	4	3
40.349	213	3	2
41.894	214	3	3
40.570	215	2	1
40.570	216	1	1
40.791	217	4	1
41.011	218	2	1
41.232	219	1	1
41.452	220	4	1
41.673	221	2	1
41.894	222	1	2
42.114	223	1	3
42.114	224	4	2
42.335	225	4	3
42.335	226	2	2
43.217	227	2	3
42.335	228	3	2
43.658	229	3	3
43.879	230	1	1
43.989	231	2	1
44.099	232	4	1
44.320	233	1	1
44.430	234	3	1
44.651	235	4	1
44.761	236	2	1
44.982	237	1	1
45.202	238	3	1
45.423	239	2	1
45.644	240	4	1
45.754	241	3	1
45.864	242	1	1
46.085	243	4	1
46.195	244	2	1
46.416	245	1	1
46.526	246	3	1
46.746	247	4	1
46.967	248	2	1
47.188	249	3	1
47.408	250	1	1
47.629	251	4	1
47.849	252	1	1
47.960	253	2	1
48.180	254	4	1
48.291	255	3	1
48.511	256	1	1
48.732	257	3	1
48.952	258	2	1
49.173	259	3	1
49.283	260	4	1
49.394	261	2	1
49.394	262	1	2
51.158	263	1	3
49.614	264	4	1
49.724	265	2	1
49.945	266	2	1
50.055	267	4	1
50.276	268	2	1
50.496	269	3	1
50.717	270	4	1
50.938	271	2	1
51.048	272	3	1
51.158	273	4	1
51.379	274	2	1
51.489	275	3	1
51.710	276	3	1
51.820	277	2	1
52.041	278	1	1
52.261	279	3	1
52.482	280	4	1
52.702	281	1	1
52.813	282	2	1
52.923	283	4	2
54.688	284	4	3
52.923	285	3	1
53.144	286	1	1
53.254	287	3	1
53.474	288	3	1
53.585	289	1	1
53.805	290	3	1
54.026	291	2	1
54.246	292	1	1
54.467	293	3	1
54.688	294	1	1
54.688	295	2	1
54.908	296	3	1
55.019	297	2	1
55.239	298	3	1
55.349	299	2	1
55.791	300	1	2
56.011	301	1	3
55.791	302	4	2
56.011	303	4	3
56.011	304	2	1
56.011	305	3	1
56.452	306	1	1
56.452	307	2	1
56.452	308	4	1
56.673	309	3	1
56.783	310	2	1
57.004	311	3	1
57.114	312	2	1
57.335	313	4	2
57.555	314	4	3
57.555	315	3	2
57.776	316	3	3
57.776	317	2	1
57.776	318	1	2
57.996	319	1	3
57.996	320	4	1
58.107	321	3	1
58.217	322	2	1
58.438	323	3	1
58.548	324	1	1
58.769	325	4	1
58.879	326	2	1
59.099	327	3	2
59.320	328	3	3
59.320	329	4	2
59.541	330	4	3
59.541	331	2	1
59.541	332	1	2
59.761	333	1	3
59.761	334	3	1
59.871	335	2	1
59.982	336	1	1
60.202	337	4	1
60.313	338	1	1
60.533	339	4	1
60.644	340	1	1
60.864	341	2	2
61.085	342	2	3
61.085	343	3	2
61.305	344	3	3
61.305	345	2	1
61.305	346	1	2
61.526	347	1	3
61.526	348	4	1
61.636	349	3	1
61.746	350	2	1
61.967	351	4	1
62.077	352	2	1
62.298	353	3	1
62.408	354	1	1
62.629	355	2	2
62.849	356	2	3
62.739	357	4	1
62.849	358	3	2
63.070	359	3	3
63.070	360	2	1
63.070	361	1	2
63.291	362	1	3
63.291	363	3	1
63.401	364	2	1
63.511	365	4	1
63.732	366	2	1
63.842	367	3	1
64.063	368	2	1
64.173	369	3	1
64.394	370	1	2
64.614	371	1	3
64.614	372	2	2
64.835	373	2	3
64.835	374	4	2
65.055	375	4	3
64.835	376	3	1
65.055	377	1	1
65.166	378	2	1
65.276	379	3	1
65.496	380	2	1
65.607	381	4	1
65.827	382	1	1
65.938	383	3	1
66.158	384	2	2
66.379	385	2	3
66.379	386	1	2
66.599	387	1	3
66.599	388	4	2
66.820	389	4	3
66.599	390	3	1
66.820	391	2	1
66.930	392	3	1
67.041	393	4	1
67.261	394	1	1
67.371	395	4	1
67.592	396	1	1
67.702	397	4	1
67.923	398	3	2
68.144	399	3	3
68.144	400	2	2
68.364	401	2	3
68.364	402	4	2
68.585	403	4	3
68.364	404	3	1
68.585	405	1	1
68.695	406	2	1
68.805	407	3	1
69.026	408	1	1
69.136	409	3	1
69.246	410	4	1
69.467	411	2	1
69.577	412	4	1
69.688	413	3	2
69.908	414	3	3
69.908	415	2	2
70.129	416	2	3
70.019	417	1	1
70.129	418	4	2
70.349	419	4	3
70.129	420	3	1
70.349	421	2	1
70.349	422	1	1
70.570	423	3	1
70.570	424	4	1
70.570	425	1	1
70.791	426	2	1
71.011	427	3	1
71.011	428	1	1
71.232	429	1	1
71.452	430	1	2
71.673	431	1	3
71.673	432	4	2
71.894	433	4	3
71.894	434	1	1
71.894	435	2	2
72.114	436	2	3
72.114	437	3	1
72.224	438	1	1
72.335	439	4	1
72.555	440	2	1
72.776	441	2	1
72.776	442	4	2
72.996	443	4	3
72.996	444	3	1
73.107	445	1	1
73.327	446	2	1
73.438	447	3	1
73.658	448	2	1
73.658	449	1	2
73.879	450	1	3
73.879	451	4	1
73.989	452	2	1
74.099	453	3	1
74.320	454	1	1
74.541	455	3	1
74.541	456	2	1
74.761	457	2	1
74.982	458	2	2
75.202	459	2	3
75.202	460	4	2
75.423	461	4	3
75.423	462	1	2
75.644	463	1	3
75.423	464	2	1
75.644	465	3	1
75.754	466	2	1
75.864	467	4	1
76.085	468	1	1
76.305	469	4	2
76.526	470	4	3
76.305	471	1	1
76.526	472	3	1
76.636	473	2	1
76.857	474	1	1
76.967	475	3	1
77.188	476	2	2
77.408	477	2	3
77.188	478	1	1
77.408	479	4	1
77.519	480	3	1
77.629	481	1	1
77.849	482	3	1
78.070	483	4	1
78.070	484	2	1
78.291	485	4	1
78.511	486	4	2
78.732	487	4	3
78.732	488	1	2
78.952	489	1	3
78.952	490	3	2
79.173	491	3	3
78.952	492	4	1
79.173	493	2	1
79.283	494	4	1
79.394	495	1	1
79.614	496	3	1
79.835	497	1	2
80.055	498	1	3
79.835	499	3	1
80.055	500	2	1
80.166	501	4	1
80.386	502	3	1
80.496	503	2	1
80.717	504	4	2
80.938	505	4	3
80.717	506	3	1
80.938	507	1	1
81.048	508	3	1
81.158	509	2	1
81.379	510	4	1
81.599	511	3	1
81.599	512	2	1
81.820	513	3	1
82.041	514	3	2
82.261	515	3	3
82.261	516	1	2
82.482	517	1	3
82.482	518	3	1
82.482	519	4	2
82.702	520	4	3
82.702	521	2	1
82.813	522	3	1
82.923	523	1	1
83.144	524	4	1
83.364	525	4	1
83.364	526	1	2
83.585	527	1	3
83.585	528	2	1
83.695	529	3	1
83.916	530	4	1
84.026	531	2	1
84.246	532	1	2
84.467	533	1	3
84.246	534	4	2
84.467	535	4	3
84.688	536	2	1
84.688	537	1	2
84.908	538	1	3
84.688	539	3	1
85.019	540	2	1
85.129	541	3	1
85.129	542	4	1
85.349	543	1	2
85.570	544	1	3
85.570	545	3	1
85.570	546	4	2
85.791	547	4	3
85.901	548	3	1
86.011	549	2	1
86.011	550	1	1
86.232	551	3	2
86.452	552	3	3
86.452	553	1	1
86.452	554	2	2
86.673	555	2	3
86.783	556	1	1
86.894	557	3	1
86.894	558	4	1
87.114	559	2	2
87.335	560	2	3
87.335	561	4	2
87.555	562	4	3
87.335	563	3	1
87.666	564	3	1
87.776	565	2	1
87.776	566	1	1
87.996	567	4	2
88.217	568	4	3
88.217	569	3	1
88.217	570	2	2
88.438	571	2	3
88.548	572	1	1
88.658	573	4	1
88.658	574	3	1
88.879	575	2	2
89.099	576	2	3
89.099	577	4	1
89.099	578	3	2
89.320	579	3	3
89.430	580	2	1
89.541	581	4	1
89.541	582	3	1
89.761	583	2	2
89.982	584	2	3
89.982	585	3	1
89.982	586	4	2
90.202	587	4	3
90.313	588	2	1
90.423	589	3	1
90.423	590	4	1
90.644	591	2	2
90.864	592	2	3
90.864	593	3	2
91.085	594	3	3
90.864	595	4	1
91.195	596	1	1
91.305	597	4	1
91.305	598	3	1
91.526	599	2	2
91.746	600	2	3
91.746	601	4	2
91.967	602	4	3
91.746	603	3	1
92.077	604	3	1
92.188	605	1	1
92.188	606	2	1
92.408	607	4	2
92.629	608	4	3
92.629	609	1	2
92.849	610	1	3
92.629	611	2	1
92.960	612	2	1
93.070	613	4	1
93.070	614	3	1
93.291	615	2	2
93.511	616	2	3
93.511	617	3	2
93.732	618	3	3
93.511	619	4	1
93.842	620	4	1
93.952	621	1	1
93.952	622	2	1
94.173	623	3	2
94.394	624	3	3
94.394	625	2	1
94.394	626	1	2
94.614	627	1	3
94.724	628	2	1
94.835	629	4	1
94.835	630	3	1
95.055	631	1	2
95.276	632	1	3
95.276	633	3	2
95.496	634	3	3
95.276	635	2	1
95.607	636	4	1
95.717	637	1	1
95.717	638	2	1
95.938	639	3	2
96.158	640	3	3
96.158	641	2	2
96.379	642	2	3
96.158	643	1	1
96.489	644	3	1
96.599	645	1	1
96.599	646	2	1
96.820	647	3	2
97.041	648	3	3
97.041	649	1	2
97.261	650	1	3
97.041	651	2	1
97.371	652	3	1
97.482	653	2	1
97.482	654	1	1
97.702	655	3	2
97.923	656	3	3
97.923	657	1	1
97.923	658	2	2
98.144	659	2	3
98.254	660	4	1
98.364	661	1	1
98.364	662	2	1
98.585	663	3	2
98.805	664	3	3
98.805	665	1	1
98.805	666	2	1
98.805	667	4	1
99.026	668	1	1
99.246	669	1	1
99.246	670	4	2
99.467	671	4	3
99.467	672	1	2
99.688	673	1	3
99.688	674	4	1
99.688	675	3	2
99.908	676	3	3
99.908	677	4	2
100.129	678	4	3
100.129	679	2	1
100.129	680	1	2
100.349	681	1	3
100.349	682	3	1
100.460	683	2	1
100.570	684	1	1
100.570	685	4	1
100.791	686	1	2
101.011	687	1	3
101.011	688	2	1
101.011	689	4	2
101.232	690	4	3
101.232	691	1	1
101.342	692	3	1
101.452	693	2	1
101.563	694	4	1
101.673	695	3	1
101.894	696	2	1
101.894	697	1	2
102.114	698	1	3
102.114	699	3	1
102.224	700	4	1
102.335	701	1	1
102.335	702	2	1
102.555	703	2	1
102.776	704	3	2
102.996	705	3	3
102.776	706	2	1
102.996	707	2	2
103.217	708	2	3
103.217	709	4	2
103.438	710	4	3
103.217	711	3	1
103.438	712	3	2
103.658	713	3	3
103.658	714	2	2
103.879	715	2	3
103.658	716	1	1
103.879	717	4	1
103.989	718	1	1
104.099	719	3	1
104.099	720	2	1
104.320	721	2	2
104.541	722	2	3
104.541	723	3	2
104.761	724	3	3
104.541	725	1	1
104.761	726	2	1
104.871	727	4	1
104.982	728	1	1
105.092	729	3	1
105.202	730	2	1
105.423	731	1	1
105.423	732	4	1
105.533	733	3	1
105.644	734	2	1
105.754	735	1	1
105.864	736	4	1
105.864	737	3	1
106.085	738	4	1
106.305	739	4	1
106.305	740	1	2
106.526	741	1	3
106.526	742	4	2
106.746	743	4	3
106.746	744	1	1
106.746	745	2	2
106.967	746	2	3
106.967	747	1	2
107.188	748	1	3
107.188	749	3	1
107.188	750	4	2
107.408	751	4	3
107.408	752	2	1
107.519	753	3	1
107.629	754	4	1
107.629	755	1	1
107.849	756	4	2
108.070	757	4	3
108.070	758	3	1
108.070	759	1	2
108.291	760	1	3
108.291	761	2	1
108.401	762	4	1
108.511	763	3	1
108.621	764	1	1
108.732	765	3	1
108.952	766	4	2
109.173	767	4	3
108.952	768	2	1
109.173	769	1	1
109.283	770	2	1
109.394	771	4	1
109.394	772	3	1
109.614	773	3	1
109.835	774	2	2
110.055	775	2	3
109.835	776	3	1
110.055	777	3	2
110.276	778	3	3
110.276	779	1	2
110.496	780	1	3
110.276	781	2	1
110.496	782	2	2
110.717	783	2	3
110.717	784	3	2
110.938	785	3	3
110.717	786	4	1
110.938	787	1	1
111.048	788	4	1
111.379	789	3	2
111.599	790	3	3
111.599	791	2	2
111.820	792	2	3
111.599	793	1	1
111.930	794	1	1
112.151	795	4	2
112.371	796	4	3
112.482	797	1	1
112.592	798	2	1
112.702	799	3	1
112.813	800	4	1
112.923	801	2	1
112.923	802	1	2
114.246	803	1	3
113.254	804	4	1
113.585	805	2	1
113.805	806	3	1
114.026	807	4	1
114.246	808	2	2
114.467	809	2	3
114.467	810	4	2
116.452	811	4	3
114.577	812	3	1
114.688	813	1	1
115.019	814	3	1
115.349	815	1	1
115.570	816	2	1
115.791	817	3	1
116.011	818	1	1
116.232	819	3	1
116.452	820	1	2
117.776	821	1	3
116.783	822	2	1
117.114	823	4	1
117.335	824	2	1
117.555	825	4	1
117.776	826	3	2
117.996	827	3	3
117.996	828	4	2
119.320	829	4	3
118.107	830	2	1
118.217	831	1	1
118.548	832	3	1
118.879	833	1	1
119.099	834	3	1
119.320	835	2	2
119.541	836	2	3
119.541	837	1	2
119.761	838	1	3
119.761	839	3	2
121.305	840	3	3
119.982	841	2	1
120.313	842	4	1
120.644	843	1	1
120.864	844	4	1
121.085	845	1	1
121.305	846	4	2
121.526	847	4	3
121.526	848	2	2
123.070	849	2	3
121.636	850	1	1
121.746	851	3	1
122.077	852	1	1
122.408	853	4	1
122.629	854	1	1
122.849	855	4	1
123.070	856	3	2
123.291	857	3	3
123.291	858	1	2
124.835	859	1	3
123.511	860	2	1
123.842	861	4	1
124.173	862	2	1
124.394	863	4	1
124.614	864	2	1
124.835	865	4	2
125.055	866	4	3
125.055	867	3	2
126.599	868	3	3
125.166	869	2	1
125.276	870	1	1
125.607	871	4	1
125.938	872	1	1
126.158	873	4	1
126.379	874	2	1
126.599	875	1	2
126.820	876	1	3
126.820	877	4	2
127.041	878	4	3
127.041	879	2	1
127.041	880	1	1
127.261	881	4	1
127.371	882	2	1
127.592	883	4	1
127.702	884	2	1
127.923	885	1	1
128.144	886	3	2
128.364	887	3	3
128.364	888	4	2
128.585	889	4	3
128.585	890	2	1
128.695	891	3	1
128.805	892	4	1
129.026	893	1	1
129.136	894	3	1
129.357	895	1	1
129.467	896	3	1
129.688	897	1	1
129.908	898	2	2
130.129	899	2	3
130.129	900	4	2
130.349	901	4	3
130.349	902	1	1
130.460	903	2	1
130.570	904	4	1
130.791	905	1	1
130.901	906	3	1
131.121	907	1	1
131.232	908	3	1
131.452	909	4	1
131.673	910	2	2
131.894	911	2	3
131.894	912	1	2
132.114	913	1	3
132.114	914	3	1
132.224	915	2	1
132.335	916	1	1
132.555	917	4	1
132.666	918	2	1
132.886	919	4	1
132.996	920	2	1
133.217	921	4	1
133.438	922	3	2
133.658	923	3	3
133.658	924	1	2
133.879	925	1	3
133.658	926	2	1
133.879	927	4	1
134.099	928	3	1
134.099	929	2	1
134.099	930	1	1
134.320	931	4	1
134.430	932	2	1
134.430	933	1	1
134.651	934	3	1
134.651	935	4	1
134.761	936	1	1
134.982	937	2	1
135.202	938	3	2
135.423	939	3	3
135.423	940	4	2
135.644	941	4	3
135.644	942	1	1
135.754	943	2	1
135.864	944	4	1
135.864	945	3	1
136.085	946	1	1
136.195	947	4	1
136.195	948	3	1
136.416	949	1	1
136.416	950	2	1
136.526	951	4	1
136.746	952	3	1
136.967	953	2	2
137.188	954	2	3
137.188	955	1	2
137.408	956	1	3
137.408	957	4	1
137.519	958	3	1
137.629	959	2	1
137.629	960	1	1
137.849	961	4	1
137.960	962	2	1
137.960	963	1	1
138.180	964	4	1
138.180	965	3	1
138.291	966	2	1
138.511	967	4	1
138.511	968	3	1
138.732	969	1	1
138.842	970	4	1
138.842	971	3	1
139.063	972	2	1
139.063	973	1	1
139.173	974	3	1
139.394	975	2	1
139.394	976	1	1
139.614	977	4	1
139.724	978	3	1
139.724	979	1	1
139.945	980	2	1
139.945	981	4	1
140.055	982	1	1
140.276	983	3	1
140.276	984	2	1
140.717	985	1	1
140.827	986	4	1
140.938	987	1	1
141.048	988	4	1
141.158	989	2	1
141.158	990	3	1
141.158	991	1	2
141.379	992	1	3
141.379	993	4	2
141.599	994	4	3
141.599	995	2	1
141.599	996	1	1
141.820	997	4	2
142.041	998	4	3
142.041	999	1	2
142.261	1000	1	3
142.041	1001	2	1
142.371	1002	3	1
142.482	1003	2	1
142.482	1004	1	1
142.702	1005	4	1
142.813	1006	3	1
142.923	1007	2	1
142.923	1008	1	2
143.144	1009	1	3
143.144	1010	3	2
143.364	1011	3	3
143.364	1012	2	1
143.364	1013	1	1
143.585	1014	3	2
143.805	1015	3	3
143.805	1016	2	1
143.805	1017	1	2
144.026	1018	1	3
144.136	1019	4	1
144.246	1020	1	1
144.246	1021	2	1
144.467	1022	4	1
144.577	1023	1	1
144.688	1024	3	1
144.688	1025	4	2
144.908	1026	4	3
144.908	1027	1	2
145.129	1028	1	3
145.129	1029	3	1
145.129	1030	4	1
145.349	1031	1	2
145.570	1032	1	3
145.570	1033	4	2
145.791	1034	4	3
145.570	1035	3	1
145.901	1036	2	1
146.011	1037	3	1
146.011	1038	4	1
146.232	1039	1	1
146.342	1040	2	1
146.452	1041	3	1
146.452	1042	4	2
146.673	1043	4	3
146.673	1044	2	2
146.894	1045	2	3
146.894	1046	3	1
146.894	1047	4	1
147.114	1048	2	2
147.335	1049	2	3
147.335	1050	3	1
147.335	1051	4	2
147.555	1052	4	3
147.666	1053	1	1
147.776	1054	4	1
147.776	1055	3	1
147.996	1056	1	1
148.107	1057	4	1
148.217	1058	2	1
148.217	1059	1	2
148.438	1060	1	3
148.438	1061	3	2
148.658	1062	3	3
148.658	1063	4	1
148.658	1064	1	1
148.879	1065	3	2
149.099	1066	3	3
149.099	1067	2	1
149.099	1068	1	2
149.320	1069	1	3
149.430	1070	3	1
149.541	1071	2	1
149.541	1072	4	1
149.761	1073	1	1
149.871	1074	3	1
149.982	1075	2	1
149.982	1076	1	2
150.202	1077	1	3
150.202	1078	4	2
150.423	1079	4	3
150.423	1080	3	1
150.423	1081	1	1
150.644	1082	4	2
150.864	1083	4	3
150.864	1084	2	1
150.864	1085	1	2
151.085	1086	1	3
151.195	1087	3	1
151.305	1088	4	1
151.305	1089	1	1
151.526	1090	2	1
151.636	1091	1	1
151.746	1092	3	1
151.746	1093	4	2
151.967	1094	4	3
151.967	1095	2	2
152.188	1096	2	3
152.188	1097	4	1
152.188	1098	1	1
152.408	1099	2	2
152.629	1100	2	3
152.629	1101	3	1
152.629	1102	4	2
152.849	1103	4	3
152.960	1104	2	1
153.070	1105	3	1
153.070	1106	1	1
153.291	1107	4	1
153.401	1108	2	1
153.511	1109	3	1
153.511	1110	4	2
153.732	1111	4	3
153.732	1112	1	2
153.952	1113	1	3
153.952	1114	2	1
153.952	1115	4	1
154.173	1116	1	2
154.394	1117	1	3
154.394	1118	3	1
154.394	1119	4	2
154.614	1120	4	3
154.614	1121	1	2
154.835	1122	1	3
154.835	1123	3	1
154.945	1124	2	1
155.055	1125	3	1
155.166	1126	2	1
155.276	1127	3	1
155.276	1128	4	1
155.276	1129	1	2
155.496	1130	1	3
155.496	1131	4	2
155.717	1132	4	3
155.717	1133	3	1
155.717	1134	1	1
155.938	1135	1	2
156.158	1136	1	3
156.048	1137	2	1
156.158	1138	3	1
156.158	1139	4	2
156.379	1140	4	3
156.489	1141	1	1
156.599	1142	2	1
156.599	1143	4	1
156.820	1144	3	1
156.930	1145	2	1
157.041	1146	1	1
157.041	1147	4	2
157.261	1148	4	3
157.261	1149	2	2
157.482	1150	2	3
157.482	1151	1	1
157.482	1152	4	1
157.702	1153	4	2
157.923	1154	4	3
157.923	1155	1	1
157.923	1156	2	2
158.144	1157	2	3
158.254	1158	4	1
158.364	1159	3	1
158.364	1160	1	1
158.585	1161	2	1
158.695	1162	1	1
158.805	1163	3	1
158.805	1164	4	2
159.026	1165	4	3
159.026	1166	1	2
159.246	1167	1	3
159.246	1168	2	1
159.246	1169	4	1
159.467	1170	4	2
159.688	1171	4	3
159.577	1172	3	1
159.688	1173	2	1
159.688	1174	1	2
159.908	1175	1	3
160.019	1176	4	1
160.129	1177	3	1
160.129	1178	1	1
160.349	1179	2	1
160.460	1180	1	1
160.570	1181	4	1
160.570	1182	3	2
160.791	1183	3	3
160.791	1184	1	2
161.011	1185	1	3
161.011	1186	3	1
161.011	1187	2	1
161.232	1188	3	2
161.452	1189	3	3
161.452	1190	2	1
161.452	1191	1	2
161.673	1192	1	3
161.783	1193	3	1
161.894	1194	4	1
161.894	1195	1	1
162.114	1196	2	1
162.224	1197	1	1
162.335	1198	3	1
162.335	1199	4	2
162.555	1200	4	3
162.555	1201	1	2
162.776	1202	1	3
162.776	1203	4	1
162.776	1204	2	1
162.996	1205	4	2
163.217	1206	4	3
163.107	1207	3	1
163.217	1208	1	2
163.438	1209	1	3
163.217	1210	2	1
163.548	1211	4	1
163.658	1212	1	1
163.658	1213	3	1
163.879	1214	2	1
163.989	1215	3	1
164.099	1216	1	2
164.320	1217	1	3
164.099	1218	4	1
164.320	1219	3	2
164.541	1220	3	3
164.541	1221	1	1
164.541	1222	4	1
164.761	1223	1	2
164.982	1224	1	3
164.982	1225	3	2
165.202	1226	3	3
164.982	1227	4	1
165.313	1228	1	1
165.423	1229	4	1
165.423	1230	2	1
165.644	1231	3	1
165.754	1232	4	1
165.864	1233	1	2
166.085	1234	1	3
165.864	1235	2	1
166.085	1236	4	2
166.305	1237	4	3
166.305	1238	1	1
166.305	1239	3	1
166.526	1240	1	2
166.746	1241	1	3
166.636	1242	2	1
166.746	1243	4	2
166.967	1244	4	3
166.746	1245	3	1
167.077	1246	1	1
167.188	1247	4	1
167.188	1248	2	1
167.408	1249	3	1
167.519	1250	4	1
167.629	1251	1	1
167.629	1252	2	1
167.849	1253	3	1
167.960	1254	2	1
168.070	1255	4	1
168.070	1256	1	1
168.180	1257	3	1
168.291	1258	2	1
168.511	1259	4	1
168.511	1260	3	1
168.732	1261	1	1
168.842	1262	3	1
168.952	1263	1	1
168.952	1264	4	1
169.063	1265	2	1
169.173	1266	4	1
169.394	1267	1	1
169.394	1268	2	2
169.614	1269	2	3
169.394	1270	3	1
169.504	1271	4	1
169.614	1272	1	2
169.835	1273	1	3
169.835	1274	2	1
169.835	1275	4	1
170.055	1276	1	2
170.276	1277	1	3
170.166	1278	4	1
170.276	1279	3	1
170.276	1280	2	2
170.496	1281	2	3
170.496	1282	1	1
170.607	1283	4	1
170.717	1284	3	1
170.717	1285	1	1
170.827	1286	2	1
170.938	1287	4	1
171.158	1288	3	1
171.158	1289	4	2
171.379	1290	4	3
171.269	1291	2	1
171.379	1292	3	2
171.599	1293	3	3
171.599	1294	1	1
171.599	1295	4	1
171.820	1296	4	2
172.041	1297	4	3
172.041	1298	3	2
172.261	1299	3	3
172.041	1300	1	1
172.261	1301	2	1
172.371	1302	4	1
172.482	1303	3	1
172.482	1304	1	1
172.702	1305	4	1
172.813	1306	2	1
172.923	1307	3	1
172.923	1308	1	2
173.144	1309	1	3
173.033	1310	2	1
173.144	1311	3	2
173.364	1312	3	3
173.364	1313	4	1
173.364	1314	1	1
173.585	1315	1	2
173.805	1316	1	3
173.695	1317	2	1
173.805	1318	4	1
173.805	1319	3	2
174.026	1320	3	3
174.026	1321	1	1
174.136	1322	4	1
174.246	1323	3	1
174.246	1324	1	1
174.357	1325	2	1
174.467	1326	4	1
174.688	1327	2	1
174.688	1328	4	2
174.908	1329	4	3
174.798	1330	3	1
174.908	1331	2	2
175.129	1332	2	3
175.129	1333	1	1
175.129	1334	4	1
175.349	1335	2	2
175.570	1336	2	3
175.570	1337	3	1
175.570	1338	4	2
175.791	1339	4	3
175.791	1340	1	1
175.901	1341	3	1
176.011	1342	4	1
176.011	1343	1	1
176.232	1344	2	1
176.342	1345	1	1
176.452	1346	4	1
176.452	1347	3	2
176.673	1348	3	3
176.563	1349	1	1
176.673	1350	4	2
176.894	1351	4	3
176.894	1352	3	1
176.894	1353	1	1
177.114	1354	4	2
177.335	1355	4	3
177.224	1356	1	1
177.335	1357	2	1
177.335	1358	3	2
177.555	1359	3	3
177.555	1360	4	1
177.666	1361	1	1
177.776	1362	2	1
177.776	1363	4	1
177.886	1364	3	1
177.996	1365	1	1
178.217	1366	2	1
178.217	1367	1	2
178.438	1368	1	3
178.327	1369	3	1
178.438	1370	2	2
178.658	1371	2	3
178.658	1372	4	1
178.658	1373	1	1
178.879	1374	1	2
179.099	1375	1	3
179.099	1376	2	2
179.320	1377	2	3
179.099	1378	4	1
179.320	1379	3	1
179.430	1380	1	1
179.541	1381	2	1
179.541	1382	4	1
179.761	1383	1	1
179.871	1384	3	1
179.982	1385	2	1
179.982	1386	4	2
180.202	1387	4	3
180.092	1388	3	1
180.202	1389	2	2
180.423	1390	2	3
180.423	1391	1	1
180.423	1392	4	1
180.644	1393	4	2
180.864	1394	4	3
180.754	1395	3	1
180.864	1396	1	1
180.864	1397	2	2
181.085	1398	2	3
181.085	1399	4	1
181.195	1400	1	1
181.305	1401	2	1
181.305	1402	4	1
181.416	1403	3	1
181.526	1404	1	1
181.746	1405	3	1
181.746	1406	4	1
181.967	1407	2	1
182.077	1408	3	1
182.188	1409	4	1
182.188	1410	1	1
182.298	1411	2	1
182.408	1412	3	1
182.629	1413	2	1
182.629	1414	1	1
182.849	1415	4	1
182.960	1416	2	1
183.070	1417	1	1
183.070	1418	4	1
183.180	1419	3	1
183.291	1420	1	1
183.511	1421	3	2
185.276	1422	3	3
183.511	1423	4	2
187.041	1424	4	3