Song Name	natura by Rebellions (Qayo + Kagetora)
Title	natura
Artist	Rebellions (Qayo + Kagetora)
Description	Inspired by 'Multinational Hardcore', I included instruments I don't normally use. The song is like a world tour, filled with instruments and percussion from all over the world. I hope you enjoy it! Made in collaboration with Qayo for BOF:ET -Summer Dream Traveler- in 2022. Map by Ucitysm.
Difficulty	17
Primary Color	Flow
Secondary Color	Chill
Cover Image ID	99614884952572
Audio Asset ID	rbxassetid://17402126352
Audio File	17402126352.ogg
Last Note Time	150.829
Total Notes	1083
Fever Fill	316
Fever Time	22.624350
Long Notes	136
BPM	175
Song Length	151.829000000

Timing Points
1.687	342.857143


Song Data
1.001	1	1	1
1.687	2	4	1
2.372	3	2	1
2.544	4	1	1
2.715	5	2	1
2.887	6	4	1
3.058	7	1	1
3.744	8	4	1
4.087	9	3	1
4.429	10	2	1
4.944	11	3	1
5.458	12	1	1
5.801	13	4	1
6.487	14	1	1
6.829	15	2	1
7.172	16	4	1
7.687	17	3	1
7.772	18	2	1
7.858	19	4	1
8.029	20	1	1
8.201	21	4	1
8.372	22	3	1
8.544	23	2	1
8.887	24	4	1
9.229	25	1	1
9.572	26	3	1
9.915	27	2	1
10.429	28	4	1
10.515	29	1	1
10.601	30	4	1
11.115	31	3	1
11.201	32	2	1
11.287	33	1	1
11.801	34	4	1
11.887	35	3	1
11.972	36	2	1
12.144	37	3	1
12.315	38	4	1
12.487	39	1	1
12.658	40	3	1
12.658	41	4	1
12.744	42	2	1
12.829	43	3	1
12.915	44	4	1
13.001	45	1	1
13.087	46	2	1
13.172	47	3	1
13.258	48	2	1
13.344	49	1	1
13.515	50	3	1
13.687	51	4	1
13.858	52	3	1
14.029	53	1	1
14.115	54	3	1
14.201	55	2	1
14.287	56	1	1
14.372	57	4	1
14.458	58	3	1
14.544	59	2	1
14.629	60	3	1
14.715	61	4	1
14.887	62	1	1
15.058	63	3	1
15.229	64	2	1
15.401	65	4	1
15.572	66	1	1
15.658	67	2	1
15.744	68	3	1
15.915	69	4	1
16.001	70	2	1
16.087	71	1	1
16.258	72	4	1
16.344	73	3	1
16.429	74	1	1
16.601	75	2	1
16.772	76	4	1
17.115	77	1	1
17.287	78	3	1
17.372	79	2	1
17.458	80	3	1
17.801	81	4	1
18.144	82	1	1
18.315	83	1	1
18.401	84	3	1
18.487	85	2	1
18.658	86	2	1
18.829	87	1	1
18.915	88	4	1
19.001	89	1	1
19.087	90	3	1
19.172	91	2	1
19.344	92	2	1
19.515	93	4	1
19.687	94	4	1
19.772	95	2	1
19.858	96	3	1
20.029	97	3	1
20.201	98	4	1
20.287	99	1	1
20.372	100	4	1
20.458	101	2	1
20.544	102	3	1
20.715	103	3	1
20.887	104	1	1
20.972	105	4	1
21.058	106	1	1
21.144	107	4	1
21.229	108	2	1
21.315	109	1	1
21.401	110	2	1
21.487	111	1	1
21.572	112	3	1
21.658	113	4	1
21.744	114	3	1
21.829	115	4	1
21.915	116	1	2
22.258	117	1	3
22.087	118	4	2
22.258	119	4	3
22.258	120	3	1
22.344	121	2	1
22.515	122	3	1
22.601	123	1	1
22.772	124	4	1
22.858	125	3	1
22.944	126	2	1
23.115	127	1	1
23.287	128	4	1
23.372	129	3	1
23.458	130	2	1
23.544	131	1	1
23.629	132	4	1
23.801	133	4	1
23.887	134	2	1
23.972	135	1	1
24.229	136	3	1
24.315	137	2	1
24.572	138	4	1
24.658	139	3	1
24.915	140	4	1
25.001	141	1	2
25.087	142	1	3
25.172	143	1	2
25.344	144	1	3
25.344	145	4	1
25.429	146	2	2
25.601	147	2	3
25.687	148	3	2
25.858	149	3	3
25.944	150	4	2
26.115	151	4	3
26.029	152	1	1
26.201	153	4	2
26.287	154	4	3
26.372	155	2	1
26.629	156	3	1
26.715	157	2	1
26.972	158	4	1
27.058	159	1	1
27.315	160	3	1
27.401	161	2	1
27.658	162	4	1
27.744	163	3	1
28.001	164	1	1
28.087	165	2	1
28.344	166	4	1
28.429	167	1	1
28.515	168	3	1
28.601	169	1	1
28.687	170	3	1
28.772	171	2	1
28.944	172	3	1
29.029	173	1	1
29.115	174	4	1
29.115	175	3	1
29.287	176	2	1
29.372	177	1	1
29.458	178	4	1
29.715	179	2	1
29.801	180	3	1
30.058	181	1	1
30.144	182	2	1
30.401	183	1	1
30.487	184	4	2
30.572	185	4	3
30.658	186	4	2
30.829	187	4	3
30.829	188	1	1
30.915	189	3	2
31.087	190	3	3
31.172	191	2	2
31.344	192	2	3
31.429	193	1	2
31.601	194	1	3
31.515	195	4	1
31.687	196	1	2
31.772	197	1	3
31.858	198	3	1
32.115	199	2	1
32.201	200	3	1
32.458	201	1	1
32.544	202	4	1
32.801	203	2	1
32.887	204	3	1
33.144	205	1	1
33.229	206	2	2
33.401	207	2	3
33.401	208	4	2
33.572	209	4	3
33.572	210	2	1
33.658	211	4	1
33.744	212	2	1
33.915	213	3	1
34.001	214	1	1
34.172	215	3	1
34.258	216	1	1
34.344	217	3	1
34.429	218	1	1
34.601	219	4	1
34.601	220	3	1
34.772	221	1	1
34.858	222	4	1
34.944	223	2	1
35.201	224	3	1
35.287	225	2	1
35.544	226	4	1
35.629	227	3	1
35.887	228	4	1
35.972	229	1	2
36.058	230	1	3
36.144	231	1	2
36.315	232	1	3
36.315	233	4	1
36.401	234	2	2
36.572	235	2	3
36.658	236	3	2
36.829	237	3	3
36.915	238	4	2
37.087	239	4	3
37.001	240	1	1
37.172	241	4	2
37.258	242	4	3
37.344	243	2	1
37.601	244	3	1
37.687	245	2	1
37.944	246	4	1
38.029	247	1	1
38.287	248	3	1
38.372	249	2	1
38.629	250	4	1
38.715	251	3	1
38.972	252	1	1
39.058	253	2	1
39.315	254	4	1
39.401	255	2	1
39.658	256	3	1
39.744	257	1	1
39.829	258	4	1
39.915	259	1	1
40.001	260	4	1
40.087	261	2	1
40.087	262	1	1
40.258	263	3	1
40.344	264	1	1
40.344	265	2	1
40.515	266	2	1
40.515	267	1	1
40.772	268	4	1
40.772	269	3	1
40.944	270	2	1
41.029	271	4	1
41.029	272	3	1
41.201	273	4	1
41.201	274	3	1
41.458	275	2	1
41.458	276	1	1
41.629	277	3	1
41.715	278	1	1
41.715	279	2	1
41.887	280	2	1
41.887	281	1	1
42.144	282	4	1
42.144	283	3	1
42.315	284	2	1
42.401	285	3	1
42.401	286	4	1
42.572	287	4	1
42.572	288	3	1
42.829	289	1	1
42.915	290	4	1
43.001	291	1	1
43.087	292	4	1
43.172	293	2	1
43.258	294	3	1
43.344	295	2	1
43.429	296	3	1
43.515	297	1	1
43.601	298	2	1
43.687	299	1	1
43.772	300	2	1
43.858	301	4	1
43.944	302	3	1
44.029	303	4	1
44.115	304	3	1
44.201	305	1	1
44.201	306	2	1
44.544	307	2	1
44.544	308	1	1
44.887	309	4	1
44.972	310	3	1
45.058	311	2	1
45.144	312	1	1
45.229	313	4	1
45.315	314	3	1
45.401	315	2	1
45.487	316	1	1
45.572	317	3	1
45.572	318	4	1
45.829	319	2	1
45.915	320	3	1
46.172	321	4	1
46.258	322	1	2
46.429	323	1	3
46.429	324	3	2
46.601	325	3	3
46.601	326	1	2
46.858	327	1	3
46.858	328	2	1
46.944	329	3	1
47.115	330	1	1
47.287	331	2	1
47.458	332	3	1
47.629	333	4	1
47.801	334	2	1
47.972	335	3	1
48.144	336	1	1
48.315	337	4	1
48.487	338	1	1
48.744	339	3	2
48.829	340	3	3
48.915	341	3	2
49.087	342	3	3
49.172	343	2	1
49.258	344	1	1
49.515	345	2	1
49.601	346	1	1
49.858	347	3	1
50.029	348	2	1
50.201	349	3	1
50.372	350	4	1
50.544	351	1	1
50.715	352	3	1
50.887	353	2	1
51.058	354	4	1
51.058	355	3	1
51.229	356	2	1
51.401	357	1	1
51.487	358	3	1
51.572	359	2	1
51.658	360	3	1
51.744	361	4	2
51.915	362	4	3
51.915	363	1	2
52.087	364	1	3
52.087	365	4	2
52.344	366	4	3
52.344	367	3	1
52.429	368	2	1
52.601	369	1	1
52.772	370	2	1
52.944	371	3	1
53.115	372	4	1
53.287	373	2	1
53.458	374	3	1
53.629	375	1	1
53.972	376	4	2
54.144	377	4	3
54.144	378	2	1
54.229	379	3	1
54.315	380	2	1
54.401	381	3	1
54.487	382	1	2
54.658	383	1	3
54.829	384	1	1
54.915	385	4	1
55.001	386	1	1
55.087	387	4	1
55.172	388	3	2
55.344	389	3	3
55.344	390	2	1
55.515	391	1	1
55.687	392	3	1
55.858	393	4	1
56.029	394	2	1
56.201	395	3	1
56.372	396	1	1
56.544	397	4	1
56.715	398	1	1
56.887	399	4	1
56.972	400	2	1
57.058	401	4	1
57.144	402	2	1
57.229	403	3	2
57.401	404	3	3
57.401	405	1	2
57.572	406	1	3
57.572	407	3	2
57.829	408	3	3
57.829	409	2	1
57.915	410	1	1
58.087	411	3	1
58.258	412	2	1
58.429	413	3	1
58.601	414	4	1
58.772	415	2	1
58.944	416	3	1
59.115	417	1	1
59.287	418	4	1
59.458	419	1	1
59.715	420	2	2
59.801	421	2	3
59.887	422	2	2
60.058	423	2	3
60.144	424	3	1
60.229	425	4	1
60.487	426	3	1
60.572	427	4	1
60.829	428	1	1
61.001	429	2	1
61.172	430	3	1
61.344	431	4	1
61.515	432	2	1
61.687	433	3	1
61.858	434	1	1
62.029	435	4	1
62.201	436	1	1
62.372	437	3	1
62.544	438	3	1
62.715	439	2	1
62.801	440	4	1
62.887	441	2	1
63.058	442	3	1
63.229	443	4	1
63.315	444	1	1
63.401	445	4	1
63.572	446	2	1
63.744	447	1	1
63.915	448	3	1
64.087	449	4	1
64.258	450	2	1
64.429	451	3	1
64.601	452	1	1
64.772	453	4	1
64.944	454	3	1
65.029	455	2	1
65.115	456	1	1
65.201	457	2	1
65.287	458	3	1
65.372	459	4	1
65.458	460	1	1
65.629	461	1	1
65.801	462	4	1
65.915	463	2	1
66.029	464	4	1
66.144	465	2	1
66.144	466	1	2
67.172	467	1	3
67.172	468	3	2
67.344	469	3	3
67.515	470	4	1
67.515	471	1	1
67.858	472	2	1
68.201	473	3	1
68.544	474	4	1
68.887	475	1	2
69.229	476	1	3
70.029	477	2	1
70.144	478	3	1
70.258	479	4	1
70.487	480	1	1
70.715	481	4	1
70.944	482	1	1
71.172	483	3	1
71.401	484	4	1
71.629	485	2	2
71.972	486	2	3
73.001	487	1	1
73.344	488	2	1
73.687	489	3	1
74.029	490	4	1
74.372	491	1	1
74.372	492	4	2
74.715	493	4	3
75.287	494	3	1
75.515	495	2	1
75.744	496	4	2
76.429	497	4	3
75.744	498	3	1
76.429	499	2	2
76.772	500	2	3
76.772	501	3	1
77.115	502	4	2
77.344	503	4	3
77.344	504	3	1
77.572	505	2	1
77.801	506	3	2
78.029	507	3	3
78.029	508	2	1
78.258	509	1	1
78.487	510	1	2
78.829	511	1	3
78.487	512	4	1
78.829	513	2	2
79.172	514	2	3
79.172	515	3	2
79.515	516	3	3
79.515	517	4	2
79.858	518	4	3
79.858	519	1	2
80.887	520	1	3
80.201	521	4	1
80.544	522	2	1
80.887	523	4	1
81.001	524	2	1
81.115	525	3	1
81.229	526	4	1
81.458	527	1	1
81.687	528	4	1
81.915	529	2	1
82.144	530	1	1
82.372	531	2	1
82.601	532	3	2
83.287	533	3	3
82.944	534	1	1
83.287	535	2	2
83.972	536	2	3
83.629	537	4	1
83.972	538	3	1
84.144	539	3	1
84.229	540	2	1
84.315	541	4	1
84.487	542	4	1
84.658	543	3	1
84.744	544	1	1
84.829	545	3	1
85.001	546	4	1
85.172	547	4	1
85.344	548	2	1
85.515	549	2	1
85.601	550	3	1
85.687	551	1	1
85.858	552	1	1
86.029	553	2	1
86.115	554	4	1
86.201	555	2	1
86.372	556	1	1
86.544	557	1	1
86.715	558	4	1
86.801	559	3	1
86.887	560	1	1
86.972	561	2	1
87.058	562	4	1
87.144	563	3	1
87.229	564	1	1
87.315	565	2	1
87.401	566	3	1
87.487	567	4	1
87.572	568	2	1
87.658	569	1	1
87.744	570	3	1
87.829	571	4	1
87.915	572	2	1
88.001	573	1	1
88.087	574	3	1
88.172	575	2	1
88.258	576	3	1
88.344	577	2	1
88.429	578	4	1
88.515	579	1	1
88.601	580	4	1
88.687	581	1	1
88.772	582	3	1
88.858	583	4	1
88.944	584	3	1
89.029	585	4	1
89.115	586	2	1
89.201	587	1	1
89.287	588	2	1
89.372	589	1	1
89.458	590	4	1
89.458	591	3	1
89.801	592	4	2
89.972	593	4	3
90.144	594	3	2
90.315	595	3	3
90.487	596	2	2
90.658	597	2	3
90.829	598	1	2
91.001	599	1	3
90.829	600	2	1
91.001	601	4	1
91.172	602	2	2
91.344	603	2	3
91.344	604	3	1
91.515	605	4	2
91.687	606	4	3
91.687	607	2	1
91.858	608	3	2
92.544	609	3	3
92.029	610	4	1
92.201	611	1	1
92.372	612	2	1
92.544	613	4	2
92.887	614	4	3
92.715	615	2	1
92.887	616	1	2
93.058	617	1	3
93.058	618	4	1
93.144	619	2	1
93.229	620	4	1
93.401	621	1	1
93.487	622	3	1
93.572	623	1	2
93.915	624	1	3
93.744	625	2	1
93.915	626	4	2
94.087	627	4	3
94.087	628	3	1
94.258	629	1	2
94.429	630	1	3
94.429	631	4	1
94.601	632	2	2
95.287	633	2	3
94.772	634	1	1
94.944	635	4	1
95.115	636	3	1
95.287	637	1	2
95.629	638	1	3
95.458	639	3	1
95.629	640	4	2
95.801	641	4	3
95.801	642	1	1
95.972	643	3	1
95.972	644	4	1
96.144	645	1	1
96.144	646	4	1
96.315	647	2	1
96.315	648	1	1
96.487	649	3	1
96.658	650	1	1
96.772	651	4	1
96.887	652	4	1
97.001	653	2	2
97.229	654	2	3
97.229	655	4	2
97.458	656	4	3
97.229	657	1	2
97.458	658	1	3
97.458	659	3	2
97.687	660	3	3
97.687	661	4	2
98.029	662	4	3
97.858	663	2	1
98.029	664	1	2
98.201	665	1	3
98.201	666	4	1
98.372	667	2	2
98.544	668	2	3
98.544	669	1	1
98.629	670	3	1
98.715	671	1	1
98.887	672	4	1
98.972	673	2	1
99.058	674	4	2
99.401	675	4	3
99.229	676	1	1
99.401	677	3	2
99.572	678	3	3
99.572	679	2	1
99.744	680	1	2
99.915	681	1	3
99.915	682	4	1
100.087	683	3	2
100.429	684	3	3
100.258	685	1	1
100.429	686	4	1
100.601	687	2	1
100.687	688	1	1
100.772	689	2	1
100.858	690	4	1
100.944	691	1	1
101.029	692	3	1
101.115	693	4	1
101.201	694	3	1
101.287	695	1	1
101.372	696	4	1
101.458	697	2	1
101.544	698	4	1
101.544	699	3	1
101.715	700	3	1
101.801	701	2	1
101.801	702	1	2
101.972	703	1	3
101.972	704	4	1
102.144	705	2	2
102.315	706	2	3
102.315	707	3	1
102.487	708	4	2
102.658	709	4	3
102.658	710	2	1
102.829	711	3	2
103.515	712	3	3
103.001	713	4	1
103.172	714	1	1
103.344	715	2	1
103.515	716	4	2
103.858	717	4	3
103.687	718	2	1
103.858	719	1	2
104.029	720	1	3
104.029	721	4	1
104.115	722	2	1
104.201	723	4	1
104.372	724	1	1
104.458	725	3	1
104.544	726	1	2
104.887	727	1	3
104.715	728	2	1
104.887	729	4	2
105.058	730	4	3
105.058	731	3	1
105.229	732	1	2
105.401	733	1	3
105.401	734	4	1
105.572	735	2	2
106.258	736	2	3
105.744	737	1	1
105.915	738	4	1
106.087	739	3	1
106.258	740	1	2
106.772	741	1	3
106.429	742	3	1
106.601	743	4	1
106.772	744	2	1
106.944	745	3	1
106.944	746	4	1
107.115	747	4	1
107.115	748	1	1
107.287	749	2	1
107.287	750	1	1
107.458	751	3	1
107.629	752	2	2
107.801	753	2	3
107.801	754	4	1
107.972	755	3	2
108.144	756	3	3
108.144	757	2	1
108.315	758	1	2
109.001	759	1	3
108.487	760	3	1
108.658	761	4	1
108.829	762	2	1
109.001	763	4	2
109.515	764	4	3
109.172	765	3	1
109.344	766	1	1
109.515	767	2	1
109.601	768	3	1
109.687	769	2	1
109.858	770	2	1
110.029	771	4	1
110.201	772	3	1
110.287	773	1	1
110.372	774	3	1
110.544	775	3	1
110.715	776	1	1
110.887	777	2	1
110.972	778	4	1
111.058	779	2	1
111.229	780	2	1
111.401	781	3	1
111.401	782	4	1
111.572	783	2	1
111.658	784	1	1
111.744	785	2	1
111.829	786	4	1
111.915	787	1	1
112.001	788	3	1
112.087	789	4	1
112.172	790	3	1
112.258	791	1	1
112.344	792	4	1
112.429	793	2	1
112.515	794	3	1
112.601	795	2	1
112.687	796	3	1
112.772	797	1	2
112.944	798	1	3
112.772	799	4	1
112.944	800	3	1
113.115	801	2	2
113.287	802	2	3
113.287	803	1	1
113.458	804	4	2
113.629	805	4	3
113.629	806	2	1
113.801	807	3	2
114.315	808	3	3
113.972	809	4	1
114.144	810	1	1
114.315	811	2	1
114.487	812	4	1
114.572	813	1	1
114.658	814	4	1
114.744	815	2	1
114.829	816	1	2
115.001	817	1	3
115.001	818	4	1
115.087	819	2	1
115.172	820	4	1
115.344	821	1	1
115.429	822	3	1
115.515	823	1	2
115.858	824	1	3
115.687	825	2	1
115.858	826	4	2
116.029	827	4	3
116.029	828	3	1
116.201	829	1	2
116.372	830	1	3
116.372	831	4	1
116.544	832	2	2
117.229	833	2	3
116.715	834	1	1
116.887	835	4	1
117.058	836	3	1
117.229	837	1	1
117.315	838	4	1
117.401	839	1	1
117.487	840	3	1
117.572	841	4	2
117.744	842	4	3
117.744	843	2	1
117.915	844	4	1
117.915	845	3	1
118.087	846	4	1
118.087	847	1	1
118.258	848	2	1
118.258	849	1	1
118.429	850	3	1
118.601	851	4	1
118.715	852	1	1
118.829	853	1	1
118.944	854	3	1
119.058	855	2	1
119.172	856	4	1
119.401	857	3	1
119.515	858	3	1
119.629	859	1	2
119.972	860	1	3
119.801	861	4	1
119.972	862	2	1
120.058	863	3	1
120.144	864	2	1
120.229	865	1	1
120.315	866	3	2
120.487	867	3	3
120.487	868	4	1
120.572	869	2	1
120.658	870	4	1
120.829	871	1	1
120.915	872	3	1
121.001	873	1	2
121.344	874	1	3
121.172	875	4	1
121.344	876	2	2
121.515	877	2	3
121.515	878	3	1
121.687	879	1	2
121.858	880	1	3
121.858	881	4	1
122.029	882	3	2
122.372	883	3	3
122.201	884	1	1
122.372	885	4	1
122.544	886	2	1
122.629	887	1	1
122.715	888	2	1
122.801	889	4	1
122.887	890	1	1
122.972	891	3	1
123.058	892	4	1
123.144	893	3	1
123.229	894	1	1
123.315	895	4	1
123.401	896	2	1
123.487	897	4	1
123.487	898	3	1
123.658	899	3	1
123.744	900	2	1
123.744	901	1	2
124.429	902	1	3
124.429	903	4	2
124.772	904	4	3
124.772	905	2	2
125.115	906	2	3
125.115	907	3	1
125.287	908	3	1
125.287	909	1	1
125.372	910	4	1
125.544	911	2	1
125.544	912	3	1
125.629	913	1	1
125.801	914	1	1
125.801	915	4	1
126.058	916	2	1
126.058	917	3	1
126.315	918	3	1
126.315	919	2	1
126.487	920	4	1
126.487	921	1	2
126.829	922	1	3
126.658	923	2	1
126.829	924	3	2
127.001	925	3	3
127.001	926	4	1
127.172	927	1	2
127.344	928	1	3
127.344	929	2	1
127.515	930	4	2
128.201	931	4	3
127.687	932	1	1
127.858	933	3	1
128.029	934	2	1
128.201	935	1	1
128.287	936	3	1
128.372	937	1	1
128.458	938	2	1
128.544	939	4	2
128.715	940	4	3
128.715	941	1	1
128.887	942	3	2
129.058	943	3	3
129.058	944	4	2
129.229	945	4	3
129.229	946	1	2
129.915	947	1	3
129.229	948	2	1
129.401	949	4	1
129.572	950	2	1
129.744	951	3	1
129.915	952	4	2
130.258	953	4	3
130.087	954	1	1
130.258	955	3	2
130.944	956	3	3
130.429	957	2	1
130.601	958	1	1
130.772	959	4	1
130.944	960	1	1
131.029	961	4	1
131.115	962	2	1
131.201	963	4	1
131.287	964	1	2
131.629	965	1	3
131.458	966	2	1
131.629	967	3	1
131.629	968	4	1
131.801	969	1	1
131.801	970	4	1
131.972	971	2	1
131.972	972	1	1
132.144	973	4	1
132.315	974	3	2
132.658	975	3	3
132.487	976	2	1
132.658	977	1	2
133.001	978	1	3
132.829	979	3	1
133.001	980	4	2
134.029	981	4	3
133.172	982	1	1
133.344	983	2	1
133.515	984	3	1
133.687	985	2	1
133.858	986	1	1
134.029	987	3	1
134.201	988	2	2
134.544	989	2	3
134.372	990	3	2
134.544	991	3	3
134.715	992	1	1
134.715	993	4	1
134.887	994	4	1
135.058	995	3	1
135.229	996	3	1
135.401	997	4	1
135.572	998	4	1
135.744	999	3	1
135.915	1000	3	1
136.087	1001	1	1
136.087	1002	4	1
136.258	1003	1	1
136.429	1004	2	1
136.601	1005	2	1
136.772	1006	1	1
136.944	1007	1	1
137.115	1008	2	1
137.287	1009	2	1
137.458	1010	4	1
137.544	1011	1	1
137.629	1012	3	1
137.715	1013	2	1
137.801	1014	3	1
137.887	1015	4	1
137.972	1016	2	1
138.058	1017	3	1
138.144	1018	1	1
138.229	1019	4	1
138.315	1020	2	1
138.401	1021	3	1
138.487	1022	2	1
138.572	1023	1	1
138.658	1024	3	1
138.744	1025	2	1
138.829	1026	4	1
138.829	1027	3	1
139.087	1028	2	1
139.087	1029	1	1
139.344	1030	3	1
139.344	1031	4	1
139.601	1032	3	1
139.601	1033	4	1
139.858	1034	4	1
139.858	1035	1	1
140.029	1036	2	1
140.029	1037	1	1
140.201	1038	3	1
140.201	1039	2	1
140.372	1040	4	1
140.544	1041	2	1
140.715	1042	1	1
140.887	1043	3	2
141.401	1044	3	3
141.572	1045	4	1
141.744	1046	3	1
141.915	1047	2	1
142.087	1048	4	1
142.258	1049	1	2
142.772	1050	1	3
142.601	1051	3	1
142.772	1052	4	1
142.944	1053	2	1
143.115	1054	3	1
143.287	1055	2	1
143.458	1056	4	1
143.629	1057	1	2
144.144	1058	1	3
144.315	1059	3	1
144.487	1060	1	1
144.658	1061	2	1
144.829	1062	4	1
145.001	1063	3	2
145.515	1064	3	3
145.515	1065	1	1
145.601	1066	4	1
145.687	1067	2	1
145.858	1068	1	1
146.029	1069	2	1
146.201	1070	3	1
146.372	1071	4	2
146.887	1072	4	3
147.058	1073	1	1
147.058	1074	4	1
147.401	1075	2	1
147.744	1076	3	1
148.429	1077	4	1
148.429	1078	2	1
148.772	1079	1	1
149.115	1080	3	1
149.458	1081	4	1
149.801	1082	2	2
150.829	1083	2	3