Song Name	Niflheimr by xi (xi_com_giko_31)
Difficulty	19
Primary Color	Chill
Secondary Color	Vibe
Last Note Time	156.947
Total Notes	1062
Fever Fill	328
Fever Time	23.542050
Long Notes	79
BPM	180
Song Length	159.538594104

Timing Points
4.948	333.3333


Song Data
4.948	1	3	1
5.281	2	4	1
5.614	3	2	1
5.781	4	3	1
5.948	5	1	1
6.031	6	2	1
6.114	7	3	1
6.447	8	3	1
6.503	9	4	1
6.559	10	2	1
6.614	11	1	1
6.781	12	3	1
7.114	13	4	1
7.447	14	2	1
10.281	15	3	1
10.614	16	4	1
10.947	17	2	1
11.114	18	3	1
11.281	19	1	1
11.364	20	2	1
11.447	21	3	1
11.781	22	3	1
11.836	23	4	1
11.892	24	2	1
11.947	25	1	1
12.114	26	3	1
12.447	27	4	1
12.781	28	2	1
15.614	29	1	1
15.614	30	3	1
15.947	31	4	1
16.281	32	2	1
16.447	33	3	1
16.614	34	1	1
16.697	35	2	1
16.781	36	3	1
17.114	37	3	1
17.170	38	4	1
17.225	39	2	1
17.281	40	1	1
17.447	41	3	1
17.781	42	4	1
18.114	43	2	1
18.281	44	1	1
18.281	45	3	1
18.614	46	4	1
18.947	47	2	1
19.114	48	3	1
19.281	49	1	1
19.364	50	2	1
19.447	51	3	1
19.447	52	4	1
19.781	53	3	1
19.836	54	4	1
19.892	55	2	1
19.947	56	1	1
20.114	57	3	1
20.447	58	4	1
20.614	59	2	1
20.697	60	3	1
20.781	61	1	1
20.781	62	4	1
20.947	63	2	1
20.947	64	3	1
21.281	65	4	2
21.447	66	4	3
21.614	67	2	2
21.781	68	3	2
21.781	69	2	3
21.947	70	1	1
21.947	71	3	3
22.031	72	2	1
22.114	73	3	1
22.281	74	1	1
22.281	75	2	1
22.447	76	3	1
22.503	77	4	1
22.559	78	2	1
22.614	79	1	1
22.781	80	3	1
23.114	81	1	2
23.114	82	4	1
23.281	83	1	3
23.447	84	2	1
23.447	85	3	1
23.614	86	1	1
23.614	87	4	1
23.781	88	2	1
23.864	89	3	1
23.947	90	4	2
24.114	91	4	3
24.281	92	2	2
24.447	93	3	1
24.447	94	2	3
24.614	95	1	1
24.697	96	2	1
24.781	97	3	1
24.947	98	1	1
24.947	99	2	1
25.114	100	3	1
25.170	101	4	1
25.225	102	2	1
25.281	103	1	1
25.447	104	3	1
25.781	105	1	1
25.781	106	4	1
26.114	107	2	1
26.114	108	3	2
26.114	109	4	1
26.447	110	3	3
26.614	111	1	1
26.614	112	2	1
26.781	113	2	1
26.781	114	3	1
26.781	115	4	2
26.947	116	1	1
27.114	117	2	1
27.114	118	4	3
27.447	119	1	1
27.447	120	4	1
27.781	121	3	1
27.836	122	4	1
27.892	123	2	1
27.947	124	1	1
28.114	125	3	1
28.114	126	4	1
28.447	127	1	1
28.614	128	1	1
28.614	129	2	1
28.614	130	3	2
28.614	131	4	1
28.947	132	1	1
28.947	133	2	2
28.947	134	4	1
28.947	135	3	3
29.281	136	2	3
29.447	137	1	1
29.447	138	2	1
29.447	139	4	1
29.614	140	3	1
29.781	141	4	1
30.114	142	1	1
30.114	143	2	1
30.114	144	4	2
30.447	145	3	1
30.447	146	4	3
30.614	147	3	1
30.781	148	1	1
30.781	149	4	1
31.114	150	3	1
31.170	151	4	1
31.225	152	2	1
31.281	153	1	1
31.281	154	3	1
31.447	155	2	1
31.531	156	3	1
31.614	157	1	1
31.614	158	2	2
31.614	159	4	1
31.781	160	4	1
31.947	161	4	1
31.947	162	2	3
32.114	163	1	1
32.114	164	3	2
32.114	165	4	1
32.447	166	4	1
32.447	167	3	3
32.781	168	1	1
32.781	169	2	1
32.947	170	4	1
33.059	171	3	1
33.170	172	2	1
33.281	173	1	1
33.447	174	3	1
33.447	175	4	1
33.781	176	2	2
33.781	177	3	1
33.781	178	4	1
34.114	179	1	1
34.114	180	3	2
34.114	181	4	1
34.114	182	2	3
34.281	183	1	1
34.447	184	3	3
34.614	185	1	1
34.614	186	2	1
34.781	187	4	1
35.281	188	1	1
35.281	189	4	1
35.614	190	2	1
35.614	191	3	2
35.614	192	4	1
35.947	193	1	1
35.947	194	3	3
36.031	195	2	1
36.114	196	3	1
36.197	197	4	1
36.281	198	2	1
36.364	199	4	1
36.447	200	3	1
36.531	201	1	1
36.614	202	2	1
36.697	203	4	1
36.781	204	3	1
36.864	205	1	1
36.947	206	2	1
36.947	207	4	2
38.281	208	3	1
38.281	209	4	3
38.364	210	2	1
38.447	211	1	1
38.531	212	4	1
38.614	213	2	1
38.697	214	3	1
38.781	215	2	1
38.864	216	1	1
38.947	217	3	1
39.031	218	2	1
39.114	219	1	1
39.197	220	4	1
39.281	221	2	1
39.364	222	3	1
39.447	223	2	1
39.531	224	1	1
39.614	225	2	1
39.614	226	3	2
39.614	227	4	1
39.947	228	1	1
39.947	229	2	1
40.114	230	1	1
40.114	231	4	2
40.114	232	3	3
40.447	233	2	1
40.447	234	3	1
40.781	235	1	1
40.781	236	3	1
41.447	237	2	1
41.447	238	3	1
41.781	239	1	1
41.781	240	3	1
42.114	241	1	1
42.114	242	2	1
42.281	243	4	3
42.447	244	1	1
42.447	245	3	1
42.781	246	1	1
42.781	247	2	1
43.114	248	1	1
43.114	249	3	2
43.114	250	4	1
43.447	251	1	1
43.447	252	2	2
43.447	253	4	1
43.447	254	3	3
43.947	255	2	3
44.114	256	1	2
44.114	257	3	1
44.114	258	4	1
44.447	259	4	1
44.447	260	1	3
44.614	261	2	1
44.614	262	3	1
44.697	263	1	1
44.781	264	3	1
44.864	265	4	1
44.947	266	1	2
45.281	267	3	1
45.281	268	4	1
45.281	269	1	3
45.614	270	2	1
45.697	271	4	1
45.781	272	3	1
45.864	273	2	1
45.947	274	3	1
46.031	275	1	1
46.114	276	4	1
46.197	277	2	1
46.281	278	1	1
46.364	279	3	1
46.447	280	2	1
46.531	281	1	1
46.614	282	3	1
46.697	283	2	1
46.781	284	1	1
46.781	285	4	1
47.114	286	1	1
47.114	287	3	1
47.447	288	2	1
47.447	289	4	1
47.781	290	1	1
47.947	291	2	1
47.947	292	3	1
48.031	293	4	1
48.114	294	1	1
48.197	295	2	1
48.281	296	3	1
48.364	297	1	1
48.447	298	2	1
48.531	299	4	1
48.697	300	1	1
48.739	301	2	1
48.781	302	3	1
49.114	303	1	1
49.447	304	4	1
49.781	305	1	1
49.781	306	3	2
49.947	307	2	1
49.947	308	4	2
49.947	309	3	3
50.114	310	1	2
50.114	311	3	1
50.114	312	4	3
50.281	313	2	1
50.281	314	3	2
50.281	315	4	1
50.281	316	1	3
50.614	317	1	1
50.614	318	2	1
50.781	319	1	1
50.781	320	4	2
50.781	321	3	3
51.114	322	2	1
51.114	323	3	1
51.447	324	1	1
51.447	325	3	1
52.114	326	2	1
52.114	327	3	1
52.447	328	1	1
52.447	329	3	1
52.781	330	1	1
52.781	331	2	1
52.947	332	4	3
53.114	333	1	1
53.114	334	3	1
53.447	335	1	1
53.447	336	2	1
53.447	337	3	2
53.781	338	1	1
53.781	339	2	1
53.781	340	4	2
53.781	341	3	3
54.114	342	1	1
54.114	343	3	1
54.114	344	4	3
54.281	345	2	2
54.614	346	1	2
54.614	347	2	3
54.781	348	3	1
54.781	349	4	1
54.947	350	2	2
54.947	351	1	3
55.114	352	3	1
55.114	353	4	2
55.114	354	2	3
55.281	355	2	1
55.281	356	3	1
55.281	357	4	3
55.364	358	1	1
55.447	359	3	1
55.531	360	4	1
55.614	361	1	2
55.947	362	3	1
55.947	363	4	1
55.947	364	1	3
56.281	365	2	1
56.364	366	4	1
56.447	367	3	1
56.531	368	2	1
56.614	369	3	1
56.697	370	1	1
56.781	371	4	1
56.864	372	2	1
56.947	373	1	1
57.031	374	3	1
57.114	375	2	1
57.197	376	1	1
57.281	377	3	1
57.364	378	2	1
57.447	379	1	1
57.447	380	4	1
57.781	381	1	1
57.781	382	3	1
58.114	383	2	1
58.114	384	4	1
58.447	385	1	1
58.614	386	2	1
58.614	387	3	1
58.697	388	4	1
58.781	389	1	1
58.864	390	2	1
58.947	391	3	1
59.031	392	1	1
59.114	393	2	1
59.197	394	4	1
59.364	395	1	1
59.406	396	2	1
59.447	397	3	1
59.781	398	1	1
60.114	399	4	1
60.447	400	1	1
60.447	401	3	1
60.614	402	2	1
60.614	403	4	1
60.781	404	1	1
60.781	405	3	1
60.947	406	2	1
60.947	407	3	1
60.947	408	4	1
66.281	409	1	1
66.281	410	2	1
71.614	411	1	1
71.614	412	4	1
71.781	413	3	1
71.947	414	4	1
72.281	415	2	1
72.947	416	3	1
73.447	417	4	1
73.781	418	1	1
74.114	419	3	1
74.447	420	2	1
74.614	421	4	1
74.947	422	2	1
75.614	423	3	1
76.114	424	4	1
76.447	425	1	1
76.781	426	4	1
77.114	427	2	1
77.281	428	4	1
77.614	429	2	1
78.281	430	3	1
78.781	431	4	1
79.114	432	1	1
79.447	433	3	1
79.781	434	2	1
79.947	435	1	1
80.114	436	2	1
80.281	437	4	1
80.614	438	3	1
80.781	439	2	1
80.947	440	1	1
80.947	441	4	1
81.114	442	2	1
81.281	443	3	1
81.447	444	4	1
81.614	445	2	1
81.697	446	3	1
81.781	447	1	1
81.947	448	3	1
81.947	449	4	1
82.114	450	2	1
82.281	451	1	1
82.281	452	4	1
82.447	453	3	1
82.614	454	1	2
82.614	455	4	1
82.781	456	1	3
82.947	457	2	1
82.947	458	3	2
83.114	459	4	2
83.114	460	3	3
83.281	461	4	3
83.614	462	3	1
84.114	463	4	1
84.447	464	1	1
84.447	465	2	2
84.614	466	2	3
84.781	467	3	1
84.781	468	4	2
84.947	469	4	3
85.114	470	2	1
85.281	471	3	2
85.281	472	4	1
85.447	473	3	3
85.614	474	1	2
85.614	475	2	1
85.781	476	1	3
85.947	477	4	2
86.281	478	3	1
86.281	479	4	3
86.614	480	2	2
86.781	481	4	1
86.781	482	2	3
86.947	483	3	2
87.114	484	1	1
87.114	485	3	3
87.447	486	3	2
87.447	487	4	1
87.614	488	3	3
87.781	489	2	1
87.947	490	3	2
87.947	491	4	1
88.114	492	3	3
88.281	493	1	2
88.281	494	2	1
88.447	495	4	2
88.447	496	1	3
88.614	497	4	3
88.947	498	3	1
89.447	499	4	1
89.614	500	2	2
89.781	501	1	1
89.781	502	2	3
89.947	503	4	2
90.114	504	3	1
90.114	505	4	3
90.447	506	2	1
90.614	507	1	1
90.614	508	3	2
90.781	509	2	1
90.781	510	3	3
90.947	511	1	2
90.947	512	4	1
91.114	513	1	3
91.281	514	3	1
91.281	515	4	2
91.447	516	2	1
91.447	517	4	3
91.614	518	1	1
91.614	519	4	1
91.781	520	2	1
91.947	521	3	1
92.114	522	4	1
92.281	523	2	1
92.364	524	3	1
92.447	525	1	1
92.614	526	2	1
92.614	527	3	1
92.781	528	4	1
92.947	529	1	1
92.947	530	2	1
92.947	531	3	2
93.114	532	1	1
93.114	533	2	1
93.447	534	1	1
93.447	535	2	1
93.614	536	1	1
93.614	537	2	1
93.947	538	1	1
93.947	539	4	1
93.947	540	3	3
94.114	541	1	1
94.114	542	2	2
94.114	543	4	1
95.281	544	4	2
95.614	545	1	1
95.614	546	3	1
95.614	547	2	3
95.614	548	4	3
95.781	549	1	1
95.781	550	3	1
96.114	551	1	1
96.114	552	3	1
96.281	553	1	1
96.281	554	3	1
96.614	555	3	1
96.614	556	4	1
97.114	557	1	1
97.281	558	2	1
97.447	559	3	1
97.614	560	4	1
97.697	561	3	1
97.781	562	2	1
97.947	563	3	1
98.114	564	1	1
98.281	565	2	1
98.281	566	3	1
98.447	567	2	1
98.447	568	3	1
98.781	569	2	1
98.781	570	3	1
98.947	571	2	1
98.947	572	3	1
99.281	573	1	1
99.281	574	4	1
99.781	575	1	1
99.864	576	2	1
99.947	577	3	1
100.031	578	4	1
100.114	579	1	1
100.114	580	2	1
100.614	581	4	1
100.697	582	3	1
100.781	583	2	1
100.864	584	1	1
100.947	585	3	1
100.947	586	4	1
101.114	587	1	1
101.197	588	2	1
101.281	589	3	1
101.364	590	4	1
101.447	591	2	1
101.447	592	3	1
101.614	593	1	1
101.697	594	2	1
101.781	595	4	1
101.864	596	2	1
101.947	597	3	1
102.031	598	4	1
102.114	599	1	1
102.114	600	3	1
102.281	601	2	1
102.364	602	1	1
102.447	603	2	1
102.531	604	4	1
102.614	605	3	1
102.697	606	2	1
102.781	607	1	1
102.781	608	4	1
103.114	609	3	1
103.281	610	1	2
103.364	611	3	2
103.364	612	1	3
103.447	613	2	2
103.447	614	3	3
103.531	615	4	2
103.531	616	2	3
103.614	617	1	1
103.614	618	2	1
103.614	619	3	2
103.614	620	4	3
103.781	621	1	1
103.781	622	2	1
104.114	623	1	1
104.114	624	2	1
104.281	625	1	1
104.281	626	2	1
104.614	627	1	1
104.614	628	4	1
104.614	629	3	3
104.947	630	1	1
105.031	631	2	1
105.114	632	3	1
105.197	633	4	1
105.281	634	1	1
105.364	635	2	1
105.447	636	3	1
105.447	637	4	1
105.781	638	4	1
105.864	639	3	1
105.947	640	1	1
106.031	641	2	1
106.114	642	4	1
106.197	643	1	1
106.281	644	2	1
106.281	645	3	1
106.614	646	2	1
106.697	647	3	1
106.781	648	1	1
106.781	649	4	1
107.114	650	3	1
107.197	651	2	1
107.281	652	4	1
107.364	653	1	1
107.447	654	2	1
107.447	655	3	1
107.781	656	4	2
108.114	657	1	1
108.114	658	2	1
108.114	659	3	2
108.114	660	4	3
108.447	661	2	1
108.447	662	4	1
108.447	663	3	3
108.614	664	1	1
108.697	665	2	1
108.781	666	4	1
108.864	667	3	1
108.947	668	1	1
108.947	669	2	1
109.114	670	3	1
109.197	671	2	1
109.281	672	4	2
110.197	673	2	1
110.197	674	4	3
110.281	675	1	2
110.281	676	3	1
110.281	677	4	1
111.447	678	1	3
111.614	679	1	1
111.614	680	3	2
111.614	681	4	1
112.281	682	2	2
112.281	683	3	3
112.614	684	1	1
112.614	685	2	3
112.697	686	2	1
112.781	687	3	1
112.864	688	4	1
112.947	689	1	1
112.947	690	3	1
113.697	691	4	1
113.781	692	3	1
113.864	693	1	1
113.947	694	2	1
114.031	695	4	1
114.114	696	3	1
114.197	697	2	1
114.281	698	1	2
114.614	699	2	1
114.614	700	4	1
114.614	701	1	3
114.781	702	2	1
114.781	703	4	1
115.114	704	1	1
115.447	705	3	1
115.447	706	4	1
116.114	707	1	1
116.114	708	2	1
116.447	709	3	1
116.614	710	1	1
116.614	711	4	1
116.947	712	1	1
116.947	713	3	1
117.281	714	1	1
117.281	715	2	1
117.447	716	3	1
117.447	717	4	1
117.781	718	2	1
117.947	719	3	1
118.114	720	1	1
118.114	721	4	1
118.447	722	3	1
118.447	723	4	1
118.781	724	1	1
118.781	725	3	1
119.114	726	1	1
119.114	727	2	1
119.281	728	3	1
119.281	729	4	1
119.614	730	1	2
119.947	731	2	1
119.947	732	4	1
119.947	733	1	3
120.114	734	3	1
120.447	735	1	1
120.614	736	2	1
120.781	737	3	1
120.781	738	4	1
121.114	739	2	1
121.281	740	1	1
121.447	741	3	1
121.447	742	4	1
121.531	743	1	1
121.614	744	2	1
121.864	745	3	1
122.031	746	4	1
122.197	747	2	1
122.281	748	4	1
122.364	749	3	1
122.447	750	2	1
122.531	751	1	1
122.614	752	3	1
122.614	753	4	1
122.781	754	2	1
122.864	755	4	1
122.947	756	3	1
123.031	757	2	1
123.114	758	1	1
123.197	759	3	1
123.281	760	4	1
123.447	761	1	1
123.447	762	2	1
123.614	763	3	1
123.614	764	4	1
123.864	765	1	1
123.864	766	2	1
124.114	767	2	1
124.114	768	4	1
124.364	769	1	1
124.364	770	3	1
124.614	771	3	1
124.614	772	4	1
124.781	773	1	1
124.781	774	2	1
124.947	775	1	2
125.281	776	2	1
125.281	777	3	1
125.281	778	1	3
125.364	779	4	1
125.447	780	2	1
125.531	781	1	1
125.614	782	3	1
125.697	783	4	1
125.781	784	1	1
125.864	785	3	1
125.947	786	4	1
126.031	787	2	1
126.114	788	1	1
126.197	789	4	1
126.281	790	3	1
126.364	791	2	1
126.447	792	3	1
126.531	793	1	1
126.614	794	4	1
126.697	795	3	1
126.781	796	1	1
126.836	797	2	1
126.892	798	3	1
126.947	799	4	1
127.031	800	2	1
127.114	801	3	1
127.197	802	1	1
127.281	803	3	1
127.364	804	4	1
127.447	805	2	1
127.531	806	1	1
127.614	807	2	1
127.614	808	4	1
127.781	809	1	1
127.864	810	2	1
127.947	811	3	1
128.031	812	1	1
128.114	813	2	1
128.281	814	4	1
128.364	815	2	1
128.447	816	3	1
128.531	817	1	1
128.614	818	4	1
128.697	819	3	1
128.781	820	2	1
128.864	821	3	1
128.947	822	1	1
129.031	823	2	1
129.114	824	3	1
129.197	825	2	1
129.281	826	1	1
129.364	827	3	1
129.531	828	2	1
129.614	829	4	1
129.697	830	3	1
129.781	831	1	1
129.864	832	2	1
129.947	833	3	1
130.059	834	2	1
130.170	835	4	1
130.281	836	1	2
130.614	837	4	1
130.614	838	1	3
130.697	839	3	1
130.781	840	2	1
130.864	841	1	1
130.947	842	4	1
131.031	843	2	1
131.114	844	3	1
131.197	845	1	1
131.281	846	2	1
131.364	847	3	1
131.447	848	1	1
131.447	849	4	1
131.614	850	2	1
131.781	851	3	1
131.864	852	4	1
131.947	853	3	1
132.059	854	1	1
132.170	855	2	1
132.281	856	4	1
132.364	857	1	1
132.447	858	3	1
132.531	859	4	1
132.614	860	2	1
132.670	861	1	1
132.725	862	3	1
132.781	863	4	1
132.864	864	2	1
132.947	865	4	1
133.031	866	3	1
133.114	867	2	1
133.197	868	1	1
133.281	869	4	1
133.364	870	2	1
133.447	871	3	1
133.531	872	1	1
133.614	873	3	1
133.697	874	1	1
133.781	875	4	1
133.864	876	3	1
133.947	877	2	1
134.031	878	4	1
134.114	879	1	1
134.197	880	3	1
134.281	881	1	1
134.281	882	2	1
134.531	883	1	1
134.531	884	2	1
134.781	885	2	1
134.781	886	4	1
135.031	887	1	1
135.031	888	2	1
135.281	889	2	1
135.281	890	4	1
135.447	891	3	1
135.447	892	4	1
135.614	893	1	1
135.614	894	4	1
135.781	895	2	1
135.836	896	1	1
135.892	897	3	1
135.947	898	4	1
136.447	899	1	1
136.614	900	2	1
136.781	901	4	1
136.947	902	1	1
136.947	903	3	1
137.281	904	2	1
137.503	905	1	1
137.614	906	4	1
137.864	907	3	1
138.156	908	2	1
138.281	909	1	1
138.281	910	4	1
138.447	911	3	1
138.531	912	2	1
138.614	913	1	1
138.697	914	2	1
138.781	915	3	1
138.781	916	4	1
139.281	917	1	1
139.281	918	3	1
139.614	919	1	1
139.614	920	4	1
140.114	921	3	1
140.447	922	2	1
140.614	923	3	1
140.697	924	2	1
140.781	925	3	1
140.864	926	4	1
140.947	927	1	1
140.947	928	3	1
141.114	929	2	1
141.197	930	3	1
141.281	931	2	1
141.281	932	4	2
141.364	933	1	1
141.447	934	3	1
141.447	935	4	3
141.531	936	4	1
141.614	937	1	2
141.614	938	3	1
141.781	939	2	2
141.781	940	1	3
141.836	941	4	1
141.947	942	2	3
142.059	943	3	1
142.281	944	1	1
142.281	945	4	1
142.447	946	2	1
142.531	947	3	1
142.614	948	1	1
142.725	949	2	1
142.836	950	3	1
142.947	951	1	2
142.947	952	4	1
143.114	953	1	3
143.170	954	3	1
143.392	955	1	1
143.614	956	3	1
143.614	957	4	1
143.781	958	1	1
143.864	959	2	1
143.947	960	3	1
143.947	961	4	2
144.031	962	2	1
144.114	963	1	1
144.114	964	4	3
144.197	965	3	1
144.281	966	2	2
144.281	967	4	1
144.447	968	2	3
144.503	969	3	1
144.614	970	4	2
144.725	971	1	1
144.947	972	2	1
144.947	973	3	1
144.947	974	4	3
145.281	975	1	1
145.614	976	2	1
145.614	977	3	1
145.947	978	4	1
146.281	979	1	1
146.281	980	2	1
146.447	981	3	1
146.503	982	4	1
146.559	983	2	1
146.614	984	1	1
147.114	985	2	1
147.281	986	3	1
147.447	987	4	1
147.614	988	2	1
147.614	989	3	1
147.947	990	1	1
148.281	991	3	1
148.281	992	4	1
148.503	993	1	1
148.503	994	2	1
148.725	995	2	1
148.725	996	4	1
148.947	997	1	1
148.947	998	3	1
149.281	999	2	1
149.614	1000	4	1
149.836	1001	3	1
150.059	1002	1	1
150.281	1003	2	1
150.281	1004	3	1
150.781	1005	1	1
150.781	1006	4	1
151.114	1007	3	1
151.281	1008	4	1
151.364	1009	2	1
151.447	1010	3	1
151.531	1011	1	1
151.614	1012	4	1
151.781	1013	2	1
151.864	1014	1	1
151.947	1015	2	1
152.059	1016	3	1
152.170	1017	4	1
152.281	1018	1	1
152.281	1019	3	1
152.503	1020	4	1
152.725	1021	3	1
152.947	1022	1	1
152.947	1023	4	1
153.114	1024	2	1
153.197	1025	3	1
153.281	1026	1	1
153.364	1027	2	1
153.447	1028	4	1
153.531	1029	1	1
153.614	1030	2	1
153.614	1031	3	1
153.836	1032	4	1
154.059	1033	3	1
154.281	1034	1	1
154.281	1035	2	1
154.447	1036	3	1
154.531	1037	4	1
154.614	1038	1	1
154.697	1039	2	1
154.781	1040	4	1
154.864	1041	3	1
154.947	1042	1	1
154.947	1043	2	1
155.197	1044	3	1
155.197	1045	4	1
155.447	1046	1	1
155.447	1047	2	1
155.614	1048	2	1
155.614	1049	4	1
155.864	1050	2	1
155.947	1051	1	1
155.947	1052	3	1
156.114	1053	3	1
156.281	1054	2	1
156.281	1055	4	1
156.531	1056	2	1
156.614	1057	1	1
156.614	1058	3	1
156.781	1059	3	1
156.947	1060	1	1
156.947	1061	2	1
156.947	1062	4	1