Song Name	Omega(x2)PARTS [EXTENDED CUT] by Camellia
Difficulty	28
Primary Color	Flow
Secondary Color	Flow
Audio Asset ID	rbxassetid://9060593877
Audio File	9060593877.ogg
Last Note Time	395.806
Total Notes	3529
Fever Fill	1055
Fever Time	59.370900
Long Notes	362
BPM	171
Song Length	396.806000000

Timing Points
0.526	500.000000
0.526	500.000000
36.526	500.000000
36.526	600.000000
37.726	666.666667
37.726	666.666667
38.392	750.000000
38.392	750.000000
38.767	857.142857
38.767	857.142857
39.155	524.017467
39.155	524.017467
41.245	500.000000
41.245	500.000000
53.245	500.000000
53.245	480.000000
60.925	461.538462
60.925	461.538462
68.309	444.444444
68.309	444.444444
75.420	444.444444
75.420	428.571429
89.134	428.571429
95.991	422.535211
95.991	422.535211
102.751	413.793103
102.751	413.793103
109.371	408.163265
109.371	408.163265
115.901	400.000000
115.901	400.000000
122.301	400.000000
128.701	400.000000
128.701	394.736842
135.016	387.096774
135.016	387.096774
141.209	382.165605
141.209	382.165605
147.323	382.165605
147.323	375.000000
159.323	352.941176
159.323	352.941176
164.970	352.941176
164.970	342.857143
170.455	342.857143
170.455	333.333333
178.455	333.333333
183.788	329.670330
183.788	329.670330
189.062	324.324324
189.062	324.324324
194.251	324.324324
194.251	320.855615
199.384	315.789474
199.384	315.789474
204.436	310.880829
204.436	310.880829
209.410	304.568528
209.410	304.568528
214.283	298.507463
214.283	298.507463
219.059	292.682927
219.059	292.682927
237.205	300.000000
237.205	300.000000
237.805	292.682927
237.805	292.682927
265.902	292.682927
340.829	285.714286
340.829	285.714286
345.400	272.727273
345.400	272.727273
349.763	260.869565
349.763	260.869565
358.110	260.869565
395.676	260.869565


Song Data
0.526	1	1	1
0.526	2	4	2
8.526	3	1	2
8.526	4	4	3
9.026	5	3	2
9.026	6	1	3
9.526	7	2	2
9.526	8	3	3
10.026	9	4	2
10.026	10	2	3
10.526	11	1	2
10.526	12	4	3
11.026	13	4	2
11.026	14	1	3
11.526	15	2	2
11.526	16	4	3
12.526	17	4	2
12.526	18	2	3
13.276	19	3	1
13.276	20	4	3
13.401	21	2	1
13.526	22	1	2
14.276	23	4	1
14.276	24	1	3
14.401	25	3	1
14.526	26	2	2
15.026	27	1	2
15.026	28	2	3
15.526	29	4	2
15.526	30	1	3
16.526	31	1	2
16.526	32	4	3
17.026	33	3	2
17.026	34	1	3
17.526	35	2	2
17.526	36	3	3
18.026	37	4	2
18.026	38	2	3
18.526	39	1	2
18.526	40	4	3
19.026	41	4	2
19.026	42	1	3
19.526	43	2	2
19.526	44	4	3
20.526	45	4	2
20.526	46	2	3
21.276	47	3	2
21.276	48	4	3
21.401	49	2	2
21.401	50	3	3
21.526	51	1	2
21.526	52	2	3
22.276	53	4	2
22.276	54	1	3
22.401	55	3	2
22.401	56	4	3
22.526	57	1	2
22.526	58	3	3
22.776	59	2	2
22.776	60	1	3
23.026	61	3	2
23.026	62	2	3
23.276	63	4	2
23.276	64	3	3
23.526	65	3	2
23.526	66	4	3
23.776	67	2	2
23.776	68	3	3
24.026	69	1	2
24.026	70	2	3
24.276	71	2	2
24.276	72	1	3
24.526	73	1	2
24.526	74	4	1
24.526	75	2	3
25.026	76	3	2
25.026	77	1	3
25.526	78	2	2
25.526	79	3	3
26.026	80	4	2
26.026	81	2	3
26.526	82	1	2
26.526	83	4	3
27.026	84	4	2
27.026	85	1	3
27.526	86	2	2
27.526	87	4	3
28.526	88	4	2
28.526	89	2	3
29.276	90	3	2
29.276	91	4	3
29.401	92	2	2
29.401	93	3	3
29.526	94	1	2
29.526	95	2	3
30.276	96	4	2
30.276	97	1	3
30.401	98	3	2
30.401	99	4	3
30.526	100	2	2
30.526	101	3	3
31.026	102	1	2
31.026	103	2	3
31.526	104	4	2
31.526	105	1	3
32.526	106	4	3
32.776	107	1	2
33.026	108	2	2
33.026	109	1	3
33.276	110	3	2
33.276	111	2	3
33.526	112	4	2
33.526	113	3	3
33.776	114	1	2
33.776	115	4	3
34.026	116	2	2
34.026	117	1	3
34.276	118	4	2
34.276	119	2	3
34.526	120	3	2
34.526	121	4	3
34.776	122	2	2
34.776	123	3	3
35.026	124	1	2
35.026	125	2	3
35.276	126	2	2
35.276	127	1	3
35.526	128	4	2
35.526	129	2	3
36.276	130	3	2
36.276	131	4	3
36.401	132	2	2
36.401	133	3	3
36.526	134	1	2
36.526	135	2	3
39.155	136	2	2
39.155	137	1	3
41.245	138	4	2
41.245	139	2	3
45.245	140	1	1
45.245	141	3	1
45.245	142	4	3
45.495	143	2	1
46.245	144	3	1
46.995	145	4	1
47.245	146	1	1
47.495	147	2	1
47.620	148	3	1
48.995	149	4	1
49.245	150	1	1
49.745	151	2	1
50.120	152	3	1
51.120	153	4	1
51.245	154	1	1
51.745	155	2	1
51.995	156	3	1
52.120	157	4	1
52.245	158	1	1
52.495	159	2	1
52.745	160	3	1
52.870	161	4	1
53.245	162	1	1
53.485	163	2	1
53.725	164	3	1
54.205	165	4	1
54.925	166	1	1
55.165	167	2	1
55.405	168	3	1
55.525	169	4	1
56.005	170	1	1
56.845	171	2	1
57.085	172	3	1
57.565	173	4	1
57.805	174	1	1
59.005	175	2	1
59.965	176	1	1
59.965	177	2	2
60.925	178	1	1
60.925	179	3	1
60.925	180	4	1
60.925	181	2	3
61.155	182	1	1
61.155	183	2	1
61.155	184	4	1
62.771	185	2	1
62.771	186	3	1
62.771	187	4	1
63.001	188	1	1
63.001	189	2	1
63.001	190	3	1
64.271	191	1	1
64.271	192	3	1
64.271	193	4	1
64.617	194	1	1
64.617	195	2	1
64.617	196	3	1
64.848	197	2	1
64.848	198	3	1
64.848	199	4	1
66.463	200	1	1
66.463	201	3	1
66.463	202	4	1
66.694	203	1	1
66.694	204	2	1
66.694	205	4	1
66.925	206	2	1
66.925	207	3	1
66.925	208	4	1
67.271	209	1	1
67.271	210	2	1
67.271	211	3	1
67.617	212	1	1
67.617	213	2	1
67.617	214	4	1
67.963	215	2	1
67.963	216	3	1
67.963	217	4	1
68.309	218	1	1
68.309	219	3	1
68.309	220	4	1
68.531	221	1	1
68.531	222	2	1
68.531	223	4	1
70.086	224	2	1
70.086	225	3	1
70.086	226	4	1
70.309	227	1	1
70.309	228	2	1
70.309	229	3	1
71.531	230	1	1
71.531	231	3	1
71.531	232	4	1
71.864	233	4	2
72.086	234	1	1
72.086	235	2	1
72.086	236	3	1
72.086	237	4	3
72.531	238	1	1
72.531	239	2	1
72.531	240	3	1
73.642	241	1	1
73.642	242	3	1
73.642	243	4	1
73.864	244	1	1
73.864	245	2	1
73.864	246	4	1
74.086	247	2	1
74.086	248	3	1
74.086	249	4	1
74.420	250	1	1
74.420	251	2	1
74.420	252	3	1
74.753	253	1	1
74.753	254	2	1
74.753	255	4	1
75.086	256	2	1
75.086	257	3	1
75.086	258	4	1
75.420	259	1	1
75.420	260	2	1
75.420	261	4	1
75.848	262	2	1
76.277	263	3	1
76.705	264	4	1
77.134	265	1	1
77.562	266	2	1
77.991	267	3	1
78.420	268	4	1
78.848	269	1	1
79.277	270	2	1
79.705	271	3	1
80.134	272	4	1
80.562	273	1	1
80.777	274	4	2
81.848	275	2	1
81.848	276	4	3
82.062	277	3	1
82.170	278	2	1
82.277	279	1	1
82.384	280	2	1
82.491	281	4	1
82.598	282	3	1
82.705	283	1	1
82.812	284	2	1
82.920	285	4	1
83.027	286	3	1
83.134	287	1	1
83.241	288	2	1
83.348	289	4	1
83.455	290	3	1
83.562	291	1	1
83.670	292	2	1
83.777	293	4	1
83.884	294	3	1
83.991	295	1	1
84.098	296	2	1
84.205	297	4	1
84.312	298	3	1
84.420	299	1	1
84.527	300	2	1
84.634	301	4	1
84.741	302	3	1
84.848	303	1	1
84.955	304	2	1
85.062	305	4	1
85.170	306	3	1
85.277	307	1	1
85.384	308	2	1
85.491	309	4	1
85.598	310	3	1
85.705	311	1	1
85.812	312	2	1
85.920	313	3	1
86.027	314	2	1
86.134	315	3	1
86.241	316	2	1
86.348	317	3	1
86.455	318	2	1
86.562	319	3	1
86.670	320	2	1
86.777	321	3	1
86.884	322	2	1
86.991	323	3	1
87.098	324	2	1
87.205	325	3	1
87.312	326	2	1
88.920	327	2	1
89.134	328	1	1
89.134	329	3	1
89.134	330	4	1
89.348	331	2	1
89.562	332	3	1
89.562	333	4	1
89.670	334	4	1
89.777	335	4	1
89.884	336	1	2
90.098	337	4	1
90.098	338	1	3
90.205	339	1	2
90.420	340	2	1
90.420	341	3	1
90.420	342	1	3
90.634	343	4	2
90.848	344	1	2
90.848	345	4	3
91.062	346	4	1
91.062	347	1	3
91.170	348	4	1
91.277	349	2	2
91.277	350	3	1
91.491	351	1	1
91.491	352	2	3
91.598	353	4	1
91.812	354	1	1
91.920	355	3	1
92.134	356	1	1
92.134	357	2	1
92.241	358	4	1
92.455	359	3	1
92.562	360	1	2
92.777	361	2	1
92.777	362	1	3
92.830	363	4	1
92.884	364	3	1
92.937	365	2	1
92.991	366	1	1
92.991	367	4	1
93.205	368	4	1
93.312	369	1	2
93.527	370	2	1
93.527	371	1	3
93.580	372	4	1
93.634	373	3	1
93.741	374	2	1
93.848	375	1	1
94.062	376	3	1
94.170	377	3	1
94.277	378	2	2
94.491	379	1	2
94.491	380	2	3
94.705	381	3	2
94.705	382	4	1
94.705	383	1	3
95.027	384	4	2
95.027	385	3	3
95.241	386	1	1
95.241	387	4	3
95.348	388	3	2
95.562	389	1	1
95.562	390	2	1
95.562	391	3	3
95.670	392	4	1
95.991	393	1	1
95.991	394	4	1
96.202	395	2	1
96.413	396	3	1
96.413	397	4	1
96.519	398	4	1
96.624	399	4	1
96.730	400	1	2
96.941	401	4	1
96.941	402	1	3
97.047	403	1	2
97.258	404	2	1
97.258	405	3	1
97.258	406	1	3
97.469	407	4	2
97.681	408	1	1
97.681	409	4	3
97.892	410	4	1
97.998	411	4	1
98.103	412	1	1
98.103	413	2	2
98.314	414	3	1
98.314	415	2	3
98.420	416	1	1
98.631	417	4	1
98.737	418	2	1
98.948	419	1	1
98.948	420	4	1
99.054	421	3	1
99.160	422	1	1
99.212	423	2	1
99.265	424	3	1
99.318	425	4	1
99.371	426	2	2
99.582	427	1	1
99.582	428	2	3
99.688	429	1	1
99.793	430	3	1
99.793	431	4	1
99.846	432	2	1
99.899	433	1	1
99.952	434	4	1
100.005	435	2	1
100.057	436	1	1
100.110	437	3	2
100.321	438	1	1
100.321	439	3	3
100.427	440	2	1
100.533	441	3	1
100.638	442	1	1
100.638	443	4	1
100.744	444	2	1
100.797	445	3	1
100.850	446	4	1
100.902	447	1	1
100.955	448	2	1
101.008	449	3	1
101.061	450	4	1
101.167	451	1	1
101.272	452	2	1
101.378	453	4	1
101.483	454	2	1
101.483	455	3	1
101.589	456	1	1
101.695	457	4	1
101.800	458	3	1
101.906	459	1	1
102.012	460	4	1
102.117	461	2	1
102.223	462	1	1
102.329	463	3	1
102.329	464	4	1
102.434	465	2	1
102.540	466	4	1
102.645	467	2	1
102.751	468	1	1
102.751	469	3	1
102.751	470	4	1
102.957	471	2	1
103.164	472	3	1
103.164	473	4	1
103.268	474	4	1
103.371	475	4	1
103.475	476	1	2
103.682	477	4	1
103.682	478	1	3
103.785	479	1	2
103.992	480	2	1
103.992	481	3	1
103.992	482	1	3
104.199	483	2	2
104.406	484	1	2
104.406	485	2	3
104.613	486	4	1
104.613	487	1	3
104.716	488	4	1
104.819	489	2	2
104.819	490	3	1
105.026	491	1	1
105.026	492	2	3
105.130	493	4	1
105.337	494	1	1
105.440	495	3	1
105.647	496	1	1
105.647	497	2	1
105.751	498	4	1
105.957	499	3	1
106.061	500	1	2
106.268	501	2	1
106.268	502	1	3
106.319	503	4	1
106.371	504	3	1
106.423	505	2	1
106.475	506	1	1
106.475	507	4	1
106.682	508	4	1
106.785	509	1	2
106.992	510	2	1
106.992	511	1	3
107.044	512	4	1
107.095	513	3	1
107.199	514	2	1
107.302	515	1	1
107.509	516	3	1
107.613	517	3	1
107.716	518	2	2
107.923	519	1	2
107.923	520	2	3
108.130	521	3	2
108.130	522	4	1
108.130	523	1	3
108.440	524	4	2
108.440	525	3	3
108.647	526	1	1
108.647	527	4	3
108.751	528	3	2
108.957	529	1	1
108.957	530	2	1
108.957	531	3	3
109.061	532	4	1
109.371	533	2	1
109.677	534	1	1
109.677	535	3	1
109.779	536	4	1
109.881	537	4	1
109.983	538	2	1
110.289	539	2	1
110.595	540	3	1
110.595	541	4	1
110.799	542	2	2
111.003	543	1	1
111.003	544	2	3
111.207	545	4	1
111.309	546	1	1
111.309	547	4	1
111.615	548	2	1
111.922	549	3	1
112.126	550	4	1
112.228	551	1	1
112.228	552	3	1
112.330	553	2	1
112.432	554	4	1
112.636	555	1	1
112.942	556	2	1
112.942	557	4	1
113.248	558	3	1
113.554	559	1	1
113.656	560	4	1
113.758	561	3	1
113.860	562	2	1
114.064	563	1	1
114.166	564	4	1
114.217	565	3	1
114.268	566	1	1
114.268	567	2	1
114.473	568	3	1
114.575	569	2	1
114.575	570	4	1
114.779	571	3	1
114.881	572	1	1
114.881	573	2	1
115.085	574	4	1
115.187	575	2	1
115.187	576	3	1
115.391	577	1	1
115.493	578	2	1
115.493	579	4	1
115.697	580	3	1
115.799	581	2	1
115.901	582	1	1
115.901	583	3	1
115.901	584	4	1
116.101	585	1	1
116.101	586	2	1
116.101	587	4	1
116.701	588	1	1
117.301	589	4	1
117.501	590	2	1
117.501	591	3	1
117.501	592	4	1
117.701	593	1	1
117.701	594	2	1
117.701	595	3	1
118.501	596	2	1
118.601	597	1	1
118.801	598	1	1
118.801	599	3	1
118.801	600	4	1
119.101	601	1	1
119.101	602	2	1
119.101	603	3	1
119.301	604	2	1
119.301	605	3	1
119.301	606	4	1
119.501	607	1	1
119.601	608	2	1
119.701	609	3	1
119.801	610	4	1
119.901	611	1	1
120.001	612	2	1
120.101	613	3	1
120.201	614	4	1
120.301	615	1	1
120.401	616	2	1
120.501	617	3	1
120.601	618	2	1
120.701	619	1	1
120.701	620	3	1
120.701	621	4	1
120.901	622	1	1
120.901	623	2	1
120.901	624	4	1
121.101	625	2	1
121.101	626	3	1
121.101	627	4	1
121.401	628	1	1
121.401	629	2	1
121.401	630	3	1
121.701	631	1	1
121.701	632	2	1
121.701	633	4	1
121.901	634	3	1
122.301	635	1	1
122.301	636	3	1
122.301	637	4	1
122.501	638	2	1
122.701	639	1	1
122.701	640	4	1
123.101	641	1	1
123.201	642	4	2
123.401	643	1	1
123.401	644	4	3
123.501	645	2	1
123.501	646	3	1
123.901	647	1	1
124.001	648	3	2
124.101	649	3	3
124.201	650	1	1
124.251	651	2	1
124.301	652	3	1
124.301	653	4	1
124.401	654	4	1
124.501	655	4	2
124.701	656	2	1
124.701	657	4	3
124.901	658	3	1
125.101	659	1	1
125.101	660	2	1
125.301	661	4	1
125.501	662	1	1
125.701	663	4	2
125.901	664	2	1
125.901	665	3	1
125.901	666	4	3
126.101	667	1	2
126.301	668	3	2
126.301	669	1	3
126.701	670	1	1
126.701	671	4	1
126.701	672	3	3
126.901	673	2	1
127.101	674	2	2
127.301	675	1	1
127.301	676	2	3
127.501	677	3	1
127.501	678	4	1
127.601	679	1	1
127.801	680	1	1
127.901	681	2	1
128.001	682	3	1
128.101	683	1	1
128.301	684	3	1
128.401	685	2	2
128.401	686	4	2
128.701	687	1	1
128.701	688	3	1
128.701	689	2	3
128.701	690	4	3
128.898	691	2	1
129.095	692	1	1
129.095	693	3	1
129.194	694	4	2
129.490	695	2	1
129.490	696	4	3
129.589	697	3	1
129.687	698	1	1
129.786	699	2	1
129.885	700	3	1
129.885	701	4	2
130.082	702	1	2
130.082	703	4	3
130.279	704	3	1
130.279	705	1	3
130.378	706	2	1
130.477	707	3	1
130.576	708	2	1
130.674	709	1	1
130.674	710	3	1
130.773	711	2	1
130.872	712	4	2
131.069	713	2	1
131.069	714	4	3
131.168	715	3	2
131.464	716	1	1
131.464	717	2	1
131.464	718	3	3
131.562	719	3	2
131.858	720	2	2
131.858	721	3	3
132.056	722	1	2
132.056	723	2	3
132.253	724	2	2
132.253	725	3	1
132.253	726	1	3
132.451	727	4	2
132.451	728	2	3
132.648	729	1	1
132.648	730	4	3
132.747	731	3	1
132.944	732	1	1
133.043	733	2	1
133.043	734	3	1
133.240	735	4	1
133.437	736	2	1
134.720	737	1	2
134.720	738	4	2
135.016	739	2	1
135.016	740	3	1
135.016	741	1	3
135.016	742	4	3
135.209	743	2	1
135.403	744	1	1
135.403	745	4	1
135.790	746	1	1
135.886	747	4	2
136.080	748	1	1
136.080	749	4	3
136.177	750	2	1
136.177	751	3	1
136.564	752	1	1
136.661	753	3	2
136.757	754	3	3
136.854	755	1	1
136.903	756	2	1
136.951	757	3	1
136.951	758	4	1
137.048	759	4	1
137.145	760	4	2
137.338	761	2	1
137.338	762	4	3
137.532	763	3	1
137.725	764	1	1
137.725	765	2	1
137.919	766	4	1
138.112	767	1	1
138.306	768	4	2
138.499	769	2	1
138.499	770	3	1
138.499	771	4	3
138.693	772	1	2
138.886	773	3	2
138.886	774	1	3
139.274	775	1	1
139.274	776	4	1
139.274	777	3	3
139.467	778	2	1
139.661	779	2	2
139.661	780	3	1
139.854	781	1	1
139.854	782	2	3
139.951	783	3	1
139.951	784	4	1
140.145	785	1	1
140.145	786	2	1
140.338	787	1	1
140.338	788	4	1
140.435	789	2	1
140.532	790	3	1
140.725	791	1	1
140.822	792	3	1
140.919	793	2	2
140.919	794	4	2
141.209	795	1	1
141.209	796	3	1
141.209	797	2	3
141.209	798	4	3
141.400	799	2	1
141.591	800	1	1
141.591	801	3	1
141.686	802	4	2
141.973	803	2	1
141.973	804	4	3
142.068	805	3	1
142.164	806	1	1
142.259	807	2	1
142.355	808	3	1
142.355	809	4	2
142.546	810	1	2
142.546	811	4	3
142.737	812	3	1
142.737	813	1	3
142.833	814	2	1
142.928	815	3	1
143.024	816	2	1
143.119	817	1	1
143.119	818	3	1
143.215	819	2	1
143.310	820	4	2
143.501	821	2	1
143.501	822	4	3
143.597	823	3	2
143.884	824	1	1
143.884	825	2	1
143.884	826	3	3
143.979	827	3	2
144.266	828	1	1
144.266	829	2	1
144.266	830	3	3
144.552	831	2	1
144.552	832	3	1
144.839	833	3	1
144.839	834	4	1
145.030	835	1	1
145.030	836	2	1
145.317	837	2	1
145.317	838	3	1
145.603	839	3	1
145.603	840	4	1
145.794	841	1	2
145.794	842	4	1
147.323	843	2	1
147.323	844	3	1
147.323	845	4	1
147.323	846	1	3
147.510	847	1	1
147.510	848	2	1
147.510	849	3	1
150.135	850	4	1
150.323	851	4	1
150.885	852	1	1
150.979	853	2	1
151.073	854	3	1
151.166	855	4	1
151.448	856	1	1
151.541	857	2	1
151.635	858	3	1
151.729	859	4	1
151.823	860	1	1
152.010	861	2	1
152.198	862	4	1
152.291	863	3	1
152.385	864	2	1
152.479	865	1	1
152.573	866	4	1
152.760	867	1	1
152.854	868	2	1
152.948	869	4	1
153.041	870	1	1
153.135	871	3	1
153.229	872	2	1
153.323	873	1	1
153.323	874	3	1
153.323	875	4	1
153.510	876	1	1
153.510	877	2	1
153.510	878	4	1
154.823	879	2	1
154.823	880	3	1
154.823	881	4	1
155.010	882	1	1
155.010	883	2	1
155.010	884	3	1
156.041	885	1	1
156.041	886	3	1
156.041	887	4	1
156.323	888	1	1
156.323	889	2	1
156.323	890	3	1
156.510	891	2	1
156.510	892	3	1
156.510	893	4	1
157.823	894	1	1
157.823	895	3	1
157.823	896	4	1
158.010	897	1	1
158.010	898	2	1
158.010	899	4	1
158.198	900	2	1
158.198	901	3	1
158.198	902	4	1
158.479	903	1	1
158.479	904	2	1
158.479	905	3	1
158.760	906	1	1
158.760	907	2	1
158.760	908	4	1
159.041	909	2	1
159.041	910	3	1
159.041	911	4	1
159.323	912	1	1
159.323	913	3	1
159.323	914	4	1
159.499	915	1	1
159.499	916	2	1
159.499	917	4	1
160.734	918	2	1
160.734	919	3	1
160.734	920	4	1
160.911	921	1	1
160.911	922	2	1
160.911	923	3	1
161.881	924	1	1
161.881	925	3	1
161.881	926	4	1
162.146	927	4	2
162.323	928	1	1
162.323	929	2	1
162.323	930	3	1
162.323	931	4	3
162.675	932	1	1
162.675	933	2	1
162.675	934	3	1
163.558	935	1	1
163.558	936	3	1
163.558	937	4	1
163.734	938	1	1
163.734	939	2	1
163.734	940	4	1
163.911	941	2	1
163.911	942	3	1
163.911	943	4	1
164.175	944	1	1
164.175	945	2	1
164.175	946	3	1
164.440	947	1	1
164.440	948	2	1
164.440	949	4	1
164.705	950	2	1
164.705	951	3	1
164.705	952	4	1
164.970	953	1	1
164.970	954	2	1
164.970	955	4	1
165.227	956	4	1
165.484	957	4	1
165.655	958	1	1
165.741	959	4	1
165.998	960	4	1
166.170	961	4	1
166.341	962	1	1
166.598	963	4	1
166.855	964	4	1
167.027	965	1	1
167.112	966	4	1
167.370	967	4	1
167.541	968	4	1
167.627	969	3	1
167.712	970	1	1
167.970	971	4	1
168.227	972	4	1
168.398	973	1	1
168.484	974	4	1
168.741	975	4	1
168.912	976	4	1
169.084	977	1	1
169.341	978	3	1
169.598	979	2	1
169.770	980	1	1
170.027	981	2	1
170.112	982	4	1
170.284	983	3	1
170.455	984	1	1
170.455	985	4	1
170.788	986	2	1
171.121	987	3	1
171.455	988	4	1
171.788	989	1	1
172.121	990	2	1
172.455	991	3	1
172.788	992	4	1
173.121	993	1	1
173.121	994	2	1
173.205	995	4	1
173.288	996	3	1
173.371	997	2	1
173.455	998	3	1
173.455	999	4	1
173.538	1000	1	1
173.621	1001	2	1
173.705	1002	3	1
173.788	1003	1	1
173.788	1004	2	1
173.871	1005	4	1
173.955	1006	3	1
174.038	1007	2	1
174.121	1008	3	1
174.121	1009	4	1
174.205	1010	1	1
174.288	1011	2	1
174.371	1012	3	1
175.621	1013	2	1
175.788	1014	1	2
175.788	1015	4	2
176.121	1016	1	3
176.121	1017	4	3
176.288	1018	1	1
176.371	1019	2	1
176.455	1020	3	1
176.538	1021	4	1
176.621	1022	1	1
176.788	1023	2	1
176.871	1024	1	1
176.955	1025	4	1
177.121	1026	3	1
177.455	1027	3	1
177.621	1028	1	1
177.705	1029	2	1
177.788	1030	3	1
177.871	1031	4	1
177.955	1032	2	1
178.121	1033	1	2
178.121	1034	4	2
178.455	1035	2	1
178.455	1036	3	1
178.455	1037	1	3
178.455	1038	4	3
178.621	1039	2	1
178.955	1040	3	1
179.038	1041	3	1
179.121	1042	2	1
179.121	1043	4	1
179.288	1044	1	1
179.455	1045	3	2
179.455	1046	4	2
179.538	1047	3	3
179.538	1048	4	3
179.621	1049	1	2
179.621	1050	2	2
179.705	1051	1	3
179.705	1052	2	3
179.788	1053	2	2
179.788	1054	3	2
180.121	1055	2	3
180.121	1056	3	3
180.288	1057	3	1
180.371	1058	3	1
180.455	1059	2	1
180.455	1060	4	1
180.621	1061	1	1
180.788	1062	3	2
180.788	1063	4	2
181.121	1064	1	2
181.121	1065	2	2
181.121	1066	3	3
181.121	1067	4	3
181.455	1068	4	1
181.455	1069	1	3
181.455	1070	2	3
181.510	1071	3	1
181.566	1072	2	1
181.621	1073	1	1
181.677	1074	4	1
181.732	1075	2	1
181.788	1076	1	1
181.788	1077	3	1
181.843	1078	4	1
181.899	1079	2	1
181.955	1080	3	1
182.010	1081	1	1
182.066	1082	4	1
182.121	1083	2	2
182.121	1084	3	2
182.205	1085	2	3
182.205	1086	3	3
182.288	1087	2	2
182.288	1088	3	2
182.371	1089	2	3
182.371	1090	3	3
182.455	1091	2	2
182.455	1092	3	2
182.788	1093	1	1
182.788	1094	2	3
182.788	1095	3	3
182.843	1096	4	1
182.899	1097	3	1
182.955	1098	2	1
183.010	1099	1	1
183.066	1100	2	1
183.121	1101	3	2
183.121	1102	4	2
183.455	1103	2	1
183.455	1104	3	3
183.455	1105	4	3
183.538	1106	1	2
183.538	1107	4	2
183.788	1108	2	1
183.788	1109	3	1
183.788	1110	1	3
183.788	1111	4	3
183.952	1112	2	1
184.282	1113	3	1
184.364	1114	3	1
184.447	1115	2	1
184.447	1116	4	1
184.612	1117	1	1
184.777	1118	3	2
184.777	1119	4	2
184.859	1120	3	3
184.859	1121	4	3
184.941	1122	1	2
184.941	1123	2	2
185.024	1124	1	3
185.024	1125	2	3
185.106	1126	2	2
185.106	1127	3	2
185.436	1128	2	3
185.436	1129	3	3
185.601	1130	3	1
185.683	1131	3	1
185.766	1132	2	1
185.766	1133	4	1
185.930	1134	1	1
186.095	1135	3	2
186.095	1136	4	2
186.425	1137	1	2
186.425	1138	2	2
186.425	1139	3	3
186.425	1140	4	3
186.755	1141	4	1
186.755	1142	1	3
186.755	1143	2	3
186.809	1144	3	1
186.864	1145	2	1
186.919	1146	1	1
186.974	1147	4	1
187.029	1148	2	1
187.084	1149	1	1
187.084	1150	3	1
187.139	1151	4	1
187.194	1152	2	1
187.249	1153	3	1
187.304	1154	1	1
187.359	1155	4	1
187.414	1156	2	2
187.414	1157	3	2
187.496	1158	2	3
187.496	1159	3	3
187.579	1160	2	2
187.579	1161	3	2
187.661	1162	2	3
187.661	1163	3	3
187.744	1164	4	2
188.073	1165	1	1
188.073	1166	4	3
188.156	1167	2	1
188.238	1168	3	1
188.320	1169	4	1
188.403	1170	1	2
188.568	1171	4	1
188.568	1172	1	3
188.609	1173	3	1
188.650	1174	2	1
188.691	1175	1	1
188.733	1176	3	1
188.733	1177	4	1
188.897	1178	2	1
189.062	1179	1	1
189.062	1180	4	1
189.224	1181	2	1
189.548	1182	3	1
189.629	1183	3	1
189.710	1184	2	1
189.710	1185	4	1
189.872	1186	1	1
190.034	1187	1	2
190.034	1188	2	2
190.359	1189	3	1
190.359	1190	1	3
190.359	1191	2	3
190.521	1192	3	1
190.683	1193	3	2
190.845	1194	1	2
190.845	1195	3	3
191.007	1196	2	1
191.007	1197	4	2
191.007	1198	1	3
191.332	1199	1	1
191.332	1200	4	3
191.413	1201	2	1
191.494	1202	1	1
191.575	1203	2	1
191.656	1204	3	2
191.656	1205	4	2
191.980	1206	1	1
191.980	1207	3	3
191.980	1208	4	3
192.034	1209	2	1
192.089	1210	3	1
192.143	1211	1	1
192.197	1212	2	1
192.251	1213	4	1
192.305	1214	1	1
192.305	1215	3	1
192.467	1216	2	1
192.548	1217	4	1
192.589	1218	1	1
192.629	1219	2	1
192.791	1220	2	1
192.953	1221	3	2
192.953	1222	4	2
193.278	1223	1	1
193.278	1224	3	3
193.278	1225	4	3
193.332	1226	2	1
193.386	1227	3	1
193.440	1228	1	1
193.494	1229	2	1
193.548	1230	4	1
193.602	1231	1	2
193.602	1232	3	2
193.926	1233	1	3
193.926	1234	3	3
194.007	1235	3	2
194.007	1236	4	2
194.251	1237	1	2
194.251	1238	2	2
194.251	1239	3	3
194.251	1240	4	3
194.571	1241	1	3
194.571	1242	2	3
194.892	1243	3	1
194.892	1244	4	1
195.534	1245	1	1
196.176	1246	2	1
196.176	1247	4	1
196.657	1248	1	1
196.737	1249	2	1
196.817	1250	3	1
196.817	1251	4	1
196.978	1252	4	1
197.138	1253	4	1
197.299	1254	1	1
197.299	1255	2	1
197.459	1256	1	1
197.619	1257	1	1
197.780	1258	3	1
197.780	1259	4	1
197.940	1260	2	1
198.021	1261	3	1
198.101	1262	1	2
198.101	1263	4	2
199.384	1264	2	2
199.384	1265	3	2
199.384	1266	1	3
199.384	1267	4	3
199.857	1268	1	1
199.857	1269	2	3
199.857	1270	3	3
199.936	1271	2	1
200.015	1272	3	1
200.094	1273	4	1
200.173	1274	3	1
200.252	1275	2	1
200.331	1276	1	1
200.410	1277	2	1
200.489	1278	3	1
200.568	1279	4	1
200.647	1280	3	1
200.726	1281	2	1
200.805	1282	1	1
200.884	1283	2	1
200.962	1284	3	1
201.041	1285	1	1
201.120	1286	2	1
201.199	1287	3	1
201.278	1288	1	1
201.318	1289	2	1
201.357	1290	3	1
201.397	1291	4	1
201.436	1292	1	1
201.476	1293	2	1
201.515	1294	3	1
201.555	1295	4	1
201.594	1296	1	1
201.634	1297	2	1
201.673	1298	3	1
201.712	1299	4	1
201.752	1300	1	1
201.791	1301	2	1
201.831	1302	3	1
201.870	1303	4	1
201.910	1304	1	2
202.226	1305	4	1
202.226	1306	1	3
202.384	1307	4	1
202.541	1308	4	1
202.857	1309	4	1
203.015	1310	4	1
203.173	1311	4	1
203.489	1312	4	2
203.805	1313	1	2
203.805	1314	4	3
204.436	1315	2	2
204.436	1316	3	2
204.436	1317	1	3
204.902	1318	1	1
204.902	1319	2	3
204.902	1320	3	3
204.980	1321	2	1
205.057	1322	3	1
205.135	1323	4	1
205.213	1324	3	1
205.290	1325	2	1
205.368	1326	1	1
205.446	1327	2	1
205.524	1328	3	1
205.601	1329	4	1
205.679	1330	3	1
205.757	1331	2	1
205.834	1332	1	1
205.912	1333	2	1
205.990	1334	3	1
206.068	1335	1	1
206.145	1336	2	1
206.223	1337	3	1
206.301	1338	1	1
206.340	1339	2	1
206.379	1340	3	1
206.417	1341	4	1
206.456	1342	1	1
206.495	1343	2	1
206.534	1344	3	1
206.573	1345	4	1
206.612	1346	1	1
206.651	1347	2	1
206.689	1348	3	1
206.728	1349	4	1
206.767	1350	1	1
206.806	1351	2	1
206.845	1352	3	1
206.884	1353	4	1
206.923	1354	1	2
207.233	1355	4	2
207.233	1356	1	3
207.544	1357	2	1
207.544	1358	4	3
207.700	1359	3	1
207.855	1360	3	1
208.011	1361	4	2
208.166	1362	2	1
208.166	1363	4	3
208.322	1364	3	1
208.477	1365	3	1
208.632	1366	4	2
208.788	1367	2	1
208.788	1368	4	3
208.943	1369	3	1
209.099	1370	4	2
209.254	1371	1	2
209.254	1372	4	3
209.410	1373	2	2
209.410	1374	3	2
209.410	1375	1	3
209.866	1376	1	1
209.866	1377	2	3
209.866	1378	3	3
209.942	1379	2	1
210.019	1380	3	1
210.095	1381	4	1
210.171	1382	3	1
210.247	1383	2	1
210.323	1384	1	1
210.399	1385	2	1
210.475	1386	3	1
210.552	1387	4	1
210.628	1388	3	1
210.704	1389	2	1
210.780	1390	1	1
210.856	1391	2	1
210.932	1392	3	1
211.008	1393	1	1
211.085	1394	2	1
211.161	1395	3	1
211.237	1396	1	1
211.275	1397	2	1
211.313	1398	3	1
211.351	1399	4	1
211.389	1400	1	1
211.427	1401	2	1
211.465	1402	3	1
211.503	1403	4	1
211.541	1404	1	1
211.580	1405	2	1
211.618	1406	3	1
211.656	1407	4	1
211.694	1408	1	1
211.732	1409	2	1
211.770	1410	3	1
211.808	1411	4	1
211.846	1412	1	1
211.998	1413	1	1
212.151	1414	4	1
212.303	1415	4	1
212.455	1416	4	1
212.607	1417	2	2
212.760	1418	4	1
212.760	1419	2	3
212.912	1420	4	1
213.064	1421	4	1
213.217	1422	2	2
213.369	1423	4	1
213.369	1424	2	3
213.445	1425	1	1
213.521	1426	4	2
213.673	1427	1	1
213.673	1428	4	3
213.724	1429	2	1
213.775	1430	3	1
213.826	1431	4	1
213.978	1432	1	1
214.029	1433	2	1
214.080	1434	3	1
214.130	1435	4	1
214.283	1436	2	2
214.283	1437	3	2
214.581	1438	4	1
214.581	1439	2	3
214.581	1440	3	3
214.880	1441	4	1
215.029	1442	3	1
215.178	1443	2	1
215.626	1444	1	1
215.775	1445	2	1
216.074	1446	4	1
216.372	1447	1	1
216.671	1448	3	1
216.969	1449	2	1
217.268	1450	3	1
217.566	1451	4	1
217.865	1452	1	1
217.964	1453	2	1
218.064	1454	3	1
218.163	1455	4	1
218.263	1456	3	1
218.362	1457	2	1
218.462	1458	4	2
219.059	1459	1	1
219.059	1460	3	1
219.059	1461	4	3
220.229	1462	1	1
221.107	1463	4	1
221.400	1464	3	1
221.693	1465	2	1
221.839	1466	1	1
223.449	1467	1	1
223.741	1468	2	1
224.473	1469	3	1
224.619	1470	4	1
225.644	1471	4	1
225.937	1472	4	1
226.083	1473	3	1
228.424	1474	1	2
228.717	1475	3	2
228.717	1476	1	3
229.010	1477	2	2
229.010	1478	3	3
229.302	1479	4	2
229.302	1480	2	3
229.595	1481	1	2
229.595	1482	4	3
229.888	1483	4	2
229.888	1484	1	3
230.180	1485	2	2
230.180	1486	4	3
230.766	1487	4	2
230.766	1488	2	3
231.205	1489	3	1
231.205	1490	4	3
231.278	1491	2	1
231.351	1492	1	2
231.790	1493	4	1
231.790	1494	1	3
231.863	1495	3	1
231.937	1496	2	2
232.229	1497	1	2
232.229	1498	2	3
232.522	1499	4	2
232.522	1500	1	3
233.107	1501	1	2
233.107	1502	4	3
233.400	1503	3	2
233.400	1504	1	3
233.693	1505	2	2
233.693	1506	3	3
233.985	1507	4	2
233.985	1508	2	3
234.278	1509	1	2
234.278	1510	4	3
234.571	1511	4	2
234.571	1512	1	3
234.863	1513	2	2
234.863	1514	4	3
235.449	1515	4	2
235.449	1516	2	3
235.888	1517	3	1
235.888	1518	4	3
235.961	1519	2	1
236.034	1520	1	2
236.473	1521	4	1
236.473	1522	1	3
236.546	1523	3	1
236.619	1524	1	2
236.766	1525	2	2
236.766	1526	1	3
236.912	1527	3	2
236.912	1528	2	3
237.058	1529	4	2
237.058	1530	3	3
237.205	1531	3	2
237.205	1532	4	3
237.355	1533	2	2
237.355	1534	3	3
237.505	1535	1	2
237.505	1536	2	3
237.655	1537	2	2
237.655	1538	1	3
237.805	1539	1	2
237.805	1540	4	1
237.805	1541	2	3
237.951	1542	2	1
237.951	1543	4	1
238.097	1544	3	2
238.097	1545	1	3
238.390	1546	2	2
238.390	1547	3	3
238.536	1548	1	1
238.683	1549	4	2
238.683	1550	2	3
238.975	1551	1	2
238.975	1552	3	1
238.975	1553	4	3
239.122	1554	2	1
239.122	1555	3	1
239.268	1556	4	2
239.268	1557	1	3
239.561	1558	2	2
239.561	1559	4	3
239.707	1560	1	1
239.707	1561	3	1
239.853	1562	4	1
240.146	1563	3	1
240.146	1564	4	2
240.146	1565	2	3
240.292	1566	1	1
240.292	1567	2	1
240.439	1568	3	1
240.585	1569	3	2
240.585	1570	4	3
240.658	1571	2	2
240.658	1572	3	3
240.731	1573	1	2
240.731	1574	2	3
240.878	1575	3	1
241.024	1576	2	1
241.170	1577	4	2
241.170	1578	1	3
241.244	1579	3	2
241.244	1580	4	3
241.317	1581	1	1
241.317	1582	2	2
241.317	1583	3	3
241.463	1584	3	1
241.463	1585	4	1
241.609	1586	1	2
241.609	1587	2	3
241.756	1588	2	1
241.756	1589	3	1
241.902	1590	4	2
241.902	1591	1	3
241.975	1592	2	1
241.975	1593	3	1
242.195	1594	1	1
242.195	1595	2	1
242.487	1596	2	1
242.487	1597	3	1
242.487	1598	4	3
242.634	1599	1	2
242.634	1600	4	1
242.780	1601	2	2
242.780	1602	1	3
242.926	1603	3	2
242.926	1604	2	3
243.073	1605	4	2
243.073	1606	3	3
243.219	1607	1	2
243.219	1608	4	3
243.365	1609	2	2
243.365	1610	1	3
243.512	1611	4	2
243.512	1612	2	3
243.658	1613	1	1
243.658	1614	3	2
243.658	1615	4	3
243.805	1616	2	2
243.805	1617	4	1
243.805	1618	3	3
243.951	1619	1	2
243.951	1620	2	3
244.097	1621	2	2
244.097	1622	1	3
244.244	1623	4	2
244.244	1624	2	3
244.390	1625	2	1
244.390	1626	3	1
244.536	1627	1	1
244.683	1628	3	2
244.683	1629	4	3
244.756	1630	2	2
244.756	1631	3	3
244.829	1632	1	2
244.829	1633	4	1
244.829	1634	2	3
244.975	1635	2	1
244.975	1636	3	1
245.122	1637	2	1
245.122	1638	3	1
245.561	1639	3	1
245.561	1640	4	1
246.000	1641	2	2
246.000	1642	4	1
246.000	1643	1	3
246.439	1644	1	1
246.439	1645	4	1
246.585	1646	3	2
246.585	1647	2	3
246.731	1648	1	1
246.731	1649	4	1
246.951	1650	1	1
246.951	1651	2	1
247.170	1652	1	1
247.170	1653	2	1
247.170	1654	4	2
247.170	1655	3	3
247.463	1656	1	1
247.463	1657	2	1
247.609	1658	3	1
247.683	1659	2	1
247.756	1660	1	1
248.048	1661	1	1
248.048	1662	3	1
248.341	1663	2	1
248.341	1664	3	1
248.487	1665	1	1
248.634	1666	2	1
248.634	1667	3	1
248.780	1668	3	1
248.926	1669	1	1
249.073	1670	2	1
249.219	1671	1	1
249.219	1672	3	1
249.365	1673	1	1
249.512	1674	2	1
249.512	1675	3	1
249.512	1676	4	3
249.805	1677	1	1
249.805	1678	2	1
249.951	1679	4	1
250.024	1680	3	1
250.097	1681	1	1
250.097	1682	2	1
250.390	1683	3	1
250.390	1684	4	1
250.683	1685	1	1
250.683	1686	2	1
250.975	1687	2	1
250.975	1688	3	1
251.268	1689	3	1
251.268	1690	4	1
251.561	1691	1	1
251.561	1692	4	1
251.853	1693	1	1
251.853	1694	3	1
252.146	1695	2	1
252.146	1696	4	1
252.292	1697	1	1
252.439	1698	2	1
252.731	1699	3	1
252.731	1700	4	1
253.024	1701	1	1
253.024	1702	2	1
253.317	1703	3	1
253.317	1704	4	1
253.463	1705	1	1
253.609	1706	2	1
253.902	1707	3	1
253.902	1708	4	1
254.195	1709	1	1
254.195	1710	4	1
254.487	1711	1	1
254.487	1712	4	1
254.634	1713	2	1
254.634	1714	3	1
254.780	1715	4	1
255.073	1716	1	1
255.073	1717	2	1
255.365	1718	3	1
255.878	1719	3	1
255.951	1720	4	1
256.097	1721	1	1
256.134	1722	2	1
256.170	1723	3	1
256.207	1724	4	1
256.244	1725	1	1
256.317	1726	2	1
256.390	1727	3	1
256.463	1728	4	1
256.536	1729	1	1
256.536	1730	2	1
256.536	1731	3	1
256.756	1732	2	1
256.975	1733	3	1
257.048	1734	2	1
257.122	1735	1	1
257.195	1736	4	1
257.414	1737	2	1
257.561	1738	3	1
257.634	1739	1	1
257.707	1740	2	1
257.926	1741	3	1
258.146	1742	4	1
258.292	1743	2	1
258.365	1744	1	1
258.439	1745	3	1
258.585	1746	1	1
258.731	1747	2	1
258.804	1748	3	1
258.878	1749	1	1
258.878	1750	4	1
259.097	1751	2	1
259.317	1752	4	1
259.390	1753	3	1
259.463	1754	1	1
259.463	1755	2	1
259.536	1756	4	1
259.756	1757	1	1
259.902	1758	3	1
259.975	1759	4	1
260.048	1760	1	1
260.048	1761	2	1
260.268	1762	4	1
260.341	1763	2	1
260.341	1764	3	1
260.487	1765	1	1
260.634	1766	3	1
260.634	1767	4	1
260.707	1768	2	1
260.926	1769	1	1
260.926	1770	4	1
261.073	1771	2	1
261.146	1772	3	1
261.219	1773	1	1
261.292	1774	2	1
261.365	1775	3	1
261.439	1776	4	1
261.512	1777	1	1
261.585	1778	2	1
261.658	1779	3	1
261.731	1780	4	1
261.804	1781	1	1
261.878	1782	2	1
261.951	1783	3	1
262.024	1784	4	1
262.097	1785	1	1
262.170	1786	2	1
262.244	1787	4	1
262.280	1788	3	1
262.317	1789	2	1
262.353	1790	1	1
262.390	1791	4	1
262.463	1792	3	1
262.536	1793	2	1
262.609	1794	1	1
262.683	1795	4	1
262.756	1796	3	1
262.829	1797	2	1
262.902	1798	1	1
262.975	1799	4	1
263.048	1800	3	1
263.122	1801	2	1
263.195	1802	1	1
263.268	1803	4	1
263.341	1804	3	1
263.414	1805	1	1
263.451	1806	2	1
263.487	1807	3	1
263.524	1808	4	1
263.561	1809	1	1
263.634	1810	2	1
263.707	1811	3	1
263.780	1812	4	1
263.853	1813	1	1
263.926	1814	2	1
264.000	1815	3	1
264.073	1816	4	1
264.146	1817	1	1
264.219	1818	2	1
264.292	1819	3	1
264.365	1820	4	1
264.439	1821	1	1
264.475	1822	2	1
264.512	1823	3	1
264.548	1824	4	1
264.585	1825	1	1
264.622	1826	2	1
264.658	1827	3	1
264.695	1828	4	1
264.731	1829	1	1
265.317	1830	4	1
265.609	1831	1	1
265.756	1832	1	1
265.902	1833	2	1
265.902	1834	3	1
265.902	1835	4	1
265.975	1836	1	1
266.048	1837	2	1
266.122	1838	3	1
266.195	1839	1	1
266.195	1840	4	1
266.268	1841	2	1
266.341	1842	3	1
266.487	1843	4	1
266.561	1844	1	1
266.634	1845	2	1
266.707	1846	3	1
266.780	1847	1	1
266.780	1848	4	1
266.853	1849	2	1
266.926	1850	3	1
267.073	1851	4	1
267.146	1852	1	1
267.219	1853	2	1
267.292	1854	3	1
267.365	1855	1	1
267.365	1856	4	1
267.439	1857	2	1
267.512	1858	3	1
267.658	1859	1	1
267.731	1860	2	1
267.805	1861	3	1
267.878	1862	4	1
267.951	1863	1	1
267.951	1864	2	1
268.024	1865	3	1
268.097	1866	2	1
268.170	1867	1	1
268.244	1868	3	1
268.317	1869	4	1
268.390	1870	3	1
268.463	1871	1	1
268.536	1872	2	1
268.536	1873	4	1
268.609	1874	1	1
268.683	1875	2	1
268.756	1876	3	1
268.829	1877	4	1
268.902	1878	2	1
268.975	1879	3	1
269.048	1880	4	1
269.122	1881	1	1
269.122	1882	2	1
269.195	1883	4	1
269.268	1884	3	1
269.341	1885	2	1
269.414	1886	4	1
269.487	1887	3	1
269.561	1888	2	1
269.634	1889	1	1
269.707	1890	3	1
269.707	1891	4	1
269.780	1892	1	1
269.853	1893	4	1
269.926	1894	3	1
270.000	1895	1	1
270.048	1896	4	1
270.097	1897	3	1
270.146	1898	2	1
270.195	1899	1	1
270.244	1900	4	1
270.292	1901	2	1
270.292	1902	3	1
270.365	1903	1	1
270.439	1904	4	1
270.512	1905	2	1
270.585	1906	3	1
270.658	1907	1	1
270.731	1908	2	1
270.805	1909	3	1
270.878	1910	1	1
270.878	1911	4	1
270.951	1912	2	1
271.024	1913	3	1
271.170	1914	4	1
271.244	1915	1	1
271.317	1916	2	1
271.390	1917	3	1
271.463	1918	1	1
271.463	1919	4	1
271.536	1920	2	1
271.609	1921	3	1
271.756	1922	4	1
271.853	1923	1	1
271.902	1924	2	1
271.975	1925	3	1
272.048	1926	1	1
272.048	1927	4	1
272.122	1928	2	1
272.195	1929	3	1
272.341	1930	1	1
272.414	1931	2	1
272.487	1932	3	1
272.561	1933	4	1
272.634	1934	1	1
272.634	1935	2	1
272.707	1936	3	1
272.780	1937	4	1
272.853	1938	3	1
272.926	1939	1	1
272.926	1940	4	1
273.146	1941	1	1
273.146	1942	2	1
273.219	1943	3	1
273.219	1944	4	1
273.365	1945	1	1
273.365	1946	3	1
273.512	1947	3	1
273.512	1948	4	1
273.731	1949	2	1
273.731	1950	3	1
273.804	1951	1	1
273.804	1952	4	1
273.951	1953	2	1
273.951	1954	4	1
274.097	1955	3	2
274.097	1956	4	2
274.317	1957	1	1
274.317	1958	3	3
274.317	1959	4	3
274.390	1960	2	1
274.390	1961	4	1
274.536	1962	1	1
274.536	1963	2	1
274.609	1964	3	1
274.609	1965	4	1
274.683	1966	1	2
274.683	1967	2	2
274.902	1968	3	1
274.902	1969	1	3
274.902	1970	2	3
274.975	1971	1	1
274.975	1972	4	1
275.122	1973	3	1
275.268	1974	2	1
275.268	1975	3	1
275.268	1976	4	1
275.341	1977	1	1
275.414	1978	2	1
275.487	1979	3	1
275.561	1980	1	1
275.561	1981	4	1
275.634	1982	2	1
275.707	1983	3	1
275.853	1984	4	1
275.926	1985	1	1
276.000	1986	2	1
276.073	1987	3	1
276.146	1988	1	1
276.146	1989	4	1
276.219	1990	2	1
276.292	1991	3	1
276.439	1992	4	1
276.512	1993	1	1
276.585	1994	2	1
276.658	1995	3	1
276.731	1996	1	1
276.731	1997	4	1
276.804	1998	2	1
276.878	1999	3	1
277.024	2000	1	1
277.097	2001	2	1
277.170	2002	3	1
277.244	2003	4	1
277.317	2004	1	1
277.317	2005	2	1
277.390	2006	3	1
277.463	2007	2	1
277.536	2008	1	1
277.609	2009	3	1
277.683	2010	4	1
277.756	2011	3	1
277.829	2012	1	1
277.902	2013	2	1
277.902	2014	4	1
277.975	2015	1	1
278.048	2016	2	1
278.122	2017	3	1
278.195	2018	4	1
278.268	2019	2	1
278.341	2020	3	1
278.414	2021	4	1
278.487	2022	1	1
278.487	2023	2	1
278.561	2024	4	1
278.634	2025	3	1
278.707	2026	2	1
278.780	2027	4	1
278.853	2028	3	1
278.926	2029	2	1
279.000	2030	1	1
279.073	2031	3	1
279.073	2032	4	1
279.146	2033	1	1
279.219	2034	4	1
279.292	2035	3	1
279.365	2036	1	1
279.414	2037	4	1
279.463	2038	3	1
279.512	2039	2	1
279.561	2040	1	1
279.609	2041	4	1
279.658	2042	2	1
279.658	2043	3	1
279.731	2044	1	1
279.804	2045	4	1
279.878	2046	2	1
279.951	2047	3	1
280.000	2048	2	1
280.048	2049	1	1
280.097	2050	4	1
280.146	2051	3	1
280.195	2052	2	1
280.244	2053	1	1
280.244	2054	4	1
280.390	2055	1	1
280.463	2056	2	1
280.536	2057	3	1
280.536	2058	4	1
280.756	2059	1	1
280.756	2060	2	1
280.829	2061	3	1
280.829	2062	4	1
280.975	2063	2	1
280.975	2064	3	1
281.122	2065	1	1
281.122	2066	3	1
281.341	2067	3	1
281.341	2068	4	1
281.414	2069	1	1
281.414	2070	2	1
281.561	2071	2	1
281.561	2072	3	1
281.707	2073	1	1
281.707	2074	2	1
281.926	2075	1	1
281.926	2076	3	1
282.000	2077	2	1
282.000	2078	4	1
282.146	2079	2	1
282.146	2080	4	1
282.292	2081	4	2
282.585	2082	4	3
282.731	2083	1	1
282.804	2084	2	1
282.878	2085	4	1
282.951	2086	3	1
283.024	2087	2	1
283.097	2088	3	1
283.170	2089	1	1
283.244	2090	2	1
283.317	2091	4	1
283.390	2092	1	1
283.463	2093	2	1
283.536	2094	3	1
283.536	2095	4	1
283.609	2096	1	1
283.683	2097	2	1
283.756	2098	3	1
283.756	2099	4	1
283.829	2100	1	1
283.902	2101	2	1
283.975	2102	3	1
283.975	2103	4	1
284.048	2104	1	1
284.122	2105	4	1
284.195	2106	2	1
284.195	2107	3	1
284.268	2108	1	1
284.341	2109	3	1
284.341	2110	4	1
284.414	2111	2	1
284.487	2112	4	1
284.561	2113	1	1
284.634	2114	2	1
284.780	2115	2	1
284.926	2116	1	1
284.926	2117	4	1
285.000	2118	2	1
285.073	2119	3	1
285.146	2120	2	1
285.219	2121	4	1
285.292	2122	1	1
285.365	2123	2	1
285.439	2124	3	1
285.512	2125	1	1
285.512	2126	4	1
285.585	2127	2	1
285.658	2128	3	1
285.804	2129	4	1
285.878	2130	1	1
285.951	2131	2	1
286.024	2132	3	1
286.097	2133	1	1
286.097	2134	4	1
286.170	2135	2	1
286.244	2136	3	1
286.390	2137	1	1
286.463	2138	2	1
286.536	2139	3	1
286.609	2140	4	1
286.683	2141	1	1
286.683	2142	2	1
286.756	2143	3	1
286.829	2144	2	1
286.902	2145	1	1
286.975	2146	3	1
287.048	2147	4	1
287.122	2148	3	1
287.195	2149	1	1
287.268	2150	2	1
287.268	2151	4	1
287.341	2152	1	1
287.414	2153	2	1
287.487	2154	3	1
287.561	2155	4	1
287.634	2156	2	1
287.707	2157	3	1
287.780	2158	4	1
287.853	2159	1	1
287.853	2160	2	1
287.926	2161	4	1
288.000	2162	3	1
288.073	2163	2	1
288.146	2164	4	1
288.219	2165	3	1
288.292	2166	2	1
288.365	2167	1	1
288.439	2168	3	1
288.439	2169	4	1
288.512	2170	1	1
288.585	2171	4	1
288.658	2172	3	1
288.731	2173	1	1
288.780	2174	4	1
288.829	2175	3	1
288.878	2176	2	1
288.926	2177	1	1
288.975	2178	4	1
289.024	2179	1	2
289.024	2180	3	1
289.317	2181	3	1
289.317	2182	1	3
289.390	2183	1	1
289.463	2184	2	1
289.536	2185	3	1
289.609	2186	1	1
289.609	2187	4	1
289.683	2188	2	1
289.756	2189	3	1
289.902	2190	4	1
289.975	2191	1	1
290.048	2192	2	1
290.122	2193	3	1
290.195	2194	1	1
290.195	2195	4	1
290.268	2196	2	1
290.341	2197	3	1
290.487	2198	4	1
290.585	2199	1	1
290.634	2200	2	1
290.707	2201	3	1
290.780	2202	1	1
290.780	2203	4	1
290.853	2204	2	1
290.926	2205	3	1
291.073	2206	1	1
291.146	2207	2	1
291.219	2208	3	1
291.292	2209	4	1
291.365	2210	1	1
291.365	2211	2	1
291.439	2212	3	1
291.512	2213	4	1
291.585	2214	3	1
291.658	2215	1	1
291.658	2216	4	1
291.878	2217	1	1
291.878	2218	2	1
291.951	2219	3	1
291.951	2220	4	1
292.097	2221	1	1
292.097	2222	3	1
292.244	2223	3	1
292.244	2224	4	1
292.463	2225	2	1
292.463	2226	3	1
292.536	2227	1	1
292.536	2228	4	1
292.683	2229	2	1
292.683	2230	4	1
292.829	2231	3	2
292.829	2232	4	2
292.975	2233	1	1
293.048	2234	3	3
293.048	2235	4	3
293.122	2236	2	1
293.122	2237	4	1
293.195	2238	3	1
293.268	2239	1	1
293.268	2240	2	1
293.341	2241	3	1
293.341	2242	4	1
293.414	2243	1	2
293.414	2244	2	2
293.634	2245	3	1
293.634	2246	1	3
293.634	2247	2	3
293.707	2248	1	1
293.707	2249	4	1
293.853	2250	3	1
294.000	2251	2	1
294.000	2252	3	1
294.000	2253	4	1
294.073	2254	1	1
294.146	2255	2	1
294.219	2256	3	1
294.292	2257	1	1
294.292	2258	4	1
294.365	2259	2	1
294.439	2260	3	1
294.512	2261	2	1
294.585	2262	4	1
294.658	2263	1	1
294.731	2264	2	1
294.804	2265	3	1
294.878	2266	1	1
294.878	2267	4	1
294.951	2268	2	1
295.024	2269	3	1
295.170	2270	4	1
295.244	2271	1	1
295.317	2272	2	1
295.390	2273	3	1
295.463	2274	1	1
295.463	2275	4	1
295.536	2276	2	1
295.609	2277	3	1
295.756	2278	1	1
295.829	2279	2	1
295.902	2280	3	1
295.975	2281	4	1
296.048	2282	1	1
296.048	2283	2	1
296.122	2284	3	1
296.195	2285	2	1
296.268	2286	1	1
296.341	2287	3	1
296.414	2288	4	1
296.487	2289	3	1
296.561	2290	1	1
296.634	2291	2	1
296.634	2292	4	1
296.707	2293	1	1
296.780	2294	2	1
296.853	2295	3	1
296.926	2296	4	1
297.000	2297	2	1
297.073	2298	3	1
297.146	2299	4	1
297.219	2300	1	1
297.219	2301	2	1
297.292	2302	4	1
297.365	2303	3	1
297.439	2304	2	1
297.512	2305	4	1
297.585	2306	3	1
297.658	2307	2	1
297.731	2308	1	1
297.804	2309	3	1
297.804	2310	4	1
297.878	2311	1	1
297.951	2312	4	1
298.024	2313	3	1
298.097	2314	1	1
298.146	2315	4	1
298.195	2316	3	1
298.244	2317	2	1
298.292	2318	1	1
298.341	2319	4	1
298.390	2320	1	2
298.390	2321	3	1
298.683	2322	3	1
298.683	2323	1	3
298.731	2324	2	1
298.780	2325	1	1
298.829	2326	4	1
298.878	2327	3	1
298.926	2328	2	1
298.975	2329	1	1
298.975	2330	4	1
299.122	2331	1	1
299.195	2332	2	1
299.268	2333	3	1
299.268	2334	4	1
299.487	2335	1	1
299.487	2336	2	1
299.561	2337	3	1
299.561	2338	4	1
299.707	2339	2	1
299.707	2340	3	1
299.853	2341	1	1
299.853	2342	3	1
300.073	2343	3	1
300.073	2344	4	1
300.146	2345	1	1
300.146	2346	2	1
300.292	2347	2	1
300.292	2348	3	1
300.439	2349	1	1
300.439	2350	2	1
300.658	2351	1	1
300.658	2352	3	1
300.731	2353	2	1
300.731	2354	4	1
300.878	2355	2	1
300.878	2356	4	1
301.024	2357	4	2
301.317	2358	4	3
301.463	2359	1	1
301.536	2360	2	1
301.609	2361	3	1
301.683	2362	4	1
301.756	2363	1	1
301.829	2364	2	1
301.902	2365	3	1
301.975	2366	4	1
302.048	2367	1	1
302.122	2368	2	1
302.195	2369	4	1
302.231	2370	3	1
302.268	2371	2	1
302.304	2372	1	1
302.341	2373	4	1
302.414	2374	3	1
302.487	2375	2	1
302.561	2376	1	1
302.634	2377	4	1
302.707	2378	3	1
302.780	2379	1	1
302.817	2380	2	1
302.853	2381	3	1
302.890	2382	4	1
302.926	2383	1	1
303.000	2384	2	1
303.073	2385	3	1
303.146	2386	4	1
303.219	2387	1	1
303.292	2388	2	1
303.365	2389	3	1
303.365	2390	4	1
303.512	2391	4	1
303.658	2392	3	1
303.658	2393	4	1
303.707	2394	1	1
303.756	2395	2	1
303.804	2396	3	1
303.878	2397	4	1
303.951	2398	1	1
304.048	2399	3	1
304.146	2400	2	1
304.244	2401	1	1
304.244	2402	4	1
304.341	2403	2	1
304.439	2404	3	1
304.536	2405	1	1
304.683	2406	2	1
304.829	2407	1	1
304.829	2408	3	1
304.975	2409	4	1
305.122	2410	2	2
305.122	2411	3	2
305.414	2412	1	2
305.414	2413	4	2
305.414	2414	2	3
305.414	2415	3	3
305.487	2416	1	3
305.487	2417	4	3
305.561	2418	1	2
305.561	2419	4	2
305.634	2420	1	3
305.634	2421	4	3
305.707	2422	2	1
306.000	2423	1	1
306.000	2424	4	1
306.073	2425	2	1
306.146	2426	3	1
306.219	2427	4	1
306.292	2428	1	1
306.365	2429	3	1
306.439	2430	2	1
306.512	2431	4	1
306.585	2432	1	1
306.585	2433	3	1
306.658	2434	4	1
306.731	2435	1	1
306.804	2436	3	1
306.878	2437	2	1
307.170	2438	1	1
307.170	2439	3	1
307.317	2440	2	1
307.463	2441	4	1
307.609	2442	1	1
307.756	2443	2	1
307.756	2444	3	1
307.902	2445	2	1
307.975	2446	3	1
308.048	2447	4	1
308.341	2448	1	1
308.341	2449	3	1
308.561	2450	3	1
308.634	2451	2	1
308.780	2452	3	1
308.853	2453	4	1
308.926	2454	1	2
308.926	2455	2	2
309.073	2456	3	1
309.073	2457	1	3
309.073	2458	2	3
309.146	2459	2	1
309.219	2460	3	1
309.219	2461	4	1
309.439	2462	1	1
309.439	2463	2	1
309.512	2464	3	1
309.512	2465	4	1
309.658	2466	3	1
309.658	2467	4	1
309.804	2468	2	1
309.804	2469	3	1
310.024	2470	1	1
310.024	2471	2	1
310.097	2472	3	2
310.097	2473	4	2
310.244	2474	1	1
310.244	2475	2	1
310.244	2476	3	3
310.244	2477	4	3
310.390	2478	3	1
310.390	2479	4	1
310.683	2480	2	1
310.683	2481	4	1
310.829	2482	1	1
310.865	2483	2	1
310.902	2484	3	1
311.048	2485	1	1
311.122	2486	4	1
311.195	2487	3	1
311.268	2488	1	1
311.268	2489	4	1
311.341	2490	2	1
311.414	2491	3	1
311.487	2492	1	1
311.561	2493	4	1
311.780	2494	3	1
311.853	2495	1	1
311.853	2496	2	1
312.000	2497	1	1
312.146	2498	4	2
312.439	2499	1	1
312.439	2500	3	1
312.439	2501	4	3
312.585	2502	2	1
312.658	2503	3	1
312.731	2504	1	1
312.731	2505	4	1
312.804	2506	3	1
312.878	2507	1	1
312.951	2508	2	1
313.024	2509	3	1
313.024	2510	4	1
313.170	2511	2	1
313.244	2512	3	1
313.317	2513	1	1
313.463	2514	3	1
313.536	2515	1	1
313.609	2516	2	1
313.609	2517	4	1
313.683	2518	3	1
313.756	2519	2	1
313.829	2520	1	1
313.902	2521	4	1
313.975	2522	2	1
314.048	2523	3	1
314.122	2524	4	1
314.195	2525	1	1
314.195	2526	2	1
314.268	2527	3	1
314.341	2528	2	1
314.414	2529	1	1
314.487	2530	3	2
314.780	2531	1	1
314.780	2532	4	1
314.780	2533	3	3
314.926	2534	2	1
315.000	2535	3	1
315.073	2536	4	1
315.146	2537	3	1
315.219	2538	1	1
315.292	2539	2	1
315.365	2540	3	1
315.365	2541	4	1
315.439	2542	1	1
315.512	2543	2	1
315.585	2544	3	1
315.658	2545	4	1
315.731	2546	2	1
315.804	2547	3	1
315.878	2548	1	1
315.951	2549	2	1
315.951	2550	4	1
316.024	2551	3	1
316.097	2552	2	1
316.170	2553	1	1
316.244	2554	4	1
316.439	2555	1	1
316.536	2556	4	1
316.634	2557	1	1
316.829	2558	3	1
317.024	2559	2	1
317.122	2560	1	1
317.219	2561	2	1
317.414	2562	1	1
317.414	2563	4	1
317.487	2564	2	1
317.487	2565	3	1
317.561	2566	1	1
317.561	2567	4	1
317.853	2568	3	1
317.853	2569	4	1
317.926	2570	1	1
317.926	2571	2	1
318.000	2572	3	1
318.000	2573	4	1
318.292	2574	4	1
318.439	2575	1	1
318.439	2576	3	1
318.512	2577	2	1
318.512	2578	4	1
318.585	2579	1	1
318.585	2580	3	1
318.731	2581	2	1
318.951	2582	2	1
319.024	2583	4	1
319.170	2584	1	1
319.170	2585	4	1
319.390	2586	2	1
319.609	2587	3	1
319.756	2588	1	1
319.902	2589	2	1
319.975	2590	3	1
320.122	2591	4	1
320.195	2592	3	1
320.341	2593	2	1
320.487	2594	1	1
320.561	2595	2	1
320.707	2596	3	1
320.780	2597	4	1
321.658	2598	4	1
321.731	2599	3	1
321.804	2600	2	1
321.951	2601	1	1
322.097	2602	1	2
322.097	2603	2	2
322.390	2604	3	1
322.390	2605	4	1
322.390	2606	1	3
322.390	2607	2	3
322.463	2608	1	1
322.536	2609	4	1
322.609	2610	2	1
322.683	2611	3	1
322.756	2612	1	1
322.829	2613	4	1
322.902	2614	2	1
322.975	2615	3	1
322.975	2616	4	1
323.048	2617	1	1
323.122	2618	2	2
323.122	2619	3	2
323.268	2620	1	2
323.268	2621	2	3
323.268	2622	3	3
323.414	2623	3	2
323.414	2624	4	2
323.414	2625	1	3
323.561	2626	1	1
323.561	2627	2	1
323.561	2628	3	3
323.561	2629	4	3
323.707	2630	2	1
323.853	2631	4	1
324.000	2632	3	1
324.146	2633	1	1
324.146	2634	4	1
324.292	2635	2	1
324.439	2636	1	2
324.439	2637	4	2
324.658	2638	2	1
324.658	2639	1	3
324.658	2640	4	3
324.731	2641	3	1
324.731	2642	4	1
324.804	2643	1	1
324.878	2644	4	1
324.951	2645	2	1
325.024	2646	3	1
325.097	2647	1	1
325.170	2648	4	1
325.244	2649	2	1
325.317	2650	3	1
325.317	2651	4	1
325.390	2652	1	1
325.463	2653	2	2
325.463	2654	3	2
325.609	2655	4	1
325.609	2656	2	3
325.609	2657	3	3
325.756	2658	2	1
325.902	2659	3	1
325.902	2660	4	1
326.048	2661	1	1
326.195	2662	4	2
326.341	2663	2	1
326.341	2664	4	3
326.487	2665	1	1
326.487	2666	4	2
326.780	2667	1	2
326.780	2668	2	2
326.780	2669	4	3
327.073	2670	3	1
327.073	2671	4	1
327.073	2672	1	3
327.073	2673	2	3
327.146	2674	1	1
327.219	2675	4	1
327.292	2676	2	1
327.365	2677	3	1
327.439	2678	1	1
327.512	2679	4	1
327.585	2680	2	1
327.658	2681	3	1
327.658	2682	4	1
327.731	2683	1	1
327.804	2684	2	2
327.804	2685	3	2
327.951	2686	1	2
327.951	2687	2	3
327.951	2688	3	3
328.097	2689	3	2
328.097	2690	4	2
328.097	2691	1	3
328.244	2692	1	1
328.244	2693	2	1
328.244	2694	3	3
328.244	2695	4	3
328.390	2696	2	1
328.536	2697	4	1
328.683	2698	3	1
328.829	2699	1	1
328.829	2700	4	1
328.975	2701	2	1
329.122	2702	1	2
329.122	2703	4	2
329.268	2704	1	3
329.268	2705	4	3
329.414	2706	3	1
329.414	2707	4	1
329.451	2708	1	1
329.487	2709	2	1
329.524	2710	3	1
329.561	2711	4	1
329.597	2712	1	1
329.634	2713	2	1
329.707	2714	4	1
329.744	2715	1	1
329.780	2716	2	1
329.817	2717	3	1
329.853	2718	4	1
329.890	2719	1	1
329.926	2720	2	1
330.000	2721	3	1
330.000	2722	4	1
330.146	2723	4	1
330.292	2724	1	2
330.292	2725	2	2
330.512	2726	3	1
330.512	2727	4	1
330.512	2728	1	3
330.512	2729	2	3
330.585	2730	1	1
330.585	2731	2	1
330.731	2732	2	1
330.731	2733	3	1
330.951	2734	1	1
330.951	2735	2	1
331.170	2736	3	1
331.170	2737	4	1
331.463	2738	1	2
331.463	2739	2	2
331.756	2740	3	1
331.756	2741	1	3
331.756	2742	2	3
331.829	2743	1	1
331.902	2744	4	1
331.975	2745	2	1
332.048	2746	3	1
332.122	2747	1	1
332.195	2748	4	1
332.268	2749	2	1
332.341	2750	3	1
332.341	2751	4	1
332.414	2752	1	1
332.487	2753	3	1
332.561	2754	2	1
332.634	2755	1	1
332.634	2756	4	1
332.707	2757	2	1
332.780	2758	4	2
332.926	2759	1	1
332.926	2760	3	1
332.926	2761	4	3
333.000	2762	2	1
333.073	2763	3	1
333.146	2764	1	1
333.219	2765	4	1
333.365	2766	3	1
333.512	2767	1	1
333.512	2768	4	1
333.658	2769	2	1
333.804	2770	1	2
333.804	2771	4	2
334.024	2772	2	1
334.024	2773	1	3
334.024	2774	4	3
334.097	2775	3	1
334.097	2776	4	1
334.170	2777	1	1
334.244	2778	4	1
334.317	2779	2	1
334.390	2780	3	1
334.463	2781	1	1
334.536	2782	4	1
334.609	2783	2	1
334.683	2784	3	1
334.683	2785	4	1
334.756	2786	1	1
334.829	2787	2	2
334.829	2788	3	2
334.975	2789	1	1
334.975	2790	4	1
334.975	2791	2	3
334.975	2792	3	3
335.122	2793	2	1
335.268	2794	4	1
335.414	2795	1	1
335.561	2796	3	1
335.561	2797	4	2
335.707	2798	1	1
335.707	2799	2	1
335.707	2800	4	3
335.853	2801	1	1
335.853	2802	4	2
336.146	2803	1	1
336.146	2804	2	1
336.146	2805	3	1
336.146	2806	4	3
336.365	2807	1	1
336.365	2808	2	1
336.365	2809	3	1
336.585	2810	1	1
336.585	2811	2	1
336.585	2812	3	1
336.804	2813	1	1
336.804	2814	2	1
336.804	2815	3	1
337.024	2816	2	1
337.024	2817	3	1
337.317	2818	2	1
337.317	2819	3	1
337.317	2820	4	1
337.536	2821	2	1
337.536	2822	3	1
337.536	2823	4	1
337.756	2824	2	1
337.756	2825	3	1
337.756	2826	4	1
337.975	2827	2	1
337.975	2828	3	1
337.975	2829	4	1
338.195	2830	2	1
338.195	2831	3	1
338.487	2832	3	1
338.487	2833	4	1
338.634	2834	1	1
338.634	2835	2	1
338.780	2836	3	1
338.780	2837	4	1
338.926	2838	1	1
338.926	2839	2	1
339.000	2840	3	1
339.000	2841	4	1
339.146	2842	1	1
339.146	2843	2	1
339.219	2844	3	1
339.219	2845	4	1
339.365	2846	1	1
339.365	2847	2	1
339.512	2848	4	2
339.658	2849	1	1
339.658	2850	3	1
339.658	2851	4	3
340.829	2852	1	1
340.829	2853	2	1
340.829	2854	3	1
341.971	2855	4	1
342.829	2856	4	1
343.400	2857	4	1
344.971	2858	1	1
344.971	2859	3	1
344.971	2860	4	1
345.400	2861	2	1
345.400	2862	3	1
345.400	2863	4	1
345.536	2864	1	1
345.536	2865	2	1
345.536	2866	3	1
346.490	2867	1	1
347.309	2868	1	1
347.581	2869	1	1
347.581	2870	3	1
347.581	2871	4	1
347.854	2872	1	1
347.854	2873	2	1
347.854	2874	3	1
348.263	2875	1	1
348.263	2876	2	1
348.263	2877	4	1
348.672	2878	2	1
348.672	2879	3	1
348.672	2880	4	1
349.081	2881	1	1
349.081	2882	3	1
349.081	2883	4	1
349.490	2884	1	1
349.559	2885	2	1
349.627	2886	3	1
349.695	2887	4	1
349.763	2888	1	1
349.958	2889	2	1
350.154	2890	3	1
350.349	2891	4	1
350.415	2892	2	1
350.480	2893	3	1
350.545	2894	4	1
350.676	2895	1	1
350.741	2896	2	1
350.806	2897	3	1
351.002	2898	4	1
351.197	2899	2	1
351.393	2900	1	1
351.589	2901	4	1
351.719	2902	3	1
351.784	2903	2	1
351.849	2904	1	1
352.045	2905	2	1
352.241	2906	3	1
352.436	2907	4	1
352.632	2908	1	1
352.828	2909	2	1
353.545	2910	1	1
353.676	2911	2	1
353.936	2912	4	1
354.002	2913	3	1
354.067	2914	2	1
354.132	2915	1	1
354.197	2916	4	1
354.263	2917	3	1
354.328	2918	2	1
354.393	2919	1	1
354.458	2920	4	1
354.523	2921	3	1
354.589	2922	2	1
354.654	2923	1	1
354.719	2924	4	1
354.784	2925	3	1
354.849	2926	2	1
354.915	2927	1	1
354.980	2928	4	1
355.045	2929	3	1
355.110	2930	2	1
355.176	2931	1	1
355.241	2932	4	1
355.306	2933	3	1
355.371	2934	2	1
355.436	2935	1	1
355.502	2936	4	1
355.567	2937	3	1
355.632	2938	2	1
355.697	2939	1	1
355.763	2940	4	1
355.828	2941	3	1
355.893	2942	2	1
355.958	2943	1	1
357.589	2944	1	2
357.784	2945	4	2
357.784	2946	1	3
357.849	2947	2	1
357.849	2948	3	1
358.110	2949	1	1
358.110	2950	3	1
358.110	2951	4	3
358.241	2952	1	1
358.241	2953	2	1
358.371	2954	3	1
358.371	2955	4	1
358.502	2956	2	1
358.502	2957	4	1
358.632	2958	1	1
358.632	2959	3	1
358.763	2960	1	1
358.763	2961	2	1
358.893	2962	3	1
358.893	2963	4	1
359.023	2964	3	1
359.089	2965	2	1
359.154	2966	1	1
359.154	2967	4	1
359.284	2968	1	1
359.284	2969	2	1
359.415	2970	3	1
359.415	2971	4	1
359.545	2972	2	1
359.545	2973	4	1
359.676	2974	1	1
359.676	2975	3	1
359.806	2976	1	1
359.806	2977	2	1
359.936	2978	4	1
360.002	2979	3	1
360.067	2980	2	1
360.132	2981	1	1
360.197	2982	3	1
360.197	2983	4	1
360.328	2984	3	1
360.328	2985	4	1
360.458	2986	1	1
360.458	2987	2	1
360.589	2988	1	1
360.589	2989	2	1
360.719	2990	3	1
360.719	2991	4	1
360.849	2992	3	1
360.849	2993	4	1
360.980	2994	1	1
360.980	2995	2	1
361.110	2996	1	1
361.176	2997	2	1
361.241	2998	3	1
361.241	2999	4	1
361.371	3000	1	1
361.404	3001	2	1
361.436	3002	3	1
361.469	3003	4	1
361.502	3004	1	1
361.632	3005	1	1
361.665	3006	2	1
361.697	3007	3	1
361.730	3008	4	1
361.763	3009	1	1
361.893	3010	2	1
361.893	3011	3	1
362.023	3012	4	1
362.089	3013	3	1
362.154	3014	2	1
362.219	3015	3	1
362.284	3016	1	1
362.349	3017	2	1
362.415	3018	3	1
362.480	3019	4	1
362.545	3020	1	1
362.545	3021	2	1
362.676	3022	2	1
362.676	3023	4	1
362.806	3024	1	1
362.806	3025	3	1
362.936	3026	3	1
362.936	3027	4	1
363.067	3028	1	1
363.067	3029	2	1
363.197	3030	2	1
363.263	3031	3	1
363.328	3032	1	1
363.328	3033	4	1
363.458	3034	1	1
363.523	3035	2	1
363.589	3036	3	1
363.654	3037	4	1
363.719	3038	1	1
363.784	3039	2	1
363.849	3040	3	1
363.915	3041	4	1
363.980	3042	1	1
364.045	3043	2	1
364.110	3044	3	1
364.241	3045	4	1
364.371	3046	1	1
364.371	3047	2	1
364.502	3048	4	1
364.534	3049	3	1
364.567	3050	2	1
364.599	3051	1	1
364.632	3052	4	1
364.697	3053	3	1
364.763	3054	4	1
364.828	3055	3	1
364.893	3056	2	1
364.958	3057	1	1
365.023	3058	2	1
365.089	3059	1	1
365.154	3060	4	1
365.186	3061	3	1
365.219	3062	2	1
365.252	3063	1	1
365.284	3064	4	1
365.317	3065	3	1
365.349	3066	2	1
365.382	3067	1	1
365.415	3068	4	1
365.545	3069	1	1
365.676	3070	3	1
365.806	3071	2	1
365.936	3072	4	1
366.197	3073	1	1
366.263	3074	2	1
366.328	3075	3	1
366.393	3076	4	1
366.458	3077	1	1
366.458	3078	3	1
366.589	3079	1	1
366.589	3080	2	1
366.719	3081	2	1
366.719	3082	4	1
366.849	3083	3	1
366.849	3084	4	1
366.980	3085	1	1
366.980	3086	3	1
367.110	3087	1	1
367.110	3088	2	1
367.241	3089	3	1
367.241	3090	4	1
367.371	3091	4	1
367.436	3092	3	1
367.502	3093	1	1
367.502	3094	2	1
367.632	3095	2	1
367.632	3096	4	1
367.763	3097	1	1
367.763	3098	3	1
367.893	3099	3	1
367.893	3100	4	1
368.023	3101	1	1
368.023	3102	2	1
368.154	3103	2	1
368.154	3104	3	1
368.284	3105	4	1
368.349	3106	3	1
368.415	3107	2	1
368.480	3108	1	1
368.545	3109	3	1
368.545	3110	4	1
368.676	3111	1	1
368.676	3112	3	1
368.806	3113	2	1
368.806	3114	4	1
368.936	3115	1	1
368.936	3116	2	1
369.067	3117	4	1
369.099	3118	3	1
369.132	3119	2	1
369.165	3120	1	1
369.197	3121	4	1
369.230	3122	3	1
369.263	3123	2	1
369.295	3124	1	1
369.328	3125	4	2
369.589	3126	1	1
369.589	3127	4	3
369.676	3128	2	1
369.763	3129	3	1
369.849	3130	4	1
369.936	3131	3	1
370.023	3132	2	1
370.110	3133	1	1
370.197	3134	2	1
370.284	3135	3	1
370.371	3136	4	1
370.404	3137	3	1
370.436	3138	2	1
370.469	3139	1	1
370.502	3140	4	1
370.534	3141	3	1
370.567	3142	2	1
370.599	3143	1	1
370.632	3144	4	1
370.697	3145	3	1
370.763	3146	2	1
370.828	3147	1	1
370.893	3148	2	2
371.154	3149	4	1
371.154	3150	2	3
371.219	3151	3	1
371.284	3152	2	1
371.349	3153	1	1
371.415	3154	4	2
371.676	3155	1	1
371.676	3156	4	3
371.741	3157	2	1
371.806	3158	3	1
371.871	3159	4	1
371.936	3160	1	2
372.197	3161	4	1
372.197	3162	1	3
372.263	3163	3	1
372.328	3164	2	1
372.393	3165	1	1
372.458	3166	4	2
372.719	3167	1	1
372.719	3168	2	1
372.719	3169	4	3
373.241	3170	1	1
373.328	3171	2	1
373.415	3172	3	1
373.502	3173	4	1
373.589	3174	3	1
373.676	3175	2	1
373.763	3176	1	2
373.763	3177	4	2
374.545	3178	2	2
374.545	3179	3	2
374.545	3180	1	3
374.545	3181	4	3
374.806	3182	1	1
374.806	3183	4	1
374.806	3184	2	3
374.806	3185	3	3
374.936	3186	3	1
375.067	3187	1	1
375.067	3188	2	1
375.067	3189	4	1
375.197	3190	4	1
375.328	3191	1	1
375.328	3192	2	1
375.328	3193	3	1
375.458	3194	1	1
375.589	3195	2	1
375.589	3196	3	1
375.589	3197	4	1
375.719	3198	4	1
375.849	3199	1	1
375.849	3200	2	1
375.849	3201	3	1
375.980	3202	1	1
376.110	3203	2	1
376.110	3204	3	1
376.110	3205	4	1
376.241	3206	2	1
376.371	3207	1	1
376.371	3208	3	1
376.371	3209	4	1
376.502	3210	3	1
376.632	3211	1	1
376.632	3212	2	1
376.632	3213	4	1
376.763	3214	4	1
376.893	3215	1	1
376.893	3216	2	1
377.023	3217	1	1
377.023	3218	2	1
377.154	3219	3	1
377.154	3220	4	1
377.284	3221	3	1
377.284	3222	4	1
377.415	3223	1	1
377.415	3224	2	1
377.545	3225	1	1
377.545	3226	2	1
377.676	3227	3	1
377.676	3228	4	1
377.806	3229	1	1
377.806	3230	4	1
377.871	3231	2	1
377.871	3232	3	1
377.936	3233	1	1
377.936	3234	4	1
378.067	3235	3	1
378.067	3236	4	1
378.197	3237	1	1
378.197	3238	2	1
378.328	3239	1	1
378.328	3240	2	1
378.458	3241	3	1
378.458	3242	4	1
378.589	3243	3	1
378.589	3244	4	1
378.719	3245	1	1
378.719	3246	2	1
378.784	3247	3	1
378.784	3248	4	1
378.849	3249	1	1
378.849	3250	2	1
378.915	3251	4	1
378.980	3252	1	1
378.980	3253	2	1
378.980	3254	3	1
379.110	3255	3	1
379.241	3256	1	1
379.241	3257	2	1
379.241	3258	4	1
379.371	3259	4	1
379.502	3260	1	1
379.502	3261	2	1
379.502	3262	3	1
379.632	3263	1	1
379.762	3264	2	1
379.762	3265	3	1
379.762	3266	4	1
379.893	3267	4	1
380.023	3268	1	1
380.023	3269	2	1
380.023	3270	3	1
380.154	3271	1	1
380.284	3272	2	1
380.284	3273	3	1
380.284	3274	4	1
380.415	3275	2	1
380.545	3276	1	1
380.545	3277	3	1
380.545	3278	4	1
380.676	3279	3	1
380.806	3280	1	1
380.806	3281	2	1
380.806	3282	4	1
380.936	3283	4	1
381.067	3284	1	1
381.067	3285	2	1
381.197	3286	1	1
381.197	3287	2	1
381.328	3288	3	1
381.328	3289	4	1
381.458	3290	3	1
381.458	3291	4	1
381.589	3292	1	1
381.589	3293	2	1
381.719	3294	1	1
381.719	3295	2	1
381.849	3296	3	1
381.849	3297	4	1
381.980	3298	1	1
381.980	3299	4	1
382.045	3300	2	1
382.045	3301	3	1
382.110	3302	1	1
382.110	3303	4	1
382.241	3304	3	1
382.241	3305	4	1
382.371	3306	1	1
382.371	3307	2	1
382.502	3308	1	1
382.502	3309	2	1
382.762	3310	4	1
382.828	3311	3	1
382.893	3312	2	2
383.154	3313	1	1
383.154	3314	2	3
383.219	3315	2	1
383.284	3316	3	1
383.349	3317	4	1
383.415	3318	1	1
383.480	3319	2	1
383.545	3320	3	1
383.610	3321	4	1
383.676	3322	1	1
383.741	3323	2	1
383.806	3324	3	1
383.871	3325	4	1
383.936	3326	1	1
384.002	3327	2	1
384.067	3328	3	1
384.132	3329	2	1
384.197	3330	4	1
384.262	3331	3	1
384.328	3332	2	1
384.393	3333	1	1
384.458	3334	4	1
384.523	3335	3	1
384.589	3336	2	1
384.654	3337	1	1
384.719	3338	4	1
384.784	3339	3	1
384.849	3340	2	1
384.915	3341	1	1
384.980	3342	3	2
384.980	3343	4	2
385.110	3344	1	2
385.110	3345	2	2
385.110	3346	3	3
385.110	3347	4	3
385.241	3348	4	1
385.241	3349	1	3
385.241	3350	2	3
385.306	3351	3	1
385.371	3352	2	1
385.436	3353	1	1
385.502	3354	4	1
385.567	3355	3	1
385.632	3356	2	1
385.697	3357	1	1
385.762	3358	4	1
385.828	3359	3	1
385.893	3360	2	1
385.958	3361	1	1
386.023	3362	4	1
386.089	3363	3	1
386.154	3364	1	1
386.219	3365	3	1
386.284	3366	2	2
386.284	3367	4	2
386.415	3368	1	1
386.415	3369	2	3
386.415	3370	4	3
386.480	3371	2	1
386.545	3372	1	2
386.545	3373	3	2
386.676	3374	4	1
386.676	3375	1	3
386.676	3376	3	3
386.741	3377	3	1
386.806	3378	2	2
386.806	3379	4	2
386.936	3380	1	1
386.936	3381	2	3
386.936	3382	4	3
387.002	3383	2	1
387.067	3384	4	1
387.132	3385	3	1
387.197	3386	2	1
387.262	3387	1	1
387.328	3388	4	1
387.393	3389	3	1
387.458	3390	2	1
387.523	3391	1	1
387.589	3392	4	1
387.654	3393	3	1
387.719	3394	2	1
387.784	3395	1	1
387.849	3396	4	1
387.915	3397	3	1
387.980	3398	2	1
388.045	3399	1	1
388.110	3400	4	1
388.176	3401	3	1
388.241	3402	2	1
388.306	3403	1	1
388.371	3404	4	1
388.436	3405	3	1
388.502	3406	2	1
388.567	3407	1	1
388.632	3408	4	1
388.697	3409	3	1
388.762	3410	2	1
388.828	3411	1	1
388.893	3412	3	1
388.958	3413	2	1
389.023	3414	4	1
389.089	3415	3	1
389.154	3416	2	1
389.219	3417	1	1
389.284	3418	2	2
389.284	3419	3	2
389.415	3420	4	1
389.415	3421	2	3
389.415	3422	3	3
389.480	3423	3	1
389.545	3424	2	1
389.610	3425	1	1
389.676	3426	3	1
389.741	3427	2	1
389.806	3428	4	1
389.871	3429	3	1
389.936	3430	2	1
390.002	3431	1	1
390.067	3432	4	1
390.132	3433	3	1
390.197	3434	2	1
390.262	3435	1	1
390.328	3436	4	1
390.393	3437	3	1
390.458	3438	2	1
390.523	3439	1	1
390.589	3440	4	1
390.654	3441	3	1
390.719	3442	2	1
390.784	3443	1	1
390.849	3444	3	1
390.915	3445	2	1
390.980	3446	4	1
391.067	3447	3	1
391.154	3448	2	1
391.241	3449	1	1
391.328	3450	2	1
391.415	3451	3	1
391.502	3452	1	1
391.502	3453	2	1
391.502	3454	4	1
391.632	3455	1	1
391.632	3456	3	1
391.632	3457	4	1
391.762	3458	1	1
391.828	3459	2	1
391.893	3460	3	1
391.958	3461	4	1
392.023	3462	3	1
392.154	3463	1	1
392.219	3464	2	1
392.284	3465	3	1
392.349	3466	4	1
392.415	3467	1	1
392.545	3468	2	1
392.545	3469	3	1
392.545	3470	4	1
392.676	3471	1	1
392.676	3472	2	1
392.676	3473	3	1
392.806	3474	4	1
392.871	3475	3	1
392.936	3476	2	1
393.002	3477	1	1
393.067	3478	2	1
393.197	3479	1	1
393.197	3480	3	1
393.197	3481	4	1
393.328	3482	1	1
393.393	3483	2	1
393.458	3484	3	1
393.523	3485	4	1
393.589	3486	1	1
393.589	3487	2	1
393.589	3488	3	1
393.719	3489	2	1
393.719	3490	3	1
393.719	3491	4	1
393.849	3492	4	1
393.915	3493	3	1
393.980	3494	2	1
394.045	3495	1	1
394.110	3496	2	1
394.176	3497	3	1
394.241	3498	1	1
394.241	3499	2	1
394.241	3500	4	1
394.371	3501	1	1
394.436	3502	2	1
394.502	3503	3	1
394.567	3504	4	1
394.632	3505	1	1
394.632	3506	2	1
394.632	3507	3	1
394.762	3508	4	1
394.828	3509	3	1
394.893	3510	2	1
394.958	3511	1	1
395.023	3512	2	1
395.023	3513	3	1
395.023	3514	4	1
395.089	3515	1	1
395.154	3516	4	1
395.219	3517	3	1
395.284	3518	1	1
395.284	3519	2	1
395.284	3520	4	1
395.480	3521	1	1
395.480	3522	3	1
395.480	3523	4	1
395.676	3524	1	1
395.676	3525	2	1
395.676	3526	4	1
395.806	3527	1	1
395.806	3528	2	1
395.806	3529	3	1