Song Name	Outbreaker (Hard) by Hinkik
Title	Outbreaker (Hard)
Artist	Hinkik
Description	A 2016 song by Japanese/Swedish producer Hinkik. From the artist: Kudos to Bezduch on DA for letting me use his awesome art! Map by GDtor1craft.
Difficulty	15
Primary Color	Chill
Secondary Color	Beat
Cover Image ID	6386401528
Audio Asset ID	rbxassetid://9059986529
Audio File	9059986529.ogg
Last Note Time	105.077
Total Notes	756
Fever Fill	200
Fever Time	15.761550
Long Notes	157
BPM	128
Song Length	106.077000000

Timing Points
0.311	468.750000
45.311	468.750000
75.311	468.750000
90.311	468.750000
105.311	468.750000


Song Data
0.311	1	2	1
0.780	2	2	1
1.014	3	4	1
1.248	4	3	1
1.483	5	3	1
1.717	6	2	1
1.952	7	1	1
2.186	8	2	1
2.655	9	2	1
2.889	10	3	1
3.123	11	4	1
3.358	12	3	1
3.592	13	2	1
3.827	14	1	1
4.061	15	2	1
4.530	16	2	1
4.764	17	4	1
4.998	18	2	1
5.233	19	2	1
5.467	20	3	1
5.702	21	1	1
5.936	22	2	1
6.405	23	2	1
6.639	24	3	1
6.873	25	4	1
7.108	26	3	1
7.342	27	4	1
7.577	28	3	1
7.811	29	2	1
8.280	30	2	1
8.514	31	4	1
8.748	32	3	1
8.983	33	3	1
9.217	34	2	1
9.452	35	1	1
9.686	36	2	1
10.155	37	2	1
10.389	38	3	1
10.623	39	4	1
10.858	40	3	1
11.092	41	2	1
11.327	42	1	1
11.561	43	2	1
12.030	44	2	1
12.264	45	4	1
12.498	46	2	1
12.733	47	2	1
12.967	48	3	1
13.202	49	1	1
13.436	50	2	1
13.905	51	2	1
14.139	52	3	1
14.373	53	4	1
14.608	54	3	1
14.842	55	4	1
15.077	56	3	1
15.311	57	4	1
15.311	58	2	1
15.311	59	1	1
15.545	60	2	1
15.780	61	3	1
15.780	62	1	1
16.014	63	4	1
16.248	64	3	1
16.248	65	1	1
16.483	66	2	1
16.483	67	3	1
16.717	68	2	1
16.717	69	1	1
16.952	70	3	1
17.186	71	2	1
17.186	72	1	1
17.655	73	2	1
17.655	74	3	1
17.889	75	4	2
18.123	76	4	3
18.123	77	3	2
18.358	78	3	3
18.123	79	1	1
18.358	80	4	2
18.592	81	4	3
18.358	82	2	1
18.592	83	3	2
18.827	84	3	3
18.592	85	1	1
18.827	86	2	2
19.061	87	2	3
19.061	88	3	1
19.061	89	1	1
19.295	90	2	1
19.530	91	1	1
19.530	92	3	1
19.764	93	4	1
19.998	94	1	1
19.998	95	4	1
20.233	96	3	1
20.233	97	2	1
20.467	98	2	1
20.467	99	4	1
20.702	100	1	1
20.936	101	3	1
20.936	102	1	1
21.170	103	2	1
21.405	104	3	1
21.405	105	2	1
21.639	106	3	1
21.873	107	4	2
22.108	108	4	3
21.873	109	2	1
22.108	110	3	2
22.342	111	3	3
22.108	112	1	1
22.342	113	2	1
22.342	114	4	2
22.577	115	4	3
22.577	116	3	2
22.811	117	3	3
22.811	118	2	1
22.811	119	1	1
23.045	120	2	1
23.280	121	1	1
23.280	122	3	1
23.514	123	4	2
23.748	124	4	3
23.748	125	1	1
23.748	126	3	2
23.983	127	3	3
23.983	128	2	1
23.983	129	4	2
24.217	130	4	3
24.217	131	3	2
24.452	132	3	3
24.217	133	1	1
24.452	134	2	2
24.686	135	2	3
24.686	136	1	1
24.686	137	3	1
25.037	138	2	1
25.155	139	3	1
25.155	140	1	1
25.389	141	4	2
25.623	142	4	3
25.623	143	3	2
25.858	144	3	3
25.623	145	1	1
25.858	146	4	2
26.092	147	4	3
25.858	148	2	1
26.092	149	1	1
26.092	150	3	2
26.327	151	3	3
26.327	152	2	2
26.561	153	2	3
26.561	154	3	1
26.561	155	1	1
27.030	156	2	1
27.030	157	3	1
27.264	158	4	2
27.498	159	4	3
27.498	160	1	1
27.498	161	3	2
27.733	162	3	3
27.733	163	2	1
27.733	164	4	2
27.967	165	4	3
27.967	166	3	2
28.202	167	3	3
27.967	168	1	1
28.202	169	2	2
28.436	170	2	3
29.139	171	2	1
29.373	172	4	1
29.608	173	1	1
29.842	174	3	1
30.077	175	2	1
30.311	176	4	1
30.311	177	1	1
30.780	178	3	1
30.780	179	1	1
31.014	180	4	2
31.248	181	4	3
31.248	182	2	1
31.248	183	3	2
31.483	184	3	3
31.483	185	4	2
31.717	186	4	3
31.717	187	3	2
31.952	188	3	3
31.717	189	1	1
31.952	190	2	2
32.186	191	2	3
32.186	192	3	1
32.186	193	1	1
32.537	194	2	1
32.655	195	1	1
32.655	196	3	1
32.889	197	4	2
33.123	198	4	3
33.123	199	3	2
33.358	200	3	3
33.123	201	2	1
33.358	202	4	2
33.592	203	4	3
33.592	204	3	2
33.827	205	3	3
33.592	206	1	1
33.827	207	2	2
34.061	208	2	3
34.061	209	3	1
34.061	210	1	1
34.412	211	2	1
34.530	212	1	1
34.530	213	3	1
34.764	214	4	2
34.998	215	4	3
34.998	216	3	2
35.233	217	3	3
34.998	218	2	1
35.233	219	4	2
35.467	220	4	3
35.467	221	1	1
35.467	222	3	2
35.702	223	3	3
35.702	224	2	2
35.936	225	2	3
35.936	226	1	1
35.936	227	3	1
36.405	228	2	1
36.405	229	3	1
36.639	230	3	1
36.873	231	4	1
36.873	232	2	1
37.108	233	3	1
37.342	234	2	1
37.342	235	4	1
37.577	236	1	1
37.811	237	2	1
37.811	238	1	1
38.045	239	4	1
38.045	240	3	1
38.280	241	1	1
38.280	242	2	1
38.514	243	2	1
38.514	244	4	2
38.748	245	4	3
38.748	246	3	2
38.983	247	3	3
38.748	248	1	1
38.983	249	4	2
39.217	250	4	3
38.983	251	2	1
39.217	252	1	1
39.217	253	3	2
39.452	254	3	3
39.452	255	4	1
39.452	256	2	2
39.686	257	2	3
39.686	258	1	1
39.686	259	3	1
39.920	260	4	1
39.920	261	2	1
40.155	262	3	1
40.155	263	1	1
40.389	264	4	2
40.623	265	4	3
40.389	266	2	1
40.623	267	1	1
40.623	268	3	2
40.858	269	3	3
40.858	270	4	2
41.092	271	4	3
40.858	272	2	1
41.092	273	3	2
41.327	274	3	3
41.092	275	1	1
41.327	276	4	1
41.327	277	2	2
41.561	278	2	3
41.561	279	1	1
41.678	280	2	1
41.795	281	3	1
41.912	282	4	1
42.030	283	1	1
42.147	284	2	1
42.264	285	3	1
42.381	286	4	1
42.498	287	1	1
42.616	288	2	1
42.733	289	3	1
42.850	290	4	1
42.967	291	1	1
43.084	292	2	1
43.202	293	3	1
43.319	294	4	1
44.373	295	3	1
44.373	296	1	2
44.608	297	1	3
44.608	298	2	1
44.764	299	2	2
44.998	300	2	3
44.842	301	3	1
44.842	302	4	1
44.998	303	3	2
45.311	304	3	3
45.311	305	1	1
45.311	306	2	1
45.311	307	4	1
45.662	308	2	1
45.780	309	3	1
45.780	310	1	1
46.014	311	4	2
46.248	312	4	3
46.248	313	3	2
46.483	314	3	3
46.248	315	2	1
46.483	316	4	2
46.717	317	4	3
46.717	318	3	2
46.952	319	3	3
46.717	320	1	1
46.952	321	2	2
47.186	322	2	3
47.186	323	3	1
47.186	324	1	1
47.537	325	2	1
47.655	326	3	1
47.655	327	1	1
47.889	328	4	2
48.123	329	4	3
48.123	330	2	1
48.123	331	3	2
48.358	332	3	3
48.358	333	4	2
48.592	334	4	3
48.592	335	3	2
48.827	336	3	3
48.592	337	1	1
48.827	338	2	2
49.061	339	2	3
49.061	340	3	1
49.061	341	1	1
49.412	342	2	1
49.530	343	3	1
49.530	344	1	1
49.764	345	4	2
49.998	346	4	3
49.998	347	3	2
50.233	348	3	3
49.998	349	2	1
50.233	350	4	2
50.467	351	4	3
50.467	352	1	1
50.467	353	3	2
50.702	354	3	3
50.702	355	2	2
50.936	356	2	3
50.936	357	3	1
50.936	358	4	1
51.287	359	3	1
51.405	360	2	1
51.405	361	1	1
51.639	362	3	2
51.873	363	3	3
51.873	364	4	2
52.108	365	4	3
51.873	366	1	1
52.108	367	3	2
52.342	368	3	3
52.342	369	2	2
52.577	370	2	3
52.342	371	1	1
52.459	372	3	1
52.577	373	1	2
52.811	374	1	3
52.694	375	3	1
52.811	376	2	1
52.811	377	4	1
53.162	378	2	1
53.280	379	3	1
53.280	380	1	1
53.514	381	4	2
53.748	382	4	3
53.748	383	2	1
53.748	384	3	2
53.983	385	3	3
53.983	386	4	2
54.217	387	4	3
54.217	388	1	1
54.217	389	3	2
54.452	390	3	3
54.452	391	2	2
54.686	392	2	3
54.686	393	1	1
54.686	394	3	1
55.037	395	2	1
55.155	396	1	1
55.155	397	3	1
55.389	398	4	2
55.623	399	4	3
55.623	400	2	1
55.623	401	3	2
55.858	402	3	3
55.858	403	4	2
56.092	404	4	3
56.092	405	1	1
56.092	406	3	2
56.327	407	3	3
56.327	408	2	2
56.561	409	2	3
56.561	410	1	1
56.561	411	3	1
56.912	412	2	1
57.030	413	3	1
57.030	414	1	1
57.264	415	4	2
57.498	416	4	3
57.498	417	3	1
57.498	418	1	2
57.733	419	1	3
57.733	420	2	2
57.967	421	2	3
57.967	422	3	2
58.202	423	3	3
57.967	424	1	1
58.202	425	4	2
58.436	426	4	3
58.436	427	3	1
58.436	428	2	1
58.436	429	1	1
58.787	430	2	1
58.905	431	3	1
58.905	432	1	1
58.905	433	4	1
59.139	434	1	1
59.373	435	4	1
59.373	436	2	1
59.608	437	3	1
59.842	438	2	1
59.842	439	4	1
60.077	440	1	1
60.311	441	3	1
60.311	442	4	1
60.311	443	1	1
60.662	444	2	1
60.780	445	1	1
60.780	446	3	1
61.014	447	4	2
61.248	448	4	3
61.248	449	2	1
61.248	450	3	2
61.483	451	3	3
61.483	452	4	2
61.717	453	4	3
61.717	454	3	2
61.952	455	3	3
61.717	456	1	1
61.952	457	2	2
62.186	458	2	3
62.186	459	3	1
62.186	460	1	1
62.537	461	2	1
62.655	462	1	1
62.655	463	3	1
62.889	464	4	2
63.123	465	4	3
63.123	466	3	2
63.358	467	3	3
63.123	468	2	1
63.358	469	4	2
63.592	470	4	3
63.592	471	3	2
63.827	472	3	3
63.592	473	1	1
63.827	474	2	2
64.061	475	2	3
64.061	476	3	1
64.061	477	1	1
64.412	478	2	1
64.530	479	3	1
64.530	480	1	1
64.764	481	4	2
64.998	482	4	3
64.998	483	2	1
64.998	484	3	2
65.233	485	3	3
65.233	486	4	2
65.467	487	4	3
65.467	488	1	1
65.467	489	3	2
65.702	490	3	3
65.702	491	2	2
65.936	492	2	3
65.936	493	4	1
65.936	494	3	1
66.287	495	3	1
66.405	496	2	1
66.405	497	1	1
66.639	498	3	2
66.873	499	3	3
66.873	500	4	2
67.108	501	4	3
66.873	502	1	1
67.108	503	3	2
67.342	504	3	3
67.342	505	1	1
67.342	506	2	2
67.577	507	2	3
67.459	508	3	1
67.577	509	1	2
67.811	510	1	3
67.694	511	3	1
67.811	512	4	2
68.748	513	4	3
68.280	514	2	1
68.748	515	1	1
68.748	516	3	2
68.983	517	3	3
68.748	518	2	1
68.983	519	4	2
69.217	520	4	3
69.217	521	1	1
69.217	522	3	2
69.452	523	3	3
69.452	524	2	2
69.686	525	2	3
69.686	526	1	1
69.686	527	3	1
70.037	528	2	1
70.155	529	1	1
70.155	530	3	1
70.389	531	4	2
70.623	532	4	3
70.623	533	3	2
70.858	534	3	3
70.623	535	2	1
70.858	536	4	2
71.092	537	4	3
71.092	538	1	1
71.092	539	3	2
71.327	540	3	3
71.327	541	2	2
71.561	542	2	3
71.561	543	1	1
71.561	544	3	1
71.912	545	2	1
72.030	546	3	1
72.030	547	1	1
72.264	548	4	2
72.498	549	4	3
72.498	550	1	2
72.733	551	1	3
72.498	552	3	1
72.733	553	2	2
72.967	554	2	3
72.967	555	1	1
72.967	556	3	2
73.202	557	3	3
73.202	558	4	2
73.436	559	4	3
73.436	560	3	1
73.787	561	3	1
74.139	562	2	1
74.373	563	4	1
74.608	564	3	1
74.842	565	2	1
75.077	566	1	1
75.311	567	2	1
75.780	568	2	1
76.014	569	4	1
76.248	570	3	1
76.483	571	3	1
76.717	572	2	1
76.952	573	1	1
77.186	574	2	1
77.655	575	2	1
77.889	576	3	1
78.123	577	4	1
78.358	578	3	1
78.592	579	2	1
78.827	580	1	1
79.061	581	2	1
79.530	582	2	1
79.764	583	4	1
79.998	584	2	1
80.233	585	2	1
80.467	586	3	1
80.702	587	1	1
80.936	588	2	1
81.405	589	2	1
81.639	590	3	1
81.873	591	4	1
82.108	592	3	1
82.342	593	4	1
82.577	594	3	1
82.811	595	2	1
83.280	596	1	1
83.280	597	2	1
83.514	598	4	1
83.748	599	3	1
83.983	600	3	1
84.217	601	4	1
84.217	602	2	1
84.452	603	1	1
84.686	604	2	1
85.155	605	2	1
85.155	606	1	1
85.389	607	3	1
85.623	608	4	1
85.858	609	3	1
86.092	610	2	1
86.092	611	4	1
86.327	612	1	1
86.561	613	2	1
87.030	614	2	1
87.264	615	4	1
87.498	616	2	1
87.733	617	2	1
87.967	618	3	1
88.202	619	1	1
88.436	620	2	1
88.905	621	2	1
89.139	622	3	1
89.373	623	4	1
89.608	624	4	1
89.725	625	2	1
89.842	626	3	1
89.842	627	1	1
90.077	628	2	1
90.311	629	3	1
90.311	630	1	1
90.662	631	2	1
90.780	632	3	1
90.780	633	1	1
91.014	634	4	2
91.248	635	4	3
91.248	636	3	2
91.483	637	3	3
91.248	638	2	1
91.483	639	4	2
91.717	640	4	3
91.717	641	3	2
91.952	642	3	3
91.717	643	1	1
91.952	644	2	2
92.186	645	2	3
92.186	646	3	1
92.186	647	1	1
92.537	648	2	1
92.655	649	1	1
92.655	650	3	1
92.889	651	4	2
93.123	652	4	3
93.123	653	2	1
93.123	654	3	2
93.358	655	3	3
93.358	656	4	2
93.592	657	4	3
93.592	658	1	1
93.592	659	3	2
93.827	660	3	3
93.827	661	2	2
94.061	662	2	3
94.061	663	3	1
94.061	664	1	1
94.412	665	2	1
94.530	666	1	1
94.530	667	3	1
94.764	668	4	2
94.998	669	4	3
94.998	670	3	2
95.233	671	3	3
94.998	672	2	1
95.233	673	4	2
95.467	674	4	3
95.467	675	1	1
95.467	676	3	2
95.702	677	3	3
95.702	678	2	2
95.936	679	2	3
95.936	680	3	1
95.936	681	4	1
96.287	682	3	1
96.405	683	1	1
96.405	684	2	1
96.639	685	3	2
96.873	686	3	3
96.873	687	4	2
97.108	688	4	3
96.873	689	1	1
97.108	690	3	2
97.342	691	3	3
97.342	692	2	2
97.577	693	2	3
97.342	694	1	1
97.459	695	3	1
97.577	696	1	2
97.811	697	1	3
97.694	698	3	1
97.811	699	4	1
97.811	700	2	1
98.162	701	2	1
98.280	702	3	1
98.280	703	1	1
98.514	704	4	2
98.748	705	4	3
98.748	706	2	1
98.748	707	3	2
98.983	708	3	3
98.983	709	4	2
99.217	710	4	3
99.217	711	1	1
99.217	712	3	2
99.452	713	3	3
99.452	714	2	2
99.686	715	2	3
99.686	716	1	1
99.686	717	3	1
100.037	718	2	1
100.155	719	1	1
100.155	720	3	1
100.389	721	4	2
100.623	722	4	3
100.623	723	3	2
100.858	724	3	3
100.623	725	2	1
100.858	726	4	2
101.092	727	4	3
101.092	728	3	2
101.327	729	3	3
101.092	730	1	1
101.327	731	2	2
101.561	732	2	3
101.561	733	1	1
101.561	734	3	1
101.912	735	2	1
102.030	736	3	1
102.030	737	1	1
102.264	738	4	2
102.498	739	4	3
102.498	740	1	2
102.733	741	1	3
102.498	742	3	1
102.733	743	2	2
102.967	744	2	3
102.967	745	3	2
103.202	746	3	3
102.967	747	1	1
103.202	748	4	2
103.436	749	4	3
103.436	750	3	1
103.787	751	3	1
104.139	752	2	1
104.373	753	4	1
104.608	754	3	1
104.842	755	2	1
105.077	756	1	1