Song Name	Oyasmy by seatrus
Title	Oyasmy
Artist	seatrus
Description	Track 3 from seatrus's 3:00 AM EP. What are you doing up so late...? Good Night! Map by doofyplayer.
Difficulty	20
Primary Color	Flow
Secondary Color	Beat
Cover Image ID	13329240063
Audio Asset ID	rbxassetid://12772660577
Audio File	12772660577.ogg
Last Note Time	136.622
Total Notes	1219
Fever Fill	316
Fever Time	20.493300
Long Notes	271
BPM	156
Song Length	137.622000000

Timing Points
3.064	384.615385


Song Data
3.064	1	1	1
3.193	2	2	1
3.321	3	3	1
3.449	4	2	1
3.577	5	3	1
3.705	6	4	1
3.834	7	2	1
3.962	8	1	1
4.090	9	3	1
4.218	10	2	1
4.346	11	4	1
4.475	12	3	1
4.603	13	1	1
4.731	14	2	1
4.859	15	3	1
4.987	16	2	1
5.116	17	3	1
5.244	18	4	1
5.372	19	2	1
5.500	20	1	1
5.628	21	3	1
5.757	22	2	1
5.885	23	4	1
6.013	24	3	1
6.141	25	1	1
6.269	26	2	1
6.398	27	3	1
6.526	28	2	1
6.654	29	3	1
6.782	30	4	1
6.910	31	2	1
7.039	32	1	1
7.167	33	3	1
7.295	34	2	1
7.423	35	4	1
7.551	36	3	1
7.680	37	1	1
7.808	38	2	1
7.936	39	3	1
8.064	40	2	1
8.193	41	3	1
8.321	42	4	1
8.449	43	2	1
8.577	44	1	1
8.705	45	3	1
8.834	46	2	2
8.962	47	2	3
8.962	48	4	2
9.090	49	4	3
9.090	50	3	2
9.218	51	3	3
9.218	52	1	1
9.218	53	2	1
9.475	54	3	1
9.731	55	2	1
9.987	56	4	1
10.500	57	1	1
10.628	58	2	1
10.757	59	4	1
11.013	60	3	1
11.269	61	2	1
11.526	62	1	1
12.039	63	2	1
12.295	64	3	1
12.551	65	2	1
12.808	66	1	1
12.936	67	3	1
13.064	68	4	1
13.321	69	3	1
13.577	70	2	1
13.834	71	1	1
14.475	72	2	1
14.603	73	3	1
14.987	74	1	1
15.116	75	2	1
15.244	76	3	1
15.372	77	1	1
15.372	78	4	1
15.628	79	3	1
15.885	80	2	1
16.141	81	1	2
16.782	82	1	3
16.782	83	2	1
16.910	84	4	1
17.167	85	3	1
17.423	86	2	1
17.680	87	1	2
18.321	88	1	3
18.321	89	3	1
18.449	90	1	1
18.705	91	2	1
18.962	92	3	1
19.218	93	4	2
19.987	94	4	3
19.987	95	1	1
20.116	96	3	1
20.244	97	2	1
20.372	98	1	1
20.500	99	4	1
20.628	100	3	1
20.757	101	2	1
20.757	102	1	1
21.013	103	1	1
21.013	104	4	1
21.269	105	3	1
21.269	106	2	1
21.526	107	3	1
21.526	108	4	2
21.910	109	4	3
21.910	110	2	2
22.295	111	2	3
21.910	112	1	1
22.295	113	3	2
22.680	114	3	3
22.295	115	4	1
22.680	116	1	2
23.064	117	1	3
22.680	118	2	1
23.064	119	4	2
23.449	120	4	3
23.064	121	3	1
23.449	122	1	1
23.449	123	2	2
23.834	124	2	3
23.834	125	4	1
23.834	126	3	2
24.218	127	3	3
24.218	128	2	1
24.218	129	1	2
24.603	130	1	3
24.410	131	3	1
24.603	132	2	1
24.603	133	4	2
24.987	134	4	3
24.987	135	3	1
24.987	136	1	2
25.372	137	1	3
25.372	138	4	1
25.372	139	2	2
25.757	140	2	3
25.757	141	1	1
25.757	142	3	2
26.141	143	3	3
25.949	144	4	1
26.141	145	1	2
26.526	146	1	3
26.141	147	2	1
26.526	148	3	1
26.526	149	4	2
26.910	150	4	3
26.910	151	2	2
27.295	152	2	3
26.910	153	1	1
27.295	154	3	2
27.487	155	3	3
27.295	156	4	1
27.487	157	2	2
27.680	158	2	3
27.680	159	1	2
28.064	160	1	3
27.680	161	3	1
28.064	162	4	2
28.449	163	4	3
28.064	164	2	1
28.449	165	3	2
28.834	166	3	3
28.449	167	1	1
28.834	168	2	2
29.218	169	2	3
28.834	170	4	1
29.218	171	3	1
29.218	172	1	2
29.603	173	1	3
29.603	174	2	1
29.603	175	4	2
29.987	176	4	3
29.987	177	3	2
30.372	178	3	3
29.987	179	1	1
30.372	180	4	1
30.372	181	2	2
30.757	182	2	3
30.564	183	1	1
30.757	184	4	2
31.141	185	4	3
30.757	186	3	1
31.141	187	2	1
31.141	188	1	2
31.526	189	1	3
31.526	190	3	1
31.526	191	4	1
31.782	192	3	1
31.782	193	2	1
32.039	194	2	1
32.039	195	1	1
32.295	196	4	1
32.423	197	3	1
32.680	198	2	1
32.808	199	1	1
32.936	200	3	1
33.064	201	4	2
33.449	202	4	3
33.834	203	2	2
34.218	204	2	3
33.834	205	1	2
34.218	206	1	3
34.218	207	4	1
34.346	208	3	1
34.475	209	2	1
34.603	210	1	1
34.731	211	3	1
34.859	212	4	1
34.987	213	1	1
35.116	214	3	1
35.180	215	2	1
35.244	216	1	1
35.372	217	4	1
35.500	218	2	1
35.564	219	3	1
35.628	220	4	1
35.757	221	1	1
35.885	222	3	1
35.949	223	2	1
36.013	224	1	1
36.141	225	4	1
36.269	226	2	1
36.334	227	3	1
36.398	228	4	1
36.526	229	1	1
36.654	230	2	1
36.782	231	1	1
36.910	232	4	2
37.295	233	4	3
36.910	234	3	2
37.295	235	3	3
37.295	236	1	1
37.423	237	2	1
37.551	238	3	1
37.680	239	4	1
37.808	240	2	1
37.936	241	1	1
38.064	242	4	1
38.193	243	2	1
38.257	244	3	1
38.321	245	4	1
38.449	246	1	1
38.577	247	3	1
38.641	248	2	1
38.705	249	1	1
38.834	250	4	1
38.962	251	2	1
39.026	252	3	1
39.090	253	4	1
39.218	254	1	1
39.346	255	3	1
39.410	256	2	1
39.475	257	1	1
39.603	258	4	1
39.731	259	3	1
39.859	260	4	1
39.987	261	1	2
40.372	262	1	3
39.987	263	2	2
40.372	264	2	3
40.372	265	4	1
40.500	266	3	1
40.628	267	2	1
40.757	268	1	1
40.885	269	2	1
41.013	270	3	1
41.141	271	4	1
41.269	272	1	1
41.334	273	2	1
41.398	274	3	1
41.526	275	2	1
41.654	276	4	1
41.718	277	3	1
41.782	278	2	1
41.910	279	3	1
42.039	280	1	1
42.103	281	2	1
42.167	282	3	1
42.295	283	2	1
42.423	284	4	1
42.487	285	3	1
42.551	286	2	1
42.680	287	3	1
42.808	288	1	1
42.936	289	2	1
43.064	290	3	2
43.449	291	3	3
43.064	292	4	2
43.449	293	4	3
43.449	294	1	1
43.577	295	2	1
43.705	296	3	1
43.834	297	4	1
43.962	298	3	1
44.090	299	2	1
44.218	300	1	1
44.346	301	3	1
44.603	302	1	1
44.603	303	2	1
44.731	304	3	1
44.859	305	4	1
44.859	306	1	1
44.987	307	2	1
45.116	308	3	1
45.116	309	4	1
45.244	310	2	1
45.372	311	4	1
45.500	312	1	1
45.500	313	3	1
45.628	314	2	1
45.757	315	4	1
45.757	316	1	1
45.885	317	3	1
46.013	318	2	1
46.013	319	1	1
46.141	320	4	2
46.526	321	4	3
46.141	322	3	2
46.526	323	3	3
46.526	324	1	1
46.654	325	2	1
46.782	326	3	1
46.910	327	4	1
47.039	328	2	1
47.167	329	1	1
47.295	330	4	1
47.423	331	2	1
47.487	332	3	1
47.551	333	4	1
47.680	334	1	1
47.808	335	3	1
47.872	336	2	1
47.936	337	1	1
48.064	338	4	1
48.193	339	2	1
48.257	340	3	1
48.321	341	4	1
48.449	342	1	1
48.577	343	3	1
48.641	344	2	1
48.705	345	1	1
48.834	346	4	1
48.962	347	3	1
49.090	348	4	1
49.218	349	2	2
49.603	350	2	3
49.218	351	1	2
49.603	352	1	3
49.603	353	4	1
49.731	354	3	1
49.859	355	2	1
49.987	356	1	1
50.116	357	3	1
50.244	358	4	1
50.372	359	1	1
50.500	360	3	1
50.564	361	2	1
50.628	362	1	1
50.757	363	4	1
50.885	364	2	1
50.949	365	3	1
51.013	366	4	1
51.141	367	1	1
51.269	368	3	1
51.334	369	2	1
51.398	370	1	1
51.526	371	4	1
51.654	372	2	1
51.718	373	3	1
51.782	374	4	1
51.910	375	1	1
52.039	376	2	1
52.167	377	1	1
52.295	378	4	2
52.680	379	4	3
52.295	380	3	2
52.680	381	3	3
52.680	382	1	1
52.808	383	2	1
52.872	384	3	1
52.936	385	4	1
53.064	386	1	1
53.128	387	2	1
53.257	388	4	1
53.321	389	3	1
53.449	390	1	1
53.513	391	2	1
53.577	392	3	1
53.834	393	4	1
53.898	394	3	1
53.962	395	2	1
54.026	396	1	1
54.090	397	3	1
54.154	398	4	1
54.218	399	2	1
54.346	400	1	1
54.539	401	2	1
54.603	402	4	1
54.731	403	3	1
54.923	404	4	1
54.987	405	1	1
55.116	406	3	1
55.372	407	1	1
55.372	408	2	1
55.500	409	3	1
55.628	410	4	1
55.757	411	1	1
55.757	412	3	1
55.885	413	2	1
56.013	414	4	1
56.141	415	2	1
56.141	416	3	1
56.269	417	1	1
56.398	418	3	1
56.526	419	1	1
56.526	420	4	1
56.654	421	2	1
56.782	422	1	1
56.910	423	4	1
56.910	424	3	1
57.039	425	2	1
57.167	426	1	1
57.295	427	4	1
57.295	428	2	1
57.423	429	3	1
57.551	430	1	1
57.680	431	3	1
57.680	432	2	1
57.808	433	4	1
57.936	434	2	1
58.064	435	1	1
58.064	436	4	1
58.193	437	3	1
58.321	438	4	1
58.449	439	1	2
59.987	440	1	3
58.449	441	2	1
59.218	442	2	1
59.346	443	3	1
59.475	444	4	1
59.603	445	2	1
59.731	446	3	1
59.859	447	2	1
59.987	448	4	1
60.116	449	3	1
60.244	450	2	1
60.372	451	1	1
60.500	452	4	1
60.628	453	3	1
60.757	454	2	1
60.885	455	1	1
61.013	456	4	1
61.141	457	3	1
61.269	458	2	1
61.398	459	1	1
61.526	460	4	1
61.910	461	3	1
62.039	462	2	1
62.167	463	1	1
62.295	464	4	1
62.680	465	3	1
62.936	466	2	1
63.064	467	3	1
63.449	468	1	1
63.577	469	2	1
63.705	470	3	1
63.834	471	4	1
64.218	472	3	1
64.346	473	2	1
64.475	474	1	1
64.603	475	4	1
64.987	476	2	1
65.116	477	1	1
65.244	478	3	1
65.372	479	2	1
65.757	480	3	1
65.885	481	4	1
66.013	482	3	1
66.141	483	2	1
66.398	484	1	1
66.526	485	2	1
66.654	486	3	1
66.782	487	4	1
66.910	488	2	1
67.551	489	1	1
67.680	490	3	1
67.936	491	1	1
68.064	492	2	1
68.193	493	3	1
68.321	494	4	1
68.449	495	3	1
68.705	496	2	1
68.962	497	1	1
69.218	498	3	1
69.475	499	2	1
69.603	500	1	1
69.731	501	3	1
69.859	502	4	1
69.987	503	2	1
70.244	504	3	1
70.500	505	1	1
70.628	506	2	1
70.757	507	4	1
71.013	508	3	1
71.141	509	3	1
71.782	510	4	2
72.039	511	4	3
72.039	512	2	2
72.295	513	2	3
72.295	514	1	1
72.423	515	3	1
72.551	516	2	1
72.680	517	3	1
72.808	518	4	1
72.936	519	2	1
73.064	520	3	1
73.193	521	2	1
73.321	522	1	1
73.449	523	4	1
73.577	524	3	1
73.705	525	2	1
73.834	526	4	1
74.090	527	1	1
74.218	528	2	1
74.346	529	3	1
74.475	530	2	1
74.603	531	4	1
74.859	532	2	1
74.987	533	3	1
75.116	534	1	1
75.244	535	4	1
75.372	536	2	1
75.757	537	3	1
76.141	538	2	1
76.269	539	4	1
76.398	540	3	1
76.526	541	2	1
76.654	542	1	1
76.782	543	3	1
76.910	544	2	1
77.039	545	1	1
77.167	546	3	1
77.295	547	2	1
77.423	548	4	1
77.551	549	3	1
77.680	550	2	1
77.808	551	4	1
77.936	552	2	1
78.064	553	3	1
78.193	554	1	1
78.321	555	2	1
78.449	556	4	1
79.987	557	2	1
79.987	558	1	2
80.372	559	1	3
80.372	560	4	1
80.372	561	3	2
80.757	562	3	3
80.757	563	2	2
81.141	564	2	3
80.757	565	1	1
81.141	566	3	1
81.141	567	4	2
81.526	568	4	3
81.526	569	2	1
81.526	570	1	2
81.910	571	1	3
81.910	572	3	2
82.295	573	3	3
81.910	574	4	1
82.295	575	2	2
82.680	576	2	3
82.295	577	1	1
82.680	578	4	2
83.064	579	4	3
82.680	580	3	1
82.872	581	2	1
83.064	582	1	2
83.449	583	1	3
83.064	584	3	1
83.449	585	2	1
83.449	586	4	2
83.834	587	4	3
83.834	588	3	2
84.218	589	3	3
83.834	590	1	1
84.218	591	2	2
84.603	592	2	3
84.218	593	4	1
84.410	594	1	1
84.603	595	3	1
84.603	596	4	2
84.987	597	4	3
84.987	598	2	1
84.987	599	1	2
85.372	600	1	3
85.372	601	4	1
85.372	602	3	2
85.757	603	3	3
85.757	604	1	1
85.757	605	2	2
85.949	606	2	3
85.949	607	3	2
86.141	608	3	3
86.141	609	4	2
86.526	610	4	3
86.141	611	2	1
86.526	612	3	1
86.526	613	1	2
86.910	614	1	3
86.910	615	2	2
87.295	616	2	3
86.910	617	4	1
87.295	618	3	2
87.680	619	3	3
87.295	620	1	1
87.680	621	2	1
87.680	622	4	2
88.064	623	4	3
88.064	624	1	2
88.449	625	1	3
88.064	626	3	1
88.449	627	4	1
88.449	628	2	2
88.834	629	2	3
88.834	630	1	1
88.834	631	3	2
89.218	632	3	3
89.026	633	4	1
89.218	634	2	1
89.218	635	1	2
89.603	636	1	3
89.603	637	4	2
89.987	638	4	3
89.603	639	3	1
89.987	640	2	1
89.987	641	1	1
90.244	642	3	1
90.244	643	2	1
90.500	644	3	1
90.500	645	4	1
90.757	646	2	1
90.885	647	1	1
91.013	648	4	1
91.141	649	3	1
91.269	650	2	1
91.398	651	1	1
91.526	652	4	2
91.654	653	4	3
91.654	654	3	2
91.782	655	3	3
91.782	656	2	2
91.910	657	2	3
91.910	658	1	2
92.039	659	1	3
92.039	660	3	2
92.167	661	3	3
92.167	662	2	2
92.295	663	2	3
92.295	664	4	2
92.551	665	4	3
92.295	666	3	1
92.551	667	1	2
92.680	668	1	3
92.680	669	2	2
92.808	670	2	3
92.808	671	3	2
92.936	672	3	3
92.936	673	4	2
93.064	674	4	3
93.064	675	2	1
93.064	676	1	2
93.321	677	1	3
93.321	678	4	2
93.449	679	4	3
93.449	680	3	2
93.577	681	3	3
93.577	682	1	2
93.705	683	1	3
93.705	684	2	2
93.834	685	2	3
93.834	686	4	1
93.834	687	3	2
94.090	688	3	3
94.090	689	1	2
94.218	690	1	3
94.218	691	2	2
94.346	692	2	3
94.346	693	4	2
94.475	694	4	3
94.475	695	3	2
94.603	696	3	3
94.603	697	2	1
94.603	698	1	2
94.859	699	1	3
94.859	700	4	2
94.987	701	4	3
94.987	702	3	2
95.116	703	3	3
95.116	704	2	2
95.244	705	2	3
95.244	706	1	2
95.372	707	1	3
95.372	708	4	2
95.628	709	4	3
95.372	710	3	1
95.628	711	2	2
95.757	712	2	3
95.757	713	1	2
95.885	714	1	3
95.885	715	3	2
96.013	716	3	3
96.013	717	4	2
96.141	718	4	3
96.141	719	2	1
96.141	720	1	1
96.398	721	2	1
96.398	722	3	1
96.654	723	3	1
96.654	724	4	1
96.782	725	2	1
96.910	726	4	1
96.910	727	1	1
97.167	728	3	1
97.167	729	4	1
97.423	730	1	1
97.423	731	2	1
97.680	732	3	2
97.808	733	3	3
97.680	734	1	1
97.808	735	4	2
97.936	736	4	3
97.936	737	2	2
98.064	738	2	3
98.064	739	1	2
98.193	740	1	3
98.193	741	3	2
98.321	742	3	3
98.321	743	4	2
98.449	744	4	3
98.449	745	1	2
98.705	746	1	3
98.449	747	2	1
98.705	748	3	2
98.834	749	3	3
98.834	750	2	2
98.962	751	2	3
98.962	752	4	2
99.090	753	4	3
99.090	754	1	2
99.218	755	1	3
99.218	756	4	1
99.218	757	3	2
99.475	758	3	3
99.475	759	2	2
99.603	760	2	3
99.603	761	1	2
99.731	762	1	3
99.731	763	4	2
99.859	764	4	3
99.859	765	3	2
99.987	766	3	3
99.987	767	1	1
99.987	768	2	2
100.244	769	2	3
100.244	770	4	2
100.372	771	4	3
100.372	772	3	2
100.500	773	3	3
100.500	774	1	2
100.628	775	1	3
100.628	776	2	2
100.757	777	2	3
100.757	778	4	2
100.885	779	4	3
100.885	780	3	2
101.013	781	3	3
101.013	782	2	2
101.141	783	2	3
101.141	784	1	2
101.269	785	1	3
101.269	786	3	2
101.398	787	3	3
101.398	788	2	2
101.526	789	2	3
101.526	790	3	1
101.526	791	4	2
101.910	792	4	3
101.910	793	1	1
101.975	794	2	1
102.039	795	3	1
102.103	796	4	1
102.295	797	1	2
102.680	798	1	3
102.295	799	2	1
102.680	800	4	1
102.744	801	3	1
102.808	802	2	1
102.872	803	1	1
103.064	804	3	1
103.064	805	4	2
103.449	806	4	3
103.449	807	1	1
103.513	808	2	1
103.577	809	3	1
103.641	810	4	1
103.834	811	1	1
103.834	812	2	1
104.090	813	3	1
104.090	814	2	1
104.346	815	4	1
104.346	816	3	1
104.603	817	2	1
104.603	818	1	2
104.859	819	1	3
104.859	820	4	2
104.987	821	4	3
104.987	822	3	2
105.116	823	3	3
105.116	824	1	2
105.244	825	1	3
105.244	826	2	2
105.372	827	2	3
105.372	828	4	1
105.372	829	3	2
105.628	830	3	3
105.628	831	2	2
105.757	832	2	3
105.757	833	1	2
105.885	834	1	3
105.885	835	4	2
106.013	836	4	3
106.013	837	3	2
106.141	838	3	3
106.141	839	2	2
106.398	840	2	3
106.141	841	1	1
106.398	842	4	2
106.526	843	4	3
106.526	844	3	2
106.654	845	3	3
106.654	846	2	2
106.782	847	2	3
106.782	848	1	2
106.910	849	1	3
106.910	850	4	2
107.167	851	4	3
106.910	852	3	1
107.167	853	2	2
107.295	854	2	3
107.295	855	1	2
107.423	856	1	3
107.423	857	3	2
107.551	858	3	3
107.551	859	4	2
107.680	860	4	3
107.680	861	1	1
107.680	862	2	2
108.064	863	2	3
108.064	864	4	1
108.128	865	3	1
108.193	866	2	1
108.257	867	1	1
108.449	868	4	1
108.449	869	3	1
108.705	870	2	1
108.705	871	3	1
108.962	872	1	1
108.962	873	2	1
109.218	874	4	1
109.218	875	3	1
109.475	876	2	1
109.475	877	3	1
109.731	878	1	1
109.731	879	2	1
109.987	880	4	1
109.987	881	1	2
110.372	882	1	3
110.372	883	3	1
110.372	884	2	2
110.757	885	2	3
110.757	886	3	1
110.757	887	4	2
110.885	888	4	3
110.885	889	2	2
111.013	890	2	3
111.013	891	1	2
111.141	892	1	3
111.141	893	4	2
111.269	894	4	3
111.141	895	3	1
111.269	896	2	2
111.398	897	2	3
111.398	898	1	2
111.526	899	1	3
111.526	900	3	1
111.526	901	4	2
111.654	902	4	3
111.654	903	2	2
111.782	904	2	3
111.782	905	1	2
111.910	906	1	3
111.910	907	3	1
111.910	908	4	2
112.039	909	4	3
112.039	910	2	2
112.167	911	2	3
112.167	912	1	2
112.295	913	1	3
112.295	914	4	2
112.423	915	4	3
112.295	916	3	1
112.423	917	2	2
112.551	918	2	3
112.551	919	3	2
112.680	920	3	3
112.680	921	1	1
112.680	922	4	2
112.808	923	4	3
112.808	924	2	2
112.936	925	2	3
112.936	926	3	2
113.064	927	3	3
113.064	928	4	2
113.193	929	4	3
113.064	930	1	1
113.193	931	2	2
113.321	932	2	3
113.321	933	3	2
113.449	934	3	3
113.449	935	4	2
113.577	936	4	3
113.449	937	1	1
113.577	938	2	2
113.705	939	2	3
113.705	940	3	2
113.834	941	3	3
113.834	942	1	2
113.962	943	1	3
113.834	944	4	1
113.962	945	3	2
114.090	946	3	3
114.090	947	4	2
114.218	948	4	3
114.218	949	2	1
114.218	950	1	2
114.346	951	1	3
114.346	952	3	2
114.475	953	3	3
114.475	954	4	2
114.603	955	4	3
114.603	956	1	2
114.731	957	1	3
114.603	958	2	1
114.731	959	3	2
114.859	960	3	3
114.859	961	4	2
114.987	962	4	3
114.987	963	2	1
114.987	964	1	2
115.116	965	1	3
115.116	966	3	2
115.244	967	3	3
115.244	968	2	2
115.372	969	2	3
115.372	970	3	1
115.372	971	4	2
115.757	972	4	3
116.141	973	3	1
116.141	974	4	1
116.269	975	1	1
116.269	976	2	1
116.526	977	4	1
116.526	978	3	1
116.782	979	2	1
116.782	980	1	1
116.910	981	3	1
116.910	982	4	2
117.167	983	4	3
117.167	984	2	1
117.295	985	3	1
117.295	986	1	2
117.423	987	1	3
117.423	988	4	2
117.551	989	4	3
117.551	990	3	2
117.680	991	3	3
117.680	992	2	1
117.680	993	1	2
117.936	994	1	3
117.936	995	4	2
118.064	996	4	3
118.064	997	3	2
118.193	998	3	3
118.193	999	1	2
118.321	1000	1	3
118.321	1001	2	2
118.449	1002	2	3
118.449	1003	4	1
118.449	1004	3	2
118.705	1005	3	3
118.705	1006	1	2
118.834	1007	1	3
118.834	1008	4	2
118.962	1009	4	3
118.962	1010	2	2
119.090	1011	2	3
119.090	1012	3	2
119.218	1013	3	3
119.218	1014	1	1
119.218	1015	2	2
119.475	1016	2	3
119.475	1017	4	2
119.603	1018	4	3
119.603	1019	3	2
119.731	1020	3	3
119.731	1021	1	2
119.859	1022	1	3
119.859	1023	2	2
119.987	1024	2	3
119.987	1025	3	1
119.987	1026	4	2
120.244	1027	4	3
120.244	1028	2	2
120.372	1029	2	3
120.372	1030	1	2
120.500	1031	1	3
120.500	1032	3	2
120.628	1033	3	3
120.628	1034	4	2
120.757	1035	4	3
120.757	1036	2	1
120.757	1037	1	1
121.013	1038	3	1
121.013	1039	2	1
121.269	1040	4	1
121.269	1041	3	1
121.526	1042	1	1
121.526	1043	4	1
121.782	1044	1	1
121.782	1045	2	1
122.039	1046	4	1
122.039	1047	3	1
122.295	1048	2	1
122.295	1049	4	2
122.423	1050	4	3
122.423	1051	3	2
122.551	1052	3	3
122.551	1053	2	2
122.680	1054	2	3
122.680	1055	1	2
122.808	1056	1	3
122.808	1057	3	2
122.936	1058	3	3
122.936	1059	4	2
123.064	1060	4	3
123.064	1061	1	2
123.193	1062	1	3
123.064	1063	2	1
123.193	1064	3	2
123.321	1065	3	3
123.321	1066	4	2
123.449	1067	4	3
123.449	1068	1	2
123.577	1069	1	3
123.449	1070	2	1
123.577	1071	3	2
123.705	1072	3	3
123.705	1073	4	2
123.834	1074	4	3
123.834	1075	2	1
123.834	1076	1	2
123.962	1077	1	3
123.962	1078	3	2
124.090	1079	3	3
124.090	1080	4	2
124.218	1081	4	3
124.218	1082	2	1
124.218	1083	1	2
124.346	1084	1	3
124.346	1085	3	2
124.475	1086	3	3
124.475	1087	4	2
124.603	1088	4	3
124.603	1089	2	1
124.603	1090	1	2
124.731	1091	1	3
124.731	1092	3	2
124.859	1093	3	3
124.859	1094	2	2
124.987	1095	2	3
124.987	1096	1	2
125.116	1097	1	3
124.987	1098	4	1
125.116	1099	3	2
125.244	1100	3	3
125.244	1101	2	2
125.372	1102	2	3
125.372	1103	4	1
125.372	1104	1	2
125.500	1105	1	3
125.500	1106	3	2
125.628	1107	3	3
125.628	1108	2	2
125.757	1109	2	3
125.757	1110	4	1
125.757	1111	1	2
125.885	1112	1	3
125.885	1113	3	2
126.013	1114	3	3
126.013	1115	2	2
126.141	1116	2	3
126.141	1117	4	2
126.269	1118	4	3
126.141	1119	1	1
126.269	1120	2	2
126.398	1121	2	3
126.398	1122	1	2
126.526	1123	1	3
126.526	1124	4	2
126.654	1125	4	3
126.526	1126	3	1
126.654	1127	2	2
126.782	1128	2	3
126.782	1129	1	2
126.910	1130	1	3
126.910	1131	3	1
126.910	1132	4	2
127.039	1133	4	3
127.039	1134	2	2
127.167	1135	2	3
127.167	1136	1	2
127.295	1137	1	3
127.295	1138	3	1
127.295	1139	4	2
127.423	1140	4	3
127.423	1141	2	2
127.551	1142	2	3
127.551	1143	3	2
127.680	1144	3	3
127.680	1145	1	2
127.808	1146	1	3
127.680	1147	2	1
127.808	1148	4	2
127.936	1149	4	3
127.936	1150	3	2
128.064	1151	3	3
128.064	1152	2	2
128.193	1153	2	3
128.193	1154	1	2
128.321	1155	1	3
128.321	1156	4	2
128.449	1157	4	3
128.449	1158	2	1
128.449	1159	1	1
128.577	1160	4	1
128.577	1161	3	1
128.705	1162	2	1
128.705	1163	1	1
128.834	1164	3	1
128.834	1165	4	1
128.962	1166	2	1
128.962	1167	1	1
129.090	1168	3	1
129.090	1169	4	1
129.218	1170	2	1
129.218	1171	1	1
129.346	1172	3	1
129.475	1173	4	1
129.603	1174	2	1
129.731	1175	1	1
129.859	1176	3	1
129.987	1177	4	1
130.116	1178	2	1
130.244	1179	3	1
130.372	1180	1	1
130.500	1181	2	1
130.628	1182	4	1
130.757	1183	1	1
130.885	1184	2	1
131.013	1185	3	1
131.141	1186	2	1
131.269	1187	3	1
131.398	1188	4	1
131.526	1189	2	1
131.654	1190	1	1
131.782	1191	3	1
131.910	1192	2	1
132.039	1193	4	1
132.167	1194	3	1
132.295	1195	1	1
132.423	1196	2	1
132.551	1197	3	1
132.680	1198	2	1
132.808	1199	3	1
132.936	1200	4	1
133.064	1201	2	1
133.193	1202	1	1
133.321	1203	3	1
133.449	1204	2	1
133.609	1205	4	1
133.769	1206	3	1
133.930	1207	1	1
134.122	1208	2	1
134.314	1209	3	1
134.507	1210	2	1
134.731	1211	3	1
134.955	1212	4	1
135.180	1213	1	1
135.436	1214	2	1
135.693	1215	3	1
135.949	1216	2	1
136.237	1217	4	1
136.558	1218	3	1
136.622	1219	4	1