Song Name	Pixel Galaxy by Snail's House
Difficulty	18
Primary Color	Flow
Secondary Color	Chill
Last Note Time	194.658
Total Notes	1691
Fever Fill	405
Fever Time	29.198700
Long Notes	476
BPM	150
Song Length	0.000000000

Timing Points
2.858	400.000000


Song Data
2.858	1	3	2
2.858	2	4	2
3.058	3	1	1
3.258	4	2	1
3.258	5	3	3
3.458	6	3	1
3.458	7	4	3
3.658	8	1	1
3.658	9	4	1
3.858	10	3	1
4.058	11	2	1
4.258	12	3	1
4.458	13	4	2
4.658	14	1	2
4.658	15	2	2
4.658	16	4	3
4.858	17	4	1
5.058	18	3	1
5.058	19	2	3
5.258	20	2	1
5.258	21	4	1
5.258	22	1	3
5.458	23	1	1
5.658	24	3	1
5.858	25	2	1
6.058	26	1	2
6.058	27	4	2
6.258	28	2	1
6.458	29	3	1
6.458	30	4	3
6.658	31	4	1
6.658	32	1	3
6.858	33	1	1
6.858	34	2	1
7.058	35	3	1
7.258	36	2	1
7.458	37	4	1
7.658	38	3	1
7.858	39	1	2
7.858	40	2	2
8.058	41	4	1
8.258	42	3	1
8.258	43	2	3
8.458	44	2	1
8.458	45	4	1
8.458	46	1	3
8.658	47	3	1
8.858	48	2	1
9.058	49	1	1
9.258	50	2	2
9.258	51	4	2
9.458	52	1	1
9.658	53	3	1
9.658	54	4	3
9.858	55	4	1
10.058	56	1	1
10.058	57	3	1
10.058	58	2	3
10.258	59	2	2
10.458	60	4	2
10.458	61	2	3
10.658	62	3	2
10.658	63	4	3
10.858	64	2	1
11.058	65	1	2
11.058	66	4	2
11.058	67	3	3
11.258	68	2	1
11.458	69	3	1
11.458	70	4	3
11.658	71	2	1
11.658	72	4	1
11.658	73	1	3
11.858	74	1	1
12.058	75	3	1
12.258	76	4	1
12.458	77	1	2
12.458	78	2	2
12.658	79	3	1
12.858	80	4	2
12.858	81	2	3
13.058	82	3	2
13.058	83	4	3
13.258	84	2	1
13.258	85	4	1
13.258	86	1	3
13.258	87	3	3
13.458	88	4	2
13.658	89	1	2
13.658	90	4	3
13.858	91	4	1
14.058	92	2	1
14.258	93	3	2
14.258	94	4	2
14.258	95	1	3
14.458	96	1	1
14.658	97	2	1
14.658	98	3	3
14.858	99	3	1
14.858	100	4	3
15.058	101	4	1
15.158	102	3	1
15.358	103	2	1
15.558	104	1	1
15.658	105	3	2
15.658	106	4	1
15.858	107	2	1
15.858	108	3	3
15.958	109	4	1
16.058	110	1	1
16.158	111	3	1
16.258	112	4	1
16.458	113	2	1
16.658	114	4	2
16.858	115	1	1
16.858	116	4	3
16.958	117	4	1
17.058	118	3	1
17.258	119	1	2
17.458	120	4	2
17.458	121	1	3
17.658	122	3	1
17.658	123	4	3
17.758	124	2	1
17.858	125	4	1
18.058	126	1	1
18.258	127	4	1
18.358	128	1	1
18.458	129	2	1
18.558	130	4	1
18.658	131	3	1
18.858	132	4	2
19.058	133	1	1
19.158	134	3	1
19.158	135	4	3
19.258	136	2	1
19.458	137	4	1
19.658	138	1	1
19.858	139	3	2
19.858	140	4	2
20.058	141	2	1
20.058	142	3	3
20.058	143	4	3
20.258	144	1	1
20.458	145	4	1
20.658	146	2	2
20.758	147	3	1
20.858	148	1	2
20.858	149	2	3
21.058	150	4	2
21.058	151	1	3
21.258	152	2	2
21.258	153	4	3
21.458	154	3	2
21.458	155	2	3
21.658	156	4	2
21.658	157	3	3
21.858	158	2	2
21.858	159	4	3
22.058	160	3	2
22.058	161	2	3
22.258	162	2	1
22.258	163	3	3
22.358	164	1	1
22.458	165	3	1
22.558	166	4	1
22.658	167	2	1
22.858	168	1	1
23.058	169	4	2
23.258	170	2	1
23.258	171	4	3
23.358	172	4	1
23.458	173	3	1
23.658	174	1	2
23.858	175	4	2
23.858	176	1	3
24.058	177	3	1
24.058	178	4	3
24.158	179	2	1
24.258	180	1	1
24.458	181	3	1
24.658	182	2	1
24.758	183	4	1
24.858	184	1	1
24.958	185	2	1
25.058	186	3	1
25.258	187	1	2
25.458	188	4	1
25.458	189	1	3
25.558	190	2	1
25.658	191	1	1
25.858	192	3	1
26.058	193	2	1
26.258	194	1	2
26.258	195	4	2
26.458	196	3	1
26.458	197	1	3
26.458	198	4	3
26.658	199	2	1
26.858	200	3	2
27.058	201	1	1
27.058	202	3	3
27.158	203	4	1
27.258	204	2	1
27.458	205	4	1
27.658	206	1	1
27.858	207	3	1
27.958	208	2	1
28.058	209	4	1
28.158	210	1	1
28.258	211	2	1
28.358	212	3	1
28.458	213	1	1
28.458	214	4	2
28.758	215	2	1
28.758	216	4	3
28.958	217	2	1
29.058	218	4	1
29.258	219	1	1
29.258	220	3	1
29.458	221	2	2
29.658	222	3	2
29.658	223	2	3
29.758	224	1	1
29.858	225	4	2
29.858	226	3	3
30.058	227	1	2
30.058	228	4	3
30.258	229	4	1
30.558	230	2	1
30.558	231	1	3
30.658	232	4	1
30.758	233	3	1
30.858	234	1	1
30.858	235	2	2
31.058	236	4	2
31.058	237	2	3
31.158	238	1	1
31.258	239	3	2
31.258	240	4	3
31.358	241	2	1
31.458	242	4	1
31.458	243	3	3
31.658	244	1	1
31.658	245	2	2
31.858	246	4	2
31.858	247	2	3
31.958	248	3	1
32.058	249	1	2
32.058	250	4	3
32.258	251	2	2
32.258	252	1	3
32.458	253	3	1
32.458	254	4	1
32.458	255	2	3
32.658	256	1	2
32.658	257	4	2
32.858	258	2	2
32.858	259	1	3
32.858	260	4	3
33.058	261	3	2
33.058	262	2	3
33.258	263	1	1
33.258	264	3	3
33.458	265	2	1
33.458	266	4	2
33.558	267	3	1
33.658	268	1	2
33.658	269	4	3
33.858	270	2	1
33.858	271	1	3
33.958	272	3	1
34.058	273	1	1
34.058	274	4	2
34.258	275	2	2
34.258	276	4	3
34.458	277	3	2
34.458	278	2	3
34.558	279	4	1
34.658	280	2	1
34.658	281	3	3
34.858	282	1	2
34.858	283	4	2
35.058	284	2	2
35.058	285	1	3
35.058	286	4	3
35.158	287	3	1
35.258	288	4	2
35.258	289	2	3
35.358	290	3	1
35.458	291	1	2
35.458	292	4	3
35.658	293	2	1
35.658	294	4	1
35.658	295	1	3
35.858	296	1	2
35.858	297	4	2
36.058	298	2	2
36.058	299	1	3
36.058	300	4	3
36.158	301	4	1
36.258	302	3	2
36.258	303	2	3
36.458	304	1	1
36.658	305	2	1
36.658	306	4	2
36.658	307	3	3
36.958	308	1	1
37.058	309	2	1
37.058	310	4	3
37.158	311	3	1
37.258	312	1	1
37.258	313	4	1
37.458	314	3	2
37.558	315	1	1
37.658	316	2	2
37.658	317	3	3
37.758	318	3	1
37.858	319	4	2
37.858	320	2	3
38.058	321	1	2
38.058	322	2	1
38.058	323	4	3
38.358	324	3	1
38.458	325	4	2
38.458	326	1	3
38.658	327	1	1
38.658	328	2	2
38.658	329	4	3
38.858	330	3	1
38.858	331	4	1
38.858	332	2	3
39.058	333	1	2
39.058	334	2	2
39.258	335	4	2
39.258	336	1	3
39.258	337	2	3
39.458	338	1	1
39.658	339	3	1
39.858	340	1	2
39.858	341	2	1
40.358	342	2	1
40.358	343	1	3
40.358	344	4	3
40.458	345	3	1
40.458	346	4	1
40.658	347	1	1
40.758	348	2	1
40.858	349	4	1
40.958	350	3	1
41.058	351	2	1
41.158	352	1	1
41.258	353	3	1
41.258	354	4	2
41.558	355	2	1
41.658	356	3	1
41.658	357	4	3
41.758	358	1	1
41.858	359	4	1
42.058	360	2	1
42.258	361	3	1
42.458	362	1	2
42.558	363	3	1
42.658	364	4	2
42.658	365	1	3
42.758	366	2	1
42.858	367	3	2
42.858	368	4	3
43.058	369	1	1
43.258	370	4	1
43.258	371	3	3
43.358	372	2	1
43.458	373	3	1
43.658	374	4	2
43.858	375	3	2
43.858	376	4	3
44.058	377	1	2
44.058	378	3	3
44.158	379	2	1
44.258	380	3	1
44.258	381	1	3
44.358	382	4	1
44.458	383	2	2
44.658	384	3	2
44.658	385	2	3
44.758	386	1	1
44.858	387	4	2
44.858	388	3	3
45.058	389	1	2
45.058	390	4	3
45.158	391	3	1
45.258	392	2	1
45.258	393	1	3
45.458	394	3	2
45.458	395	4	2
45.658	396	1	2
45.658	397	3	3
45.658	398	4	3
45.758	399	4	1
45.858	400	2	2
45.858	401	1	3
45.958	402	4	1
46.058	403	3	1
46.058	404	2	3
46.258	405	3	2
46.358	406	1	1
46.458	407	4	2
46.458	408	3	3
46.558	409	2	1
46.658	410	1	2
46.658	411	4	3
46.758	412	3	1
46.858	413	2	1
46.858	414	4	1
46.858	415	1	3
47.058	416	1	1
47.158	417	3	1
47.258	418	2	1
47.358	419	4	1
47.458	420	2	1
47.558	421	3	1
47.658	422	1	2
47.658	423	4	1
47.858	424	2	1
48.058	425	3	1
48.258	426	2	2
48.258	427	4	1
48.258	428	1	3
48.458	429	3	1
48.658	430	1	1
48.858	431	3	2
48.858	432	4	2
48.858	433	2	3
49.058	434	1	2
49.058	435	3	3
49.258	436	2	1
49.458	437	3	1
49.658	438	2	1
49.858	439	3	1
49.858	440	1	3
50.058	441	1	1
50.058	442	4	3
50.258	443	2	2
50.458	444	3	2
50.458	445	2	3
50.658	446	4	2
50.658	447	3	3
50.858	448	1	2
50.858	449	2	2
50.858	450	4	3
51.058	451	3	1
51.258	452	4	2
51.258	453	1	3
51.458	454	1	1
51.458	455	3	2
51.458	456	2	3
51.458	457	4	3
51.658	458	4	1
51.858	459	2	2
52.058	460	4	2
52.058	461	2	3
52.058	462	3	3
52.258	463	3	1
52.458	464	1	1
52.758	465	3	1
52.958	466	2	1
53.058	467	1	1
53.258	468	2	1
53.258	469	3	1
53.258	470	4	3
53.658	471	1	1
53.658	472	3	1
53.658	473	4	1
54.058	474	3	2
54.058	475	4	2
54.658	476	1	1
54.658	477	3	3
54.658	478	4	3
54.858	479	3	2
54.858	480	4	1
55.058	481	2	2
55.258	482	1	1
55.258	483	2	3
55.258	484	3	3
55.458	485	4	1
55.858	486	1	2
55.858	487	4	2
56.358	488	2	1
56.358	489	1	3
56.358	490	4	3
56.458	491	3	1
56.458	492	4	1
56.758	493	1	1
56.958	494	3	1
57.058	495	2	1
57.258	496	1	2
57.258	497	4	2
57.658	498	4	3
57.858	499	3	1
57.858	500	4	1
58.058	501	2	1
58.058	502	4	1
58.258	503	3	2
58.258	504	4	2
58.258	505	1	3
58.458	506	1	1
58.458	507	3	3
58.458	508	4	3
58.658	509	2	1
58.858	510	1	1
58.958	511	4	1
59.058	512	2	2
59.058	513	3	2
59.258	514	1	1
59.458	515	4	1
59.458	516	2	3
59.458	517	3	3
59.558	518	3	1
59.658	519	1	1
59.658	520	2	1
59.858	521	4	1
59.958	522	2	1
60.058	523	3	2
60.158	524	1	1
60.258	525	4	1
60.258	526	3	3
60.358	527	2	1
60.458	528	3	2
60.458	529	4	2
61.058	530	2	1
61.058	531	3	3
61.058	532	4	3
61.258	533	1	1
61.258	534	4	1
61.558	535	4	1
61.858	536	2	1
62.258	537	2	2
62.258	538	4	2
62.758	539	1	1
62.758	540	2	3
62.758	541	4	3
62.858	542	3	1
62.858	543	4	1
63.058	544	2	1
63.258	545	4	1
63.458	546	1	1
63.658	547	2	2
63.658	548	3	2
64.258	549	1	2
64.258	550	3	3
64.858	551	4	2
64.858	552	2	3
65.358	553	1	3
65.458	554	1	1
65.458	555	4	3
65.558	556	2	1
65.658	557	3	1
65.858	558	2	1
66.058	559	3	1
66.058	560	4	1
66.258	561	1	2
66.258	562	2	2
66.458	563	4	1
66.658	564	3	1
66.658	565	1	3
66.658	566	2	3
66.858	567	1	2
66.858	568	4	2
67.458	569	2	1
67.458	570	1	3
67.458	571	4	3
67.658	572	3	1
67.658	573	4	1
67.858	574	1	2
68.058	575	2	2
68.058	576	1	3
68.258	577	4	2
68.258	578	2	3
68.458	579	3	2
68.458	580	4	3
68.658	581	1	1
68.658	582	4	2
69.158	583	1	1
69.158	584	3	3
69.158	585	4	3
69.258	586	3	1
69.258	587	4	2
69.458	588	2	2
69.458	589	4	3
69.558	590	1	1
69.658	591	3	2
69.658	592	2	3
69.758	593	4	1
69.858	594	2	1
69.858	595	3	3
70.058	596	1	2
70.058	597	4	2
70.258	598	3	2
70.258	599	4	3
70.458	600	2	2
70.458	601	3	3
70.658	602	3	2
70.658	603	1	3
70.658	604	2	3
70.858	605	1	1
70.858	606	4	1
70.858	607	3	3
71.058	608	3	2
71.058	609	4	2
71.258	610	2	2
71.258	611	3	3
71.258	612	4	3
71.458	613	4	2
71.458	614	2	3
71.658	615	1	1
71.658	616	4	3
71.758	617	2	1
71.858	618	3	2
71.858	619	4	2
72.058	620	1	1
72.258	621	2	1
72.358	622	1	1
72.358	623	3	3
72.358	624	4	3
72.458	625	3	1
72.458	626	4	1
72.658	627	2	2
72.758	628	2	3
72.958	629	4	1
73.058	630	3	1
73.258	631	1	2
73.258	632	2	2
73.458	633	3	1
73.658	634	4	1
73.858	635	3	2
73.858	636	1	3
74.258	637	1	2
74.458	638	4	2
74.458	639	1	3
74.458	640	2	3
74.658	641	1	2
75.058	642	2	2
75.058	643	3	3
75.058	644	4	3
75.558	645	4	1
75.558	646	1	3
75.558	647	2	3
75.658	648	1	1
75.658	649	2	1
75.858	650	3	2
76.058	651	2	2
76.058	652	3	3
76.258	653	4	2
76.258	654	2	3
76.458	655	1	2
76.458	656	3	2
76.458	657	4	3
76.858	658	4	2
77.058	659	2	2
77.058	660	3	3
77.058	661	4	3
77.458	662	3	2
77.658	663	4	2
77.658	664	1	3
77.658	665	3	3
78.058	666	1	1
78.058	667	2	3
78.258	668	3	2
78.458	669	2	2
78.458	670	3	3
78.458	671	4	3
78.558	672	4	1
78.658	673	1	2
78.658	674	2	3
78.758	675	2	1
78.858	676	3	2
78.858	677	4	1
78.858	678	1	3
79.058	679	2	2
79.058	680	3	3
79.258	681	1	1
79.258	682	4	2
79.258	683	2	3
79.458	684	3	2
79.458	685	4	3
79.658	686	1	2
79.658	687	2	2
79.658	688	3	3
80.258	689	4	1
80.258	690	1	3
80.258	691	2	3
80.458	692	1	1
80.458	693	2	2
80.658	694	4	2
80.658	695	2	3
80.858	696	3	1
80.858	697	4	3
81.058	698	1	2
81.258	699	2	1
81.458	700	3	2
81.458	701	4	2
81.458	702	1	3
81.958	703	1	1
81.958	704	3	3
81.958	705	4	3
82.058	706	3	2
82.058	707	4	1
82.258	708	2	2
82.258	709	3	3
82.358	710	4	1
82.458	711	1	2
82.458	712	2	3
82.558	713	3	1
82.658	714	4	2
82.658	715	1	3
82.858	716	1	2
82.858	717	2	2
82.858	718	4	3
83.058	719	4	2
83.058	720	2	3
83.258	721	3	2
83.258	722	4	3
83.458	723	2	2
83.458	724	1	3
83.458	725	3	3
83.658	726	3	1
83.658	727	4	1
83.858	728	3	2
83.858	729	4	2
83.858	730	2	3
84.058	731	1	2
84.058	732	3	3
84.058	733	4	3
84.258	734	2	2
84.258	735	1	3
84.458	736	4	1
84.458	737	2	3
84.558	738	3	1
84.658	739	1	2
84.658	740	2	2
85.058	741	3	1
85.058	742	1	3
85.058	743	2	3
85.158	744	2	1
85.258	745	1	2
85.258	746	4	1
85.458	747	3	2
85.458	748	1	3
85.558	749	2	1
85.658	750	4	2
85.658	751	3	3
85.758	752	1	1
85.858	753	2	1
85.858	754	4	3
85.958	755	3	1
86.058	756	1	2
86.058	757	4	2
86.258	758	2	2
86.258	759	1	3
86.458	760	3	2
86.458	761	2	3
86.658	762	1	1
86.658	763	3	3
86.658	764	4	3
86.858	765	3	2
86.858	766	4	1
87.058	767	2	1
87.058	768	3	3
87.158	769	4	1
87.458	770	1	1
87.658	771	3	1
87.858	772	1	2
87.858	773	4	2
88.258	774	3	1
88.358	775	2	1
88.358	776	1	3
88.358	777	4	3
88.458	778	1	1
88.458	779	4	2
88.658	780	2	2
88.658	781	4	3
88.858	782	3	1
88.858	783	2	3
89.058	784	1	1
89.258	785	2	2
89.258	786	4	2
89.458	787	1	1
89.658	788	3	2
89.658	789	4	3
89.858	790	1	2
89.858	791	3	3
90.258	792	3	1
90.258	793	2	3
90.458	794	4	2
90.858	795	1	3
91.058	796	3	2
91.058	797	4	3
91.458	798	2	2
91.458	799	3	3
91.658	800	1	1
91.658	801	4	1
91.658	802	2	3
91.858	803	1	2
91.858	804	3	2
92.058	805	2	2
92.058	806	3	3
92.258	807	4	1
92.258	808	2	3
92.458	809	2	2
92.458	810	3	2
92.458	811	1	3
93.058	812	1	1
93.058	813	2	3
93.058	814	3	3
93.258	815	2	1
93.258	816	4	2
93.458	817	3	2
93.458	818	4	3
93.658	819	1	1
93.658	820	3	3
93.858	821	2	2
94.258	822	3	2
94.258	823	4	2
94.258	824	2	3
94.758	825	1	1
94.758	826	3	3
94.758	827	4	3
94.858	828	3	2
94.858	829	4	1
95.058	830	2	2
95.058	831	3	3
95.158	832	4	1
95.258	833	1	2
95.258	834	2	3
95.358	835	3	1
95.458	836	4	2
95.458	837	1	3
95.658	838	1	2
95.658	839	2	2
95.658	840	4	3
95.858	841	4	2
95.858	842	2	3
96.058	843	3	2
96.058	844	4	3
96.258	845	2	2
96.258	846	3	3
96.458	847	3	1
96.458	848	4	1
96.458	849	1	3
96.458	850	2	3
96.658	851	3	2
96.658	852	4	2
96.858	853	2	2
96.858	854	3	3
96.858	855	4	3
97.058	856	1	2
97.058	857	2	3
97.258	858	4	1
97.358	859	2	1
97.458	860	3	2
97.458	861	4	2
97.458	862	1	3
97.958	863	1	1
97.958	864	3	3
97.958	865	4	3
98.058	866	3	1
98.058	867	4	1
98.258	868	4	2
98.458	869	1	2
98.458	870	4	3
98.558	871	3	1
98.658	872	2	1
98.658	873	1	3
98.858	874	3	2
98.858	875	4	2
99.058	876	1	1
99.058	877	4	3
99.258	878	2	2
99.458	879	1	2
99.458	880	2	3
99.658	881	2	1
99.858	882	4	2
99.858	883	3	3
100.058	884	3	1
100.058	885	4	3
100.258	886	2	2
100.658	887	3	2
100.658	888	4	2
100.658	889	1	3
100.658	890	2	3
101.058	891	2	1
101.158	892	1	1
101.158	893	3	3
101.158	894	4	3
101.258	895	3	1
101.258	896	4	2
101.458	897	2	1
101.458	898	4	3
101.658	899	3	1
101.858	900	1	1
102.058	901	2	2
102.058	902	3	2
102.258	903	4	1
102.458	904	1	2
102.458	905	2	3
102.658	906	4	2
102.658	907	1	3
103.058	908	2	1
103.058	909	3	3
103.258	910	1	2
103.658	911	3	1
103.658	912	1	3
103.858	913	2	1
103.858	914	4	3
103.958	915	3	1
104.058	916	4	1
104.158	917	1	1
104.258	918	3	1
104.358	919	2	1
104.458	920	1	1
104.458	921	4	2
104.658	922	3	2
104.658	923	4	3
104.858	924	1	1
104.858	925	2	2
104.858	926	3	3
105.058	927	3	2
105.058	928	2	3
105.258	929	1	2
105.258	930	4	1
105.258	931	3	3
105.458	932	2	1
105.458	933	1	3
105.558	934	4	1
105.658	935	1	1
105.758	936	3	1
105.858	937	4	1
106.058	938	2	1
106.258	939	4	2
106.458	940	1	1
106.458	941	4	3
106.558	942	4	1
106.658	943	3	1
106.858	944	1	2
107.058	945	4	2
107.058	946	1	3
107.258	947	3	1
107.258	948	4	3
107.358	949	2	1
107.458	950	4	1
107.658	951	1	1
107.858	952	4	1
107.958	953	1	1
108.058	954	2	1
108.158	955	4	1
108.258	956	3	1
108.458	957	4	2
108.658	958	1	1
108.758	959	3	1
108.758	960	4	3
108.858	961	2	1
109.058	962	4	1
109.258	963	1	1
109.458	964	3	2
109.458	965	4	2
109.658	966	2	1
109.658	967	3	3
109.658	968	4	3
109.858	969	1	1
110.058	970	4	1
110.258	971	2	2
110.358	972	3	1
110.458	973	1	2
110.458	974	2	3
110.658	975	4	2
110.658	976	1	3
110.858	977	2	2
110.858	978	4	3
111.058	979	3	2
111.058	980	2	3
111.258	981	4	2
111.258	982	3	3
111.458	983	2	2
111.458	984	4	3
111.658	985	3	2
111.658	986	2	3
111.858	987	2	1
111.858	988	3	3
111.958	989	1	1
112.058	990	3	1
112.158	991	4	1
112.258	992	2	1
112.458	993	1	1
112.658	994	4	2
112.858	995	2	1
112.858	996	4	3
112.958	997	4	1
113.058	998	3	1
113.258	999	1	2
113.458	1000	4	2
113.458	1001	1	3
113.658	1002	3	1
113.658	1003	4	3
113.758	1004	2	1
113.858	1005	1	1
114.058	1006	3	1
114.258	1007	2	1
114.358	1008	4	1
114.458	1009	1	1
114.558	1010	2	1
114.658	1011	3	1
114.858	1012	1	2
114.858	1013	4	1
115.058	1014	3	1
115.058	1015	1	3
115.158	1016	2	1
115.258	1017	4	1
115.458	1018	1	1
115.658	1019	3	1
115.858	1020	1	2
115.858	1021	4	2
116.058	1022	3	1
116.058	1023	1	3
116.058	1024	4	3
116.258	1025	2	1
116.458	1026	3	1
116.758	1027	4	1
116.858	1028	2	1
117.058	1029	4	1
117.258	1030	1	1
117.458	1031	3	1
117.558	1032	2	1
117.658	1033	4	1
117.758	1034	1	1
117.858	1035	2	1
117.958	1036	3	1
118.058	1037	1	1
118.058	1038	4	2
118.258	1039	2	1
118.358	1040	3	1
118.358	1041	4	3
118.458	1042	1	1
118.558	1043	2	1
118.658	1044	4	1
118.858	1045	1	1
118.858	1046	3	1
119.058	1047	2	2
119.258	1048	3	2
119.258	1049	4	1
119.258	1050	2	3
119.358	1051	1	1
119.458	1052	4	2
119.458	1053	3	3
119.658	1054	1	2
119.658	1055	4	3
119.858	1056	4	1
120.058	1057	3	1
120.158	1058	2	1
120.158	1059	1	3
120.258	1060	4	1
120.458	1061	2	2
120.658	1062	4	2
120.658	1063	2	3
120.758	1064	1	1
120.858	1065	3	2
120.858	1066	4	3
120.958	1067	2	1
121.058	1068	4	1
121.058	1069	3	3
121.258	1070	1	2
121.458	1071	4	2
121.458	1072	1	3
121.558	1073	2	1
121.658	1074	1	2
121.658	1075	3	1
121.658	1076	4	3
121.858	1077	2	2
121.858	1078	1	3
122.058	1079	3	1
122.058	1080	2	3
122.258	1081	1	2
122.258	1082	4	2
122.458	1083	2	2
122.458	1084	3	1
122.458	1085	1	3
122.458	1086	4	3
122.658	1087	4	1
122.658	1088	2	3
122.858	1089	1	1
123.058	1090	4	2
123.258	1091	1	2
123.258	1092	3	1
123.258	1093	4	3
123.458	1094	2	1
123.458	1095	1	3
123.658	1096	4	2
123.858	1097	2	2
123.858	1098	4	3
124.058	1099	1	1
124.058	1100	3	2
124.058	1101	2	3
124.258	1102	2	1
124.258	1103	3	3
124.358	1104	1	2
124.358	1105	4	2
124.658	1106	2	1
124.658	1107	1	3
124.658	1108	4	3
124.858	1109	3	1
124.858	1110	4	1
125.158	1111	1	1
125.258	1112	4	1
125.358	1113	3	1
125.458	1114	2	2
125.658	1115	3	1
125.658	1116	4	2
125.658	1117	2	3
125.858	1118	1	2
125.858	1119	4	3
126.058	1120	2	1
126.258	1121	4	2
126.258	1122	1	3
126.458	1123	1	1
126.458	1124	2	1
126.458	1125	4	3
126.558	1126	3	1
126.658	1127	4	1
126.858	1128	1	1
127.058	1129	2	2
127.158	1130	4	1
127.258	1131	1	1
127.258	1132	3	2
127.258	1133	2	3
127.358	1134	2	1
127.458	1135	4	2
127.458	1136	3	3
127.658	1137	1	2
127.658	1138	4	3
127.858	1139	3	1
127.958	1140	2	1
128.058	1141	3	2
128.058	1142	4	1
128.058	1143	1	3
128.258	1144	2	2
128.258	1145	3	3
128.458	1146	1	1
128.458	1147	2	3
128.658	1148	3	2
128.658	1149	4	2
128.858	1150	1	2
128.858	1151	2	1
128.858	1152	3	3
128.858	1153	4	3
129.058	1154	4	1
129.258	1155	3	1
129.458	1156	4	1
129.558	1157	2	1
129.658	1158	3	1
129.758	1159	2	1
129.858	1160	4	1
130.058	1161	2	1
130.058	1162	3	1
130.058	1163	1	3
130.258	1164	4	1
130.358	1165	1	1
130.458	1166	2	1
130.558	1167	4	1
130.658	1168	2	1
130.758	1169	3	1
130.858	1170	1	2
131.158	1171	3	1
131.258	1172	2	1
131.258	1173	1	3
131.358	1174	4	1
131.458	1175	3	1
131.658	1176	1	2
131.958	1177	3	1
132.058	1178	4	1
132.058	1179	1	3
132.158	1180	2	1
132.258	1181	3	1
132.458	1182	1	2
132.758	1183	4	1
132.858	1184	2	1
132.858	1185	1	3
132.958	1186	4	1
133.058	1187	3	1
133.258	1188	1	2
133.558	1189	2	1
133.658	1190	4	1
133.658	1191	1	3
133.758	1192	2	1
133.858	1193	3	1
134.058	1194	2	2
134.358	1195	1	1
134.458	1196	4	1
134.458	1197	2	3
134.558	1198	3	1
134.658	1199	1	1
134.858	1200	2	2
135.158	1201	4	1
135.258	1202	1	1
135.258	1203	2	3
135.358	1204	3	1
135.458	1205	4	1
135.658	1206	2	2
135.958	1207	1	1
136.058	1208	3	1
136.058	1209	2	3
136.158	1210	4	1
136.258	1211	1	1
136.458	1212	2	2
136.758	1213	4	1
136.858	1214	1	1
136.858	1215	2	3
136.958	1216	3	1
137.058	1217	2	1
137.258	1218	1	1
137.258	1219	4	2
137.558	1220	3	1
137.658	1221	1	1
137.658	1222	4	3
137.758	1223	2	1
137.858	1224	3	1
138.058	1225	4	2
138.358	1226	1	1
138.458	1227	3	1
138.458	1228	4	3
138.558	1229	2	1
138.658	1230	1	1
138.858	1231	4	2
139.158	1232	2	1
139.258	1233	3	1
139.258	1234	4	3
139.358	1235	1	1
139.458	1236	2	1
139.658	1237	4	2
139.958	1238	2	1
140.058	1239	1	1
140.058	1240	4	3
140.158	1241	3	1
140.258	1242	2	1
140.358	1243	4	1
140.458	1244	1	2
140.458	1245	3	2
140.658	1246	2	1
140.858	1247	4	2
140.858	1248	3	3
141.058	1249	2	2
141.058	1250	3	1
141.058	1251	1	3
141.058	1252	4	3
141.258	1253	4	1
141.458	1254	1	2
141.658	1255	3	1
141.658	1256	4	2
141.658	1257	1	3
141.658	1258	2	3
141.858	1259	2	1
142.058	1260	1	1
142.258	1261	2	1
142.458	1262	3	1
142.658	1263	2	1
142.858	1264	1	1
142.858	1265	3	1
142.858	1266	4	3
143.258	1267	1	1
143.258	1268	2	1
143.258	1269	4	1
143.658	1270	1	1
143.658	1271	2	1
143.658	1272	4	2
143.858	1273	3	2
144.258	1274	1	1
144.258	1275	3	3
144.258	1276	4	3
144.458	1277	3	2
144.458	1278	4	1
144.658	1279	1	2
144.658	1280	3	3
144.858	1281	2	1
144.858	1282	1	3
145.058	1283	4	2
145.258	1284	3	1
145.458	1285	1	2
145.458	1286	2	1
145.458	1287	4	3
145.658	1288	3	2
145.958	1289	4	1
145.958	1290	1	3
145.958	1291	3	3
146.058	1292	1	1
146.058	1293	2	2
146.258	1294	3	2
146.258	1295	2	3
146.358	1296	1	1
146.458	1297	4	2
146.458	1298	3	3
146.558	1299	2	1
146.658	1300	1	2
146.658	1301	4	3
146.858	1302	3	1
146.858	1303	4	2
146.858	1304	1	3
147.058	1305	2	2
147.258	1306	1	1
147.458	1307	3	2
147.458	1308	2	3
147.458	1309	4	3
147.658	1310	1	1
147.658	1311	2	1
147.858	1312	1	2
147.858	1313	2	2
147.858	1314	3	3
148.058	1315	4	2
148.058	1316	1	3
148.058	1317	2	3
148.258	1318	3	2
148.258	1319	4	3
148.458	1320	1	1
148.458	1321	3	3
148.558	1322	2	1
148.658	1323	3	2
148.658	1324	4	2
149.058	1325	2	1
149.058	1326	3	3
149.058	1327	4	3
149.158	1328	3	1
149.258	1329	1	1
149.258	1330	4	2
149.458	1331	2	2
149.458	1332	4	3
149.558	1333	3	1
149.658	1334	1	2
149.658	1335	2	3
149.758	1336	4	1
149.858	1337	3	1
149.858	1338	1	3
149.958	1339	2	1
150.058	1340	1	2
150.058	1341	4	1
150.258	1342	3	2
150.458	1343	2	2
150.458	1344	3	3
150.658	1345	4	1
150.658	1346	1	3
150.658	1347	2	3
150.858	1348	1	1
150.858	1349	3	1
151.058	1350	2	1
151.158	1351	1	1
151.458	1352	4	1
151.658	1353	2	1
151.858	1354	1	2
151.858	1355	4	2
152.258	1356	2	1
152.258	1357	1	3
152.258	1358	4	3
152.358	1359	3	1
152.458	1360	1	2
152.458	1361	4	1
152.658	1362	3	2
152.658	1363	1	3
152.858	1364	2	1
152.858	1365	3	3
153.058	1366	4	1
153.258	1367	1	2
153.258	1368	2	1
153.458	1369	2	2
153.858	1370	3	1
153.858	1371	4	2
153.858	1372	1	3
153.858	1373	2	3
154.058	1374	3	2
154.458	1375	1	2
154.458	1376	2	1
154.458	1377	3	3
154.458	1378	4	3
154.658	1379	2	2
155.058	1380	4	2
155.058	1381	2	3
155.258	1382	3	1
155.258	1383	4	3
155.458	1384	4	1
155.658	1385	2	1
155.658	1386	3	1
155.658	1387	1	3
155.858	1388	1	2
155.858	1389	4	2
156.058	1390	2	2
156.058	1391	1	3
156.258	1392	3	2
156.258	1393	2	3
156.458	1394	1	2
156.458	1395	2	1
156.458	1396	3	3
156.458	1397	4	3
156.658	1398	3	2
157.058	1399	4	1
157.058	1400	1	3
157.058	1401	3	3
157.258	1402	1	1
157.258	1403	2	1
157.458	1404	3	2
157.658	1405	2	2
157.658	1406	3	3
157.858	1407	4	2
157.858	1408	2	3
158.058	1409	3	2
158.058	1410	4	3
158.258	1411	1	1
158.258	1412	4	2
158.458	1413	2	2
158.458	1414	4	3
158.758	1415	1	1
158.758	1416	2	3
158.758	1417	3	3
158.858	1418	3	1
158.858	1419	4	2
159.058	1420	2	2
159.058	1421	4	3
159.158	1422	1	1
159.258	1423	3	2
159.258	1424	2	3
159.358	1425	4	1
159.458	1426	2	1
159.458	1427	3	3
159.658	1428	1	2
159.658	1429	4	1
159.858	1430	2	2
160.058	1431	4	1
160.258	1432	3	2
160.258	1433	1	3
160.258	1434	2	3
160.458	1435	1	1
160.458	1436	4	1
160.458	1437	3	3
160.658	1438	3	2
160.658	1439	4	2
160.858	1440	2	2
160.858	1441	3	3
160.858	1442	4	3
161.058	1443	4	2
161.058	1444	2	3
161.258	1445	1	1
161.258	1446	4	3
161.358	1447	2	1
161.458	1448	3	1
161.458	1449	4	2
161.658	1450	1	1
161.858	1451	2	1
161.958	1452	3	1
161.958	1453	4	3
162.058	1454	1	1
162.058	1455	4	1
162.258	1456	2	2
162.358	1457	2	3
162.558	1458	4	1
162.658	1459	3	1
162.858	1460	1	2
162.858	1461	2	2
163.058	1462	3	1
163.258	1463	4	1
163.458	1464	3	2
163.458	1465	1	3
163.858	1466	1	2
164.058	1467	4	2
164.058	1468	1	3
164.058	1469	2	3
164.258	1470	1	2
164.658	1471	2	2
164.658	1472	3	3
164.658	1473	4	3
165.158	1474	4	1
165.158	1475	1	3
165.158	1476	2	3
165.258	1477	1	1
165.258	1478	2	1
165.458	1479	3	2
165.658	1480	2	2
165.658	1481	3	3
165.858	1482	4	2
165.858	1483	2	3
166.058	1484	1	2
166.058	1485	3	2
166.058	1486	4	3
166.458	1487	4	2
166.658	1488	2	2
166.658	1489	3	3
166.658	1490	4	3
167.058	1491	3	2
167.258	1492	4	2
167.258	1493	1	3
167.258	1494	3	3
167.658	1495	1	1
167.658	1496	2	3
167.858	1497	3	2
168.058	1498	2	2
168.058	1499	3	3
168.058	1500	4	3
168.258	1501	1	2
168.258	1502	2	3
168.358	1503	2	1
168.458	1504	3	2
168.458	1505	4	1
168.458	1506	1	3
168.658	1507	2	2
168.658	1508	3	3
168.858	1509	1	1
168.858	1510	4	2
168.858	1511	2	3
169.058	1512	3	2
169.058	1513	4	3
169.258	1514	1	2
169.258	1515	2	1
169.258	1516	3	3
169.558	1517	4	1
169.758	1518	2	1
169.858	1519	4	1
170.058	1520	3	1
170.058	1521	1	3
170.258	1522	2	2
170.458	1523	4	2
170.458	1524	2	3
170.558	1525	3	1
170.758	1526	1	1
170.758	1527	4	3
170.858	1528	3	2
171.058	1529	2	2
171.058	1530	3	3
171.258	1531	3	2
171.258	1532	2	3
171.358	1533	1	1
171.458	1534	4	2
171.458	1535	3	3
171.658	1536	1	2
171.658	1537	4	3
171.858	1538	2	1
171.958	1539	4	1
172.058	1540	1	3
172.158	1541	2	1
172.258	1542	3	1
172.458	1543	4	1
172.658	1544	2	1
172.758	1545	4	1
172.958	1546	1	1
173.058	1547	2	1
173.258	1548	3	1
173.458	1549	1	2
173.458	1550	4	2
173.658	1551	2	1
173.658	1552	1	3
173.658	1553	4	3
173.858	1554	4	1
174.058	1555	3	1
174.258	1556	2	1
174.358	1557	1	1
174.558	1558	4	1
174.658	1559	3	1
174.858	1560	2	1
175.058	1561	4	1
175.258	1562	1	1
175.358	1563	2	1
175.458	1564	4	1
175.558	1565	3	1
175.658	1566	2	2
175.858	1567	4	1
175.858	1568	2	3
175.958	1569	1	1
176.158	1570	2	1
176.258	1571	3	1
176.458	1572	1	1
176.658	1573	4	2
176.858	1574	2	1
176.858	1575	4	3
176.958	1576	3	1
177.058	1577	4	1
177.258	1578	1	1
177.458	1579	2	2
177.658	1580	4	1
177.658	1581	2	3
177.758	1582	3	1
178.058	1583	1	1
178.258	1584	3	1
178.358	1585	2	1
178.558	1586	1	1
178.658	1587	4	1
178.858	1588	2	1
179.058	1589	3	1
179.158	1590	4	1
179.358	1591	1	1
179.458	1592	2	1
179.658	1593	3	1
179.858	1594	1	2
179.858	1595	4	2
180.058	1596	2	1
180.058	1597	1	3
180.058	1598	4	3
180.258	1599	4	1
180.458	1600	3	1
180.658	1601	1	1
180.758	1602	4	1
180.958	1603	2	1
181.058	1604	3	1
181.258	1605	1	1
181.458	1606	4	1
181.558	1607	2	1
181.658	1608	3	1
181.758	1609	1	1
181.858	1610	2	1
181.958	1611	3	1
182.058	1612	1	1
182.058	1613	4	1
182.858	1614	3	2
183.058	1615	1	2
183.058	1616	3	3
183.258	1617	2	1
183.258	1618	1	3
183.458	1619	4	2
183.858	1620	1	1
184.258	1621	4	3
184.458	1622	4	2
184.658	1623	3	2
184.658	1624	4	3
184.858	1625	1	2
184.858	1626	3	3
185.058	1627	2	2
185.058	1628	1	3
185.258	1629	3	2
185.258	1630	2	3
185.458	1631	4	2
185.658	1632	2	2
185.658	1633	3	3
185.658	1634	4	3
185.858	1635	1	2
185.858	1636	2	3
186.258	1637	1	3
186.458	1638	2	2
186.658	1639	4	2
186.658	1640	2	3
186.858	1641	4	3
187.058	1642	3	2
187.458	1643	1	2
187.458	1644	3	3
187.658	1645	2	2
187.658	1646	1	3
187.858	1647	4	2
187.858	1648	2	3
188.058	1649	3	2
188.058	1650	4	3
188.258	1651	2	2
188.258	1652	3	3
188.458	1653	1	2
188.458	1654	2	3
188.658	1655	3	2
188.658	1656	1	3
188.858	1657	4	2
188.858	1658	3	3
189.258	1659	1	2
189.258	1660	4	3
189.458	1661	3	1
189.458	1662	1	3
189.858	1663	3	1
190.258	1664	4	2
190.658	1665	2	2
190.658	1666	4	3
190.858	1667	3	2
190.858	1668	2	3
191.058	1669	1	1
191.058	1670	3	3
191.258	1671	2	1
191.458	1672	4	1
191.658	1673	1	1
191.858	1674	3	2
192.058	1675	1	2
192.058	1676	3	3
192.258	1677	2	2
192.258	1678	1	3
192.658	1679	1	1
192.658	1680	2	3
192.858	1681	4	2
193.258	1682	3	1
193.258	1683	4	3
193.658	1684	2	1
193.858	1685	4	1
194.058	1686	1	1
194.158	1687	3	1
194.358	1688	4	1
194.558	1689	2	1
194.658	1690	3	1
194.658	1691	4	1