Song Name	PLANET//SHAPER by Camellia
Difficulty	20
Primary Color	Beat
Secondary Color	Rush
Audio Asset ID	rbxassetid://9059199456
Audio File	9059199456.ogg
Last Note Time	189.352
Total Notes	1779
Fever Fill	520
Fever Time	28.402800
Long Notes	220
BPM	147
Song Length	190.352000000

Timing Points
-0.035	408.163265
45.679	408.163265
57.107	408.163265
58.740	408.163265
68.536	408.163265
71.801	408.163265
81.801	408.163265
84.862	408.163265
97.516	408.163265
124.046	408.163265
135.475	408.163265
137.107	408.163265
143.638	408.163265
150.169	408.163265
159.964	408.163265
163.230	408.163265
174.658	408.163265
176.291	408.163265
179.148	408.163265
179.556	408.163265
182.005	408.163265
182.822	408.163265
186.087	408.163265


Song Data
1.597	1	4	1
2.209	2	3	1
3.230	3	1	1
3.842	4	2	1
4.862	5	4	1
5.475	6	3	1
6.495	7	1	1
7.107	8	2	1
8.128	9	4	1
8.740	10	3	1
9.760	11	1	1
10.373	12	2	1
11.393	13	4	1
12.005	14	3	1
13.026	15	1	1
13.638	16	2	1
14.046	17	1	2
14.658	18	4	1
15.271	19	3	1
15.679	20	2	2
15.883	21	3	1
15.883	22	4	1
15.883	23	2	3
16.291	24	2	2
16.291	25	3	2
16.291	26	1	3
16.903	27	1	2
16.903	28	4	2
16.903	29	2	3
16.903	30	3	3
17.516	31	1	3
17.516	32	4	3
17.720	33	3	2
17.720	34	4	1
17.924	35	2	1
17.924	36	4	2
17.924	37	3	3
18.230	38	2	2
18.230	39	3	1
18.230	40	4	3
18.536	41	1	1
18.536	42	3	2
18.536	43	2	3
18.842	44	1	2
18.842	45	2	1
18.842	46	3	3
19.148	47	2	2
19.148	48	3	1
19.148	49	1	3
19.556	50	3	2
19.556	51	4	1
19.556	52	2	3
19.760	53	4	1
19.760	54	3	3
19.862	55	2	2
20.067	56	3	1
20.067	57	2	3
20.169	58	1	2
20.373	59	4	1
20.373	60	1	3
20.475	61	3	1
20.577	62	4	1
20.679	63	3	1
20.781	64	2	1
20.883	65	1	1
20.985	66	2	1
21.087	67	1	1
21.189	68	3	2
21.393	69	2	2
21.393	70	3	3
21.597	71	3	2
21.597	72	2	3
21.801	73	2	1
21.801	74	3	3
22.005	75	4	1
22.107	76	1	1
22.209	77	4	1
22.311	78	1	1
22.413	79	2	1
22.618	80	3	1
22.822	81	1	1
22.822	82	4	2
23.026	83	2	1
23.026	84	4	3
23.128	85	3	2
23.332	86	1	1
23.332	87	3	3
23.434	88	2	2
23.638	89	1	1
23.638	90	2	3
23.740	91	3	1
23.842	92	1	1
23.944	93	3	1
24.046	94	2	1
24.148	95	4	1
24.250	96	2	1
24.352	97	4	1
24.454	98	1	2
24.658	99	2	1
24.658	100	1	3
24.760	101	3	1
24.964	102	2	1
25.067	103	2	2
25.271	104	4	1
25.271	105	2	3
25.475	106	1	1
25.679	107	4	1
25.781	108	4	1
25.883	109	3	1
26.087	110	1	1
26.087	111	2	2
26.291	112	1	1
26.291	113	2	3
26.393	114	3	2
26.597	115	2	1
26.597	116	3	3
26.699	117	4	2
26.903	118	1	1
26.903	119	4	3
27.005	120	2	1
27.107	121	1	1
27.209	122	2	1
27.311	123	3	1
27.413	124	4	1
27.516	125	3	1
27.618	126	4	1
27.720	127	2	2
27.924	128	3	2
27.924	129	2	3
28.128	130	2	2
28.128	131	3	3
28.332	132	3	1
28.332	133	2	3
28.536	134	1	1
28.638	135	4	1
28.740	136	1	1
28.842	137	4	1
28.944	138	3	1
29.148	139	2	1
29.352	140	1	2
29.352	141	4	1
29.556	142	3	1
29.556	143	1	3
29.658	144	2	2
29.862	145	4	1
29.862	146	2	3
29.964	147	3	2
30.169	148	4	1
30.169	149	3	3
30.271	150	2	1
30.373	151	4	1
30.475	152	2	1
30.577	153	3	1
30.679	154	1	1
30.781	155	3	1
30.883	156	1	1
30.985	157	4	2
31.189	158	3	1
31.189	159	4	3
31.291	160	2	1
31.495	161	3	1
31.597	162	3	2
31.801	163	1	1
31.801	164	2	1
31.801	165	3	3
32.005	166	3	2
32.209	167	2	1
32.209	168	3	3
32.413	169	4	2
32.618	170	1	2
32.618	171	3	1
32.618	172	4	3
32.822	173	4	1
32.822	174	1	3
32.924	175	2	2
33.128	176	4	1
33.128	177	2	3
33.230	178	3	2
33.434	179	1	2
33.434	180	4	1
33.434	181	3	3
33.638	182	3	1
33.638	183	1	3
33.740	184	2	2
33.944	185	3	1
33.944	186	2	3
34.046	187	4	2
34.250	188	1	2
34.250	189	3	1
34.250	190	4	3
34.454	191	2	1
34.454	192	1	3
34.556	193	3	2
34.760	194	2	1
34.760	195	3	3
34.862	196	4	2
35.067	197	2	2
35.067	198	3	1
35.067	199	4	3
35.271	200	1	1
35.271	201	2	3
35.373	202	3	2
35.577	203	1	1
35.577	204	3	3
35.679	205	4	2
35.883	206	1	2
35.883	207	3	1
35.883	208	4	3
36.087	209	4	1
36.087	210	1	3
36.189	211	2	2
36.393	212	4	1
36.393	213	2	3
36.495	214	3	2
36.699	215	1	2
36.699	216	4	1
36.699	217	3	3
36.903	218	3	1
36.903	219	1	3
37.005	220	2	2
37.209	221	3	1
37.209	222	2	3
37.311	223	4	2
37.516	224	1	2
37.516	225	3	1
37.516	226	4	3
37.720	227	2	1
37.720	228	1	3
37.822	229	3	2
38.026	230	2	1
38.026	231	3	3
38.128	232	4	2
38.332	233	2	2
38.332	234	3	1
38.332	235	4	3
38.536	236	1	1
38.536	237	2	3
38.638	238	3	2
38.842	239	1	1
38.842	240	3	3
38.944	241	4	2
39.148	242	1	2
39.148	243	3	1
39.148	244	4	3
39.250	245	2	1
39.352	246	3	1
39.454	247	2	1
39.556	248	4	1
39.658	249	2	1
39.760	250	4	1
39.862	251	2	1
39.964	252	4	1
40.067	253	3	1
40.169	254	4	1
40.271	255	3	1
40.373	256	4	1
40.475	257	2	1
40.577	258	4	1
40.679	259	2	1
40.781	260	3	1
40.883	261	2	1
40.985	262	3	1
41.087	263	2	1
41.189	264	4	1
41.291	265	2	1
41.393	266	4	1
41.495	267	2	1
41.597	268	4	1
41.699	269	3	1
41.801	270	4	1
41.903	271	3	1
42.005	272	4	1
42.107	273	2	1
42.209	274	4	1
42.311	275	2	1
42.413	276	3	1
42.413	277	4	1
42.413	278	1	3
42.516	279	1	1
42.618	280	2	1
42.822	281	3	1
42.924	282	2	1
43.026	283	3	1
43.128	284	2	1
43.332	285	4	1
43.434	286	3	1
43.536	287	1	1
43.638	288	2	1
43.740	289	3	1
43.842	290	2	1
43.944	291	3	1
44.046	292	1	1
44.046	293	4	1
44.250	294	2	1
44.352	295	3	1
44.352	296	4	1
44.454	297	1	1
44.658	298	2	1
44.658	299	3	1
44.862	300	1	2
44.862	301	2	1
45.067	302	3	2
45.271	303	4	2
45.271	304	1	3
45.271	305	3	3
45.475	306	2	2
45.679	307	1	1
45.679	308	3	1
45.679	309	2	3
45.679	310	4	3
45.883	311	2	1
46.087	312	3	2
46.087	313	4	2
46.495	314	1	1
46.495	315	2	1
46.495	316	3	3
46.495	317	4	3
46.597	318	3	1
46.801	319	3	1
46.903	320	2	1
46.903	321	4	1
47.107	322	1	2
47.311	323	2	2
47.311	324	4	2
47.311	325	1	3
47.516	326	3	2
47.516	327	2	3
47.516	328	4	3
47.720	329	1	1
47.720	330	2	1
47.720	331	3	3
47.924	332	3	1
48.026	333	3	1
48.128	334	1	1
48.128	335	2	1
48.230	336	3	1
48.434	337	4	1
48.536	338	2	1
48.536	339	3	1
48.740	340	1	2
48.944	341	2	1
48.944	342	3	1
48.944	343	1	3
49.148	344	1	1
49.352	345	3	1
49.352	346	4	1
49.556	347	1	1
49.658	348	2	1
49.760	349	1	1
49.760	350	4	1
49.862	351	3	1
49.964	352	4	2
50.067	353	1	1
50.169	354	2	1
50.169	355	3	1
50.169	356	4	3
50.373	357	1	2
50.577	358	2	1
50.577	359	3	1
50.577	360	1	3
50.679	361	3	1
50.781	362	4	1
50.985	363	1	1
50.985	364	3	1
51.189	365	4	1
51.291	366	3	1
51.393	367	1	1
51.393	368	2	1
51.495	369	3	1
51.597	370	1	1
51.699	371	3	1
51.699	372	4	1
51.801	373	1	1
51.801	374	2	2
52.005	375	1	2
52.005	376	2	3
52.209	377	2	1
52.209	378	3	1
52.209	379	4	1
52.209	380	1	3
52.413	381	2	1
52.618	382	3	2
52.618	383	4	2
53.026	384	1	1
53.026	385	2	1
53.026	386	3	3
53.026	387	4	3
53.128	388	3	1
53.332	389	3	1
53.434	390	2	1
53.434	391	4	1
53.638	392	1	2
53.842	393	2	2
53.842	394	4	2
53.842	395	1	3
54.046	396	3	2
54.046	397	2	3
54.046	398	4	3
54.250	399	1	1
54.250	400	2	1
54.250	401	3	3
54.454	402	3	1
54.556	403	3	1
54.658	404	1	1
54.658	405	2	1
54.760	406	3	1
54.964	407	4	1
55.067	408	2	1
55.067	409	3	1
55.271	410	1	2
55.475	411	2	2
55.475	412	3	2
55.475	413	1	3
55.679	414	1	1
55.679	415	4	1
55.883	416	1	1
55.883	417	4	1
55.883	418	2	3
55.883	419	3	3
56.087	420	3	1
56.189	421	2	1
56.291	422	1	1
56.291	423	4	1
56.393	424	4	1
56.495	425	2	1
56.597	426	1	1
56.597	427	4	1
56.699	428	2	1
56.699	429	3	1
56.903	430	3	1
57.107	431	1	2
57.107	432	2	1
57.107	433	4	2
58.332	434	1	3
58.332	435	4	3
58.536	436	2	1
58.536	437	3	1
58.740	438	1	1
58.740	439	3	1
58.740	440	4	1
58.944	441	2	1
59.148	442	3	2
59.148	443	4	2
59.352	444	1	2
59.556	445	2	1
59.556	446	1	3
59.556	447	3	3
59.556	448	4	3
59.658	449	3	1
59.862	450	3	1
59.964	451	2	1
59.964	452	4	1
60.169	453	1	2
60.373	454	2	2
60.373	455	4	2
60.373	456	1	3
60.577	457	3	2
60.577	458	2	3
60.577	459	4	3
60.781	460	1	1
60.781	461	2	1
60.781	462	3	3
60.985	463	3	1
61.087	464	3	1
61.189	465	1	1
61.189	466	2	1
61.291	467	3	1
61.495	468	4	1
61.597	469	2	1
61.597	470	3	1
61.801	471	1	2
62.005	472	2	1
62.005	473	3	1
62.005	474	1	3
62.209	475	1	1
62.413	476	3	1
62.413	477	4	1
62.618	478	1	2
62.720	479	2	1
62.822	480	3	1
62.822	481	4	1
62.822	482	1	3
62.924	483	2	1
63.026	484	4	2
63.128	485	1	1
63.230	486	2	1
63.230	487	3	1
63.230	488	4	3
63.434	489	1	2
63.638	490	2	1
63.638	491	1	3
63.740	492	3	1
63.740	493	4	1
64.046	494	1	1
64.046	495	3	1
64.250	496	4	1
64.352	497	3	1
64.454	498	1	1
64.454	499	2	1
64.556	500	3	1
64.658	501	1	1
64.760	502	3	1
64.760	503	4	1
64.862	504	1	1
64.862	505	2	2
65.067	506	3	2
65.067	507	2	3
65.271	508	1	1
65.271	509	2	1
65.271	510	4	1
65.271	511	3	3
65.475	512	2	1
65.577	513	1	1
65.679	514	3	2
65.679	515	4	2
65.883	516	1	2
66.087	517	2	1
66.087	518	1	3
66.087	519	3	3
66.087	520	4	3
66.189	521	3	1
66.393	522	3	1
66.495	523	2	1
66.495	524	4	1
66.699	525	1	2
66.903	526	2	2
66.903	527	4	2
66.903	528	1	3
67.107	529	3	2
67.107	530	2	3
67.107	531	4	3
67.311	532	1	1
67.311	533	2	1
67.311	534	3	3
67.516	535	3	1
67.618	536	3	1
67.720	537	1	1
67.720	538	2	1
67.822	539	3	1
68.026	540	4	1
68.128	541	2	1
68.128	542	3	1
68.332	543	1	2
68.536	544	2	1
68.536	545	3	1
68.536	546	4	1
68.536	547	1	3
68.740	548	1	1
68.842	549	2	1
68.842	550	3	1
68.944	551	4	1
69.046	552	4	1
69.148	553	1	1
69.250	554	1	1
69.352	555	2	1
69.352	556	3	1
69.352	557	4	1
69.556	558	1	1
69.658	559	2	1
69.658	560	3	1
69.760	561	4	1
70.067	562	4	1
70.169	563	1	2
70.169	564	2	1
70.169	565	3	1
70.373	566	4	1
70.679	567	4	1
70.985	568	4	1
71.087	569	4	1
71.189	570	3	1
71.291	571	3	1
71.393	572	2	2
71.393	573	4	1
71.393	574	1	3
71.597	575	1	1
71.597	576	2	3
71.699	577	2	2
71.801	578	1	1
71.801	579	3	1
71.801	580	4	1
71.801	581	2	3
72.005	582	3	1
72.107	583	3	1
72.209	584	2	1
72.209	585	4	1
72.413	586	1	1
72.516	587	2	1
72.618	588	3	1
72.618	589	4	1
72.720	590	2	1
72.822	591	4	1
73.026	592	1	1
73.026	593	2	1
73.230	594	4	1
73.332	595	4	1
73.434	596	2	1
73.434	597	3	1
73.536	598	1	1
73.638	599	3	1
73.740	600	2	1
73.842	601	3	1
73.842	602	4	1
74.046	603	2	1
74.148	604	3	1
74.250	605	1	1
74.250	606	2	1
74.352	607	3	1
74.454	608	2	1
74.556	609	2	1
74.658	610	1	1
74.658	611	4	1
74.862	612	1	2
74.964	613	3	2
75.067	614	2	1
75.067	615	4	1
75.067	616	1	3
75.067	617	3	3
75.271	618	2	1
75.373	619	2	1
75.475	620	3	1
75.475	621	4	1
75.679	622	2	1
75.781	623	3	1
75.883	624	1	1
75.883	625	2	1
75.985	626	4	1
76.087	627	3	1
76.291	628	2	1
76.291	629	4	1
76.495	630	1	1
76.597	631	1	1
76.699	632	2	1
76.699	633	3	1
76.801	634	4	1
76.903	635	3	1
77.107	636	1	1
77.107	637	4	1
77.311	638	1	1
77.413	639	2	1
77.516	640	3	1
77.516	641	4	1
77.618	642	2	1
77.720	643	1	1
77.822	644	1	1
77.924	645	3	1
77.924	646	4	1
78.128	647	3	1
78.230	648	2	2
78.332	649	1	1
78.332	650	4	1
78.332	651	2	3
78.536	652	3	1
78.638	653	3	1
78.740	654	2	1
78.740	655	4	1
78.944	656	1	1
79.046	657	2	1
79.148	658	3	1
79.148	659	4	1
79.250	660	2	1
79.352	661	4	1
79.556	662	1	1
79.556	663	2	1
79.760	664	4	1
79.862	665	4	1
79.964	666	2	1
79.964	667	3	1
80.067	668	1	1
80.169	669	3	1
80.271	670	2	1
80.373	671	3	1
80.373	672	4	1
80.577	673	2	1
80.679	674	3	1
80.781	675	1	1
80.781	676	2	1
80.883	677	3	1
80.985	678	2	1
81.087	679	2	1
81.189	680	1	1
81.189	681	4	1
81.393	682	1	2
81.495	683	3	2
81.597	684	2	1
81.597	685	4	1
81.597	686	1	3
81.597	687	3	3
81.801	688	1	2
81.801	689	3	1
81.801	690	4	1
82.822	691	4	2
83.230	692	1	3
83.230	693	4	3
83.434	694	1	1
83.434	695	2	1
83.536	696	3	1
83.638	697	1	1
83.740	698	2	1
83.740	699	3	1
83.842	700	4	1
83.944	701	2	1
84.046	702	3	1
84.046	703	4	1
84.250	704	1	1
84.352	705	3	2
84.352	706	4	1
84.454	707	1	1
84.556	708	1	1
84.658	709	4	1
84.658	710	3	3
84.760	711	4	1
84.862	712	1	1
84.862	713	2	1
84.862	714	3	1
85.067	715	2	1
85.169	716	2	1
85.271	717	1	1
85.271	718	3	1
85.475	719	4	1
85.577	720	3	1
85.679	721	1	1
85.679	722	2	1
85.781	723	3	1
85.883	724	1	1
86.087	725	3	1
86.087	726	4	1
86.291	727	1	1
86.393	728	1	1
86.495	729	2	1
86.495	730	3	1
86.597	731	4	1
86.699	732	2	1
86.801	733	3	1
86.903	734	1	1
86.903	735	2	1
87.107	736	3	1
87.209	737	2	1
87.311	738	3	1
87.311	739	4	1
87.413	740	2	1
87.516	741	3	1
87.618	742	3	1
87.720	743	1	1
87.720	744	4	1
87.924	745	4	2
88.026	746	2	2
88.128	747	1	1
88.128	748	3	1
88.128	749	2	3
88.128	750	4	3
88.332	751	4	1
88.434	752	3	1
88.536	753	1	1
88.536	754	2	1
88.740	755	3	1
88.842	756	2	1
88.944	757	3	1
88.944	758	4	1
89.046	759	1	1
89.148	760	2	1
89.352	761	1	1
89.352	762	3	1
89.556	763	4	1
89.658	764	4	1
89.760	765	1	1
89.760	766	2	1
89.760	767	3	1
89.862	768	4	1
89.964	769	1	1
90.067	770	4	1
90.169	771	1	1
90.373	772	2	1
90.475	773	4	1
90.577	774	3	1
90.679	775	2	1
91.087	776	1	1
91.189	777	2	1
91.291	778	1	1
91.393	779	2	1
91.393	780	3	1
91.393	781	4	1
91.597	782	4	2
91.801	783	1	1
91.801	784	2	1
91.801	785	3	1
91.801	786	4	3
92.005	787	4	1
92.107	788	3	1
92.209	789	1	1
92.209	790	2	1
92.311	791	3	1
92.413	792	1	1
92.618	793	3	1
92.618	794	4	1
92.822	795	1	1
92.924	796	1	1
93.026	797	2	1
93.026	798	3	1
93.128	799	4	1
93.230	800	2	1
93.332	801	3	1
93.434	802	1	1
93.434	803	2	1
93.638	804	3	1
93.740	805	2	1
93.842	806	3	1
93.842	807	4	1
93.944	808	2	1
94.046	809	3	1
94.148	810	3	1
94.250	811	1	1
94.250	812	4	1
94.454	813	4	2
94.556	814	2	2
94.658	815	1	1
94.658	816	3	1
94.658	817	2	3
94.658	818	4	3
94.862	819	4	1
94.964	820	1	1
94.964	821	2	1
95.067	822	4	1
95.271	823	2	1
95.271	824	3	1
95.373	825	3	1
95.475	826	2	1
95.475	827	4	1
95.679	828	1	1
95.781	829	3	1
95.781	830	4	1
95.883	831	1	1
96.087	832	2	1
96.189	833	3	1
96.291	834	1	2
96.291	835	2	1
96.393	836	3	1
96.495	837	4	1
96.597	838	2	1
96.699	839	3	2
96.699	840	4	1
96.903	841	4	1
96.903	842	3	3
97.005	843	2	1
97.107	844	3	1
97.107	845	4	1
97.107	846	1	3
97.209	847	1	1
97.209	848	2	1
97.311	849	3	1
97.311	850	4	1
97.413	851	1	1
97.413	852	2	1
97.516	853	4	2
97.924	854	1	1
97.924	855	2	1
97.924	856	3	1
97.924	857	4	3
98.128	858	4	1
98.230	859	3	1
98.536	860	2	1
98.638	861	1	1
98.944	862	1	1
99.046	863	2	1
99.352	864	3	1
99.454	865	4	1
99.760	866	4	1
99.862	867	3	1
100.169	868	2	1
100.271	869	1	1
100.577	870	1	1
100.679	871	2	1
100.985	872	2	1
100.985	873	3	1
101.087	874	4	1
101.393	875	4	1
101.495	876	3	1
101.801	877	2	1
101.903	878	1	1
102.209	879	1	1
102.311	880	2	1
102.618	881	3	1
102.720	882	4	1
103.026	883	4	1
103.128	884	3	1
103.434	885	2	1
103.536	886	1	1
103.842	887	1	1
103.944	888	2	1
104.250	889	3	1
104.352	890	4	1
104.454	891	1	1
104.454	892	2	1
104.658	893	4	1
104.760	894	3	1
104.862	895	1	1
104.862	896	4	1
105.067	897	2	1
105.169	898	1	1
105.271	899	3	1
105.271	900	4	1
105.475	901	1	1
105.577	902	2	1
105.679	903	1	1
105.679	904	4	1
105.883	905	3	1
105.985	906	4	1
106.087	907	1	1
106.087	908	2	1
106.291	909	4	1
106.393	910	3	1
106.495	911	1	1
106.495	912	4	1
106.699	913	2	1
106.801	914	1	1
106.903	915	3	1
106.903	916	4	1
107.107	917	1	1
107.209	918	2	1
107.311	919	1	1
107.311	920	4	1
107.516	921	2	1
107.516	922	3	1
107.618	923	4	1
107.720	924	1	1
107.720	925	2	1
107.822	926	3	1
107.924	927	4	1
108.026	928	3	1
108.128	929	1	1
108.128	930	4	1
108.230	931	2	1
108.332	932	1	1
108.434	933	2	1
108.536	934	3	1
108.536	935	4	1
108.638	936	2	1
108.740	937	1	1
108.842	938	2	1
108.944	939	1	1
108.944	940	4	1
109.046	941	3	1
109.148	942	4	1
109.250	943	3	1
109.352	944	1	1
109.352	945	2	1
109.454	946	3	1
109.556	947	4	1
109.658	948	3	1
109.760	949	1	1
109.760	950	4	1
109.862	951	2	1
109.964	952	1	1
110.067	953	2	1
110.169	954	3	1
110.169	955	4	1
110.271	956	2	1
110.373	957	1	1
110.475	958	2	1
110.577	959	1	1
110.577	960	4	1
110.679	961	3	1
110.781	962	4	1
110.883	963	3	1
110.985	964	1	1
110.985	965	2	1
110.985	966	4	1
111.189	967	1	1
111.291	968	1	1
111.393	969	2	1
111.597	970	2	1
111.801	971	1	1
111.801	972	3	1
111.801	973	4	1
111.903	974	3	1
112.005	975	4	1
112.209	976	4	1
112.311	977	3	1
112.413	978	1	1
112.516	979	2	1
112.618	980	1	1
112.618	981	3	1
112.618	982	4	1
112.822	983	4	1
112.924	984	4	1
113.026	985	3	1
113.230	986	3	1
113.434	987	1	1
113.434	988	2	1
113.434	989	4	1
113.536	990	2	1
113.638	991	3	1
113.740	992	3	1
113.842	993	2	1
114.046	994	4	1
114.148	995	3	1
114.250	996	1	1
114.250	997	2	1
114.250	998	4	1
114.454	999	1	1
114.556	1000	1	1
114.658	1001	2	1
114.862	1002	2	1
115.067	1003	1	1
115.067	1004	3	1
115.067	1005	4	1
115.169	1006	3	1
115.271	1007	4	1
115.475	1008	4	1
115.577	1009	3	1
115.679	1010	1	1
115.781	1011	2	1
115.883	1012	1	1
115.883	1013	3	1
115.883	1014	4	1
116.087	1015	4	1
116.189	1016	4	1
116.291	1017	3	1
116.495	1018	3	1
116.699	1019	1	1
116.699	1020	2	1
116.699	1021	4	1
116.801	1022	2	1
116.903	1023	3	1
117.005	1024	3	1
117.107	1025	2	1
117.311	1026	4	1
117.413	1027	3	1
117.516	1028	1	1
117.516	1029	2	1
117.720	1030	4	1
117.822	1031	3	1
117.924	1032	2	1
117.924	1033	4	1
118.128	1034	1	1
118.230	1035	2	1
118.332	1036	1	1
118.332	1037	3	1
118.536	1038	2	1
118.638	1039	3	1
118.740	1040	2	1
118.740	1041	4	1
118.944	1042	3	1
119.046	1043	2	1
119.148	1044	1	1
119.148	1045	3	1
119.250	1046	4	1
119.352	1047	1	1
119.454	1048	2	1
119.556	1049	3	1
119.556	1050	4	1
119.658	1051	2	1
119.760	1052	1	1
119.862	1053	4	1
119.964	1054	1	1
119.964	1055	3	1
120.067	1056	2	1
120.169	1057	3	1
120.271	1058	4	1
120.373	1059	1	1
120.373	1060	2	1
120.475	1061	3	1
120.577	1062	4	1
120.679	1063	1	1
120.781	1064	3	1
120.781	1065	4	2
120.883	1066	2	1
120.985	1067	1	1
121.087	1068	2	1
121.189	1069	3	1
121.291	1070	2	1
121.393	1071	1	1
121.495	1072	2	1
121.597	1073	3	1
121.699	1074	2	1
121.801	1075	1	1
121.903	1076	2	1
122.005	1077	3	1
122.107	1078	2	1
122.209	1079	1	1
122.311	1080	2	1
122.413	1081	3	2
122.413	1082	4	3
122.618	1083	2	2
122.720	1084	4	2
122.720	1085	2	3
122.720	1086	3	3
123.026	1087	1	2
123.230	1088	1	3
123.230	1089	4	3
123.332	1090	2	1
123.434	1091	3	1
123.536	1092	2	1
123.638	1093	3	1
123.740	1094	2	1
123.842	1095	3	1
124.046	1096	1	1
124.046	1097	2	1
124.046	1098	4	1
124.250	1099	2	2
124.250	1100	3	2
124.454	1101	1	1
124.454	1102	4	1
124.454	1103	2	3
124.454	1104	3	3
124.760	1105	3	1
124.862	1106	1	1
124.862	1107	2	1
125.067	1108	3	2
125.169	1109	4	2
125.271	1110	1	1
125.271	1111	2	1
125.271	1112	3	3
125.271	1113	4	3
125.475	1114	2	2
125.577	1115	1	2
125.679	1116	3	1
125.679	1117	4	1
125.679	1118	1	3
125.679	1119	2	3
125.883	1120	1	2
125.883	1121	3	2
126.087	1122	2	1
126.087	1123	4	1
126.087	1124	1	3
126.087	1125	3	3
126.291	1126	2	2
126.291	1127	4	2
126.495	1128	1	1
126.495	1129	3	1
126.495	1130	2	3
126.495	1131	4	3
126.597	1132	2	1
126.801	1133	2	1
126.801	1134	3	1
126.903	1135	1	1
126.903	1136	4	1
127.107	1137	3	2
127.311	1138	2	1
127.311	1139	4	1
127.311	1140	3	3
127.516	1141	1	1
127.584	1142	2	1
127.652	1143	3	1
127.720	1144	1	1
127.720	1145	4	1
128.026	1146	2	2
128.128	1147	3	1
128.128	1148	4	1
128.128	1149	2	3
128.332	1150	1	2
128.434	1151	4	1
128.536	1152	2	1
128.536	1153	3	1
128.536	1154	1	3
128.842	1155	1	1
128.842	1156	2	1
128.944	1157	3	1
128.944	1158	4	1
129.148	1159	1	2
129.148	1160	4	2
129.352	1161	2	1
129.352	1162	3	1
129.352	1163	1	3
129.352	1164	4	3
129.556	1165	1	2
129.556	1166	3	2
129.760	1167	2	1
129.760	1168	4	1
129.760	1169	1	3
129.760	1170	3	3
129.964	1171	3	1
130.067	1172	1	1
130.067	1173	2	1
130.169	1174	3	1
130.169	1175	4	1
130.373	1176	2	2
130.577	1177	1	1
130.577	1178	3	1
130.577	1179	4	1
130.577	1180	2	3
130.781	1181	2	2
130.781	1182	3	2
130.985	1183	1	1
130.985	1184	4	1
130.985	1185	2	3
130.985	1186	3	3
131.291	1187	2	1
131.393	1188	3	1
131.393	1189	4	1
131.597	1190	2	2
131.699	1191	1	2
131.801	1192	3	1
131.801	1193	4	1
131.801	1194	1	3
131.801	1195	2	3
132.005	1196	3	2
132.107	1197	4	2
132.209	1198	1	1
132.209	1199	2	1
132.209	1200	3	3
132.209	1201	4	3
132.413	1202	2	2
132.413	1203	4	2
132.618	1204	1	1
132.618	1205	3	1
132.618	1206	2	3
132.618	1207	4	3
132.822	1208	1	2
132.822	1209	3	2
133.026	1210	2	1
133.026	1211	4	1
133.026	1212	1	3
133.026	1213	3	3
133.128	1214	3	1
133.332	1215	2	1
133.332	1216	3	1
133.434	1217	1	1
133.434	1218	4	1
133.638	1219	2	2
133.842	1220	1	1
133.842	1221	3	1
133.842	1222	2	3
134.046	1223	4	1
134.114	1224	3	1
134.182	1225	2	1
134.250	1226	1	1
134.250	1227	4	1
134.352	1228	3	1
134.454	1229	2	1
134.556	1230	3	2
134.658	1231	1	1
134.658	1232	2	1
134.658	1233	3	3
134.862	1234	4	2
134.964	1235	1	1
135.067	1236	2	1
135.067	1237	3	1
135.067	1238	4	3
135.169	1239	1	1
135.271	1240	2	1
135.373	1241	3	1
135.373	1242	4	1
135.475	1243	1	1
135.475	1244	2	1
135.577	1245	3	1
135.679	1246	4	1
135.985	1247	3	1
136.291	1248	2	2
136.495	1249	2	3
136.597	1250	2	2
136.699	1251	3	1
136.801	1252	4	1
136.801	1253	2	3
136.903	1254	1	1
136.903	1255	2	1
137.005	1256	3	1
137.107	1257	1	1
137.107	1258	2	1
137.107	1259	4	1
137.311	1260	2	2
137.311	1261	3	2
137.516	1262	1	1
137.516	1263	4	1
137.516	1264	2	3
137.516	1265	3	3
137.720	1266	2	1
137.822	1267	3	1
137.924	1268	1	1
137.924	1269	2	1
138.128	1270	3	2
138.230	1271	4	2
138.332	1272	1	1
138.332	1273	2	1
138.332	1274	3	3
138.332	1275	4	3
138.536	1276	2	2
138.638	1277	1	2
138.740	1278	3	1
138.740	1279	4	1
138.740	1280	1	3
138.740	1281	2	3
138.944	1282	1	2
138.944	1283	3	2
139.148	1284	2	1
139.148	1285	4	1
139.148	1286	1	3
139.148	1287	3	3
139.352	1288	2	2
139.352	1289	4	2
139.556	1290	1	1
139.556	1291	3	1
139.556	1292	2	3
139.556	1293	4	3
139.658	1294	2	1
139.862	1295	2	1
139.862	1296	3	1
139.964	1297	1	1
139.964	1298	4	1
140.169	1299	3	2
140.373	1300	3	3
140.475	1301	4	1
140.577	1302	1	1
140.645	1303	2	1
140.713	1304	3	1
140.781	1305	1	1
140.781	1306	4	1
141.087	1307	2	2
141.189	1308	3	1
141.189	1309	4	1
141.189	1310	2	3
141.393	1311	1	2
141.495	1312	4	1
141.597	1313	2	1
141.597	1314	3	1
141.597	1315	1	3
141.903	1316	1	1
141.903	1317	2	1
142.005	1318	3	1
142.005	1319	4	1
142.209	1320	1	2
142.209	1321	4	2
142.413	1322	2	1
142.413	1323	3	1
142.413	1324	1	3
142.413	1325	4	3
142.618	1326	1	2
142.618	1327	3	2
142.822	1328	2	1
142.822	1329	4	1
142.822	1330	1	3
142.822	1331	3	3
143.026	1332	3	1
143.128	1333	1	1
143.128	1334	2	1
143.230	1335	3	1
143.230	1336	4	1
143.434	1337	2	2
143.638	1338	1	1
143.638	1339	3	1
143.638	1340	2	3
143.740	1341	4	1
143.842	1342	3	1
144.148	1343	3	1
144.454	1344	2	2
144.658	1345	2	3
144.760	1346	2	2
144.964	1347	2	3
145.067	1348	2	2
145.271	1349	3	1
145.271	1350	2	3
145.373	1351	1	1
145.475	1352	2	1
145.781	1353	2	1
146.087	1354	3	2
146.291	1355	3	3
146.393	1356	3	2
146.597	1357	3	3
146.699	1358	3	2
146.903	1359	4	2
146.903	1360	3	3
147.107	1361	2	1
147.107	1362	4	3
147.311	1363	1	2
147.516	1364	3	1
147.516	1365	1	3
147.720	1366	4	2
147.924	1367	2	1
147.924	1368	4	3
148.128	1369	1	1
148.230	1370	2	1
148.332	1371	1	1
148.434	1372	2	1
148.536	1373	4	2
148.740	1374	3	1
148.740	1375	4	3
148.842	1376	4	2
149.046	1377	3	1
149.046	1378	4	3
149.148	1379	4	2
149.352	1380	2	2
149.352	1381	4	3
149.556	1382	3	1
149.556	1383	2	3
149.658	1384	2	1
149.760	1385	1	1
149.862	1386	2	1
149.964	1387	3	1
150.169	1388	1	1
150.169	1389	2	1
150.169	1390	4	1
150.373	1391	2	1
150.475	1392	2	1
150.577	1393	1	1
150.577	1394	4	1
150.679	1395	3	1
150.781	1396	2	1
150.781	1397	4	1
150.985	1398	1	1
150.985	1399	2	1
151.189	1400	4	1
151.291	1401	4	1
151.393	1402	2	1
151.393	1403	3	1
151.495	1404	1	1
151.597	1405	2	1
151.801	1406	3	1
151.801	1407	4	1
152.005	1408	2	1
152.107	1409	2	1
152.209	1410	1	1
152.209	1411	3	1
152.311	1412	4	1
152.413	1413	3	1
152.618	1414	1	1
152.618	1415	2	1
152.822	1416	3	1
152.924	1417	3	1
153.026	1418	2	1
153.026	1419	4	1
153.128	1420	1	1
153.230	1421	2	1
153.434	1422	3	1
153.434	1423	4	1
153.638	1424	1	1
153.740	1425	1	1
153.842	1426	2	1
153.842	1427	4	1
153.944	1428	3	1
154.046	1429	4	1
154.250	1430	1	1
154.250	1431	2	1
154.454	1432	4	1
154.556	1433	4	1
154.658	1434	1	1
154.658	1435	3	1
154.760	1436	2	1
154.862	1437	1	1
155.067	1438	3	1
155.067	1439	4	1
155.271	1440	1	1
155.373	1441	1	1
155.475	1442	3	1
155.475	1443	4	1
155.577	1444	2	1
155.679	1445	3	1
155.883	1446	1	1
155.883	1447	2	1
156.087	1448	4	1
156.189	1449	4	1
156.291	1450	1	1
156.291	1451	2	1
156.393	1452	3	1
156.495	1453	2	1
156.699	1454	1	1
156.699	1455	4	1
156.903	1456	2	1
157.005	1457	2	1
157.107	1458	1	1
157.107	1459	4	1
157.209	1460	3	1
157.311	1461	2	1
157.311	1462	4	1
157.516	1463	1	1
157.516	1464	2	1
157.720	1465	4	1
157.822	1466	4	1
157.924	1467	2	1
157.924	1468	3	1
158.026	1469	1	1
158.128	1470	2	1
158.332	1471	3	1
158.332	1472	4	1
158.536	1473	2	1
158.638	1474	2	1
158.740	1475	1	1
158.740	1476	3	1
158.842	1477	4	1
158.944	1478	3	1
159.148	1479	1	1
159.148	1480	2	1
159.352	1481	3	1
159.454	1482	2	1
159.454	1483	3	1
159.556	1484	4	1
159.658	1485	1	1
159.760	1486	1	1
159.760	1487	2	1
159.964	1488	3	1
159.964	1489	4	1
160.169	1490	2	1
160.373	1491	1	2
160.577	1492	3	1
160.781	1493	2	1
160.781	1494	4	1
160.985	1495	3	1
161.087	1496	2	1
161.087	1497	4	1
161.291	1498	3	1
161.393	1499	2	1
161.393	1500	4	1
161.597	1501	3	1
161.597	1502	4	1
161.597	1503	1	3
161.801	1504	2	2
162.005	1505	1	1
162.005	1506	2	3
162.209	1507	4	2
162.413	1508	3	1
162.413	1509	4	3
162.516	1510	1	1
162.516	1511	2	1
162.618	1512	3	2
162.822	1513	4	1
162.822	1514	3	3
163.026	1515	2	2
163.230	1516	1	1
163.230	1517	3	1
163.230	1518	4	1
163.230	1519	2	3
163.434	1520	3	1
163.536	1521	3	1
163.638	1522	1	1
163.638	1523	4	1
163.740	1524	2	1
163.842	1525	1	1
164.046	1526	3	1
164.046	1527	4	1
164.250	1528	1	1
164.352	1529	1	1
164.454	1530	2	1
164.454	1531	3	1
164.556	1532	4	1
164.658	1533	3	1
164.862	1534	1	1
164.862	1535	2	1
165.067	1536	3	1
165.169	1537	3	1
165.271	1538	2	1
165.271	1539	4	1
165.373	1540	1	1
165.475	1541	2	1
165.679	1542	3	1
165.679	1543	4	1
165.883	1544	2	1
165.985	1545	2	1
166.087	1546	1	1
166.087	1547	3	1
166.189	1548	4	1
166.291	1549	3	1
166.495	1550	1	1
166.495	1551	2	1
166.699	1552	4	1
166.801	1553	4	1
166.903	1554	1	1
166.903	1555	3	1
167.005	1556	2	1
167.107	1557	1	1
167.311	1558	3	1
167.311	1559	4	1
167.516	1560	1	1
167.618	1561	1	1
167.720	1562	2	1
167.720	1563	4	1
167.822	1564	3	1
167.924	1565	4	1
168.128	1566	1	1
168.128	1567	2	1
168.332	1568	4	1
168.434	1569	4	1
168.536	1570	1	1
168.536	1571	2	1
168.638	1572	3	1
168.740	1573	2	1
168.944	1574	3	1
168.944	1575	4	1
169.046	1576	4	1
169.148	1577	1	1
169.250	1578	1	1
169.352	1579	3	1
169.352	1580	4	1
169.556	1581	4	1
169.760	1582	2	2
169.760	1583	3	2
170.169	1584	1	1
170.169	1585	4	1
170.169	1586	2	3
170.169	1587	3	3
170.271	1588	2	1
170.373	1589	2	1
170.577	1590	3	1
170.577	1591	4	1
170.781	1592	1	1
170.883	1593	1	1
170.985	1594	2	1
170.985	1595	3	1
171.087	1596	4	1
171.189	1597	3	1
171.393	1598	1	1
171.393	1599	2	1
171.597	1600	3	1
171.699	1601	3	1
171.801	1602	2	1
171.801	1603	4	1
171.903	1604	1	1
172.005	1605	2	1
172.209	1606	3	1
172.209	1607	4	1
172.413	1608	2	1
172.516	1609	2	1
172.618	1610	1	1
172.618	1611	3	1
172.720	1612	4	1
172.822	1613	3	1
173.026	1614	1	1
173.026	1615	2	1
173.128	1616	3	1
173.230	1617	4	1
173.332	1618	4	1
173.434	1619	1	1
173.434	1620	3	1
173.536	1621	2	1
173.638	1622	2	1
173.740	1623	1	1
173.842	1624	3	1
173.842	1625	4	1
173.944	1626	2	1
174.046	1627	1	1
174.148	1628	1	1
174.250	1629	2	1
174.250	1630	4	1
174.352	1631	3	1
174.454	1632	3	1
174.556	1633	4	1
174.658	1634	1	1
174.658	1635	2	2
175.475	1636	3	1
175.781	1637	3	1
175.883	1638	3	1
176.087	1639	3	1
176.291	1640	1	1
176.291	1641	4	1
176.291	1642	2	3
176.393	1643	2	1
176.495	1644	1	1
176.597	1645	2	1
176.699	1646	3	1
176.801	1647	4	1
176.903	1648	3	1
177.005	1649	4	1
177.107	1650	1	1
177.209	1651	3	1
177.311	1652	1	1
177.413	1653	3	1
177.516	1654	2	1
177.618	1655	4	1
177.720	1656	2	1
177.822	1657	4	1
177.924	1658	1	1
178.026	1659	2	1
178.128	1660	1	1
178.230	1661	2	1
178.332	1662	3	1
178.434	1663	4	1
178.536	1664	3	1
178.638	1665	4	1
178.740	1666	1	1
178.842	1667	3	1
178.944	1668	1	1
179.046	1669	3	1
179.148	1670	4	2
179.556	1671	1	1
179.556	1672	3	1
179.556	1673	4	3
179.658	1674	2	1
179.760	1675	1	1
179.862	1676	2	1
179.964	1677	3	1
180.067	1678	4	1
180.169	1679	3	1
180.271	1680	4	1
180.373	1681	1	1
180.373	1682	2	1
180.475	1683	3	1
180.577	1684	1	1
180.679	1685	3	1
180.781	1686	2	1
180.883	1687	4	1
180.985	1688	2	1
181.087	1689	4	1
181.189	1690	1	1
181.189	1691	3	1
181.291	1692	2	1
181.393	1693	1	1
181.495	1694	2	1
181.597	1695	3	1
181.699	1696	4	1
181.801	1697	3	1
181.903	1698	4	1
182.107	1699	1	1
182.209	1700	1	2
182.413	1701	4	2
182.413	1702	1	3
182.618	1703	3	2
182.618	1704	4	3
182.822	1705	1	1
182.822	1706	4	1
182.822	1707	3	3
182.924	1708	2	1
183.026	1709	1	1
183.128	1710	2	1
183.230	1711	1	1
183.230	1712	4	1
183.332	1713	3	1
183.434	1714	1	1
183.536	1715	3	1
183.638	1716	1	1
183.638	1717	2	1
183.740	1718	4	1
183.842	1719	1	1
183.944	1720	4	1
184.046	1721	2	1
184.046	1722	3	1
184.148	1723	4	1
184.250	1724	2	1
184.352	1725	4	1
184.454	1726	1	1
184.454	1727	3	1
184.556	1728	4	1
184.658	1729	3	1
184.760	1730	4	1
184.862	1731	1	1
184.862	1732	2	1
184.964	1733	4	1
185.067	1734	2	1
185.169	1735	4	1
185.271	1736	1	1
185.271	1737	2	1
185.373	1738	3	1
185.475	1739	1	1
185.577	1740	3	1
185.679	1741	1	1
185.679	1742	4	1
185.781	1743	2	1
185.883	1744	1	1
185.985	1745	2	1
186.189	1746	3	2
186.291	1747	2	2
186.393	1748	1	2
186.495	1749	4	2
186.495	1750	1	3
186.495	1751	2	3
186.495	1752	3	3
186.699	1753	3	1
186.699	1754	4	3
186.801	1755	2	1
187.005	1756	1	1
187.005	1757	4	1
187.107	1758	2	1
187.107	1759	3	1
187.311	1760	3	2
187.311	1761	4	2
187.516	1762	1	2
187.516	1763	2	2
187.516	1764	3	3
187.516	1765	4	3
187.720	1766	3	1
187.720	1767	4	1
187.720	1768	1	3
187.720	1769	2	3
188.536	1770	1	2
188.740	1771	3	2
188.944	1772	4	2
188.944	1773	1	3
188.944	1774	3	3
189.148	1775	2	2
189.352	1776	1	1
189.352	1777	3	1
189.352	1778	2	3
189.352	1779	4	3