Song Name	Reality by Project Skylate
Difficulty	14
Primary Color	Flow
Secondary Color	Flow
Last Note Time	153.325
Total Notes	764
Fever Fill	232
Fever Time	22.998750
Long Notes	70
BPM	155
Song Length	155.845011338

Timing Points
4.680	387.096774


Song Data
4.680	1	1	1
4.680	2	4	1
5.454	3	3	1
5.841	4	2	1
6.615	5	1	1
7.196	6	4	1
7.389	7	3	1
7.583	8	2	1
7.776	9	1	1
7.776	10	4	1
8.163	11	3	1
8.744	12	1	1
8.938	13	2	1
8.938	14	3	1
9.131	15	4	1
9.712	16	1	1
9.712	17	2	1
10.099	18	1	1
10.099	19	4	1
10.486	20	3	1
10.679	21	2	1
10.873	22	1	1
10.873	23	4	1
11.647	24	3	1
12.034	25	2	1
12.809	26	4	1
13.389	27	3	1
13.583	28	2	1
13.776	29	1	1
13.970	30	3	1
13.970	31	4	1
14.357	32	2	1
14.938	33	1	1
15.131	34	4	1
15.325	35	2	1
15.518	36	3	1
15.518	37	4	1
15.905	38	2	1
15.905	39	3	1
16.292	40	1	1
16.292	41	2	1
16.679	42	3	1
16.679	43	4	1
17.067	44	1	1
17.067	45	2	1
17.260	46	3	1
17.454	47	4	1
17.647	48	2	1
17.841	49	3	1
18.034	50	4	1
18.228	51	2	1
18.421	52	2	1
18.615	53	3	1
18.615	54	4	1
18.809	55	2	1
19.002	56	1	1
19.196	57	3	1
19.389	58	1	1
19.583	59	4	1
19.776	60	4	1
19.970	61	2	1
20.163	62	3	1
20.163	63	4	1
20.357	64	2	1
20.550	65	1	1
20.744	66	3	1
20.938	67	2	1
21.131	68	1	1
21.325	69	3	1
21.518	70	3	1
21.712	71	1	1
21.712	72	2	1
21.905	73	3	1
22.099	74	4	1
22.292	75	2	1
22.486	76	4	1
22.679	77	1	1
22.873	78	1	1
23.067	79	3	1
23.260	80	1	1
23.260	81	4	1
23.454	82	2	1
23.647	83	3	1
23.841	84	2	1
24.034	85	3	1
24.228	86	4	1
24.421	87	2	1
24.615	88	2	1
24.809	89	1	1
24.809	90	4	1
25.002	91	3	1
25.196	92	2	1
25.389	93	4	1
25.583	94	2	1
25.776	95	3	1
25.970	96	3	1
26.163	97	2	1
26.357	98	1	1
26.357	99	4	1
26.550	100	3	1
26.744	101	2	1
26.938	102	3	1
27.131	103	2	1
27.325	104	1	1
27.518	105	3	1
27.712	106	3	1
27.905	107	4	1
28.292	108	2	1
28.679	109	3	1
29.067	110	1	1
29.454	111	4	1
29.647	112	2	1
29.841	113	3	1
30.034	114	2	1
30.228	115	1	1
30.421	116	4	1
30.809	117	3	1
31.002	118	2	1
31.196	119	3	1
31.583	120	1	1
31.776	121	4	2
31.970	122	2	1
32.163	123	1	1
32.357	124	2	1
32.357	125	4	3
32.550	126	3	1
32.550	127	4	1
32.744	128	1	1
32.938	129	2	1
32.938	130	4	2
33.325	131	3	1
33.325	132	4	3
33.518	133	2	1
33.712	134	1	1
33.712	135	3	1
33.905	136	4	1
34.099	137	1	1
34.099	138	2	1
34.486	139	2	1
34.486	140	4	1
34.873	141	3	1
35.067	142	2	1
35.260	143	1	1
35.260	144	3	1
35.454	145	4	1
35.647	146	3	1
35.647	147	4	1
35.841	148	2	1
36.034	149	1	1
36.034	150	3	1
36.228	151	2	1
36.421	152	1	1
36.615	153	4	1
36.809	154	1	1
36.809	155	2	1
37.002	156	3	1
37.196	157	2	1
37.196	158	4	1
37.389	159	1	1
37.583	160	3	1
37.583	161	4	1
37.776	162	2	1
37.970	163	3	2
38.357	164	1	1
38.357	165	4	1
38.357	166	3	3
38.550	167	2	1
38.744	168	3	1
38.744	169	4	1
38.938	170	1	1
39.131	171	2	1
39.131	172	4	2
39.518	173	3	1
39.518	174	4	3
39.712	175	2	1
39.905	176	1	1
39.905	177	3	1
40.099	178	4	1
40.292	179	1	1
40.292	180	2	1
40.486	181	2	1
40.679	182	3	1
40.679	183	4	1
40.873	184	3	1
41.067	185	2	1
41.067	186	4	1
41.260	187	1	1
41.454	188	3	1
41.550	189	4	1
41.647	190	2	1
41.744	191	1	1
41.841	192	3	1
41.841	193	4	1
42.034	194	2	1
42.228	195	1	1
42.228	196	3	1
42.421	197	2	1
42.615	198	1	1
42.809	199	4	1
43.002	200	1	1
43.002	201	2	1
43.196	202	3	1
43.389	203	2	1
43.389	204	4	1
43.583	205	1	1
43.776	206	3	1
43.776	207	4	1
43.970	208	2	1
44.163	209	3	2
44.357	210	1	1
44.550	211	2	1
44.550	212	4	1
44.550	213	3	3
44.744	214	1	1
44.938	215	3	1
44.938	216	4	1
45.131	217	1	1
45.325	218	2	1
45.325	219	4	2
45.712	220	3	1
45.712	221	4	3
45.905	222	2	1
46.099	223	1	1
46.099	224	3	1
46.292	225	4	1
46.486	226	1	1
46.486	227	2	1
46.873	228	2	1
46.873	229	4	1
47.260	230	3	1
47.454	231	2	1
47.647	232	1	1
47.647	233	3	1
47.841	234	4	1
48.034	235	3	1
48.034	236	4	1
48.228	237	2	1
48.421	238	1	1
48.421	239	3	1
48.615	240	2	1
48.809	241	1	1
49.002	242	4	1
49.196	243	1	1
49.196	244	2	1
49.389	245	3	1
49.583	246	2	1
49.583	247	4	1
49.776	248	1	1
49.970	249	3	1
49.970	250	4	1
50.163	251	2	1
50.357	252	3	2
50.744	253	1	1
50.744	254	4	1
50.744	255	3	3
50.938	256	2	1
51.131	257	3	1
51.131	258	4	1
51.325	259	1	1
51.518	260	2	1
51.518	261	4	2
51.905	262	3	1
51.905	263	4	3
52.099	264	2	1
52.292	265	1	1
52.292	266	3	1
52.486	267	4	1
52.679	268	2	2
53.454	269	3	2
53.454	270	2	3
53.647	271	3	3
53.841	272	3	2
54.228	273	1	1
54.228	274	4	1
54.228	275	3	3
57.325	276	1	1
57.325	277	2	1
58.486	278	3	1
58.486	279	4	1
59.260	280	1	1
59.260	281	4	1
59.647	282	2	1
59.647	283	4	1
60.034	284	1	1
60.228	285	2	1
60.421	286	3	1
60.421	287	4	1
63.518	288	1	1
63.518	289	2	1
64.679	290	1	1
64.679	291	4	2
65.454	292	1	1
65.454	293	3	2
65.454	294	4	3
65.841	295	2	2
65.841	296	4	1
65.841	297	3	3
66.228	298	1	2
66.228	299	2	3
66.615	300	3	1
66.615	301	4	2
66.615	302	1	3
67.196	303	4	3
67.776	304	4	2
68.163	305	2	2
68.163	306	4	3
68.744	307	2	3
69.325	308	2	2
69.712	309	1	2
69.712	310	4	1
69.712	311	2	3
70.292	312	2	2
70.292	313	1	3
70.679	314	2	3
70.873	315	2	1
70.873	316	3	1
71.067	317	1	1
71.260	318	3	2
71.647	319	4	1
71.647	320	3	3
72.034	321	1	2
72.421	322	2	2
72.421	323	1	3
72.809	324	3	1
72.809	325	4	2
72.809	326	2	3
73.389	327	4	3
73.970	328	4	2
74.357	329	2	2
74.357	330	4	3
74.938	331	2	3
75.518	332	2	2
75.905	333	1	2
75.905	334	4	1
75.905	335	2	3
76.486	336	2	2
76.486	337	1	3
77.067	338	3	1
77.067	339	2	3
77.260	340	1	1
77.454	341	3	1
77.454	342	4	2
77.841	343	2	1
77.841	344	4	3
78.228	345	3	1
78.421	346	4	1
78.615	347	2	1
78.809	348	1	1
79.002	349	3	1
79.002	350	4	1
79.196	351	2	1
79.389	352	4	1
79.583	353	2	1
79.776	354	1	1
79.970	355	2	1
80.163	356	4	1
80.357	357	3	1
80.550	358	1	2
80.550	359	2	1
80.938	360	4	1
80.938	361	1	3
81.131	362	2	1
81.325	363	3	1
81.325	364	4	1
81.518	365	3	1
81.712	366	3	1
81.905	367	3	1
82.099	368	1	1
82.099	369	2	1
82.292	370	4	1
82.486	371	3	1
82.679	372	2	1
82.873	373	4	1
83.067	374	1	1
83.260	375	2	1
83.454	376	3	1
83.647	377	1	2
83.647	378	4	1
84.034	379	2	1
84.034	380	3	1
84.034	381	1	3
84.228	382	4	1
84.421	383	2	1
84.615	384	2	1
84.809	385	3	1
84.809	386	4	1
85.002	387	1	1
85.196	388	3	1
85.196	389	4	1
85.389	390	2	1
85.583	391	4	1
85.776	392	2	1
85.970	393	1	1
86.163	394	2	1
86.357	395	4	1
86.550	396	3	1
86.744	397	1	2
86.744	398	2	1
87.131	399	4	1
87.131	400	1	3
87.325	401	2	1
87.518	402	3	1
87.518	403	4	1
87.712	404	1	1
87.809	405	4	1
88.099	406	3	1
88.292	407	1	1
88.292	408	2	1
88.486	409	4	1
88.679	410	2	2
89.067	411	4	1
89.067	412	2	3
89.260	413	1	1
89.454	414	3	1
89.647	415	2	1
89.841	416	1	2
89.841	417	4	1
90.228	418	2	1
90.228	419	3	1
90.228	420	1	3
90.421	421	4	1
90.615	422	3	2
91.002	423	1	1
91.002	424	4	1
91.002	425	3	3
91.196	426	2	1
91.389	427	1	1
91.389	428	2	1
91.583	429	3	1
91.776	430	1	1
91.970	431	3	1
92.163	432	4	1
92.357	433	3	1
92.550	434	1	1
92.744	435	2	1
92.938	436	3	1
92.938	437	4	2
93.325	438	1	1
93.325	439	4	3
93.518	440	3	1
93.712	441	1	1
93.712	442	2	1
93.905	443	2	1
94.099	444	2	1
94.292	445	2	1
94.486	446	3	1
94.486	447	4	1
94.679	448	1	1
94.873	449	2	1
95.067	450	3	1
95.260	451	1	1
95.454	452	4	1
95.647	453	3	1
95.841	454	2	1
96.034	455	1	1
96.034	456	4	2
96.421	457	2	1
96.421	458	3	1
96.421	459	4	3
96.615	460	1	1
96.809	461	3	1
97.002	462	3	1
97.196	463	1	1
97.196	464	2	1
97.389	465	4	1
97.583	466	1	1
97.583	467	2	1
97.776	468	3	1
97.970	469	1	1
98.163	470	3	1
98.357	471	4	1
98.550	472	3	1
98.744	473	1	1
98.938	474	2	1
99.131	475	3	1
99.131	476	4	2
99.518	477	1	1
99.518	478	4	3
99.712	479	3	1
99.905	480	1	1
99.905	481	2	1
100.099	482	4	1
100.196	483	1	1
100.486	484	2	1
100.679	485	3	1
100.679	486	4	1
100.873	487	1	1
101.067	488	3	2
101.454	489	1	1
101.454	490	3	3
101.647	491	4	1
101.841	492	2	1
102.034	493	3	1
102.228	494	1	1
102.228	495	4	2
102.615	496	3	2
102.615	497	4	3
103.002	498	2	2
103.002	499	3	3
103.389	500	4	2
103.389	501	2	3
103.776	502	1	1
103.776	503	4	3
103.970	504	3	1
104.163	505	2	1
104.357	506	3	1
104.550	507	4	1
104.744	508	1	1
105.131	509	2	1
105.325	510	3	1
105.518	511	2	1
105.905	512	4	1
106.099	513	1	2
106.486	514	3	1
106.486	515	1	3
106.679	516	3	1
106.873	517	1	1
106.873	518	2	1
107.067	519	4	1
107.260	520	1	2
107.260	521	3	1
107.647	522	2	1
107.647	523	1	3
107.841	524	3	1
108.034	525	2	1
108.034	526	4	1
108.228	527	1	1
108.421	528	3	1
108.421	529	4	1
108.809	530	1	1
108.809	531	3	1
109.196	532	2	1
109.389	533	3	1
109.583	534	2	1
109.583	535	4	1
109.776	536	1	1
109.970	537	1	1
109.970	538	2	1
110.163	539	3	1
110.357	540	2	1
110.357	541	4	1
110.550	542	3	1
110.744	543	4	1
110.938	544	1	1
111.131	545	3	1
111.131	546	4	1
111.325	547	2	1
111.518	548	1	1
111.518	549	3	1
111.712	550	4	1
111.905	551	1	1
111.905	552	2	1
112.099	553	3	1
112.292	554	2	2
112.679	555	1	1
112.679	556	4	1
112.679	557	2	3
112.873	558	3	1
113.067	559	1	1
113.067	560	2	1
113.260	561	4	1
113.454	562	1	2
113.454	563	3	1
113.841	564	2	1
113.841	565	1	3
114.034	566	3	1
114.228	567	2	1
114.228	568	4	1
114.421	569	1	1
114.615	570	3	1
114.615	571	4	1
115.002	572	1	1
115.002	573	3	1
115.196	574	1	1
115.389	575	4	1
115.583	576	3	1
115.776	577	1	1
115.776	578	3	1
115.970	579	3	1
116.067	580	4	1
116.163	581	1	1
116.163	582	2	1
116.357	583	3	1
116.550	584	2	1
116.550	585	4	1
116.744	586	3	1
116.938	587	4	1
117.131	588	1	1
117.325	589	3	1
117.325	590	4	1
117.518	591	2	1
117.712	592	1	1
117.712	593	3	1
117.905	594	4	1
118.099	595	1	1
118.099	596	2	1
118.292	597	3	1
118.486	598	2	2
118.679	599	4	1
118.873	600	1	1
118.873	601	3	1
118.873	602	2	3
119.067	603	4	1
119.260	604	1	1
119.260	605	2	1
119.454	606	4	1
119.647	607	1	2
119.647	608	3	1
120.034	609	2	1
120.034	610	1	3
120.228	611	3	1
120.421	612	2	1
120.421	613	4	1
120.615	614	1	1
120.809	615	3	1
120.809	616	4	1
121.196	617	1	1
121.196	618	3	1
121.583	619	2	1
121.776	620	3	1
121.970	621	2	1
121.970	622	4	1
122.163	623	1	1
122.357	624	1	1
122.357	625	2	1
122.550	626	3	1
122.744	627	2	1
122.744	628	4	1
122.938	629	3	1
123.131	630	4	1
123.325	631	1	1
123.518	632	3	1
123.518	633	4	1
123.712	634	2	1
123.905	635	1	1
123.905	636	3	1
124.099	637	4	1
124.292	638	1	1
124.292	639	2	1
124.486	640	3	1
124.679	641	2	2
125.067	642	1	1
125.067	643	4	1
125.067	644	2	3
125.260	645	3	1
125.454	646	1	1
125.454	647	2	1
125.647	648	4	1
125.841	649	1	2
125.841	650	3	1
126.228	651	2	1
126.228	652	1	3
126.421	653	3	1
126.615	654	2	1
126.615	655	4	1
126.809	656	1	1
127.002	657	3	1
127.292	658	4	1
127.583	659	3	1
127.776	660	1	1
127.970	661	4	1
128.163	662	2	2
128.163	663	3	1
128.357	664	1	1
128.550	665	1	1
128.550	666	4	1
128.550	667	2	3
128.744	668	3	1
128.938	669	2	1
129.131	670	4	1
129.325	671	1	1
129.518	672	2	1
129.712	673	3	1
129.905	674	2	1
130.099	675	4	1
130.292	676	1	2
130.486	677	3	1
130.679	678	2	1
130.679	679	1	3
130.873	680	4	2
131.163	681	1	1
131.260	682	3	1
131.260	683	4	3
131.454	684	2	1
131.647	685	4	1
132.034	686	1	2
132.421	687	2	1
132.421	688	1	3
132.615	689	4	1
132.809	690	1	1
133.002	691	3	1
133.196	692	4	1
133.583	693	2	1
133.970	694	3	1
134.163	695	2	1
134.357	696	1	2
134.744	697	4	1
134.744	698	1	3
134.938	699	3	1
135.131	700	2	1
135.325	701	4	1
135.518	702	1	1
135.712	703	2	1
135.905	704	3	1
136.099	705	2	1
136.292	706	4	1
136.486	707	1	2
136.679	708	3	1
136.873	709	2	1
136.873	710	1	3
137.067	711	4	2
137.357	712	1	1
137.454	713	3	1
137.454	714	4	3
137.647	715	2	1
137.841	716	4	1
138.228	717	1	2
138.615	718	2	1
138.615	719	1	3
138.809	720	4	1
139.002	721	1	1
139.196	722	3	1
139.389	723	4	1
139.776	724	2	1
140.163	725	3	1
140.357	726	2	1
140.550	727	1	2
140.938	728	4	1
140.938	729	1	3
141.131	730	3	1
141.325	731	2	1
141.518	732	4	2
142.099	733	2	1
142.099	734	4	3
142.292	735	4	1
142.486	736	1	1
142.679	737	2	1
142.873	738	3	1
143.067	739	1	2
143.647	740	3	1
143.647	741	1	3
143.841	742	1	1
144.034	743	4	1
144.228	744	3	1
144.421	745	2	1
144.615	746	4	2
145.196	747	2	1
145.196	748	4	3
145.389	749	4	1
145.583	750	1	1
145.776	751	2	1
145.970	752	3	1
146.163	753	1	2
146.744	754	3	1
146.744	755	1	3
146.938	756	1	1
147.131	757	4	2
148.679	758	2	2
148.679	759	4	3
150.228	760	3	2
150.228	761	2	3
151.776	762	1	2
151.776	763	3	3
153.325	764	1	3