Song Name	Rebirth by MH (Marquan Harper) feat. Nikolaev
Title	Rebirth
Artist	MH (Marquan Harper) feat. Nikolaev
Description	This song was produced in the summer of 2021 House producers Marquan Harper and Ninkolaev. This happy, progressive house song was pivotal in the rebirth of these two artists' careers! Map by GDtor1craft.
Difficulty	7
Primary Color	Vibe
Secondary Color	Vibe
Cover Image ID	7252556376
Audio Asset ID	rbxassetid://9065296466
Audio File	9065296466.ogg
Last Note Time	149.544
Total Notes	528
Fever Fill	129
Fever Time	22.431600
Long Notes	143
BPM	128
Song Length	150.544000000

Timing Points
0.013	468.750000
45.013	468.750000
58.138	468.750000
60.013	468.750000
75.013	468.750000
135.013	468.750000
148.138	468.750000


Song Data
0.013	1	3	1
0.013	2	1	1
0.950	3	4	1
1.419	4	2	1
1.888	5	3	1
2.591	6	2	1
3.059	7	1	1
3.763	8	3	1
4.231	9	1	1
4.700	10	4	1
5.169	11	2	1
5.638	12	4	1
6.341	13	2	1
7.044	14	3	1
7.513	15	2	1
7.513	16	1	1
7.981	17	3	1
8.450	18	4	1
8.919	19	2	1
9.388	20	3	1
9.856	21	4	1
10.091	22	2	1
10.559	23	1	1
10.794	24	2	1
11.263	25	3	1
11.731	26	1	1
12.200	27	4	1
12.669	28	2	1
13.138	29	4	1
13.606	30	3	1
13.841	31	2	1
14.544	32	3	1
15.013	33	2	1
15.013	34	1	1
15.481	35	3	1
15.950	36	4	1
16.419	37	2	1
16.888	38	3	1
17.356	39	4	1
17.591	40	2	1
17.825	41	3	1
18.059	42	1	1
18.294	43	2	1
18.763	44	3	1
19.231	45	1	1
19.700	46	4	1
20.169	47	2	1
20.638	48	4	1
21.106	49	3	1
21.341	50	2	1
21.575	51	1	1
22.044	52	3	1
22.513	53	1	1
22.981	54	3	1
23.450	55	4	1
23.919	56	2	1
24.388	57	3	1
24.856	58	4	1
25.091	59	2	1
25.325	60	3	1
25.559	61	1	1
25.794	62	2	1
26.263	63	3	1
26.731	64	1	1
27.200	65	4	1
27.669	66	2	1
28.138	67	4	1
28.606	68	3	1
28.841	69	2	1
29.075	70	1	1
29.544	71	3	1
30.013	72	1	1
30.013	73	3	1
30.481	74	2	1
30.950	75	4	1
31.419	76	2	1
31.888	77	3	1
32.356	78	4	1
32.591	79	2	1
32.825	80	3	1
33.059	81	1	1
33.294	82	2	1
33.763	83	3	1
34.231	84	1	1
34.700	85	4	1
35.169	86	2	1
35.638	87	4	1
36.106	88	3	1
36.341	89	2	1
36.575	90	1	1
37.044	91	3	1
37.513	92	1	1
37.747	93	2	1
37.981	94	3	1
38.216	95	4	1
38.450	96	1	1
38.684	97	2	1
38.919	98	3	1
39.153	99	4	1
39.388	100	1	1
39.622	101	2	1
39.856	102	3	1
40.091	103	4	1
40.325	104	1	1
40.559	105	2	1
40.794	106	3	1
41.028	107	4	1
41.263	108	1	2
41.497	109	1	3
41.497	110	2	2
41.731	111	2	3
41.731	112	3	2
41.966	113	3	3
41.966	114	4	2
42.200	115	4	3
42.200	116	1	2
42.434	117	1	3
42.434	118	2	2
42.669	119	2	3
42.669	120	3	2
42.903	121	3	3
42.903	122	4	2
43.138	123	4	3
44.544	124	4	1
44.544	125	1	1
45.013	126	4	1
45.013	127	3	2
45.481	128	3	3
45.481	129	2	2
45.833	130	2	3
45.833	131	4	2
46.184	132	4	3
45.950	133	1	1
46.184	134	3	2
46.419	135	3	3
46.419	136	4	1
46.419	137	1	2
46.888	138	1	3
46.653	139	3	1
46.653	140	2	1
46.888	141	3	2
47.591	142	3	3
47.356	143	1	1
47.591	144	2	2
48.059	145	2	3
47.825	146	4	1
48.059	147	1	2
48.294	148	1	3
48.294	149	4	2
48.528	150	4	3
48.528	151	2	2
48.763	152	2	3
48.763	153	3	2
49.231	154	3	3
49.231	155	2	2
49.583	156	2	3
49.583	157	4	2
49.934	158	4	3
49.700	159	1	1
49.934	160	3	2
50.169	161	3	3
50.169	162	1	2
50.638	163	1	3
50.638	164	3	2
50.989	165	3	3
50.989	166	4	2
51.341	167	4	3
51.106	168	2	1
51.341	169	1	2
51.809	170	1	3
51.575	171	3	1
51.809	172	4	2
52.044	173	4	3
52.044	174	2	2
52.278	175	2	3
52.278	176	3	2
52.513	177	3	3
52.513	178	1	1
52.513	179	4	2
52.981	180	4	3
52.981	181	2	2
53.333	182	2	3
53.333	183	4	2
53.684	184	4	3
53.450	185	1	1
53.684	186	3	2
53.919	187	3	3
53.919	188	1	2
54.388	189	1	3
54.388	190	3	2
55.091	191	3	3
54.856	192	1	1
55.091	193	2	2
55.559	194	2	3
55.325	195	4	1
55.559	196	1	2
55.794	197	1	3
55.794	198	4	2
56.028	199	4	3
56.028	200	2	2
56.263	201	2	3
56.263	202	3	2
56.731	203	3	3
56.731	204	1	2
57.083	205	1	3
57.083	206	3	2
57.434	207	3	3
57.200	208	4	1
57.434	209	2	2
57.669	210	2	3
57.669	211	3	2
58.138	212	3	3
58.138	213	1	1
58.606	214	1	1
59.075	215	1	1
59.544	216	4	1
59.544	217	1	1
60.013	218	4	1
60.013	219	3	2
60.481	220	3	3
60.481	221	2	2
60.833	222	2	3
60.833	223	4	2
61.184	224	4	3
60.950	225	1	1
61.184	226	3	2
61.419	227	3	3
61.419	228	4	1
61.419	229	1	2
61.888	230	1	3
61.653	231	3	1
61.653	232	2	1
61.888	233	3	2
62.591	234	3	3
62.356	235	1	1
62.591	236	2	2
63.059	237	2	3
62.825	238	4	1
63.059	239	1	2
63.294	240	1	3
63.294	241	4	2
63.528	242	4	3
63.528	243	2	2
63.763	244	2	3
63.763	245	3	2
64.231	246	3	3
64.231	247	2	2
64.583	248	2	3
64.583	249	4	2
64.934	250	4	3
64.700	251	1	1
64.934	252	3	2
65.169	253	3	3
65.169	254	1	2
65.638	255	1	3
65.638	256	3	2
65.989	257	3	3
65.989	258	4	2
66.341	259	4	3
66.106	260	2	1
66.341	261	1	2
66.809	262	1	3
66.575	263	3	1
66.809	264	4	2
67.044	265	4	3
67.044	266	2	2
67.278	267	2	3
67.278	268	3	2
67.513	269	3	3
67.513	270	1	1
67.513	271	4	2
67.981	272	4	3
67.981	273	2	2
68.333	274	2	3
68.333	275	4	2
68.684	276	4	3
68.450	277	1	1
68.684	278	3	2
68.919	279	3	3
68.919	280	1	2
69.388	281	1	3
69.388	282	3	2
70.091	283	3	3
69.856	284	1	1
70.091	285	2	2
70.559	286	2	3
70.325	287	4	1
70.559	288	1	2
70.794	289	1	3
70.794	290	4	2
71.028	291	4	3
71.028	292	2	2
71.263	293	2	3
71.263	294	3	2
71.731	295	3	3
71.731	296	1	2
72.083	297	1	3
72.083	298	3	2
72.434	299	3	3
72.434	300	2	2
72.669	301	2	3
72.669	302	3	2
73.138	303	3	3
73.138	304	2	2
73.489	305	2	3
73.489	306	4	2
73.841	307	4	3
73.841	308	1	2
74.544	309	1	3
74.544	310	4	1
74.544	311	3	1
75.013	312	3	2
76.888	313	3	3
76.888	314	1	2
78.763	315	1	3
78.763	316	4	2
80.638	317	4	3
80.638	318	2	2
82.513	319	2	3
82.513	320	3	2
84.388	321	3	3
84.388	322	1	2
86.263	323	1	3
86.263	324	4	2
88.138	325	4	3
88.138	326	2	2
90.013	327	2	3
90.013	328	3	1
90.013	329	1	1
90.481	330	3	1
90.950	331	4	1
91.419	332	2	1
91.888	333	3	1
92.356	334	4	1
92.591	335	2	1
92.825	336	3	1
93.059	337	1	1
93.294	338	2	1
93.763	339	3	1
94.231	340	1	1
94.700	341	4	1
95.169	342	2	1
95.638	343	4	1
96.106	344	3	1
96.341	345	2	1
96.575	346	1	1
97.044	347	3	1
97.513	348	1	1
97.981	349	3	1
98.450	350	4	1
98.919	351	2	1
99.388	352	3	1
99.856	353	4	1
100.091	354	2	1
100.325	355	3	1
100.559	356	1	1
100.794	357	2	1
101.263	358	3	1
101.731	359	1	1
102.200	360	4	1
102.669	361	2	1
103.138	362	4	1
103.606	363	3	1
103.841	364	2	1
104.075	365	1	1
104.544	366	3	1
105.013	367	3	2
106.888	368	3	3
106.888	369	1	2
108.763	370	1	3
108.763	371	4	2
110.638	372	4	3
110.638	373	2	2
112.513	374	2	3
112.513	375	3	2
114.388	376	3	3
114.388	377	1	2
116.263	378	1	3
116.263	379	4	2
118.138	380	4	3
118.138	381	2	2
120.013	382	2	3
120.013	383	1	1
120.013	384	3	1
120.481	385	2	1
120.950	386	4	1
121.419	387	2	1
121.888	388	3	1
122.356	389	4	1
122.591	390	2	1
122.825	391	3	1
123.059	392	1	1
123.294	393	2	1
123.763	394	3	1
124.231	395	1	1
124.700	396	4	1
125.169	397	2	1
125.638	398	4	1
126.106	399	3	1
126.341	400	2	1
126.575	401	1	1
127.044	402	3	1
127.513	403	1	1
127.747	404	2	1
127.981	405	3	1
128.216	406	4	1
128.450	407	1	1
128.684	408	2	1
128.919	409	3	1
129.153	410	4	1
129.388	411	1	1
129.622	412	2	1
129.856	413	3	1
130.091	414	4	1
130.325	415	1	1
130.559	416	2	1
130.794	417	3	1
131.028	418	4	1
131.263	419	1	2
131.497	420	1	3
131.497	421	2	2
131.731	422	2	3
131.731	423	3	2
131.966	424	3	3
131.966	425	4	2
132.200	426	4	3
132.200	427	1	2
132.434	428	1	3
132.434	429	2	2
132.669	430	2	3
132.669	431	3	2
132.903	432	3	3
132.903	433	4	2
133.138	434	4	3
134.544	435	4	1
134.544	436	1	1
135.013	437	4	1
135.013	438	3	2
135.481	439	3	3
135.481	440	2	2
135.833	441	2	3
135.833	442	4	2
136.184	443	4	3
135.950	444	1	1
136.184	445	3	2
136.419	446	3	3
136.419	447	4	1
136.419	448	1	2
136.888	449	1	3
136.653	450	3	1
136.653	451	2	1
136.888	452	3	2
137.591	453	3	3
137.356	454	1	1
137.591	455	2	2
138.059	456	2	3
137.825	457	4	1
138.059	458	1	2
138.294	459	1	3
138.294	460	4	2
138.528	461	4	3
138.528	462	2	2
138.763	463	2	3
138.763	464	3	2
139.231	465	3	3
139.231	466	2	2
139.583	467	2	3
139.583	468	4	2
139.934	469	4	3
139.700	470	1	1
139.934	471	3	2
140.169	472	3	3
140.169	473	1	2
140.638	474	1	3
140.638	475	3	2
140.989	476	3	3
140.989	477	4	2
141.341	478	4	3
141.106	479	2	1
141.341	480	1	2
141.809	481	1	3
141.575	482	3	1
141.809	483	4	2
142.044	484	4	3
142.044	485	2	2
142.278	486	2	3
142.278	487	3	2
142.513	488	3	3
142.513	489	1	1
142.513	490	4	2
142.981	491	4	3
142.981	492	2	2
143.333	493	2	3
143.333	494	4	2
143.684	495	4	3
143.450	496	1	1
143.684	497	3	2
143.919	498	3	3
143.919	499	1	2
144.388	500	1	3
144.388	501	3	2
145.091	502	3	3
144.856	503	1	1
145.091	504	2	2
145.559	505	2	3
145.325	506	4	1
145.559	507	1	2
145.794	508	1	3
145.794	509	4	2
146.028	510	4	3
146.028	511	2	2
146.263	512	2	3
146.263	513	3	2
146.731	514	3	3
146.731	515	1	2
147.083	516	1	3
147.083	517	3	2
147.434	518	3	3
147.200	519	4	1
147.434	520	2	2
147.669	521	2	3
147.669	522	3	2
148.138	523	3	3
148.138	524	1	1
148.606	525	1	1
149.075	526	1	1
149.544	527	4	1
149.544	528	1	1