Song Name	Reimei by Kagetora
Title	Reimei
Artist	Kagetora
Description	A 2018 track made for G2R2018 Climax. From the artist: After considering what I wanted do based on the themes, I settled on a Japanese style. By incorporating the essence of Artcore, I created a fantastically expansive piece. Thanks for your support! Map by Fritzy.
Difficulty	15
Primary Color	Flow
Secondary Color	Beat
Cover Image ID	113881402504279
Audio Asset ID	rbxassetid://17402201452
Audio File	17402201452.ogg
Last Note Time	142.732
Total Notes	913
Fever Fill	276
Fever Time	21.409800
Long Notes	87
BPM	185
Song Length	143.732000000

Timing Points
0.030	324.324324


Song Data
2.624	1	2	1
2.624	2	4	1
3.111	3	4	1
3.111	4	1	1
3.435	5	2	1
3.597	6	4	1
3.759	7	2	1
4.246	8	3	1
4.408	9	2	1
4.732	10	4	1
5.057	11	4	1
5.219	12	2	1
5.219	13	1	1
5.705	14	1	1
5.705	15	3	1
6.029	16	4	1
6.192	17	1	1
6.354	18	4	1
6.516	19	2	1
6.840	20	3	1
7.165	21	1	1
7.327	22	3	1
7.489	23	1	1
7.651	24	3	1
7.813	25	1	1
7.813	26	4	1
8.300	27	4	1
8.300	28	2	1
8.624	29	3	1
8.786	30	1	1
8.948	31	4	1
9.435	32	3	1
9.597	33	2	1
9.921	34	4	1
10.246	35	4	1
10.408	36	1	1
10.408	37	2	1
10.894	38	3	1
10.894	39	1	1
11.381	40	2	1
11.705	41	3	1
12.029	42	1	1
12.354	43	4	1
12.597	44	2	1
12.840	45	3	1
13.002	46	1	1
13.002	47	4	1
13.165	48	3	1
13.327	49	2	1
13.489	50	3	1
13.651	51	4	1
13.813	52	3	1
13.975	53	2	1
14.138	54	3	1
14.300	55	4	1
14.462	56	3	1
14.624	57	1	1
14.786	58	2	1
14.948	59	3	1
15.111	60	4	1
15.273	61	3	1
15.435	62	1	1
15.597	63	4	1
15.759	64	3	1
15.921	65	2	1
16.084	66	3	1
16.246	67	4	1
16.408	68	3	1
16.570	69	2	1
16.732	70	3	1
16.894	71	4	1
17.057	72	3	1
17.219	73	4	1
17.381	74	2	1
17.543	75	4	1
17.705	76	1	1
17.867	77	2	1
18.029	78	3	1
18.192	79	4	1
18.354	80	3	1
18.516	81	2	1
18.678	82	3	1
18.840	83	4	1
19.002	84	3	1
19.165	85	2	1
19.327	86	3	1
19.489	87	4	1
19.651	88	3	1
19.813	89	1	1
19.975	90	2	1
20.138	91	3	1
20.300	92	4	1
20.462	93	3	1
20.624	94	2	1
20.786	95	4	1
20.948	96	3	1
21.111	97	2	1
21.273	98	3	1
21.435	99	4	1
21.597	100	3	1
21.759	101	2	1
21.921	102	3	1
22.084	103	1	1
22.246	104	3	1
22.408	105	1	1
22.570	106	3	1
22.732	107	4	1
22.894	108	2	1
23.057	109	3	1
23.219	110	1	1
23.381	111	4	1
23.381	112	3	1
23.867	113	2	1
24.354	114	4	1
24.678	115	1	1
24.840	116	2	1
25.002	117	1	1
25.165	118	3	1
25.327	119	2	1
25.489	120	4	1
25.651	121	1	1
25.732	122	2	1
25.813	123	3	1
25.894	124	4	1
25.975	125	3	1
25.975	126	2	2
26.786	127	2	3
26.300	128	4	1
26.786	129	4	1
26.948	130	1	1
27.111	131	3	2
27.273	132	3	3
27.273	133	1	1
27.435	134	2	2
27.759	135	2	3
27.597	136	4	1
27.759	137	3	2
28.246	138	3	3
28.084	139	1	1
28.246	140	4	2
28.570	141	4	3
28.570	142	1	2
28.732	143	1	3
28.732	144	4	1
28.813	145	3	1
28.894	146	2	2
29.057	147	2	3
29.057	148	4	1
29.138	149	3	1
29.219	150	1	2
29.381	151	1	3
29.381	152	4	2
29.543	153	4	3
29.543	154	3	2
29.705	155	3	3
29.705	156	2	2
29.867	157	2	3
29.867	158	4	2
30.029	159	4	3
30.029	160	1	2
30.192	161	1	3
30.192	162	3	2
30.354	163	3	3
30.354	164	2	2
30.516	165	2	3
30.516	166	4	2
30.678	167	4	3
30.678	168	2	1
30.759	169	4	1
30.840	170	2	1
31.002	171	1	1
31.165	172	3	1
31.165	173	4	1
31.327	174	2	1
31.489	175	2	1
31.651	176	3	2
31.813	177	3	3
31.813	178	2	1
31.975	179	1	1
32.138	180	2	1
32.300	181	3	1
32.462	182	4	2
32.624	183	4	3
32.624	184	2	1
32.786	185	3	2
32.948	186	3	3
32.948	187	2	1
33.111	188	4	2
33.273	189	4	3
33.273	190	1	1
33.435	191	3	2
33.597	192	3	3
33.597	193	1	1
33.759	194	2	2
34.246	195	2	3
34.084	196	4	1
34.246	197	3	2
34.732	198	3	3
34.570	199	1	1
34.732	200	4	2
35.057	201	4	3
35.057	202	1	1
35.219	203	2	1
35.381	204	3	1
35.543	205	4	1
35.705	206	2	1
35.867	207	3	1
36.029	208	4	1
36.192	209	1	1
36.354	210	4	1
36.516	211	4	1
36.570	212	3	1
36.624	213	2	1
36.678	214	1	1
36.840	215	2	1
37.002	216	3	2
37.165	217	3	3
37.165	218	1	1
37.327	219	3	1
37.489	220	2	1
37.651	221	4	1
37.813	222	4	1
37.867	223	3	1
37.921	224	2	1
37.975	225	1	1
38.138	226	3	1
38.300	227	2	2
38.462	228	2	3
38.462	229	3	1
38.624	230	2	1
38.786	231	1	1
38.948	232	3	2
39.111	233	3	3
39.111	234	2	1
39.273	235	1	2
39.435	236	1	3
39.435	237	3	1
39.597	238	3	2
39.759	239	3	3
39.759	240	2	1
39.921	241	4	2
40.084	242	4	3
40.084	243	2	1
40.246	244	4	2
40.570	245	4	3
40.570	246	1	1
40.732	247	4	1
40.813	248	3	1
40.894	249	2	1
41.057	250	3	1
41.138	251	1	1
41.219	252	3	1
41.381	253	2	1
41.543	254	4	2
41.705	255	4	3
41.705	256	3	1
41.867	257	2	2
42.029	258	2	3
42.029	259	3	1
42.354	260	1	2
42.516	261	1	3
42.516	262	4	2
42.678	263	4	3
42.678	264	3	1
42.840	265	2	2
43.002	266	2	3
43.002	267	3	1
43.165	268	2	1
43.327	269	1	2
43.489	270	1	3
43.489	271	3	2
43.651	272	3	3
43.651	273	2	2
43.813	274	2	3
43.813	275	4	2
43.975	276	4	3
43.975	277	3	2
44.138	278	3	3
44.138	279	4	2
45.435	280	4	3
44.138	281	1	1
44.462	282	1	1
44.786	283	1	1
44.948	284	2	1
45.111	285	1	1
45.435	286	3	1
45.543	287	2	1
45.651	288	1	1
45.759	289	4	1
45.867	290	3	1
45.975	291	2	1
46.084	292	4	1
46.246	293	3	1
46.408	294	1	1
46.489	295	2	1
46.570	296	3	1
46.651	297	4	1
46.732	298	1	1
46.732	299	2	1
47.057	300	4	1
47.381	301	4	1
47.543	302	4	1
47.597	303	3	1
47.651	304	2	1
47.705	305	1	1
47.867	306	2	1
48.192	307	3	1
48.516	308	2	1
48.678	309	3	1
48.840	310	3	1
49.002	311	4	1
49.327	312	1	1
49.489	313	3	1
49.651	314	4	1
49.813	315	2	1
49.975	316	3	1
50.138	317	4	1
50.300	318	1	1
50.462	319	3	1
50.786	320	2	1
50.948	321	4	1
51.111	322	2	1
51.273	323	1	1
51.435	324	3	1
51.516	325	1	1
51.597	326	3	1
51.759	327	2	1
51.840	328	4	1
51.921	329	2	1
52.246	330	4	1
52.570	331	4	1
52.732	332	4	1
52.786	333	3	1
52.840	334	2	1
52.894	335	1	1
53.057	336	4	1
53.381	337	2	1
53.543	338	4	1
53.705	339	3	1
53.867	340	1	1
54.029	341	1	1
54.192	342	3	1
54.516	343	1	1
54.678	344	2	1
54.840	345	3	1
55.002	346	1	1
55.165	347	3	1
55.327	348	4	1
55.489	349	2	1
55.651	350	3	1
55.813	351	4	1
55.975	352	2	1
56.138	353	4	1
56.300	354	1	1
56.462	355	4	1
56.543	356	3	1
56.624	357	2	1
56.705	358	1	1
56.786	359	4	1
56.867	360	3	1
56.948	361	2	1
57.029	362	1	1
57.111	363	4	1
57.273	364	2	1
57.327	365	4	1
57.381	366	3	1
57.435	367	2	1
57.597	368	1	1
57.759	369	3	1
57.921	370	2	1
58.084	371	4	1
58.246	372	1	1
58.408	373	4	1
58.570	374	2	1
58.624	375	4	1
58.678	376	3	1
58.732	377	2	1
58.894	378	3	1
59.057	379	1	1
59.219	380	1	1
59.381	381	4	1
59.543	382	3	1
59.705	383	2	1
59.867	384	1	1
60.029	385	2	1
60.192	386	3	1
60.354	387	2	1
60.516	388	3	1
60.678	389	2	1
60.840	390	1	1
61.002	391	4	1
61.165	392	4	1
61.246	393	2	1
61.327	394	4	1
61.489	395	2	1
61.651	396	4	1
61.732	397	3	1
61.813	398	1	1
61.894	399	2	1
61.975	400	4	1
62.057	401	3	1
62.138	402	1	1
62.219	403	2	1
62.300	404	3	1
62.624	405	4	1
62.786	406	1	1
62.948	407	2	1
63.111	408	3	1
63.273	409	1	1
63.435	410	4	1
63.597	411	3	1
63.759	412	1	1
63.921	413	4	1
64.084	414	2	1
64.246	415	4	1
64.408	416	3	1
64.570	417	2	1
64.732	418	3	1
64.894	419	1	1
64.894	420	4	1
65.057	421	2	1
65.219	422	4	1
65.381	423	1	1
65.462	424	2	1
65.543	425	3	1
65.705	426	1	1
65.867	427	3	1
65.948	428	2	1
66.029	429	1	1
66.111	430	2	1
66.192	431	4	1
66.354	432	1	1
66.435	433	4	1
66.516	434	1	1
66.678	435	4	1
66.840	436	4	1
67.002	437	2	1
67.084	438	3	1
67.165	439	2	1
67.327	440	3	1
67.408	441	2	1
67.489	442	3	1
68.138	443	2	1
68.462	444	1	1
68.624	445	2	1
68.786	446	4	1
69.759	447	2	1
69.921	448	3	1
70.084	449	4	1
70.408	450	2	1
70.516	451	4	1
70.624	452	2	1
70.732	453	3	1
71.057	454	4	1
71.381	455	1	1
72.029	456	4	1
72.192	457	2	1
72.273	458	1	1
72.354	459	4	1
72.516	460	1	1
72.678	461	4	1
72.840	462	3	1
73.002	463	2	1
73.165	464	3	1
73.327	465	1	1
73.489	466	4	1
73.651	467	1	1
73.813	468	2	1
73.975	469	3	1
73.975	470	4	1
74.138	471	1	1
74.300	472	3	1
74.462	473	2	1
74.624	474	3	1
74.948	475	3	1
75.111	476	4	1
75.273	477	2	1
75.435	478	1	1
75.597	479	3	1
75.759	480	2	1
75.921	481	4	1
76.084	482	1	1
76.246	483	3	1
76.408	484	2	1
76.570	485	3	1
76.570	486	4	1
76.732	487	1	1
76.894	488	3	1
77.057	489	4	1
77.219	490	2	1
77.381	491	3	1
77.543	492	1	1
77.705	493	2	1
77.867	494	3	1
78.029	495	1	1
78.192	496	3	1
78.354	497	2	1
78.516	498	4	1
78.678	499	3	1
78.840	500	2	1
79.002	501	4	1
79.165	502	1	1
79.165	503	2	1
79.327	504	3	1
79.489	505	2	1
79.651	506	4	1
79.813	507	1	1
79.975	508	3	1
80.138	509	2	1
80.300	510	4	1
80.462	511	3	1
80.624	512	2	1
80.786	513	1	1
80.948	514	3	1
81.111	515	2	1
81.273	516	4	1
81.435	517	1	1
81.597	518	2	1
81.759	519	3	1
81.759	520	4	1
83.057	521	4	1
85.327	522	1	1
85.408	523	2	1
85.489	524	3	1
85.570	525	4	1
85.651	526	2	1
86.462	527	4	1
86.624	528	3	1
86.786	529	1	1
86.948	530	4	1
87.111	531	2	1
87.435	532	3	1
87.921	533	4	1
88.246	534	2	1
88.408	535	4	1
88.489	536	3	1
88.570	537	2	1
88.732	538	4	1
88.813	539	3	1
88.894	540	1	1
89.057	541	3	1
89.219	542	2	1
89.381	543	1	1
89.543	544	4	1
89.705	545	2	1
89.867	546	3	1
90.029	547	1	1
90.192	548	3	1
90.678	549	1	1
90.840	550	3	1
90.840	551	4	1
91.165	552	1	1
91.327	553	3	1
91.651	554	1	1
91.813	555	2	1
91.975	556	3	1
92.138	557	4	1
92.462	558	2	1
92.786	559	3	1
93.111	560	2	1
93.435	561	1	1
93.921	562	3	1
94.408	563	4	1
94.732	564	1	1
94.732	565	2	1
95.057	566	2	1
95.381	567	3	1
95.543	568	2	1
95.705	569	3	1
95.705	570	4	1
95.786	571	1	1
95.867	572	2	1
95.948	573	3	1
96.029	574	2	2
97.002	575	2	3
96.029	576	4	1
96.354	577	4	1
96.840	578	4	1
97.002	579	1	1
97.165	580	3	2
97.327	581	3	3
97.327	582	1	1
97.489	583	2	2
97.813	584	2	3
97.651	585	4	1
97.813	586	3	2
98.300	587	3	3
98.138	588	1	1
98.300	589	4	2
98.624	590	4	3
98.624	591	1	2
98.786	592	1	3
98.786	593	4	1
98.867	594	3	1
98.948	595	2	2
99.111	596	2	3
99.111	597	4	1
99.192	598	3	1
99.273	599	1	2
99.435	600	1	3
99.435	601	4	2
99.597	602	4	3
99.597	603	3	2
99.759	604	3	3
99.759	605	2	2
99.921	606	2	3
99.921	607	4	2
100.084	608	4	3
100.084	609	1	2
100.246	610	1	3
100.246	611	3	2
100.408	612	3	3
100.408	613	2	2
100.570	614	2	3
100.570	615	4	2
100.732	616	4	3
100.732	617	2	1
100.813	618	4	1
100.894	619	2	1
101.057	620	1	1
101.219	621	4	1
101.219	622	3	1
101.381	623	2	1
101.543	624	2	1
101.705	625	3	2
101.867	626	3	3
101.867	627	2	1
102.029	628	1	1
102.192	629	2	1
102.354	630	3	1
102.516	631	4	2
102.678	632	4	3
102.678	633	2	1
102.840	634	3	2
103.002	635	3	3
103.002	636	2	1
103.165	637	4	2
103.327	638	4	3
103.327	639	1	1
103.489	640	3	2
103.651	641	3	3
103.651	642	1	1
103.813	643	2	2
104.300	644	2	3
104.138	645	4	1
104.300	646	3	2
104.786	647	3	3
104.624	648	1	1
104.786	649	4	2
105.111	650	4	3
105.111	651	1	1
105.273	652	2	1
105.435	653	3	1
105.597	654	4	1
105.759	655	2	1
105.921	656	3	1
106.084	657	4	1
106.246	658	1	1
106.408	659	4	1
106.570	660	4	1
106.624	661	3	1
106.678	662	2	1
106.732	663	1	1
106.894	664	2	1
107.057	665	3	2
107.219	666	3	3
107.219	667	1	1
107.381	668	3	1
107.543	669	2	1
107.705	670	4	1
107.867	671	4	1
107.921	672	3	1
107.975	673	2	1
108.029	674	1	1
108.192	675	3	1
108.354	676	2	2
108.516	677	2	3
108.516	678	3	1
108.678	679	2	1
108.840	680	1	1
109.002	681	3	2
109.165	682	3	3
109.165	683	2	1
109.327	684	1	2
109.489	685	1	3
109.489	686	3	1
109.651	687	3	2
109.813	688	3	3
109.813	689	2	1
109.975	690	4	2
110.138	691	4	3
110.138	692	2	1
110.300	693	4	2
110.624	694	4	3
110.624	695	1	1
110.786	696	4	1
110.867	697	3	1
110.948	698	2	1
111.111	699	3	1
111.192	700	1	1
111.273	701	3	1
111.435	702	2	1
111.597	703	4	2
111.759	704	4	3
111.759	705	3	1
111.921	706	2	2
112.084	707	2	3
112.084	708	3	1
112.408	709	1	2
112.570	710	1	3
112.570	711	4	2
112.732	712	4	3
112.732	713	3	1
112.894	714	2	2
113.057	715	2	3
113.057	716	3	1
113.219	717	2	1
113.381	718	1	2
113.543	719	1	3
113.543	720	3	2
113.705	721	3	3
113.705	722	2	2
113.867	723	2	3
113.867	724	4	2
114.029	725	4	3
114.029	726	3	2
114.192	727	3	3
114.192	728	1	1
114.192	729	4	2
115.165	730	4	3
114.516	731	1	1
114.840	732	1	1
115.002	733	2	1
115.165	734	1	2
115.327	735	1	3
115.327	736	4	1
115.489	737	1	1
115.570	738	2	1
115.651	739	3	1
115.813	740	1	1
115.894	741	2	1
115.975	742	3	1
116.138	743	4	1
116.219	744	3	1
116.300	745	2	1
116.462	746	4	1
116.543	747	3	1
116.624	748	1	1
116.786	749	3	1
116.786	750	4	1
116.948	751	1	1
117.029	752	2	1
117.111	753	3	1
117.192	754	2	1
117.273	755	1	1
117.354	756	2	1
117.435	757	3	1
117.597	758	1	1
117.759	759	4	1
117.921	760	2	1
118.084	761	4	1
118.246	762	3	1
118.408	763	1	1
118.570	764	3	1
118.894	765	2	1
119.057	766	4	1
119.219	767	1	1
119.381	768	3	1
119.543	769	1	1
119.705	770	3	1
119.867	771	2	1
120.029	772	4	1
120.192	773	2	1
120.246	774	4	1
120.300	775	3	1
120.354	776	2	1
120.516	777	1	1
120.678	778	3	1
120.840	779	4	1
121.002	780	4	1
121.165	781	2	1
121.327	782	2	1
121.489	783	4	1
121.570	784	1	1
121.651	785	4	1
121.732	786	3	1
121.813	787	2	1
121.894	788	1	1
121.975	789	3	1
122.138	790	2	1
122.300	791	3	1
122.462	792	4	1
122.786	793	1	1
122.948	794	2	1
123.111	795	3	1
123.273	796	4	1
123.354	797	3	1
123.516	798	1	1
123.597	799	2	1
123.759	800	4	1
123.840	801	3	1
124.084	802	1	1
124.246	803	2	1
124.408	804	4	1
124.570	805	1	1
124.894	806	4	1
124.975	807	3	1
125.057	808	2	1
125.138	809	4	1
125.219	810	1	1
125.381	811	4	1
125.462	812	3	1
125.543	813	2	1
125.624	814	4	1
125.705	815	1	1
125.867	816	1	1
125.948	817	2	1
126.029	818	3	1
126.111	819	4	1
126.192	820	1	1
126.273	821	2	1
126.354	822	3	1
126.435	823	1	1
126.516	824	4	1
126.678	825	2	1
126.840	826	3	1
127.002	827	3	1
127.165	828	1	1
127.327	829	4	1
127.489	830	4	1
127.651	831	4	1
127.813	832	4	1
127.975	833	3	1
128.138	834	2	1
128.300	835	1	1
128.462	836	4	1
128.624	837	2	1
128.786	838	4	1
128.948	839	1	1
129.111	840	3	1
129.273	841	2	1
129.435	842	3	1
129.597	843	4	1
129.840	844	3	1
129.840	845	4	1
130.084	846	1	1
130.084	847	2	1
130.327	848	3	1
130.327	849	4	1
130.570	850	4	1
130.570	851	3	1
130.732	852	2	1
130.732	853	1	1
130.894	854	3	1
130.894	855	4	1
131.057	856	1	1
131.165	857	2	1
131.273	858	3	1
131.381	859	1	1
131.489	860	2	1
131.597	861	3	1
131.705	862	4	1
131.867	863	2	1
131.948	864	3	1
132.029	865	2	1
132.192	866	3	1
132.354	867	4	1
132.516	868	2	1
132.678	869	1	1
132.840	870	3	1
133.002	871	1	1
133.165	872	2	1
133.327	873	3	1
133.489	874	2	1
133.651	875	4	1
133.732	876	3	1
133.813	877	2	1
133.975	878	3	1
134.138	879	1	1
134.300	880	4	1
134.381	881	3	1
134.462	882	2	1
134.624	883	4	1
134.786	884	3	1
134.948	885	1	1
134.948	886	4	1
135.111	887	2	1
135.273	888	3	1
135.273	889	4	1
135.597	890	2	1
135.597	891	1	1
135.921	892	3	1
135.921	893	4	1
136.246	894	1	1
136.246	895	4	1
136.570	896	2	1
136.894	897	3	1
137.219	898	4	1
137.300	899	3	1
137.381	900	2	1
137.462	901	1	1
137.543	902	4	1
137.543	903	3	1
138.516	904	4	1
138.516	905	2	1
140.138	906	4	1
140.138	907	1	1
140.786	908	1	2
142.732	909	1	3
141.435	910	4	2
142.732	911	4	3
142.732	912	2	1
142.732	913	3	1