Song Name	retro raceway by matthieumusic
Title	retro raceway
Artist	matthieumusic
Description	From the artist: Hope you enjoy this little tune of mine! :>. Map by iiJohn0.
Difficulty	22
Primary Color	Vibe
Secondary Color	Beat
Cover Image ID	7146922574
Audio Asset ID	rbxassetid://9065284990
Audio File	9065284990.ogg
Last Note Time	146.037
Total Notes	1157
Fever Fill	361
Fever Time	21.905550
Long Notes	74
BPM	187
Song Length	147.037000000

Timing Points
0.048	320.855615


Song Data
0.048	1	1	1
0.208	2	4	1
0.368	3	4	1
0.529	4	2	1
0.609	5	4	1
0.769	6	4	1
0.930	7	1	1
1.010	8	4	1
1.170	9	4	1
1.331	10	2	1
1.491	11	3	1
1.652	12	3	1
1.812	13	1	1
1.892	14	3	1
2.053	15	3	1
2.213	16	2	1
2.293	17	3	1
2.454	18	3	1
2.614	19	4	1
2.775	20	2	1
2.935	21	2	1
3.096	22	3	1
3.176	23	2	1
3.336	24	2	1
3.497	25	4	1
3.577	26	2	1
3.737	27	2	1
3.898	28	3	1
4.058	29	1	1
4.219	30	1	1
4.379	31	4	1
4.459	32	1	1
4.620	33	1	1
4.780	34	3	1
4.860	35	1	1
5.021	36	1	1
5.181	37	2	1
5.342	38	4	1
5.502	39	4	1
5.662	40	2	1
5.743	41	4	1
5.903	42	4	1
6.064	43	1	1
6.144	44	4	1
6.304	45	4	1
6.465	46	2	1
6.625	47	3	1
6.785	48	3	1
6.946	49	1	1
7.026	50	3	1
7.187	51	3	1
7.347	52	2	1
7.427	53	3	1
7.588	54	3	1
7.748	55	4	1
7.908	56	2	1
8.069	57	2	1
8.229	58	3	1
8.310	59	2	1
8.470	60	2	1
8.630	61	4	1
8.711	62	2	1
8.871	63	2	1
9.031	64	3	1
9.192	65	1	1
9.352	66	1	1
9.513	67	4	1
9.593	68	1	1
9.753	69	1	1
9.914	70	3	1
9.994	71	1	1
10.154	72	1	1
10.315	73	2	1
10.475	74	4	1
10.556	75	1	1
10.636	76	4	1
10.796	77	2	1
10.876	78	4	1
11.037	79	4	1
11.117	80	1	1
11.197	81	2	1
11.277	82	4	1
11.438	83	4	1
11.598	84	1	1
11.759	85	3	1
11.919	86	3	1
12.080	87	2	1
12.160	88	3	1
12.240	89	4	1
12.320	90	1	1
12.400	91	2	1
12.481	92	4	1
12.561	93	3	1
12.641	94	2	1
12.721	95	1	1
12.802	96	3	1
12.882	97	4	1
13.042	98	2	1
13.122	99	4	1
13.203	100	2	1
13.363	101	3	1
13.443	102	2	1
13.604	103	2	1
13.684	104	4	1
13.764	105	3	1
13.844	106	2	1
14.005	107	2	1
14.165	108	3	1
14.326	109	1	1
14.406	110	4	1
14.486	111	1	1
14.646	112	3	1
14.727	113	1	1
14.887	114	1	1
14.967	115	4	1
15.047	116	3	1
15.128	117	1	1
15.288	118	1	1
15.449	119	2	1
15.609	120	4	1
15.689	121	1	1
15.769	122	4	1
15.930	123	2	1
16.010	124	4	1
16.170	125	4	1
16.251	126	1	1
16.331	127	2	1
16.411	128	4	1
16.572	129	4	1
16.732	130	1	1
16.892	131	3	1
17.053	132	3	1
17.213	133	2	1
17.293	134	3	1
17.374	135	4	1
17.454	136	1	1
17.534	137	2	1
17.614	138	4	1
17.695	139	3	1
17.775	140	2	1
17.855	141	1	1
17.935	142	3	1
18.015	143	4	1
18.176	144	2	1
18.256	145	4	1
18.336	146	2	1
18.497	147	3	1
18.577	148	2	1
18.737	149	2	1
18.818	150	4	1
18.898	151	3	1
18.978	152	2	1
19.138	153	2	1
19.299	154	4	1
19.299	155	1	1
19.459	156	2	1
19.539	157	3	1
19.620	158	4	2
19.780	159	4	3
19.780	160	2	2
20.101	161	2	3
20.101	162	4	1
20.181	163	3	1
20.261	164	1	1
20.342	165	2	1
20.422	166	4	1
20.502	167	3	1
20.582	168	2	1
20.582	169	1	2
22.989	170	1	3
21.866	171	4	1
22.989	172	4	1
23.069	173	2	1
23.149	174	3	2
25.074	175	3	3
23.791	176	1	1
24.433	177	1	1
24.753	178	2	1
25.074	179	1	1
25.235	180	4	1
25.395	181	1	1
25.475	182	2	1
25.556	183	3	1
25.636	184	4	1
25.716	185	2	1
25.716	186	1	2
26.999	187	1	3
26.999	188	4	2
30.850	189	4	3
30.850	190	3	1
31.090	191	2	1
31.170	192	4	1
31.331	193	1	2
31.572	194	1	3
31.491	195	4	1
31.652	196	3	1
31.812	197	4	1
31.973	198	2	1
32.133	199	1	1
32.374	200	2	1
32.454	201	4	1
32.614	202	2	2
32.855	203	2	3
32.775	204	4	1
32.935	205	1	1
33.096	206	2	1
33.256	207	3	1
33.336	208	2	1
33.416	209	4	1
33.657	210	3	1
33.737	211	1	1
33.898	212	2	2
34.138	213	2	3
34.058	214	1	1
34.219	215	4	1
34.379	216	1	1
34.539	217	3	2
35.983	218	3	3
34.700	219	2	1
35.021	220	1	1
35.342	221	4	1
35.662	222	2	1
35.983	223	4	1
36.224	224	2	1
36.304	225	4	1
36.465	226	1	2
36.705	227	1	3
36.625	228	4	1
36.785	229	2	1
36.946	230	1	1
37.106	231	4	1
37.267	232	3	1
37.507	233	2	1
37.588	234	4	1
37.748	235	1	2
37.989	236	1	3
37.908	237	4	1
38.069	238	2	1
38.229	239	3	1
38.390	240	4	1
38.550	241	1	1
38.791	242	3	1
38.871	243	1	1
39.031	244	4	1
39.192	245	2	1
39.433	246	1	1
39.513	247	4	1
39.673	248	3	1
39.834	249	1	1
40.074	250	2	1
40.154	251	4	1
40.315	252	3	2
40.556	253	3	3
40.475	254	1	1
40.636	255	4	1
40.796	256	2	1
40.957	257	3	1
41.117	258	3	1
41.358	259	2	1
41.438	260	4	1
41.598	261	1	2
41.839	262	1	3
41.759	263	4	1
41.919	264	3	1
41.999	265	2	1
42.080	266	1	1
42.240	267	3	1
42.400	268	2	1
42.641	269	4	1
42.721	270	1	1
42.882	271	4	2
43.122	272	4	3
43.042	273	1	1
43.203	274	2	1
43.283	275	3	1
43.363	276	4	1
43.523	277	2	1
43.604	278	3	1
43.684	279	1	1
43.925	280	3	1
44.005	281	4	1
44.165	282	1	2
44.406	283	1	3
44.326	284	4	1
44.486	285	3	1
44.646	286	2	1
44.807	287	4	2
46.251	288	4	3
44.967	289	1	1
45.288	290	2	1
45.609	291	3	1
45.930	292	1	1
46.251	293	2	1
46.491	294	1	1
46.572	295	4	1
46.732	296	3	2
46.973	297	3	3
46.892	298	4	1
47.053	299	2	1
47.133	300	3	1
47.213	301	1	1
47.374	302	4	1
47.534	303	3	1
47.775	304	2	1
47.855	305	1	1
48.015	306	4	2
48.256	307	4	3
48.176	308	1	1
48.336	309	3	1
48.416	310	2	1
48.497	311	4	1
48.657	312	3	1
48.818	313	1	1
49.058	314	4	1
49.138	315	1	1
49.299	316	3	1
49.459	317	4	1
49.700	318	3	1
49.780	319	1	1
49.941	320	2	1
50.101	321	4	1
50.342	322	2	1
50.422	323	1	1
50.582	324	3	2
50.823	325	3	3
50.743	326	4	1
50.903	327	2	1
50.983	328	3	1
51.064	329	1	1
51.224	330	2	1
51.384	331	4	1
51.384	332	1	1
51.625	333	2	1
51.705	334	3	1
51.705	335	4	1
51.866	336	1	2
52.106	337	1	3
52.026	338	4	1
52.187	339	3	1
52.347	340	1	1
52.347	341	4	1
52.507	342	2	1
52.668	343	1	1
52.908	344	2	1
52.989	345	3	1
52.989	346	4	1
53.149	347	2	2
53.390	348	2	3
53.310	349	4	1
53.470	350	1	1
53.630	351	4	1
53.630	352	2	1
53.791	353	3	1
53.871	354	2	1
53.951	355	4	1
54.192	356	3	1
54.272	357	4	1
54.272	358	1	1
54.433	359	2	2
54.673	360	2	3
54.593	361	1	1
54.753	362	4	1
54.914	363	2	1
54.914	364	1	1
55.074	365	3	2
56.518	366	3	3
55.235	367	2	1
55.556	368	4	1
55.556	369	1	1
55.876	370	4	1
56.197	371	1	1
56.197	372	2	1
56.518	373	4	1
56.759	374	2	1
56.839	375	3	1
56.839	376	4	1
56.999	377	1	2
57.240	378	1	3
57.160	379	4	1
57.320	380	2	1
57.481	381	3	1
57.481	382	1	1
57.641	383	4	1
57.802	384	3	1
58.042	385	2	1
58.122	386	3	1
58.122	387	4	1
58.283	388	1	2
58.523	389	1	3
58.443	390	4	1
58.604	391	2	1
58.764	392	1	1
58.764	393	3	1
58.925	394	4	1
59.085	395	1	1
59.326	396	3	1
59.406	397	2	1
59.406	398	1	1
59.566	399	4	1
59.727	400	2	1
59.967	401	1	1
60.047	402	2	1
60.047	403	4	1
60.208	404	3	1
60.368	405	1	1
60.609	406	2	1
60.689	407	1	1
60.689	408	4	1
60.850	409	3	2
61.090	410	3	3
61.010	411	1	1
61.170	412	4	1
61.331	413	1	1
61.331	414	2	1
61.491	415	3	1
61.652	416	3	1
61.892	417	2	1
61.973	418	3	1
61.973	419	4	1
62.133	420	1	2
62.374	421	1	3
62.293	422	4	1
62.454	423	3	1
62.534	424	2	1
62.614	425	4	1
62.614	426	1	1
62.775	427	3	1
62.935	428	2	1
63.176	429	4	1
63.256	430	2	1
63.256	431	1	1
63.416	432	4	2
63.657	433	4	3
63.577	434	1	1
63.737	435	2	1
63.818	436	3	1
63.898	437	1	1
63.898	438	4	1
64.058	439	2	1
64.138	440	3	1
64.219	441	1	1
64.459	442	3	1
64.539	443	2	1
64.539	444	4	1
64.700	445	1	2
64.941	446	1	3
64.860	447	4	1
65.021	448	3	1
65.181	449	1	1
65.181	450	2	1
65.342	451	4	2
66.785	452	4	3
65.502	453	1	1
65.823	454	3	1
65.823	455	2	1
66.144	456	3	1
66.465	457	2	1
66.465	458	1	1
66.785	459	2	1
67.026	460	1	1
67.106	461	2	1
67.106	462	4	1
67.267	463	3	2
67.507	464	3	3
67.427	465	4	1
67.588	466	2	1
67.668	467	3	1
67.748	468	4	1
67.748	469	1	1
67.908	470	2	1
68.069	471	3	1
68.310	472	2	1
68.390	473	4	1
68.390	474	1	1
68.550	475	3	2
68.791	476	3	3
68.711	477	1	1
68.871	478	2	1
68.951	479	1	1
69.031	480	4	1
69.192	481	3	1
69.352	482	1	1
69.593	483	4	1
69.673	484	2	1
69.673	485	1	1
69.834	486	3	1
69.994	487	4	1
70.235	488	3	1
70.315	489	4	1
70.315	490	1	1
70.475	491	2	1
70.636	492	4	1
70.876	493	2	1
70.957	494	4	1
70.957	495	1	1
71.117	496	3	2
71.358	497	3	3
71.277	498	4	1
71.438	499	2	1
71.518	500	3	1
71.598	501	4	1
71.598	502	1	1
71.759	503	2	1
71.919	504	4	1
71.919	505	1	1
72.160	506	2	1
72.240	507	3	1
72.240	508	4	1
72.400	509	1	2
72.641	510	1	3
72.561	511	4	1
72.721	512	3	1
72.882	513	1	1
72.882	514	4	1
73.042	515	2	1
73.203	516	4	1
73.283	517	3	1
73.363	518	2	1
73.443	519	1	1
73.523	520	4	1
73.604	521	3	1
73.684	522	2	1
73.764	523	4	1
73.844	524	1	1
73.925	525	2	1
74.005	526	3	1
74.085	527	4	1
74.165	528	1	2
74.245	529	1	3
74.245	530	2	2
74.326	531	2	3
74.326	532	3	2
74.406	533	3	3
74.406	534	4	2
74.486	535	4	3
74.486	536	1	1
74.727	537	3	1
74.807	538	4	1
74.807	539	1	1
74.967	540	2	1
75.128	541	4	1
75.208	542	1	1
75.368	543	2	1
75.449	544	4	1
75.449	545	3	1
75.609	546	1	1
75.689	547	3	1
75.769	548	2	1
76.010	549	3	1
76.090	550	4	1
76.090	551	1	1
76.251	552	3	2
76.411	553	3	3
76.411	554	1	1
76.491	555	2	1
76.572	556	3	1
76.652	557	4	1
76.732	558	1	1
76.812	559	2	1
76.892	560	4	1
76.973	561	3	1
77.053	562	2	1
77.133	563	1	1
77.213	564	3	1
77.293	565	4	1
77.374	566	1	1
77.454	567	2	1
77.534	568	3	1
77.614	569	4	1
77.695	570	2	1
77.775	571	1	1
77.855	572	3	1
77.935	573	4	1
78.015	574	2	2
78.096	575	2	3
78.096	576	1	2
78.176	577	1	3
78.176	578	3	2
78.256	579	3	3
78.256	580	4	2
78.336	581	4	3
78.336	582	1	1
78.416	583	2	1
78.497	584	4	1
78.577	585	3	1
78.657	586	1	1
78.737	587	2	1
78.818	588	3	1
78.898	589	4	1
78.978	590	2	1
79.058	591	1	1
79.138	592	3	1
79.219	593	4	1
79.299	594	1	1
79.379	595	2	1
79.459	596	3	1
79.539	597	4	1
79.620	598	2	1
79.700	599	1	1
79.780	600	4	1
79.860	601	3	1
79.941	602	2	1
80.021	603	1	1
80.101	604	4	1
80.181	605	3	1
80.261	606	2	1
80.342	607	1	1
80.422	608	3	1
80.502	609	4	1
80.582	610	1	1
80.662	611	2	1
80.743	612	3	1
80.823	613	4	1
80.903	614	2	1
80.983	615	1	1
81.064	616	3	1
81.144	617	4	1
81.224	618	1	1
81.304	619	2	1
81.384	620	3	1
81.465	621	4	1
81.545	622	1	2
81.625	623	1	3
81.625	624	2	2
81.705	625	2	3
81.705	626	3	2
81.785	627	3	3
81.785	628	4	2
81.866	629	4	3
81.866	630	2	2
81.946	631	2	3
81.946	632	1	2
82.026	633	1	3
82.026	634	3	2
82.106	635	3	3
82.106	636	4	2
82.187	637	4	3
82.187	638	1	1
82.267	639	2	1
82.347	640	3	1
82.427	641	4	1
82.507	642	1	1
82.588	643	2	1
82.668	644	4	1
82.748	645	3	1
82.828	646	1	1
82.908	647	2	1
82.989	648	4	1
83.069	649	3	1
83.149	650	2	1
83.229	651	1	1
83.310	652	3	1
83.390	653	4	1
83.470	654	1	1
83.550	655	2	1
83.630	656	3	1
83.711	657	4	1
83.791	658	1	1
83.871	659	2	1
83.951	660	3	1
84.031	661	4	1
84.112	662	2	1
84.192	663	1	1
84.272	664	4	1
84.352	665	3	1
84.433	666	2	1
84.513	667	1	1
84.593	668	3	1
84.673	669	4	1
84.753	670	1	1
84.834	671	2	1
84.914	672	3	1
84.994	673	4	1
85.074	674	2	1
85.154	675	1	1
85.235	676	3	1
85.315	677	4	1
85.395	678	2	1
85.475	679	1	1
85.556	680	4	1
85.636	681	3	1
85.716	682	2	1
85.796	683	1	1
85.876	684	3	1
85.957	685	4	1
86.037	686	1	1
86.117	687	2	1
86.197	688	3	1
86.277	689	4	1
86.358	690	2	1
86.438	691	1	1
86.518	692	4	1
86.598	693	3	1
86.679	694	2	1
86.759	695	1	1
86.839	696	3	1
86.919	697	4	1
86.999	698	2	1
87.080	699	1	1
87.160	700	4	1
87.240	701	3	1
87.320	702	2	1
87.400	703	1	1
87.481	704	3	1
87.561	705	4	1
87.641	706	1	1
87.721	707	2	1
87.802	708	3	1
87.882	709	4	1
87.962	710	1	1
88.042	711	2	1
88.122	712	3	1
88.203	713	4	1
88.283	714	2	1
88.363	715	1	1
88.443	716	3	1
88.523	717	4	1
88.604	718	2	1
88.684	719	1	1
88.764	720	4	1
88.844	721	3	1
88.925	722	2	1
89.005	723	1	1
89.085	724	4	1
89.165	725	3	1
89.245	726	2	1
89.326	727	1	1
89.406	728	3	1
89.486	729	4	1
89.566	730	1	1
89.646	731	2	1
89.727	732	3	1
89.807	733	4	1
89.887	734	1	1
89.967	735	2	1
90.047	736	4	1
90.128	737	3	1
90.208	738	1	1
90.288	739	2	1
90.368	740	4	1
90.449	741	3	1
90.529	742	1	1
90.609	743	2	1
90.689	744	3	1
90.769	745	1	1
90.850	746	4	1
90.930	747	3	1
91.010	748	2	1
91.090	749	1	1
91.170	750	4	1
91.411	751	2	1
91.491	752	4	1
91.652	753	1	1
91.812	754	3	1
91.892	755	2	1
92.053	756	4	1
92.133	757	1	1
92.293	758	2	1
92.374	759	1	1
92.454	760	4	1
92.454	761	3	1
92.695	762	2	1
92.775	763	3	1
92.775	764	4	1
92.935	765	1	2
93.176	766	1	3
93.096	767	4	1
93.256	768	3	1
93.416	769	1	1
93.416	770	4	1
93.577	771	2	1
93.737	772	1	1
93.978	773	2	1
94.058	774	3	1
94.058	775	4	1
94.219	776	2	2
94.459	777	2	3
94.379	778	4	1
94.539	779	1	1
94.700	780	4	1
94.700	781	2	1
94.860	782	3	1
94.941	783	2	1
95.021	784	4	1
95.261	785	3	1
95.342	786	4	1
95.342	787	1	1
95.502	788	2	2
95.743	789	2	3
95.662	790	1	1
95.823	791	4	1
95.983	792	2	1
95.983	793	1	1
96.144	794	3	2
97.588	795	3	3
96.304	796	2	1
96.625	797	4	1
96.625	798	1	1
96.946	799	4	1
97.267	800	1	1
97.267	801	2	1
97.588	802	4	1
97.828	803	2	1
97.908	804	3	1
97.908	805	4	1
98.069	806	1	2
98.310	807	1	3
98.229	808	4	1
98.390	809	2	1
98.550	810	3	1
98.550	811	1	1
98.711	812	4	1
98.871	813	3	1
99.112	814	2	1
99.192	815	3	1
99.192	816	4	1
99.352	817	1	2
99.593	818	1	3
99.513	819	4	1
99.673	820	2	1
99.834	821	1	1
99.834	822	3	1
99.994	823	4	1
100.154	824	1	1
100.395	825	3	1
100.475	826	2	1
100.475	827	1	1
100.636	828	4	1
100.796	829	2	1
101.037	830	1	1
101.117	831	2	1
101.117	832	4	1
101.277	833	3	1
101.438	834	1	1
101.679	835	2	1
101.759	836	1	1
101.759	837	4	1
101.919	838	3	2
102.160	839	3	3
102.080	840	1	1
102.240	841	4	1
102.400	842	1	1
102.400	843	2	1
102.561	844	3	1
102.721	845	3	1
102.962	846	2	1
103.042	847	3	1
103.042	848	4	1
103.203	849	1	2
103.443	850	1	3
103.363	851	4	1
103.523	852	3	1
103.604	853	2	1
103.684	854	4	1
103.684	855	1	1
103.844	856	3	1
104.005	857	2	1
104.245	858	4	1
104.326	859	2	1
104.326	860	1	1
104.486	861	4	2
104.727	862	4	3
104.646	863	1	1
104.807	864	2	1
104.887	865	3	1
104.967	866	1	1
104.967	867	4	1
105.128	868	2	1
105.208	869	3	1
105.288	870	1	1
105.529	871	3	1
105.609	872	2	1
105.609	873	4	1
105.769	874	1	2
106.010	875	1	3
105.930	876	4	1
106.090	877	3	1
106.251	878	1	1
106.251	879	2	1
106.411	880	4	2
107.855	881	4	3
106.572	882	1	1
106.892	883	3	1
106.892	884	2	1
107.213	885	3	1
107.534	886	2	1
107.534	887	1	1
107.855	888	2	1
108.096	889	1	1
108.176	890	2	1
108.176	891	4	1
108.336	892	3	2
108.577	893	3	3
108.497	894	4	1
108.657	895	2	1
108.737	896	3	1
108.818	897	4	1
108.818	898	1	1
108.978	899	2	1
109.138	900	3	1
109.379	901	2	1
109.459	902	4	1
109.459	903	1	1
109.620	904	3	2
109.860	905	3	3
109.780	906	1	1
109.941	907	2	1
110.021	908	1	1
110.101	909	4	1
110.261	910	3	1
110.422	911	1	1
110.662	912	4	1
110.743	913	2	1
110.743	914	1	1
110.903	915	3	1
111.064	916	4	1
111.304	917	3	1
111.384	918	4	1
111.384	919	1	1
111.545	920	2	1
111.705	921	4	1
111.946	922	2	1
112.026	923	4	1
112.026	924	1	1
112.187	925	3	2
112.427	926	3	3
112.347	927	4	1
112.507	928	2	1
112.588	929	3	1
112.668	930	4	1
112.668	931	1	1
112.828	932	2	1
112.989	933	1	1
112.989	934	4	1
115.556	935	4	2
116.839	936	4	3
116.839	937	2	2
117.320	938	2	3
117.320	939	1	1
117.481	940	4	1
117.641	941	3	1
117.802	942	2	1
118.122	943	1	1
118.122	944	2	1
118.283	945	4	1
118.363	946	1	1
118.443	947	4	1
118.604	948	2	1
118.684	949	4	1
118.844	950	4	1
118.925	951	1	1
119.005	952	2	1
119.085	953	4	1
119.245	954	4	1
119.406	955	1	1
119.566	956	3	1
119.727	957	3	1
119.887	958	2	1
119.967	959	3	1
120.047	960	4	1
120.128	961	1	1
120.208	962	2	1
120.288	963	4	1
120.368	964	3	1
120.449	965	2	1
120.529	966	1	1
120.609	967	3	1
120.689	968	4	1
120.850	969	2	1
120.930	970	4	1
121.010	971	2	1
121.170	972	3	1
121.251	973	2	1
121.411	974	2	1
121.491	975	4	1
121.572	976	3	1
121.652	977	2	1
121.812	978	2	1
121.973	979	3	1
122.133	980	1	1
122.213	981	4	1
122.293	982	1	1
122.454	983	3	1
122.534	984	1	1
122.695	985	1	1
122.775	986	4	1
122.855	987	3	1
122.935	988	1	1
123.096	989	1	1
123.176	990	3	1
123.256	991	2	1
123.416	992	4	1
123.497	993	1	1
123.577	994	4	1
123.737	995	2	1
123.818	996	4	1
123.978	997	4	1
124.058	998	1	1
124.138	999	2	1
124.219	1000	4	1
124.379	1001	4	1
124.539	1002	1	1
124.700	1003	3	1
124.860	1004	3	1
125.021	1005	2	1
125.101	1006	3	1
125.181	1007	4	1
125.261	1008	1	1
125.342	1009	2	1
125.422	1010	4	1
125.502	1011	3	1
125.582	1012	2	1
125.662	1013	1	1
125.743	1014	3	1
125.823	1015	4	1
125.983	1016	2	1
126.064	1017	4	1
126.144	1018	2	1
126.304	1019	3	1
126.384	1020	2	1
126.545	1021	2	1
126.625	1022	4	1
126.705	1023	3	1
126.785	1024	2	1
126.946	1025	2	1
127.106	1026	3	1
127.267	1027	1	1
127.347	1028	4	1
127.427	1029	1	1
127.588	1030	3	1
127.668	1031	1	1
127.828	1032	1	1
127.908	1033	4	1
127.989	1034	3	1
128.069	1035	1	1
128.229	1036	1	1
128.310	1037	3	1
128.390	1038	2	1
128.550	1039	4	1
128.630	1040	1	1
128.711	1041	4	1
128.871	1042	2	1
128.951	1043	4	1
129.112	1044	4	1
129.192	1045	1	1
129.272	1046	2	1
129.352	1047	4	1
129.513	1048	4	1
129.673	1049	1	1
129.834	1050	3	1
129.994	1051	3	1
130.154	1052	2	1
130.235	1053	3	1
130.315	1054	4	1
130.395	1055	1	1
130.475	1056	2	1
130.556	1057	4	1
130.636	1058	3	1
130.716	1059	2	1
130.796	1060	1	1
130.876	1061	3	1
130.957	1062	4	1
131.117	1063	2	1
131.197	1064	4	1
131.277	1065	2	1
131.438	1066	3	1
131.518	1067	2	1
131.679	1068	2	1
131.759	1069	4	1
131.839	1070	3	1
131.919	1071	2	1
132.080	1072	2	1
132.240	1073	3	1
132.400	1074	1	1
132.481	1075	4	1
132.561	1076	1	1
132.721	1077	3	1
132.802	1078	1	1
132.962	1079	1	1
133.042	1080	4	1
133.122	1081	3	1
133.203	1082	1	1
133.363	1083	1	1
133.443	1084	3	1
133.523	1085	2	1
133.684	1086	4	1
133.764	1087	1	1
133.844	1088	4	1
134.005	1089	2	1
134.085	1090	4	1
134.245	1091	4	1
134.326	1092	1	1
134.406	1093	2	1
134.486	1094	4	1
134.646	1095	4	1
134.807	1096	1	1
134.967	1097	3	1
135.128	1098	3	1
135.288	1099	2	1
135.368	1100	3	1
135.449	1101	4	1
135.529	1102	1	1
135.609	1103	2	1
135.689	1104	4	1
135.769	1105	3	1
135.850	1106	2	1
135.930	1107	1	1
136.010	1108	3	1
136.090	1109	4	1
136.251	1110	2	1
136.331	1111	4	1
136.411	1112	2	1
136.572	1113	3	1
136.652	1114	2	1
136.812	1115	2	1
136.892	1116	4	1
136.973	1117	3	1
137.053	1118	2	1
137.213	1119	2	1
137.374	1120	4	1
137.374	1121	1	1
137.534	1122	2	1
137.614	1123	3	1
137.695	1124	4	2
137.855	1125	4	3
137.855	1126	2	2
138.176	1127	2	3
138.176	1128	1	1
138.256	1129	3	1
138.336	1130	2	1
138.497	1131	4	1
138.577	1132	3	1
138.657	1133	2	1
138.657	1134	1	2
141.224	1135	1	3
139.941	1136	4	1
141.064	1137	2	1
141.144	1138	3	1
141.224	1139	4	2
143.791	1140	4	3
141.866	1141	1	1
142.427	1142	1	1
142.507	1143	2	1
142.748	1144	1	1
142.989	1145	2	1
143.069	1146	3	1
143.149	1147	1	1
143.310	1148	2	1
143.390	1149	3	1
143.470	1150	1	1
143.550	1151	2	1
143.630	1152	3	1
143.711	1153	1	1
143.791	1154	3	2
144.753	1155	3	3
143.791	1156	2	2
146.037	1157	2	3