Song Name	Roguelife by himihike & Livium [Anniversary]
Difficulty	20
Primary Color	Chill
Secondary Color	Chill
Audio Asset ID	rbxassetid://74052052632888
Audio File	74052052632888.ogg
Last Note Time	149.446
Total Notes	1310
Fever Fill	348
Fever Time	22.416900
Long Notes	266
BPM	170
Song Length	150.446000000

Timing Points
2.799	352.941176
95.976	352.941176
115.741	352.941176
118.564	352.941176
138.329	352.941176


Song Data
1.388	1	2	2
2.446	2	2	3
1.917	3	3	2
2.446	4	3	3
2.446	5	1	1
2.535	6	2	1
2.623	7	3	1
2.711	8	4	1
2.799	9	1	1
2.799	10	2	1
3.505	11	4	2
3.858	12	4	3
4.211	13	1	2
4.917	14	1	3
5.270	15	3	2
5.623	16	3	3
5.623	17	2	2
6.329	18	2	3
6.329	19	4	2
7.035	20	4	3
7.035	21	1	2
7.741	22	1	3
7.741	23	3	2
8.446	24	3	3
9.152	25	4	2
9.505	26	4	3
9.858	27	1	2
10.564	28	1	3
10.917	29	2	2
11.270	30	2	3
11.270	31	3	2
11.976	32	3	3
11.976	33	1	2
12.682	34	1	3
12.682	35	4	2
13.388	36	4	3
13.388	37	2	2
14.093	38	2	3
14.093	39	3	1
14.446	40	1	1
15.152	41	3	2
15.505	42	3	3
15.505	43	1	2
16.564	44	1	3
15.858	45	4	1
16.564	46	4	2
16.917	47	4	3
16.917	48	2	2
17.976	49	2	3
17.270	50	3	1
17.976	51	3	2
18.329	52	3	3
18.152	53	4	1
18.329	54	1	2
19.388	55	1	3
18.682	56	4	1
19.388	57	3	1
19.741	58	1	1
19.741	59	2	1
20.093	60	4	2
20.446	61	4	3
20.799	62	1	2
21.152	63	1	3
21.152	64	4	1
21.152	65	2	1
21.505	66	3	2
21.858	67	3	3
22.211	68	4	1
22.564	69	1	1
22.564	70	2	1
22.917	71	4	2
23.270	72	4	3
23.270	73	2	1
23.270	74	3	1
23.623	75	1	2
23.976	76	1	3
23.799	77	4	1
23.976	78	2	1
23.976	79	3	2
24.329	80	3	3
24.329	81	1	2
25.388	82	1	3
24.682	83	4	2
25.388	84	4	3
25.035	85	3	2
25.388	86	3	3
25.388	87	2	2
25.564	88	2	3
25.652	89	2	1
25.741	90	3	1
25.741	91	4	1
25.917	92	2	2
26.093	93	2	3
26.093	94	1	1
26.182	95	3	1
26.270	96	2	2
26.446	97	2	3
26.446	98	1	1
26.446	99	4	1
26.623	100	2	2
26.799	101	2	3
26.799	102	4	2
26.976	103	4	3
27.064	104	4	1
27.152	105	2	1
27.152	106	1	1
27.329	107	4	2
27.505	108	4	3
27.505	109	3	1
27.593	110	2	1
27.682	111	4	2
27.858	112	4	3
27.858	113	1	1
27.858	114	2	2
28.211	115	2	3
28.035	116	4	2
28.211	117	4	3
28.211	118	1	2
28.388	119	1	3
28.476	120	1	1
28.564	121	3	1
28.564	122	4	1
28.741	123	1	2
28.917	124	1	3
28.917	125	2	1
29.005	126	3	1
29.093	127	1	2
29.270	128	1	3
29.270	129	2	1
29.270	130	3	1
29.446	131	4	1
29.446	132	1	1
29.623	133	3	2
29.799	134	3	3
29.888	135	3	1
29.976	136	2	1
29.976	137	1	1
30.152	138	3	2
30.329	139	3	3
30.329	140	4	1
30.417	141	2	1
30.505	142	3	2
30.682	143	3	3
30.682	144	2	2
31.035	145	2	3
30.682	146	4	1
30.858	147	3	2
31.035	148	3	3
31.035	149	1	2
31.211	150	1	3
31.299	151	1	1
31.388	152	3	1
31.388	153	4	1
31.564	154	1	2
31.741	155	1	3
31.741	156	2	1
31.829	157	3	1
31.917	158	1	2
32.093	159	1	3
32.093	160	2	1
32.093	161	4	1
32.270	162	1	2
32.446	163	1	3
32.446	164	4	2
32.623	165	4	3
32.711	166	4	1
32.799	167	2	1
32.799	168	1	1
32.976	169	4	2
33.152	170	4	3
33.152	171	3	1
33.241	172	2	1
33.329	173	4	2
33.505	174	4	3
33.505	175	1	1
33.505	176	2	2
33.858	177	2	3
33.682	178	4	2
33.858	179	4	3
33.858	180	1	2
34.035	181	1	3
34.035	182	3	2
34.211	183	3	3
34.211	184	2	1
34.211	185	1	1
34.388	186	3	1
34.476	187	4	1
34.564	188	2	2
34.741	189	2	3
34.741	190	3	1
34.917	191	4	1
34.917	192	1	1
35.270	193	4	2
35.446	194	4	3
35.446	195	2	2
35.623	196	2	3
35.623	197	3	1
35.623	198	4	1
35.799	199	2	1
35.888	200	1	1
35.976	201	3	2
36.152	202	3	3
36.152	203	2	1
36.329	204	1	2
36.505	205	1	3
36.329	206	4	2
36.505	207	4	3
36.682	208	3	1
36.682	209	2	2
36.858	210	2	3
36.946	211	2	1
37.035	212	4	1
37.035	213	3	1
37.211	214	2	2
37.388	215	2	3
37.388	216	1	1
37.476	217	3	1
37.564	218	2	2
37.741	219	2	3
37.741	220	4	1
37.741	221	1	1
37.917	222	2	2
38.093	223	2	3
38.093	224	4	2
38.270	225	4	3
38.358	226	4	1
38.446	227	1	1
38.446	228	2	1
38.623	229	4	2
38.799	230	4	3
38.799	231	3	1
38.888	232	2	1
38.976	233	4	2
39.152	234	4	3
39.152	235	2	2
39.505	236	2	3
39.152	237	1	1
39.329	238	4	2
39.505	239	4	3
39.505	240	1	2
39.682	241	1	3
39.770	242	1	1
39.858	243	4	1
39.858	244	3	1
40.035	245	1	2
40.211	246	1	3
40.211	247	2	1
40.299	248	3	1
40.388	249	1	2
40.564	250	1	3
40.564	251	3	1
40.564	252	2	1
40.741	253	1	1
40.741	254	4	1
40.917	255	3	2
41.093	256	3	3
41.182	257	3	1
41.270	258	1	1
41.270	259	2	1
41.446	260	3	2
41.623	261	3	3
41.623	262	4	1
41.711	263	2	1
41.799	264	3	2
41.976	265	3	3
41.976	266	4	1
41.976	267	2	2
42.329	268	2	3
42.152	269	3	2
42.329	270	3	3
42.329	271	1	2
42.505	272	1	3
42.505	273	3	1
42.593	274	1	1
42.682	275	4	1
42.682	276	3	1
42.858	277	1	2
43.035	278	1	3
43.035	279	2	1
43.123	280	3	1
43.211	281	1	2
43.388	282	1	3
43.388	283	4	1
43.388	284	2	1
43.564	285	1	2
43.741	286	1	3
43.741	287	4	2
43.917	288	4	3
43.917	289	2	1
44.005	290	4	1
44.093	291	1	1
44.093	292	2	1
44.270	293	4	2
44.446	294	4	3
44.446	295	3	1
44.535	296	2	1
44.623	297	4	2
44.799	298	4	3
44.799	299	2	2
45.152	300	2	3
44.799	301	1	1
44.976	302	4	2
45.152	303	4	3
45.152	304	1	2
45.329	305	1	3
45.329	306	2	2
45.505	307	2	3
45.505	308	4	2
45.682	309	4	3
45.505	310	3	1
45.682	311	1	2
45.858	312	1	3
45.858	313	3	2
46.035	314	3	3
46.035	315	2	2
46.211	316	2	3
46.211	317	4	1
46.211	318	1	1
46.299	319	3	1
46.388	320	2	1
46.476	321	1	1
46.564	322	4	2
46.741	323	4	3
46.741	324	2	2
46.917	325	2	3
46.917	326	4	1
46.917	327	3	1
47.093	328	2	1
47.182	329	1	1
47.270	330	3	2
47.446	331	3	3
47.446	332	2	1
47.623	333	4	2
47.799	334	4	3
47.623	335	1	2
47.799	336	1	3
47.976	337	4	1
48.064	338	2	1
48.152	339	3	1
48.241	340	1	1
48.329	341	4	1
48.329	342	3	1
48.505	343	1	1
48.682	344	4	2
49.035	345	4	3
48.770	346	1	1
48.858	347	3	1
49.035	348	1	1
49.035	349	2	1
49.211	350	3	1
49.388	351	1	2
50.093	352	1	3
49.652	353	4	1
49.741	354	3	1
49.741	355	2	1
49.917	356	4	1
50.182	357	4	1
50.270	358	2	1
50.446	359	4	1
50.446	360	3	2
50.799	361	3	3
50.623	362	1	1
50.799	363	2	2
51.505	364	2	3
51.064	365	4	1
51.152	366	1	1
51.152	367	3	1
51.329	368	1	1
51.505	369	4	2
52.211	370	4	3
51.593	371	1	1
51.682	372	3	1
51.858	373	1	1
51.858	374	2	1
52.035	375	3	1
52.211	376	1	2
52.917	377	1	3
52.476	378	3	1
52.564	379	4	1
52.564	380	2	1
52.741	381	4	1
52.917	382	3	2
53.093	383	3	3
53.093	384	4	1
53.093	385	1	1
53.270	386	3	2
53.446	387	3	3
53.446	388	4	1
53.446	389	1	1
53.623	390	3	1
53.623	391	2	1
53.888	392	2	1
53.976	393	4	1
53.976	394	3	1
54.152	395	2	1
54.329	396	4	2
54.682	397	4	3
54.417	398	2	1
54.505	399	1	1
54.682	400	1	1
54.682	401	3	1
54.858	402	2	1
55.035	403	1	2
55.741	404	1	3
55.299	405	4	1
55.388	406	2	1
55.388	407	3	1
55.564	408	4	1
55.829	409	4	1
55.917	410	1	1
56.093	411	3	1
56.093	412	2	2
56.446	413	2	3
56.270	414	1	1
56.446	415	3	2
57.152	416	3	3
56.711	417	1	1
56.799	418	4	1
56.799	419	2	1
56.976	420	2	1
57.152	421	1	2
57.858	422	1	3
57.241	423	4	1
57.329	424	2	1
57.505	425	4	1
57.505	426	3	1
57.682	427	3	1
57.858	428	4	2
58.564	429	4	3
58.123	430	2	1
58.211	431	1	1
58.211	432	3	1
58.388	433	1	1
58.564	434	2	2
58.741	435	2	3
58.741	436	4	1
58.741	437	1	1
58.917	438	2	2
59.093	439	2	3
59.093	440	4	1
59.093	441	1	1
59.270	442	2	1
59.270	443	3	1
59.535	444	1	1
59.623	445	4	1
59.623	446	3	1
59.799	447	1	1
60.064	448	1	1
60.152	449	4	1
60.329	450	1	1
60.329	451	3	2
60.682	452	3	3
60.505	453	2	1
60.682	454	1	2
61.741	455	1	3
60.946	456	4	1
61.035	457	2	1
61.035	458	3	1
61.211	459	4	1
61.476	460	4	1
61.564	461	2	1
61.741	462	3	1
61.741	463	4	2
62.093	464	4	3
61.917	465	1	1
62.093	466	2	2
63.152	467	2	3
62.358	468	3	1
62.446	469	1	1
62.446	470	4	1
62.623	471	3	1
62.888	472	3	1
62.976	473	1	1
63.152	474	4	1
63.152	475	3	2
63.505	476	3	3
63.329	477	2	1
63.505	478	1	2
64.211	479	1	3
63.770	480	4	1
63.858	481	2	1
63.858	482	3	1
64.035	483	4	1
64.211	484	2	1
64.388	485	4	1
64.388	486	1	1
64.564	487	3	1
64.741	488	1	1
64.741	489	4	1
64.917	490	2	1
64.917	491	3	1
65.093	492	1	1
65.270	493	3	1
65.270	494	4	2
65.623	495	4	3
65.446	496	2	1
65.623	497	1	1
65.799	498	3	1
65.976	499	4	1
65.976	500	1	2
66.329	501	1	3
66.152	502	2	1
66.329	503	4	1
66.329	504	3	1
66.505	505	2	1
66.682	506	1	1
66.682	507	3	2
67.035	508	3	3
66.858	509	4	1
67.035	510	1	1
67.211	511	2	1
67.388	512	4	1
67.388	513	3	1
67.564	514	2	1
67.741	515	1	2
67.917	516	1	3
67.741	517	4	1
67.917	518	2	2
68.093	519	2	3
68.093	520	4	2
68.270	521	4	3
68.093	522	3	1
68.270	523	1	2
68.446	524	1	3
68.446	525	3	2
68.623	526	3	3
68.446	527	2	1
68.623	528	4	2
68.799	529	4	3
68.799	530	2	1
68.799	531	1	1
68.888	532	3	1
68.976	533	4	1
69.064	534	2	1
69.152	535	1	1
69.152	536	3	2
69.505	537	3	3
69.505	538	4	1
69.505	539	1	1
69.682	540	2	1
69.770	541	3	1
69.946	542	3	1
70.035	543	2	1
70.211	544	4	1
70.211	545	1	1
70.564	546	2	1
70.564	547	1	1
70.829	548	1	1
70.917	549	3	1
70.917	550	4	2
71.270	551	4	3
71.093	552	1	1
71.270	553	2	1
71.358	554	1	1
71.623	555	3	1
71.623	556	2	2
71.976	557	2	3
71.799	558	4	1
71.976	559	3	2
72.329	560	3	3
72.241	561	1	1
72.329	562	4	1
72.329	563	2	1
72.505	564	1	1
72.682	565	3	1
72.770	566	1	1
73.035	567	2	1
73.035	568	4	1
73.211	569	1	1
73.388	570	4	1
73.652	571	4	1
73.741	572	2	1
73.741	573	1	2
74.093	574	1	3
73.917	575	4	1
74.093	576	3	1
74.182	577	4	1
74.446	578	2	1
74.446	579	3	2
74.799	580	3	3
74.623	581	1	1
74.799	582	2	2
75.152	583	2	3
75.064	584	4	1
75.152	585	1	1
75.152	586	3	1
75.329	587	4	1
75.505	588	2	1
75.593	589	4	1
75.858	590	3	1
75.858	591	1	1
76.035	592	4	1
76.211	593	2	1
76.476	594	2	1
76.564	595	3	1
76.564	596	4	2
76.917	597	4	3
76.741	598	2	1
76.917	599	1	1
77.005	600	2	1
77.270	601	3	1
77.270	602	1	2
77.623	603	1	3
77.446	604	4	1
77.623	605	3	2
77.976	606	3	3
77.888	607	2	1
77.976	608	4	1
77.976	609	1	1
78.152	610	2	1
78.329	611	4	1
78.417	612	2	1
78.682	613	1	1
78.682	614	4	1
78.858	615	2	1
79.035	616	3	1
79.299	617	3	1
79.388	618	2	1
79.388	619	1	2
79.741	620	1	3
79.564	621	3	1
79.741	622	4	1
79.829	623	3	1
80.093	624	2	1
80.093	625	4	2
80.446	626	4	3
80.270	627	1	1
80.446	628	2	2
80.799	629	2	3
80.711	630	3	1
80.799	631	1	1
80.799	632	4	1
80.976	633	3	1
81.152	634	1	1
81.241	635	3	1
81.505	636	4	1
81.505	637	1	1
81.682	638	3	1
81.858	639	2	1
81.858	640	1	2
82.211	641	1	3
82.123	642	4	1
82.211	643	2	1
82.211	644	3	1
82.388	645	4	1
82.564	646	2	2
82.917	647	2	3
82.652	648	3	1
82.917	649	1	1
82.917	650	4	1
83.093	651	2	1
83.270	652	3	2
83.623	653	3	3
83.535	654	2	1
83.623	655	4	1
83.623	656	1	1
83.799	657	2	1
83.976	658	4	2
84.329	659	4	3
84.064	660	1	1
84.329	661	1	1
84.329	662	3	1
84.505	663	4	1
84.682	664	2	1
84.682	665	1	2
85.035	666	1	3
84.946	667	4	1
85.035	668	2	1
85.035	669	3	1
85.211	670	4	1
85.388	671	2	2
85.741	672	2	3
85.476	673	3	1
85.741	674	1	1
85.741	675	4	1
85.917	676	2	1
86.093	677	3	2
86.446	678	3	3
86.358	679	2	1
86.446	680	4	1
86.446	681	1	1
86.623	682	2	1
86.799	683	4	2
87.152	684	4	3
86.888	685	1	1
87.152	686	1	1
87.152	687	3	1
87.329	688	4	1
87.505	689	2	1
87.505	690	1	2
87.858	691	1	3
87.682	692	3	1
87.858	693	4	1
87.858	694	2	2
88.211	695	2	3
88.035	696	1	1
88.211	697	3	2
88.564	698	3	3
88.388	699	2	1
88.564	700	1	1
88.564	701	4	2
88.917	702	4	3
88.741	703	3	1
88.917	704	2	1
88.917	705	1	2
89.093	706	1	3
89.093	707	3	2
89.270	708	3	3
89.270	709	4	2
89.446	710	4	3
89.270	711	1	1
89.446	712	2	2
89.623	713	2	3
89.623	714	1	2
89.799	715	1	3
89.799	716	3	2
89.976	717	3	3
89.976	718	2	1
89.976	719	1	1
90.064	720	4	1
90.152	721	3	1
90.241	722	2	1
90.329	723	1	1
90.682	724	3	1
90.682	725	4	2
91.035	726	4	3
91.388	727	2	1
91.388	728	1	2
91.741	729	1	3
91.741	730	3	2
92.093	731	3	3
92.093	732	2	2
92.799	733	2	3
92.093	734	4	1
92.446	735	3	2
92.799	736	3	3
92.799	737	4	1
92.799	738	1	1
92.888	739	2	1
92.976	740	3	1
93.064	741	4	1
93.152	742	1	1
93.329	743	3	1
93.417	744	2	2
93.682	745	2	3
93.417	746	4	1
93.682	747	4	1
93.858	748	2	1
93.946	749	3	2
94.211	750	3	3
93.946	751	1	1
94.211	752	1	1
94.388	753	3	1
94.476	754	2	1
94.564	755	4	1
94.564	756	1	1
94.829	757	1	1
94.829	758	3	1
95.093	759	4	1
95.093	760	2	1
95.358	761	2	1
95.358	762	3	1
95.623	763	4	1
95.623	764	1	1
95.799	765	2	1
95.799	766	3	1
95.976	767	1	1
96.152	768	3	1
96.241	769	1	1
96.241	770	2	2
96.505	771	2	3
96.505	772	4	1
96.682	773	2	1
96.770	774	3	2
97.035	775	3	3
96.770	776	4	1
97.035	777	1	1
97.211	778	2	1
97.299	779	3	1
97.388	780	4	2
97.564	781	4	3
97.564	782	3	1
97.652	783	2	1
97.741	784	3	2
97.917	785	3	3
97.917	786	1	1
98.005	787	2	1
98.093	788	1	2
98.270	789	1	3
98.270	790	2	1
98.358	791	3	1
98.446	792	2	2
98.623	793	2	3
98.623	794	4	1
98.711	795	3	1
98.799	796	2	1
98.976	797	3	1
99.064	798	1	1
99.064	799	4	2
99.329	800	4	3
99.329	801	3	1
99.505	802	2	1
99.593	803	4	1
99.593	804	1	2
99.858	805	1	3
99.858	806	3	1
100.035	807	1	1
100.123	808	2	1
100.211	809	4	2
100.388	810	4	3
100.388	811	3	1
100.476	812	4	1
100.564	813	2	2
100.741	814	2	3
100.741	815	3	1
100.829	816	2	1
100.917	817	3	2
101.093	818	3	3
101.093	819	2	1
101.182	820	3	1
101.270	821	1	2
101.446	822	1	3
101.446	823	2	1
101.535	824	1	1
101.623	825	4	1
101.799	826	3	1
101.888	827	2	2
102.152	828	2	3
101.888	829	1	1
102.152	830	1	1
102.329	831	2	1
102.417	832	3	2
102.682	833	3	3
102.417	834	4	1
102.682	835	4	1
102.858	836	2	1
102.946	837	3	1
103.035	838	1	2
103.211	839	1	3
103.211	840	2	1
103.299	841	3	1
103.388	842	2	2
103.564	843	2	3
103.564	844	3	1
103.652	845	4	1
103.741	846	3	2
103.917	847	3	3
103.917	848	1	1
104.005	849	2	1
104.093	850	4	2
104.270	851	4	3
104.270	852	2	1
104.358	853	3	1
104.446	854	2	1
104.446	855	1	1
104.623	856	3	1
104.711	857	2	2
104.976	858	2	3
104.711	859	4	1
104.976	860	4	1
105.152	861	2	1
105.241	862	3	2
105.505	863	3	3
105.241	864	1	1
105.505	865	1	1
105.682	866	3	1
105.770	867	2	1
105.858	868	4	2
106.035	869	4	3
106.035	870	3	1
106.123	871	2	1
106.211	872	3	2
106.388	873	3	3
106.388	874	2	1
106.476	875	1	1
106.564	876	2	2
106.741	877	2	3
106.741	878	1	1
106.829	879	4	1
106.917	880	1	2
107.093	881	1	3
107.093	882	4	1
107.182	883	3	1
107.270	884	1	1
107.446	885	3	1
107.535	886	2	2
107.799	887	2	3
107.535	888	1	1
107.799	889	4	1
107.976	890	2	1
108.064	891	3	2
108.329	892	3	3
108.064	893	4	1
108.329	894	1	1
108.505	895	2	1
108.593	896	3	1
108.682	897	4	2
108.858	898	4	3
108.858	899	3	1
108.946	900	2	1
109.035	901	3	2
109.211	902	3	3
109.211	903	1	1
109.299	904	2	1
109.388	905	1	2
109.564	906	1	3
109.564	907	2	1
109.652	908	3	1
109.741	909	2	2
109.917	910	2	3
109.917	911	4	1
110.005	912	3	1
110.093	913	2	1
110.270	914	3	1
110.358	915	4	2
110.623	916	4	3
110.358	917	1	1
110.623	918	3	1
110.799	919	2	1
110.888	920	1	2
111.152	921	1	3
110.888	922	4	1
111.152	923	3	1
111.329	924	1	1
111.417	925	2	1
111.505	926	4	2
111.682	927	4	3
111.682	928	3	1
111.770	929	4	1
111.858	930	2	2
112.035	931	2	3
112.035	932	3	1
112.123	933	2	1
112.211	934	3	2
112.388	935	3	3
112.388	936	2	1
112.476	937	3	1
112.564	938	1	2
112.741	939	1	3
112.741	940	2	1
112.829	941	1	1
112.917	942	4	1
113.093	943	3	1
113.182	944	2	2
113.446	945	2	3
113.182	946	1	1
113.270	947	4	1
113.446	948	1	1
113.623	949	2	1
113.711	950	3	2
113.976	951	3	3
113.711	952	4	1
113.799	953	1	1
113.976	954	4	1
114.152	955	2	1
114.241	956	3	1
114.329	957	1	2
114.505	958	1	3
114.505	959	2	1
114.593	960	4	1
114.682	961	2	2
114.858	962	2	3
114.858	963	3	1
114.946	964	1	1
115.035	965	3	2
115.211	966	3	3
115.211	967	4	1
115.299	968	2	1
115.388	969	1	1
115.476	970	3	1
115.564	971	4	1
115.652	972	2	1
115.741	973	4	1
115.741	974	1	1
116.005	975	1	1
116.446	976	4	2
117.152	977	4	3
117.152	978	1	2
118.211	979	1	3
117.152	980	3	1
117.505	981	4	1
117.505	982	2	1
117.858	983	4	1
117.858	984	3	1
118.211	985	2	1
118.211	986	3	1
118.388	987	4	1
118.564	988	3	1
118.564	989	1	2
119.270	990	1	3
118.741	991	2	1
118.829	992	3	1
118.829	993	4	1
119.093	994	2	1
119.270	995	4	2
119.976	996	4	3
119.358	997	1	1
119.358	998	2	1
119.623	999	3	1
119.711	1000	1	1
119.799	1001	2	1
119.888	1002	3	1
119.976	1003	2	2
120.682	1004	2	3
120.152	1005	4	1
120.241	1006	3	1
120.329	1007	1	1
120.505	1008	3	1
120.593	1009	4	1
120.682	1010	3	2
120.858	1011	3	3
120.858	1012	2	1
120.946	1013	1	1
121.035	1014	4	1
121.035	1015	3	2
121.211	1016	3	3
121.211	1017	2	1
121.299	1018	1	1
121.388	1019	4	1
121.564	1020	3	1
121.652	1021	2	1
121.652	1022	4	1
121.917	1023	1	1
122.093	1024	4	2
122.799	1025	4	3
122.182	1026	1	1
122.182	1027	2	1
122.446	1028	3	1
122.535	1029	1	1
122.623	1030	2	1
122.711	1031	3	1
122.799	1032	1	2
123.505	1033	1	3
122.976	1034	4	1
123.064	1035	2	1
123.152	1036	3	1
123.329	1037	4	1
123.417	1038	3	1
123.505	1039	2	1
123.682	1040	3	1
123.770	1041	4	1
123.858	1042	1	1
123.858	1043	2	2
124.211	1044	2	3
124.035	1045	3	1
124.123	1046	1	1
124.211	1047	3	2
124.917	1048	3	3
124.388	1049	4	1
124.476	1050	1	1
124.476	1051	2	1
124.741	1052	4	1
124.917	1053	1	2
125.623	1054	1	3
125.005	1055	4	1
125.005	1056	3	1
125.270	1057	2	1
125.358	1058	4	1
125.446	1059	3	1
125.535	1060	2	1
125.623	1061	4	2
126.329	1062	4	3
125.799	1063	1	1
125.888	1064	2	1
125.976	1065	3	1
126.152	1066	1	1
126.241	1067	3	1
126.329	1068	2	2
126.505	1069	2	3
126.505	1070	3	1
126.593	1071	4	1
126.682	1072	1	1
126.682	1073	2	2
126.858	1074	2	3
126.858	1075	3	1
126.946	1076	4	1
127.035	1077	1	1
127.035	1078	2	1
127.211	1079	3	1
127.299	1080	1	1
127.299	1081	4	1
127.564	1082	3	1
127.741	1083	2	1
127.829	1084	1	1
127.829	1085	4	1
128.093	1086	4	1
128.093	1087	3	2
128.446	1088	3	3
128.182	1089	1	1
128.270	1090	2	1
128.358	1091	4	1
128.446	1092	2	2
129.505	1093	2	3
128.623	1094	1	1
128.711	1095	3	1
128.799	1096	4	1
128.976	1097	4	1
129.064	1098	3	1
129.152	1099	1	1
129.329	1100	4	1
129.417	1101	3	1
129.505	1102	1	1
129.505	1103	4	2
129.858	1104	4	3
129.682	1105	3	1
129.770	1106	2	1
129.858	1107	1	2
130.917	1108	1	3
130.035	1109	3	1
130.123	1110	4	1
130.123	1111	2	1
130.388	1112	3	1
130.564	1113	4	1
130.652	1114	3	1
130.652	1115	2	1
130.917	1116	4	1
130.917	1117	3	2
131.270	1118	3	3
131.005	1119	2	1
131.093	1120	1	1
131.182	1121	4	1
131.270	1122	2	2
131.976	1123	2	3
131.446	1124	4	1
131.535	1125	3	1
131.623	1126	1	1
131.799	1127	3	1
131.888	1128	4	1
131.976	1129	1	2
132.329	1130	1	3
132.152	1131	3	1
132.241	1132	2	1
132.329	1133	4	1
132.329	1134	3	1
132.505	1135	1	1
132.593	1136	2	1
132.682	1137	4	1
132.858	1138	3	1
132.946	1139	1	1
132.946	1140	2	1
133.035	1141	4	2
133.388	1142	4	3
133.211	1143	1	1
133.388	1144	2	1
133.476	1145	4	1
133.476	1146	3	1
133.741	1147	2	1
133.741	1148	1	2
134.093	1149	1	3
133.829	1150	4	1
133.917	1151	3	1
134.005	1152	2	1
134.093	1153	4	1
134.270	1154	3	1
134.358	1155	2	1
134.446	1156	1	1
134.446	1157	3	2
134.799	1158	3	3
134.623	1159	4	1
134.711	1160	2	1
134.799	1161	1	1
134.976	1162	1	1
135.064	1163	2	1
135.152	1164	4	1
135.152	1165	3	1
135.329	1166	4	1
135.417	1167	3	1
135.505	1168	1	1
135.682	1169	2	1
135.858	1170	3	1
135.858	1171	1	2
136.211	1172	1	3
136.035	1173	4	1
136.211	1174	3	1
136.388	1175	2	1
136.564	1176	1	1
136.564	1177	4	2
136.917	1178	4	3
136.741	1179	3	1
136.917	1180	1	2
137.093	1181	1	3
137.093	1182	2	2
137.270	1183	2	3
137.270	1184	4	2
137.446	1185	4	3
137.270	1186	3	1
137.446	1187	1	2
137.623	1188	1	3
137.623	1189	3	2
137.799	1190	3	3
137.799	1191	2	2
137.976	1192	2	3
137.976	1193	4	1
137.976	1194	3	1
138.064	1195	1	1
138.152	1196	2	1
138.241	1197	4	1
138.329	1198	3	2
138.682	1199	3	3
138.505	1200	2	2
138.682	1201	2	3
138.682	1202	1	1
138.682	1203	4	1
138.858	1204	4	1
139.035	1205	1	1
139.123	1206	3	1
139.211	1207	2	2
139.388	1208	2	3
139.388	1209	1	1
139.388	1210	4	1
139.564	1211	2	2
139.741	1212	2	3
139.741	1213	4	2
139.917	1214	4	3
140.005	1215	4	1
140.093	1216	2	1
140.093	1217	1	1
140.270	1218	4	2
140.446	1219	4	3
140.446	1220	3	1
140.535	1221	2	1
140.623	1222	4	2
140.799	1223	4	3
140.799	1224	1	1
140.799	1225	2	2
141.152	1226	2	3
140.976	1227	4	2
141.152	1228	4	3
141.152	1229	1	2
141.329	1230	1	3
141.417	1231	1	1
141.505	1232	3	1
141.505	1233	4	1
141.682	1234	1	2
141.858	1235	1	3
141.858	1236	2	1
141.946	1237	3	1
142.035	1238	1	2
142.211	1239	1	3
142.211	1240	2	1
142.211	1241	3	1
142.388	1242	4	1
142.388	1243	1	1
142.564	1244	3	2
142.741	1245	3	3
142.829	1246	3	1
142.917	1247	2	1
142.917	1248	1	1
143.093	1249	3	2
143.270	1250	3	3
143.270	1251	4	1
143.358	1252	2	1
143.446	1253	3	2
143.623	1254	3	3
143.623	1255	1	1
143.623	1256	2	2
143.976	1257	2	3
143.799	1258	3	2
143.976	1259	3	3
143.976	1260	4	1
143.976	1261	1	1
144.152	1262	3	1
144.329	1263	1	1
144.329	1264	4	1
144.505	1265	2	1
144.682	1266	1	1
144.682	1267	4	1
144.858	1268	3	1
145.035	1269	4	1
145.035	1270	1	1
145.211	1271	2	1
145.388	1272	2	1
145.388	1273	3	1
145.564	1274	1	1
145.741	1275	3	1
145.741	1276	2	1
145.917	1277	4	1
146.093	1278	2	1
146.093	1279	3	1
146.270	1280	1	1
146.446	1281	3	1
146.446	1282	2	1
146.623	1283	4	1
146.799	1284	4	1
146.799	1285	1	1
146.976	1286	3	1
147.064	1287	2	1
147.152	1288	4	1
147.152	1289	1	1
147.329	1290	2	1
147.417	1291	3	1
147.505	1292	4	1
147.505	1293	1	1
147.682	1294	1	1
147.682	1295	3	1
147.858	1296	2	1
147.858	1297	4	1
148.035	1298	1	1
148.035	1299	4	1
148.211	1300	3	2
148.388	1301	3	3
148.388	1302	2	2
148.564	1303	2	3
148.564	1304	4	1
148.564	1305	1	1
149.093	1306	3	1
149.270	1307	4	2
149.446	1308	4	3
149.270	1309	1	2
149.446	1310	1	3