Song Name	Saturn V2 short ver. by Egg Yolk
Title	Saturn V2 short ver.
Artist	Egg Yolk
Description	It's been a long time in the making... A #Hardcore #Camellia (inspired) #220BPM track by the one and only Egg Yolk! Map by Jahseh0nMyWrist.
Difficulty	23
Primary Color	Rush
Secondary Color	Beat
Cover Image ID	13763202763
Audio Asset ID	rbxassetid://10540206179
Audio File	10540206179.ogg
Last Note Time	124.383
Total Notes	1127
Fever Fill	332
Fever Time	18.657450
Long Notes	131
BPM	220
Song Length	125.383000000

Timing Points
0.020	272.727273
43.656	272.727273
61.110	272.727273
81.020	272.727273
81.838	272.727273
87.292	272.727273
122.201	272.727273


Song Data
0.020	1	1	2
0.565	2	1	3
0.020	3	4	1
0.156	4	3	1
0.292	5	2	1
0.429	6	3	1
0.565	7	4	1
0.701	8	3	1
0.838	9	2	1
0.974	10	1	1
1.110	11	3	2
1.656	12	3	3
1.110	13	4	1
1.656	14	1	1
1.792	15	2	1
1.929	16	4	1
2.065	17	3	1
2.201	18	2	2
2.747	19	2	3
2.201	20	1	1
2.747	21	4	1
2.883	22	2	1
3.020	23	3	1
3.156	24	1	1
3.292	25	2	2
3.838	26	2	3
3.292	27	4	1
3.838	28	4	1
3.974	29	2	1
4.110	30	3	1
4.247	31	1	1
4.383	32	2	2
4.929	33	2	3
4.383	34	4	1
4.929	35	4	1
5.065	36	3	1
5.201	37	1	1
5.338	38	2	1
5.474	39	3	2
6.020	40	3	3
5.474	41	1	1
6.020	42	2	1
6.156	43	1	1
6.292	44	3	1
6.429	45	2	1
6.565	46	4	2
7.110	47	4	3
6.565	48	3	1
6.974	49	2	1
7.110	50	1	1
7.247	51	2	1
7.383	52	3	1
7.520	53	4	1
7.656	54	1	2
8.201	55	1	3
7.656	56	2	1
7.792	57	4	1
7.929	58	3	1
8.065	59	2	1
8.201	60	3	1
8.201	61	4	2
8.747	62	4	3
8.338	63	1	1
8.474	64	2	1
8.610	65	3	1
8.747	66	2	1
8.747	67	1	2
9.838	68	1	3
8.883	69	3	1
9.020	70	4	1
9.565	71	2	1
9.838	72	4	1
9.838	73	3	2
10.929	74	3	3
10.110	75	1	1
10.383	76	2	1
10.520	77	4	1
10.929	78	1	1
10.929	79	2	2
12.020	80	2	3
11.201	81	4	1
11.474	82	3	1
11.610	83	1	1
11.747	84	3	1
12.020	85	3	1
12.020	86	4	2
13.110	87	4	3
12.292	88	2	1
12.838	89	3	1
13.110	90	1	1
13.110	91	2	2
14.201	92	2	3
13.383	93	4	1
13.656	94	1	1
13.792	95	3	1
13.929	96	4	1
14.201	97	4	1
14.201	98	3	2
15.292	99	3	3
14.474	100	1	1
14.747	101	4	1
14.883	102	2	1
15.020	103	1	1
15.292	104	2	1
15.292	105	1	1
15.292	106	4	1
15.565	107	4	2
15.701	108	4	3
15.701	109	3	2
15.838	110	3	3
15.838	111	1	2
15.974	112	1	3
15.974	113	2	2
16.110	114	2	3
16.110	115	4	2
16.383	116	4	3
16.383	117	3	1
16.383	118	1	1
16.520	119	2	1
16.656	120	3	1
16.656	121	1	1
16.792	122	4	1
16.860	123	3	1
16.929	124	2	1
16.997	125	4	1
17.065	126	3	1
17.201	127	2	1
17.201	128	1	1
17.474	129	4	2
18.565	130	4	3
17.474	131	3	1
17.474	132	2	1
17.474	133	1	1
18.020	134	2	1
18.565	135	2	1
18.565	136	1	2
19.383	137	1	3
18.701	138	3	1
19.110	139	3	1
19.383	140	4	1
19.383	141	2	2
20.747	142	2	3
20.201	143	3	1
20.747	144	3	1
20.747	145	4	2
20.883	146	4	3
20.883	147	2	2
21.156	148	2	3
21.156	149	3	1
21.156	150	4	2
21.292	151	4	3
21.292	152	2	2
21.565	153	2	3
21.565	154	3	1
21.565	155	4	2
21.838	156	4	3
21.838	157	2	1
21.838	158	1	2
22.929	159	1	3
22.383	160	3	1
22.929	161	4	1
22.929	162	3	2
23.747	163	3	3
23.065	164	2	1
23.474	165	2	1
23.747	166	1	1
23.747	167	4	2
25.110	168	4	3
24.565	169	2	1
25.110	170	1	1
25.110	171	2	2
26.201	172	2	3
25.520	173	4	1
25.520	174	3	1
25.656	175	1	1
25.929	176	4	1
25.929	177	3	1
26.201	178	1	2
27.292	179	1	3
26.201	180	3	1
26.201	181	4	1
26.747	182	3	1
27.292	183	3	1
27.292	184	4	2
28.110	185	4	3
27.429	186	2	1
27.838	187	2	1
28.110	188	1	1
28.110	189	3	2
29.474	190	3	3
28.929	191	2	1
29.474	192	2	1
29.474	193	1	2
29.610	194	1	3
29.610	195	3	2
29.883	196	3	3
29.883	197	2	1
29.883	198	1	2
30.020	199	1	3
30.020	200	3	2
30.292	201	3	3
30.292	202	2	1
30.292	203	1	2
30.565	204	1	3
30.565	205	3	1
30.565	206	4	2
31.656	207	4	3
31.110	208	2	1
31.656	209	1	1
31.656	210	2	2
32.474	211	2	3
31.792	212	3	1
32.201	213	3	1
32.474	214	4	1
32.474	215	1	2
33.838	216	1	3
33.292	217	3	1
33.838	218	4	1
33.838	219	3	2
34.656	220	3	3
34.247	221	1	1
34.247	222	2	1
34.383	223	4	1
34.656	224	1	1
34.724	225	2	1
34.792	226	3	1
34.860	227	1	1
34.929	228	2	1
34.929	229	4	2
36.020	230	4	3
35.201	231	2	1
35.474	232	1	1
35.747	233	2	1
36.020	234	3	1
36.020	235	1	2
37.110	236	1	3
36.292	237	4	1
36.565	238	3	1
36.838	239	2	1
37.110	240	4	1
37.110	241	3	2
38.201	242	3	3
37.383	243	2	1
37.656	244	1	1
37.929	245	2	1
38.201	246	1	1
38.201	247	4	2
39.292	248	4	3
38.474	249	2	1
38.747	250	3	1
39.020	251	2	1
39.292	252	3	1
39.292	253	1	1
39.429	254	2	1
39.565	255	4	1
39.701	256	1	1
39.838	257	4	1
39.838	258	2	1
39.974	259	3	1
40.110	260	1	1
40.247	261	4	1
40.383	262	1	1
40.383	263	2	1
40.451	264	3	1
40.520	265	4	1
40.588	266	1	1
40.656	267	2	1
40.724	268	3	1
40.792	269	4	1
40.860	270	1	1
40.929	271	2	1
40.997	272	3	1
41.065	273	4	1
41.133	274	1	1
41.201	275	2	1
41.270	276	3	1
41.338	277	4	1
41.406	278	1	1
41.474	279	2	1
41.474	280	4	2
42.565	281	4	3
41.474	282	3	2
42.565	283	3	3
42.565	284	1	1
42.565	285	2	1
43.656	286	2	1
43.656	287	1	1
43.792	288	4	1
43.929	289	2	1
43.929	290	1	1
44.065	291	3	1
44.201	292	1	1
44.201	293	2	1
44.338	294	4	1
44.474	295	2	1
44.474	296	1	1
44.610	297	3	1
44.747	298	1	1
44.747	299	4	1
44.883	300	2	1
45.020	301	1	1
45.020	302	4	1
45.156	303	3	1
45.292	304	1	1
45.292	305	4	1
45.429	306	2	1
45.565	307	4	1
45.565	308	1	1
45.701	309	2	2
45.838	310	2	3
45.838	311	4	1
45.838	312	1	1
45.974	313	2	2
46.110	314	2	3
46.110	315	4	1
46.110	316	1	1
46.247	317	2	2
46.383	318	2	3
46.383	319	1	1
46.383	320	4	2
46.792	321	4	3
46.520	322	3	1
46.656	323	1	1
46.656	324	2	1
46.792	325	3	1
46.929	326	1	1
46.929	327	4	1
47.065	328	2	1
47.201	329	4	1
47.201	330	3	1
47.338	331	1	1
47.474	332	3	1
47.474	333	4	1
47.610	334	1	1
47.610	335	2	1
47.747	336	4	1
47.747	337	3	1
48.020	338	1	1
48.020	339	2	1
48.156	340	4	1
48.156	341	3	1
48.292	342	1	1
48.292	343	2	1
48.360	344	3	1
48.429	345	4	1
48.497	346	1	1
48.565	347	2	1
48.633	348	3	1
48.701	349	4	1
48.770	350	2	1
48.838	351	1	1
48.906	352	4	1
48.974	353	3	1
49.042	354	2	1
49.110	355	1	1
49.179	356	3	1
49.247	357	4	1
49.315	358	1	1
49.383	359	2	1
49.451	360	3	1
49.520	361	4	1
49.656	362	2	1
49.656	363	1	1
49.792	364	4	1
49.929	365	3	1
49.929	366	1	1
50.065	367	2	1
50.201	368	4	1
50.201	369	3	1
50.338	370	1	1
50.474	371	4	1
50.474	372	2	1
50.610	373	1	1
50.747	374	3	1
50.747	375	2	1
50.883	376	4	1
51.020	377	1	1
51.020	378	3	1
51.156	379	4	1
51.292	380	3	1
51.292	381	2	1
51.429	382	1	1
51.497	383	2	1
51.565	384	3	1
51.565	385	4	1
51.701	386	1	1
51.770	387	2	1
51.838	388	4	1
51.906	389	3	1
51.974	390	2	1
52.042	391	4	1
52.110	392	1	2
52.383	393	1	3
52.110	394	3	1
52.383	395	4	1
52.383	396	3	1
52.520	397	1	1
52.588	398	2	1
52.656	399	4	1
52.656	400	3	1
52.792	401	1	1
52.860	402	2	1
52.929	403	4	1
52.929	404	3	1
53.065	405	1	1
53.133	406	2	1
53.201	407	4	1
53.201	408	3	1
53.338	409	1	1
53.406	410	2	1
53.474	411	4	1
53.474	412	3	1
53.610	413	2	1
53.679	414	3	1
53.747	415	4	1
53.747	416	1	1
53.883	417	2	1
53.951	418	3	1
54.020	419	4	1
54.020	420	1	1
54.156	421	2	1
54.224	422	3	1
54.292	423	4	1
54.292	424	1	1
54.429	425	2	1
54.497	426	3	1
54.565	427	4	1
54.565	428	1	1
54.701	429	4	1
54.770	430	3	1
54.838	431	1	1
54.838	432	2	1
54.974	433	4	1
55.042	434	3	1
55.110	435	2	1
55.110	436	1	1
55.247	437	4	1
55.315	438	3	1
55.383	439	1	1
55.383	440	2	1
55.520	441	4	1
55.588	442	3	1
55.656	443	1	1
55.656	444	2	1
55.792	445	3	1
55.860	446	2	1
55.929	447	4	1
55.929	448	1	1
56.065	449	3	1
56.133	450	2	1
56.201	451	4	1
56.201	452	1	1
56.338	453	2	1
56.338	454	3	1
56.474	455	4	1
56.474	456	1	1
56.747	457	3	1
56.747	458	4	1
56.883	459	2	1
56.883	460	1	1
57.020	461	4	1
57.020	462	3	1
57.088	463	2	1
57.156	464	1	1
57.224	465	4	1
57.292	466	3	1
57.360	467	2	1
57.429	468	1	1
57.497	469	3	1
57.565	470	4	1
57.633	471	1	1
57.701	472	2	1
57.770	473	3	1
57.838	474	4	1
57.906	475	2	1
57.974	476	1	1
58.042	477	4	1
58.110	478	3	1
58.179	479	2	1
58.247	480	1	1
58.383	481	3	1
58.383	482	4	1
58.520	483	2	1
58.588	484	1	1
58.656	485	3	1
58.656	486	4	1
58.792	487	2	1
58.860	488	1	1
58.929	489	4	1
58.929	490	3	1
59.065	491	2	1
59.065	492	1	1
59.201	493	3	1
59.201	494	4	1
59.270	495	2	1
59.338	496	1	1
59.406	497	2	1
59.474	498	4	1
59.474	499	3	1
59.610	500	2	1
59.610	501	1	1
59.679	502	3	1
59.747	503	4	1
59.815	504	3	1
59.883	505	1	1
59.883	506	2	1
60.020	507	3	1
60.020	508	4	1
60.088	509	2	1
60.156	510	1	1
60.224	511	2	1
60.292	512	4	1
60.292	513	3	1
60.429	514	1	1
60.497	515	3	1
60.565	516	2	1
60.633	517	4	1
60.701	518	3	1
60.770	519	1	1
60.838	520	4	1
60.838	521	2	1
61.110	522	1	2
62.201	523	1	3
61.110	524	2	1
61.247	525	3	1
61.383	526	4	1
61.929	527	2	1
62.201	528	3	2
63.292	529	3	3
62.201	530	4	1
62.474	531	1	1
62.747	532	2	1
62.883	533	4	1
63.292	534	2	2
64.656	535	2	3
63.292	536	1	1
63.565	537	4	1
63.838	538	3	1
63.974	539	1	1
64.110	540	3	1
64.656	541	1	1
65.201	542	2	1
65.474	543	3	2
66.565	544	3	3
65.474	545	1	1
65.747	546	4	1
66.020	547	1	1
66.156	548	2	1
66.292	549	4	1
66.565	550	2	2
67.656	551	2	3
66.565	552	4	1
66.838	553	1	1
67.110	554	4	1
67.247	555	3	1
67.383	556	1	1
67.656	557	3	1
67.656	558	4	2
69.292	559	4	3
67.929	560	1	1
68.474	561	2	1
68.747	562	1	1
68.883	563	2	1
69.020	564	3	1
69.292	565	1	1
69.292	566	2	2
69.838	567	2	3
69.565	568	3	1
69.838	569	4	2
70.929	570	4	3
69.838	571	3	1
69.974	572	2	1
70.110	573	1	1
70.656	574	3	1
70.929	575	2	2
72.020	576	2	3
70.929	577	1	1
71.201	578	4	1
71.474	579	3	1
71.610	580	1	1
72.020	581	3	2
73.383	582	3	3
72.020	583	4	1
72.292	584	1	1
72.565	585	2	1
72.701	586	4	1
72.838	587	2	1
73.383	588	4	1
73.929	589	3	1
74.201	590	2	2
75.292	591	2	3
74.201	592	4	1
74.474	593	1	1
74.747	594	4	1
74.883	595	3	1
75.020	596	1	1
75.292	597	3	2
76.383	598	3	3
75.292	599	1	1
75.565	600	4	1
75.838	601	1	1
75.974	602	2	1
76.110	603	4	1
76.383	604	4	1
76.383	605	1	1
76.383	606	2	1
76.656	607	3	1
77.201	608	2	1
77.474	609	1	1
77.474	610	3	1
77.610	611	2	1
77.747	612	1	1
77.747	613	3	1
77.883	614	4	1
77.951	615	3	1
78.020	616	2	1
78.088	617	4	1
78.156	618	3	1
78.292	619	1	1
78.292	620	2	1
78.565	621	1	1
78.565	622	2	1
78.565	623	3	1
78.565	624	4	2
79.656	625	4	3
78.838	626	2	1
79.110	627	1	1
79.383	628	2	1
79.656	629	3	1
79.656	630	1	2
80.747	631	1	3
79.929	632	4	1
80.201	633	3	1
80.474	634	2	1
80.747	635	4	1
80.747	636	3	2
81.838	637	3	3
81.020	638	2	1
81.292	639	1	1
81.565	640	2	1
81.838	641	1	1
81.838	642	4	2
82.928	643	4	3
82.110	644	2	1
82.383	645	3	1
82.656	646	2	1
82.928	647	3	1
82.928	648	1	1
83.065	649	2	1
83.201	650	4	1
83.338	651	1	1
83.474	652	4	1
83.474	653	2	1
83.610	654	3	1
83.747	655	1	1
83.883	656	4	1
84.019	657	1	1
84.019	658	2	1
84.088	659	3	1
84.156	660	4	1
84.224	661	1	1
84.292	662	2	1
84.360	663	3	1
84.428	664	4	1
84.497	665	1	1
84.565	666	2	1
84.633	667	3	1
84.701	668	4	1
84.769	669	1	1
84.838	670	2	1
84.906	671	3	1
84.974	672	4	1
85.042	673	1	1
85.110	674	2	1
85.110	675	4	2
86.201	676	4	3
85.110	677	3	2
86.201	678	3	3
86.201	679	1	1
86.201	680	2	1
86.747	681	3	2
87.292	682	3	3
87.292	683	4	1
87.292	684	1	1
87.428	685	2	1
87.565	686	4	1
87.565	687	3	1
87.701	688	3	2
87.838	689	3	3
87.838	690	1	1
87.974	691	2	2
88.110	692	2	3
88.110	693	4	1
88.110	694	3	1
88.247	695	1	1
88.315	696	2	1
88.383	697	3	1
88.519	698	2	1
88.656	699	1	1
88.656	700	4	1
88.792	701	4	2
88.928	702	4	3
88.928	703	1	1
89.065	704	3	2
89.201	705	3	3
89.201	706	2	1
89.201	707	1	1
89.338	708	4	1
89.406	709	3	1
89.474	710	1	1
89.474	711	2	1
89.610	712	3	1
89.678	713	2	1
89.747	714	1	1
89.883	715	2	1
89.951	716	3	1
90.019	717	4	1
90.156	718	2	1
90.224	719	1	1
90.292	720	3	1
90.428	721	4	1
90.565	722	1	1
90.633	723	2	1
90.701	724	3	1
90.769	725	4	1
90.838	726	1	1
90.906	727	3	1
90.974	728	2	1
91.110	729	4	1
91.247	730	3	1
91.315	731	2	1
91.383	732	1	1
91.451	733	2	1
91.519	734	3	1
91.588	735	4	1
91.656	736	2	1
91.656	737	1	1
91.792	738	3	1
91.928	739	2	1
91.928	740	4	1
92.065	741	2	2
92.201	742	2	3
92.201	743	1	1
92.338	744	3	2
92.474	745	3	3
92.474	746	2	1
92.474	747	4	1
92.610	748	1	1
92.678	749	2	1
92.747	750	4	1
92.883	751	1	1
93.019	752	1	2
93.156	753	1	3
93.019	754	4	1
93.156	755	3	2
93.292	756	3	3
93.292	757	2	1
93.428	758	3	2
93.565	759	3	3
93.565	760	4	1
93.565	761	1	1
93.701	762	2	1
93.769	763	3	1
93.838	764	4	1
93.838	765	1	1
93.974	766	2	1
94.042	767	3	1
94.110	768	4	1
94.247	769	1	1
94.315	770	2	1
94.383	771	4	1
94.519	772	2	1
94.588	773	3	1
94.656	774	1	1
94.792	775	4	1
94.860	776	2	1
94.928	777	1	1
95.065	778	4	2
95.201	779	4	3
95.201	780	1	1
95.201	781	3	1
95.338	782	2	2
95.474	783	2	3
95.474	784	3	1
95.542	785	1	1
95.610	786	2	1
95.678	787	4	1
95.747	788	1	1
95.747	789	3	1
95.883	790	4	1
95.883	791	2	1
96.019	792	1	1
96.019	793	4	1
96.156	794	3	1
96.292	795	1	1
96.292	796	2	1
96.428	797	2	2
96.565	798	2	3
96.565	799	4	1
96.701	800	3	2
96.838	801	3	3
96.838	802	1	1
96.838	803	2	1
96.974	804	4	1
97.042	805	3	1
97.110	806	2	1
97.247	807	3	1
97.383	808	4	1
97.383	809	1	1
97.519	810	1	2
97.656	811	1	3
97.656	812	4	1
97.792	813	2	2
97.928	814	2	3
97.928	815	3	1
97.928	816	4	1
98.065	817	1	1
98.133	818	2	1
98.201	819	4	1
98.201	820	3	1
98.338	821	2	1
98.406	822	3	1
98.474	823	4	1
98.610	824	3	1
98.678	825	2	1
98.747	826	1	1
98.883	827	3	1
98.951	828	4	1
99.019	829	2	1
99.156	830	1	1
99.292	831	4	1
99.360	832	3	1
99.428	833	2	1
99.497	834	1	1
99.565	835	4	1
99.633	836	2	1
99.701	837	3	1
99.838	838	1	1
99.974	839	2	1
100.042	840	3	1
100.110	841	4	1
100.178	842	3	1
100.247	843	2	1
100.315	844	1	1
100.383	845	3	1
100.383	846	4	1
100.519	847	2	1
100.656	848	3	1
100.656	849	1	1
100.792	850	3	2
100.928	851	3	3
100.928	852	4	1
101.065	853	2	2
101.201	854	2	3
101.201	855	3	1
101.201	856	1	1
101.338	857	4	1
101.406	858	3	1
101.474	859	2	1
101.610	860	4	1
101.747	861	4	2
101.883	862	4	3
101.747	863	1	1
101.883	864	2	2
102.019	865	2	3
102.019	866	3	1
102.156	867	2	2
102.292	868	2	3
102.292	869	1	1
102.292	870	4	1
102.428	871	3	1
102.497	872	2	1
102.565	873	1	1
102.565	874	4	1
102.633	875	3	1
102.701	876	2	1
102.769	877	1	1
102.838	878	3	1
102.974	879	2	1
103.110	880	3	1
103.247	881	1	1
103.383	882	3	1
103.519	883	1	1
103.588	884	2	1
103.656	885	4	1
103.724	886	3	1
103.792	887	1	1
103.860	888	2	1
103.928	889	4	1
103.997	890	3	1
104.065	891	2	1
104.133	892	3	1
104.201	893	4	1
104.269	894	2	1
104.338	895	3	1
104.406	896	1	1
104.474	897	2	1
104.542	898	4	1
104.610	899	3	1
104.678	900	2	1
104.747	901	1	1
104.747	902	4	1
104.883	903	2	1
105.019	904	3	1
105.156	905	3	2
105.292	906	3	3
105.292	907	4	1
105.292	908	1	1
105.428	909	2	2
105.565	910	2	3
105.565	911	3	1
105.701	912	1	1
105.769	913	2	1
105.838	914	3	1
105.838	915	4	1
105.974	916	2	1
106.110	917	4	1
106.247	918	4	2
106.383	919	4	3
106.383	920	2	1
106.383	921	1	1
106.519	922	3	2
106.656	923	3	3
106.656	924	2	1
106.792	925	4	1
106.860	926	3	1
106.928	927	2	1
106.928	928	1	1
107.065	929	3	1
107.201	930	1	1
107.338	931	1	2
107.474	932	1	3
107.474	933	3	1
107.474	934	4	1
107.610	935	2	2
107.747	936	2	3
107.747	937	3	1
107.883	938	1	1
107.951	939	2	1
108.019	940	3	1
108.019	941	4	1
108.156	942	2	1
108.292	943	4	1
108.428	944	4	2
108.565	945	4	3
108.565	946	2	1
108.565	947	1	1
108.701	948	3	2
108.838	949	3	3
108.838	950	1	1
108.838	951	4	1
108.974	952	2	2
109.110	953	2	3
109.110	954	4	1
109.110	955	1	1
109.247	956	3	1
109.383	957	2	1
109.519	958	2	2
109.656	959	2	3
109.656	960	4	1
109.656	961	1	1
109.792	962	3	2
109.928	963	3	3
109.928	964	2	1
110.065	965	1	1
110.133	966	2	1
110.201	967	3	1
110.201	968	4	1
110.338	969	1	1
110.474	970	1	2
110.610	971	1	3
110.610	972	3	2
110.747	973	3	3
110.747	974	2	1
110.747	975	1	1
110.883	976	3	2
111.019	977	3	3
111.019	978	1	1
111.156	979	2	1
111.224	980	3	1
111.292	981	1	1
111.292	982	4	1
111.428	983	2	1
111.565	984	4	2
111.701	985	4	3
111.701	986	1	2
111.838	987	1	3
111.838	988	4	1
111.838	989	2	1
111.974	990	3	2
112.110	991	3	3
112.110	992	2	1
112.247	993	4	1
112.315	994	3	1
112.383	995	2	1
112.383	996	1	1
112.519	997	4	2
112.656	998	4	3
112.656	999	1	1
112.792	1000	2	2
112.928	1001	2	3
112.928	1002	4	1
112.928	1003	3	1
112.997	1004	1	1
113.065	1005	2	1
113.133	1006	4	1
113.201	1007	3	1
113.201	1008	1	1
113.338	1009	2	1
113.338	1010	4	1
113.474	1011	1	1
113.474	1012	4	1
113.610	1013	2	1
113.747	1014	3	1
113.883	1015	3	2
114.019	1016	3	3
114.019	1017	4	1
114.019	1018	1	1
114.156	1019	2	2
114.292	1020	2	3
114.292	1021	3	1
114.428	1022	1	1
114.497	1023	2	1
114.565	1024	3	1
114.565	1025	4	1
114.701	1026	2	1
114.838	1027	4	1
114.974	1028	4	2
115.110	1029	4	3
115.110	1030	2	1
115.110	1031	1	1
115.247	1032	3	2
115.383	1033	3	3
115.383	1034	2	1
115.519	1035	4	1
115.588	1036	3	1
115.656	1037	2	1
115.656	1038	1	1
115.792	1039	3	1
115.928	1040	1	1
116.065	1041	1	2
116.201	1042	1	3
116.201	1043	3	1
116.201	1044	4	1
116.338	1045	2	2
116.474	1046	2	3
116.474	1047	3	1
116.610	1048	1	1
116.678	1049	2	1
116.747	1050	3	1
116.747	1051	4	1
116.883	1052	2	1
117.019	1053	4	1
117.156	1054	4	2
117.292	1055	4	3
117.292	1056	2	1
117.292	1057	1	1
117.428	1058	3	2
117.565	1059	3	3
117.565	1060	1	1
117.565	1061	4	1
117.701	1062	2	2
117.838	1063	2	3
117.838	1064	4	1
117.838	1065	1	1
117.974	1066	3	1
118.110	1067	2	1
118.247	1068	2	2
118.383	1069	2	3
118.383	1070	4	1
118.383	1071	1	1
118.519	1072	3	2
118.656	1073	3	3
118.656	1074	2	1
118.792	1075	1	1
118.860	1076	2	1
118.928	1077	3	1
118.928	1078	4	1
119.065	1079	1	1
119.201	1080	1	2
119.338	1081	1	3
119.338	1082	3	2
119.474	1083	3	3
119.474	1084	2	1
119.474	1085	1	1
119.610	1086	3	2
119.747	1087	3	3
119.747	1088	1	1
119.883	1089	2	1
119.951	1090	3	1
120.019	1091	1	1
120.019	1092	4	1
120.156	1093	2	1
120.292	1094	4	2
120.428	1095	4	3
120.428	1096	1	2
120.565	1097	1	3
120.565	1098	4	1
120.565	1099	2	1
120.701	1100	3	2
120.838	1101	3	3
120.838	1102	2	1
120.974	1103	1	1
121.042	1104	2	1
121.110	1105	4	1
121.110	1106	3	1
121.178	1107	2	1
121.178	1108	1	1
121.315	1109	3	1
121.383	1110	1	1
121.383	1111	2	1
121.519	1112	4	1
121.588	1113	1	1
121.588	1114	2	1
121.656	1115	3	1
121.724	1116	4	1
121.792	1117	1	1
121.860	1118	2	1
121.928	1119	4	1
121.928	1120	3	1
122.065	1121	2	1
122.201	1122	4	2
124.383	1123	4	3
122.201	1124	1	1
123.292	1125	2	1
124.383	1126	1	1
124.383	1127	3	1