Song Name	Sky Gazer by ARForest
Difficulty	18
Primary Color	Chill
Secondary Color	Beat
Last Note Time	134.151
Total Notes	1032
Fever Fill	253
Fever Time	20.122650
Long Notes	275
BPM	180
Song Length	134.800916667

Timing Points
2.818	333.3333


Song Data
2.817	1	4	1
2.984	2	3	1
3.151	3	2	1
3.317	4	1	1
3.484	5	4	1
3.651	6	3	1
3.817	7	2	1
3.984	8	1	1
4.151	9	3	2
4.151	10	4	1
4.651	11	1	2
4.651	12	3	3
5.151	13	4	2
5.151	14	1	3
6.151	15	3	2
6.151	16	4	3
6.817	17	2	2
6.817	18	3	3
7.317	19	4	2
7.317	20	2	3
7.817	21	1	2
7.817	22	4	3
8.651	23	4	2
8.651	24	1	3
9.151	25	3	2
9.151	26	4	3
9.484	27	2	2
9.484	28	3	3
9.984	29	3	2
9.984	30	2	3
10.484	31	4	2
10.484	32	3	3
11.317	33	1	2
11.317	34	4	3
11.817	35	2	2
11.817	36	1	3
12.151	37	3	2
12.151	38	2	3
12.651	39	4	2
12.651	40	3	3
13.151	41	2	2
13.151	42	4	3
13.984	43	3	2
13.984	44	2	3
14.484	45	1	2
14.484	46	3	3
14.817	47	3	2
14.817	48	4	1
14.817	49	1	3
15.151	50	2	1
15.317	51	1	2
15.317	52	3	3
15.484	53	4	1
15.817	54	2	1
15.817	55	4	2
15.817	56	1	3
16.151	57	3	1
16.484	58	1	1
16.817	59	2	1
16.817	60	3	2
16.817	61	4	3
17.151	62	4	1
17.484	63	1	1
17.484	64	2	2
17.484	65	3	3
17.817	66	3	1
17.984	67	4	2
17.984	68	2	3
18.151	69	1	1
18.484	70	1	2
18.484	71	2	1
18.484	72	4	3
18.817	73	3	1
19.151	74	2	1
19.317	75	4	2
19.317	76	1	3
19.484	77	3	1
19.817	78	1	1
19.817	79	3	2
19.817	80	4	3
19.984	81	2	1
20.151	82	1	1
20.151	83	4	1
20.151	84	3	3
20.317	85	2	1
20.484	86	3	1
20.651	87	1	1
20.651	88	2	1
20.817	89	4	1
20.984	90	3	1
21.151	91	2	1
21.151	92	4	1
21.317	93	1	1
21.484	94	3	1
21.651	95	2	1
21.817	96	1	1
21.984	97	3	1
21.984	98	4	1
22.151	99	1	1
22.317	100	2	1
22.484	101	3	1
22.484	102	4	1
22.651	103	1	1
22.817	104	2	1
22.817	105	4	1
22.901	106	3	1
22.984	107	1	1
23.067	108	2	1
23.151	109	4	1
23.234	110	3	1
23.317	111	2	1
23.401	112	1	1
23.484	113	4	1
23.567	114	3	1
23.651	115	1	1
23.734	116	2	1
23.817	117	3	1
23.901	118	4	1
23.984	119	1	1
24.067	120	2	1
24.317	121	3	1
24.401	122	4	1
24.484	123	2	1
24.651	124	1	1
24.817	125	4	1
24.984	126	3	2
25.151	127	1	1
25.151	128	2	1
25.151	129	3	3
25.484	130	1	1
25.484	131	3	2
25.484	132	4	1
25.651	133	2	2
25.651	134	3	3
25.817	135	1	2
25.817	136	2	3
25.984	137	4	1
25.984	138	1	3
26.067	139	3	1
26.151	140	2	1
26.317	141	1	1
26.484	142	4	2
26.651	143	3	2
26.651	144	4	3
26.817	145	3	3
26.984	146	1	1
27.151	147	3	1
27.317	148	2	1
27.484	149	4	1
27.567	150	3	1
27.651	151	1	1
27.734	152	2	1
27.817	153	4	1
27.901	154	3	1
27.984	155	1	1
28.067	156	4	1
28.151	157	2	2
28.317	158	3	2
28.317	159	2	3
28.484	160	4	2
28.484	161	3	3
28.651	162	1	1
28.651	163	4	3
28.817	164	3	1
28.984	165	2	1
29.067	166	4	1
29.151	167	1	2
29.317	168	2	2
29.317	169	1	3
29.484	170	3	1
29.484	171	2	3
29.651	172	1	1
29.734	173	2	1
29.817	174	4	1
29.901	175	3	1
29.984	176	2	1
30.067	177	1	1
30.151	178	4	1
30.317	179	3	1
30.401	180	2	1
30.484	181	1	1
30.651	182	3	1
30.817	183	4	2
30.984	184	3	2
30.984	185	4	3
31.151	186	2	2
31.151	187	3	3
31.317	188	4	1
31.317	189	2	3
31.401	190	3	1
31.484	191	1	1
31.651	192	4	1
31.817	193	2	2
31.984	194	1	2
31.984	195	2	3
32.151	196	3	1
32.151	197	1	3
32.317	198	4	1
32.401	199	2	1
32.484	200	1	1
32.651	201	3	1
32.817	202	4	1
32.984	203	3	1
33.151	204	2	1
33.317	205	1	1
33.484	206	1	2
33.651	207	2	2
33.651	208	1	3
33.817	209	3	2
33.817	210	2	3
33.984	211	1	1
33.984	212	3	3
34.067	213	2	1
34.151	214	4	1
34.317	215	1	1
34.484	216	3	2
34.651	217	4	2
34.651	218	3	3
34.817	219	1	1
34.817	220	4	3
34.984	221	3	1
35.067	222	4	1
35.151	223	2	1
35.317	224	3	1
35.484	225	1	2
35.651	226	4	2
35.817	227	2	1
35.817	228	1	3
35.984	229	3	1
35.984	230	4	3
36.151	231	1	2
36.317	232	2	2
36.317	233	1	3
36.484	234	3	2
36.484	235	2	3
36.651	236	3	3
36.817	237	1	1
36.817	238	4	1
38.151	239	4	1
38.234	240	3	1
38.317	241	2	1
38.401	242	1	1
38.484	243	4	1
38.567	244	3	1
38.651	245	2	1
38.734	246	1	1
38.817	247	4	2
38.984	248	3	2
38.984	249	4	3
39.151	250	2	2
39.151	251	3	3
39.317	252	4	1
39.317	253	2	3
39.401	254	3	1
39.484	255	1	1
39.651	256	4	1
39.817	257	1	2
39.984	258	2	2
39.984	259	1	3
40.151	260	4	1
40.151	261	2	3
40.317	262	3	1
40.401	263	2	1
40.484	264	1	1
40.651	265	4	1
40.817	266	1	1
40.984	267	3	1
41.067	268	2	1
41.151	269	1	1
41.151	270	4	1
41.234	271	3	1
41.317	272	2	1
41.401	273	4	1
41.484	274	1	2
41.484	275	2	2
41.651	276	3	2
41.651	277	2	3
41.817	278	4	2
41.817	279	3	3
41.984	280	2	1
41.984	281	1	3
41.984	282	4	3
42.067	283	3	1
42.151	284	4	1
42.317	285	2	1
42.484	286	1	2
42.651	287	4	2
42.651	288	1	3
42.984	289	2	2
42.984	290	4	3
43.151	291	3	2
43.151	292	2	3
43.317	293	4	1
43.317	294	3	3
43.401	295	1	1
43.484	296	2	1
43.651	297	3	2
43.817	298	2	2
43.817	299	3	3
43.984	300	1	2
43.984	301	4	1
43.984	302	2	3
45.484	303	2	2
46.151	304	3	2
46.484	305	4	2
46.651	306	1	3
46.651	307	2	3
46.651	308	3	3
46.651	309	4	3
46.817	310	3	1
46.817	311	4	1
46.984	312	2	1
47.151	313	1	1
47.317	314	4	1
47.484	315	2	1
47.651	316	1	1
47.817	317	4	1
47.984	318	3	1
48.151	319	2	1
48.317	320	4	1
48.484	321	3	1
48.651	322	1	1
48.817	323	4	1
48.984	324	2	1
49.151	325	3	1
49.317	326	1	1
49.484	327	3	1
49.651	328	2	1
49.817	329	1	1
49.984	330	4	1
50.151	331	2	1
50.317	332	1	1
50.484	333	4	1
50.651	334	3	1
50.817	335	2	1
50.984	336	4	1
51.151	337	3	1
51.317	338	1	1
51.484	339	2	1
51.651	340	3	1
51.817	341	4	1
51.984	342	1	1
52.151	343	3	1
52.317	344	2	1
52.484	345	1	1
52.651	346	4	1
52.817	347	2	1
52.984	348	1	1
53.151	349	4	1
53.317	350	3	1
53.484	351	2	1
53.651	352	4	1
53.817	353	3	1
53.984	354	1	1
54.151	355	4	1
54.317	356	2	1
54.484	357	3	1
54.651	358	1	1
54.817	359	3	1
54.984	360	2	1
55.151	361	1	1
55.317	362	4	1
55.484	363	2	1
55.651	364	1	1
55.817	365	4	1
55.984	366	3	1
56.151	367	2	1
56.317	368	4	1
56.484	369	3	1
56.651	370	1	1
56.817	371	2	1
56.984	372	4	1
57.151	373	3	1
57.317	374	1	1
57.484	375	3	2
57.651	376	2	2
57.651	377	3	3
57.817	378	1	2
57.817	379	2	3
57.984	380	4	2
57.984	381	1	3
58.151	382	2	2
58.151	383	4	3
58.317	384	1	2
58.317	385	2	3
58.484	386	4	2
58.484	387	1	3
58.651	388	3	2
58.651	389	4	3
58.817	390	2	2
58.817	391	3	3
58.984	392	4	2
58.984	393	2	3
59.151	394	3	2
59.151	395	4	3
59.317	396	1	2
59.317	397	3	3
59.484	398	2	2
59.484	399	1	3
59.651	400	3	2
59.651	401	2	3
59.817	402	4	2
59.817	403	3	3
59.984	404	1	2
59.984	405	4	3
60.151	406	3	2
60.151	407	1	3
60.317	408	2	2
60.317	409	3	3
60.484	410	1	2
60.484	411	2	3
60.651	412	4	2
60.651	413	1	3
60.817	414	2	2
60.817	415	4	3
60.984	416	1	2
60.984	417	2	3
61.151	418	4	2
61.151	419	1	3
61.317	420	3	2
61.317	421	4	3
61.484	422	2	2
61.484	423	3	3
61.651	424	4	2
61.651	425	2	3
61.817	426	3	2
61.817	427	4	3
61.984	428	1	2
61.984	429	3	3
62.151	430	3	1
62.151	431	4	2
62.151	432	1	3
62.317	433	2	2
62.317	434	4	3
62.484	435	3	2
62.484	436	2	3
62.651	437	1	2
62.651	438	3	3
62.817	439	3	2
62.817	440	1	3
62.984	441	2	2
62.984	442	3	3
63.151	443	1	2
63.151	444	2	3
63.317	445	4	2
63.317	446	1	3
63.484	447	2	2
63.484	448	4	3
63.651	449	1	2
63.651	450	2	3
63.817	451	4	2
63.817	452	1	3
63.984	453	3	2
63.984	454	4	3
64.151	455	2	2
64.151	456	3	3
64.317	457	4	2
64.317	458	2	3
64.484	459	3	2
64.484	460	4	3
64.651	461	1	2
64.651	462	3	3
64.817	463	2	2
64.817	464	1	3
64.984	465	3	2
64.984	466	2	3
65.151	467	4	2
65.151	468	3	3
65.317	469	1	2
65.317	470	4	3
65.484	471	3	2
65.484	472	1	3
65.651	473	2	2
65.651	474	3	3
65.817	475	1	2
65.817	476	2	3
65.984	477	4	2
65.984	478	1	3
66.151	479	2	2
66.151	480	4	3
66.317	481	1	2
66.317	482	2	3
66.484	483	4	2
66.484	484	1	3
66.651	485	3	2
66.651	486	4	3
66.817	487	2	2
66.817	488	3	3
66.984	489	4	2
66.984	490	2	3
67.151	491	3	2
67.151	492	4	3
67.317	493	1	2
67.317	494	3	3
67.484	495	4	2
67.484	496	1	3
67.651	497	2	2
67.651	498	4	3
67.817	499	3	2
67.817	500	2	3
67.984	501	1	2
67.984	502	3	3
68.151	503	2	1
68.151	504	3	2
68.151	505	4	1
68.151	506	1	3
68.651	507	1	2
68.651	508	2	1
68.651	509	3	3
69.151	510	3	1
69.151	511	4	2
69.151	512	1	3
69.651	513	2	1
70.151	514	1	1
70.151	515	3	2
70.151	516	4	3
70.484	517	2	1
70.484	518	4	1
70.817	519	1	1
70.817	520	2	2
70.817	521	3	3
71.317	522	3	1
71.317	523	4	2
71.317	524	2	3
71.817	525	1	2
71.817	526	2	1
71.817	527	4	3
72.317	528	3	1
72.484	529	2	1
72.651	530	4	2
72.651	531	1	3
72.817	532	2	1
72.817	533	3	1
72.984	534	1	1
73.151	535	2	1
73.151	536	3	2
73.151	537	4	3
73.317	538	1	1
73.317	539	4	1
73.484	540	1	1
73.484	541	2	2
73.484	542	3	3
73.984	543	1	1
73.984	544	3	2
73.984	545	2	3
74.484	546	2	1
74.484	547	4	2
74.484	548	3	3
74.984	549	3	1
75.317	550	1	2
75.317	551	4	3
75.484	552	3	1
75.817	553	2	2
75.817	554	4	1
75.817	555	1	3
76.151	556	3	2
76.151	557	4	1
76.151	558	2	3
76.651	559	1	1
76.651	560	4	2
76.651	561	3	3
77.151	562	2	2
77.151	563	3	1
77.151	564	4	3
77.651	565	1	1
77.817	566	4	1
77.984	567	3	2
77.984	568	2	3
78.151	569	1	1
78.151	570	4	1
78.317	571	2	1
78.484	572	1	2
78.484	573	4	1
78.484	574	3	3
78.651	575	2	1
78.651	576	3	1
78.817	577	3	2
78.817	578	4	1
78.817	579	1	3
79.151	580	2	1
79.317	581	1	2
79.317	582	3	3
79.484	583	4	1
79.817	584	2	1
79.817	585	4	2
79.817	586	1	3
80.151	587	3	1
80.484	588	1	1
80.817	589	2	1
80.817	590	3	2
80.817	591	4	3
81.151	592	4	1
81.484	593	1	1
81.484	594	2	2
81.484	595	3	3
81.817	596	3	1
81.984	597	4	2
81.984	598	2	3
82.151	599	1	1
82.484	600	1	2
82.484	601	2	1
82.484	602	4	3
82.817	603	3	1
83.151	604	2	1
83.317	605	4	2
83.317	606	1	3
83.484	607	3	1
83.817	608	1	1
83.817	609	3	2
83.817	610	4	3
83.984	611	2	1
84.151	612	1	1
84.151	613	4	1
84.151	614	3	3
84.317	615	2	1
84.484	616	3	1
84.651	617	1	1
84.651	618	2	1
84.817	619	4	1
84.984	620	3	1
85.151	621	2	1
85.151	622	4	1
85.317	623	1	1
85.484	624	3	1
85.651	625	2	1
85.817	626	1	1
85.984	627	3	1
85.984	628	4	1
86.151	629	1	1
86.317	630	2	1
86.484	631	3	1
86.484	632	4	1
86.651	633	1	1
86.817	634	2	1
86.817	635	4	1
86.901	636	3	1
86.984	637	1	1
87.067	638	2	1
87.151	639	4	1
87.234	640	3	1
87.317	641	2	1
87.401	642	1	1
87.484	643	4	1
87.567	644	3	1
87.651	645	1	1
87.734	646	2	1
87.817	647	3	1
87.901	648	4	1
87.984	649	1	1
88.067	650	2	1
88.151	651	3	1
88.151	652	4	2
88.484	653	1	2
88.484	654	2	1
88.484	655	4	3
88.817	656	3	1
88.817	657	1	3
88.984	658	3	1
89.151	659	2	2
89.151	660	4	1
89.484	661	1	1
89.484	662	3	2
89.484	663	4	1
89.484	664	2	3
89.984	665	1	2
89.984	666	3	3
90.151	667	2	2
90.151	668	3	2
90.317	669	2	3
90.317	670	3	3
90.484	671	4	2
90.484	672	1	3
91.151	673	1	1
91.151	674	2	1
91.484	675	1	2
91.484	676	2	2
91.484	677	3	2
91.484	678	4	3
91.651	679	1	3
91.651	680	2	3
92.151	681	1	1
92.151	682	2	2
92.151	683	3	3
92.651	684	4	2
92.651	685	2	3
92.817	686	2	2
92.817	687	3	2
92.984	688	2	3
92.984	689	3	3
93.151	690	1	2
93.151	691	4	3
93.317	692	2	1
93.317	693	3	1
93.817	694	3	1
93.817	695	4	2
93.817	696	1	3
94.151	697	1	2
94.151	698	2	2
94.317	699	1	3
94.317	700	2	3
94.484	701	3	2
94.484	702	4	3
94.817	703	1	1
94.817	704	2	2
94.817	705	3	3
95.317	706	3	2
95.317	707	2	3
95.484	708	1	2
95.484	709	2	2
95.651	710	1	3
95.651	711	2	3
95.817	712	4	2
95.817	713	3	3
96.484	714	2	1
96.484	715	3	1
96.651	716	1	2
96.651	717	4	3
96.817	718	3	2
96.817	719	4	2
96.984	720	3	3
96.984	721	4	3
97.151	722	2	2
97.151	723	1	3
97.484	724	3	2
97.484	725	4	1
97.484	726	2	3
97.984	727	4	2
97.984	728	3	3
98.151	729	1	2
98.151	730	3	2
98.317	731	1	3
98.317	732	3	3
98.484	733	2	2
98.484	734	4	3
98.651	735	1	1
98.651	736	3	1
98.984	737	1	2
98.984	738	4	1
98.984	739	2	3
99.151	740	3	1
99.151	741	4	1
99.484	742	2	1
99.484	743	3	2
99.484	744	4	2
99.484	745	1	3
99.651	746	3	3
99.651	747	4	3
99.817	748	3	1
99.817	749	4	1
99.984	750	3	2
99.984	751	4	2
100.151	752	1	1
100.151	753	2	2
100.151	754	3	3
100.151	755	4	3
100.651	756	1	2
100.651	757	2	3
100.817	758	2	2
100.817	759	3	2
100.984	760	2	3
100.984	761	3	3
101.151	762	4	2
101.151	763	1	3
101.817	764	1	1
101.817	765	2	1
102.151	766	1	2
102.151	767	2	2
102.151	768	3	2
102.151	769	4	3
102.317	770	1	3
102.317	771	2	3
102.817	772	1	1
102.817	773	2	2
102.817	774	3	3
103.317	775	4	2
103.317	776	2	3
103.484	777	2	2
103.484	778	3	2
103.651	779	2	3
103.651	780	3	3
103.817	781	1	2
103.817	782	4	3
103.984	783	2	1
103.984	784	3	1
104.484	785	3	2
104.484	786	4	1
104.484	787	1	3
104.817	788	1	2
104.817	789	2	2
104.984	790	4	2
104.984	791	1	3
104.984	792	2	3
104.984	793	3	3
105.484	794	1	1
105.484	795	2	2
105.484	796	4	3
105.984	797	3	2
105.984	798	2	3
106.151	799	1	2
106.151	800	2	2
106.317	801	1	3
106.317	802	2	3
106.484	803	4	2
106.484	804	3	3
107.151	805	2	1
107.151	806	3	1
107.317	807	1	2
107.317	808	4	3
107.484	809	3	2
107.484	810	4	2
107.651	811	3	3
107.651	812	4	3
107.817	813	2	2
107.817	814	1	3
108.151	815	3	2
108.151	816	4	1
108.151	817	2	3
108.651	818	4	2
108.651	819	3	3
108.817	820	1	2
108.817	821	3	2
108.984	822	1	3
108.984	823	3	3
109.151	824	2	2
109.151	825	4	3
109.317	826	1	1
109.317	827	3	1
109.651	828	3	1
109.651	829	4	1
109.817	830	3	1
109.817	831	4	1
110.151	832	1	1
110.151	833	3	2
110.151	834	4	2
110.151	835	2	3
110.317	836	1	1
110.317	837	2	1
110.317	838	3	3
110.317	839	4	3
110.484	840	2	1
110.484	841	3	1
110.651	842	3	2
110.651	843	4	2
110.817	844	1	1
110.817	845	3	3
110.817	846	4	3
110.984	847	2	1
111.151	848	1	1
111.317	849	3	1
111.484	850	2	2
111.484	851	4	2
111.651	852	1	1
111.651	853	2	3
111.651	854	4	3
111.817	855	3	1
111.984	856	2	1
112.151	857	1	1
112.317	858	3	1
112.484	859	2	1
112.484	860	4	1
112.651	861	1	1
112.817	862	3	2
112.817	863	4	2
112.984	864	2	1
112.984	865	3	3
112.984	866	4	3
113.151	867	1	1
113.317	868	3	1
113.484	869	1	1
113.484	870	4	1
113.651	871	2	1
113.817	872	1	1
113.984	873	4	1
114.151	874	2	2
114.151	875	3	2
114.317	876	1	1
114.317	877	2	3
114.317	878	3	3
114.484	879	4	1
114.651	880	2	1
114.651	881	3	1
114.817	882	1	1
114.984	883	4	1
115.151	884	1	1
115.151	885	3	1
115.317	886	2	1
115.484	887	1	2
115.484	888	4	2
115.651	889	3	1
115.651	890	1	3
115.651	891	4	3
115.817	892	2	1
115.984	893	1	1
116.151	894	3	1
116.151	895	4	1
116.317	896	2	1
116.484	897	1	1
116.651	898	3	1
116.817	899	2	2
116.817	900	4	2
116.984	901	1	1
116.984	902	2	3
116.984	903	4	3
117.151	904	3	1
117.317	905	2	1
117.484	906	1	1
117.651	907	3	1
117.817	908	2	1
117.817	909	4	1
117.984	910	1	1
118.151	911	3	2
118.151	912	4	2
118.317	913	2	1
118.317	914	3	3
118.317	915	4	3
118.484	916	1	1
118.651	917	3	1
118.817	918	1	1
118.817	919	4	1
118.984	920	2	1
119.151	921	1	1
119.317	922	4	1
119.484	923	2	2
119.484	924	3	2
119.651	925	1	1
119.651	926	2	3
119.651	927	3	3
119.817	928	4	1
119.984	929	2	1
119.984	930	3	1
120.151	931	1	1
120.317	932	2	1
120.317	933	4	1
120.484	934	1	1
120.484	935	3	1
120.651	936	2	1
120.817	937	1	2
120.817	938	4	2
120.984	939	3	1
120.984	940	1	3
120.984	941	4	3
121.151	942	2	1
121.151	943	4	1
121.317	944	1	2
121.317	945	3	2
121.484	946	2	1
121.484	947	4	1
121.484	948	1	3
121.484	949	3	3
121.651	950	3	1
121.817	951	1	1
121.984	952	3	1
122.151	953	2	2
122.151	954	4	2
122.317	955	1	1
122.317	956	2	3
122.317	957	4	3
122.484	958	3	1
122.651	959	2	1
122.817	960	1	1
122.984	961	3	1
123.151	962	2	1
123.151	963	4	1
123.317	964	1	1
123.484	965	3	2
123.484	966	4	2
123.651	967	2	1
123.651	968	3	3
123.651	969	4	3
123.817	970	1	1
123.984	971	3	1
124.151	972	1	1
124.151	973	4	1
124.317	974	2	1
124.484	975	1	1
124.651	976	4	1
124.817	977	2	2
124.817	978	3	2
124.984	979	1	1
124.984	980	2	3
124.984	981	3	3
125.151	982	4	1
125.317	983	2	1
125.317	984	3	1
125.484	985	1	1
125.651	986	4	1
125.817	987	1	1
125.817	988	3	1
125.984	989	2	1
126.151	990	1	2
126.151	991	4	2
126.317	992	3	1
126.317	993	1	3
126.317	994	4	3
126.484	995	2	1
126.651	996	1	1
126.817	997	3	1
126.817	998	4	1
126.984	999	2	1
127.151	1000	1	1
127.317	1001	3	1
127.484	1002	2	2
127.484	1003	4	2
127.651	1004	1	1
127.651	1005	2	3
127.651	1006	4	3
127.817	1007	3	1
127.984	1008	2	1
128.151	1009	1	1
128.317	1010	3	1
128.484	1011	2	1
128.484	1012	4	1
128.651	1013	1	1
128.817	1014	3	2
128.817	1015	4	2
128.984	1016	2	1
128.984	1017	3	3
128.984	1018	4	3
129.151	1019	1	1
129.317	1020	3	1
129.484	1021	1	2
129.484	1022	2	2
129.984	1023	3	2
129.984	1024	2	3
130.484	1025	4	2
130.484	1026	3	3
131.484	1027	3	2
131.484	1028	4	3
132.151	1029	2	2
132.151	1030	1	3
132.151	1031	3	3
134.151	1032	2	3