Song Name	Soulless 5 (HalfDuck Cover) [EXTENDED CUT] by ExileLord (Cover by HalfDuck)
Title	Soulless 5 (HalfDuck Cover) [EXTENDED CUT]
Artist	ExileLord (Cover by HalfDuck)
Description	A 'ridiculously' hard and infamous user-created track in Guitar Hero modding. The originals are over 12 minutes long, requiring different playing techniques to complete such as tapping, rake strumming and rake tapping. Map by doofyplayer.
Difficulty	25
Primary Color	Rush
Secondary Color	Beat
Cover Image ID	5634750167
Audio Asset ID	rbxassetid://9062726290
Audio File	9062726290.ogg
Last Note Time	376.715
Total Notes	3798
Fever Fill	1026
Fever Time	56.507250
Long Notes	718
BPM	130
Song Length	377.715000000

Timing Points
0.100	461.538462


Song Data
0.100	1	4	2
0.331	2	4	3
0.331	3	1	2
0.561	4	1	3
0.561	5	3	2
0.792	6	3	3
0.792	7	1	2
1.023	8	1	3
1.023	9	4	2
1.254	10	4	3
1.254	11	1	2
1.484	12	1	3
1.484	13	3	2
1.715	14	3	3
1.715	15	1	2
1.946	16	1	3
1.946	17	3	2
2.177	18	3	3
2.177	19	2	2
2.407	20	2	3
2.407	21	1	2
2.638	22	1	3
2.638	23	2	2
2.869	24	2	3
2.869	25	4	2
3.100	26	4	3
3.100	27	3	2
3.331	28	3	3
3.331	29	1	2
3.561	30	1	3
3.561	31	2	2
3.792	32	2	3
3.792	33	4	2
4.023	34	4	3
4.023	35	1	2
4.254	36	1	3
4.254	37	3	2
4.484	38	3	3
4.484	39	1	2
4.715	40	1	3
4.715	41	2	2
4.946	42	2	3
4.946	43	1	2
5.177	44	1	3
5.177	45	3	2
5.407	46	3	3
5.407	47	1	2
5.638	48	1	3
5.638	49	4	2
5.869	50	4	3
5.869	51	1	2
6.100	52	1	3
6.100	53	3	2
6.331	54	3	3
6.331	55	2	2
6.561	56	2	3
6.561	57	3	1
6.561	58	4	2
6.792	59	4	3
6.792	60	1	2
7.023	61	1	3
7.023	62	3	2
7.254	63	3	3
7.254	64	1	2
7.484	65	1	3
7.484	66	4	2
7.715	67	4	3
7.484	68	2	1
7.715	69	1	2
7.946	70	1	3
7.946	71	3	2
8.177	72	3	3
8.177	73	1	2
8.407	74	1	3
8.407	75	4	2
8.638	76	4	3
8.407	77	2	1
8.638	78	3	2
8.869	79	3	3
8.869	80	2	2
9.100	81	2	3
9.100	82	1	2
9.331	83	1	3
9.331	84	4	2
9.561	85	4	3
9.331	86	3	1
9.561	87	1	2
9.792	88	1	3
9.792	89	3	2
10.023	90	3	3
10.023	91	1	2
10.254	92	1	3
10.254	93	4	2
10.484	94	4	3
10.254	95	2	1
10.484	96	3	2
10.715	97	3	3
10.715	98	2	2
10.946	99	2	3
10.946	100	1	2
11.177	101	1	3
11.177	102	3	1
11.177	103	4	2
11.407	104	4	3
11.407	105	1	2
11.638	106	1	3
11.638	107	3	2
11.869	108	3	3
11.869	109	1	2
12.100	110	1	3
12.100	111	2	2
12.331	112	2	3
12.100	113	4	1
12.331	114	3	2
12.561	115	3	3
12.561	116	4	2
12.792	117	4	3
12.792	118	1	2
13.023	119	1	3
13.023	120	2	1
13.023	121	4	2
13.254	122	4	3
13.254	123	1	2
13.484	124	1	3
13.484	125	2	1
13.484	126	3	2
13.715	127	3	3
13.715	128	1	2
13.946	129	1	3
13.946	130	2	1
13.946	131	4	2
14.177	132	4	3
14.177	133	1	2
14.407	134	1	3
14.407	135	3	2
14.638	136	3	3
14.638	137	1	2
14.869	138	1	3
14.869	139	4	1
14.869	140	2	1
14.984	141	4	1
15.100	142	1	1
15.215	143	1	1
15.331	144	3	1
15.331	145	2	1
15.446	146	3	1
15.561	147	1	1
15.677	148	1	1
15.792	149	4	1
15.792	150	2	1
15.907	151	4	1
16.023	152	1	1
16.138	153	1	1
16.254	154	2	1
16.254	155	3	1
16.369	156	3	1
16.484	157	1	1
16.600	158	1	1
16.715	159	4	1
16.715	160	3	1
16.831	161	3	1
16.946	162	2	1
17.061	163	2	1
17.177	164	1	1
17.177	165	4	1
17.292	166	1	1
17.407	167	2	1
17.523	168	2	1
17.638	169	4	1
17.638	170	3	1
17.754	171	4	1
17.869	172	3	1
17.984	173	3	1
18.100	174	2	1
18.100	175	1	1
18.215	176	1	1
18.331	177	2	1
18.446	178	2	1
18.561	179	3	1
18.561	180	4	1
18.677	181	4	1
18.792	182	1	1
18.907	183	1	1
19.023	184	2	1
19.023	185	3	1
19.138	186	3	1
19.254	187	1	1
19.369	188	1	1
19.484	189	4	1
19.484	190	2	1
19.600	191	2	1
19.715	192	1	1
19.831	193	1	1
19.946	194	3	1
19.946	195	4	1
20.061	196	3	1
20.177	197	1	1
20.292	198	1	1
20.407	199	4	1
20.407	200	2	1
20.523	201	4	1
20.638	202	1	1
20.754	203	1	1
20.869	204	4	1
20.869	205	3	1
20.984	206	3	1
21.100	207	2	1
21.215	208	2	1
21.331	209	4	1
21.331	210	3	1
21.446	211	4	1
21.561	212	1	1
21.677	213	1	1
21.792	214	3	1
21.792	215	2	1
21.907	216	3	1
22.023	217	1	1
22.138	218	1	1
22.254	219	2	1
22.254	220	4	1
22.369	221	4	1
22.484	222	1	1
22.600	223	1	1
22.715	224	2	1
22.715	225	3	1
22.831	226	3	1
22.946	227	1	1
23.061	228	1	1
23.177	229	4	1
23.177	230	2	1
23.292	231	4	1
23.407	232	3	1
23.523	233	3	1
23.638	234	2	1
23.638	235	4	1
23.754	236	2	1
23.869	237	1	1
23.984	238	1	1
24.100	239	4	1
24.100	240	3	1
24.215	241	4	1
24.331	242	1	1
24.446	243	1	1
24.561	244	3	1
24.561	245	2	1
24.677	246	3	1
24.792	247	1	1
24.907	248	1	1
25.023	249	4	1
25.023	250	2	1
25.138	251	4	1
25.254	252	3	1
25.369	253	3	1
25.484	254	4	1
25.484	255	2	1
25.600	256	2	1
25.715	257	1	1
25.831	258	1	1
25.946	259	3	1
25.946	260	4	1
26.061	261	4	1
26.177	262	1	1
26.292	263	1	1
26.407	264	2	1
26.407	265	3	1
26.523	266	3	1
26.638	267	1	1
26.754	268	1	1
26.869	269	4	1
26.869	270	2	1
26.984	271	2	1
27.100	272	3	1
27.215	273	3	1
27.331	274	4	1
27.331	275	2	1
27.446	276	4	1
27.561	277	1	1
27.677	278	1	1
27.792	279	4	1
27.792	280	2	1
27.907	281	4	1
28.023	282	1	1
28.138	283	1	1
28.254	284	2	1
28.254	285	3	1
28.369	286	3	1
28.484	287	1	1
28.600	288	1	1
28.715	289	4	1
28.715	290	2	1
28.831	291	4	1
28.946	292	1	1
29.061	293	1	1
29.177	294	2	1
29.177	295	3	1
29.292	296	3	1
29.407	297	1	1
29.523	298	1	1
29.638	299	2	1
29.638	300	4	1
29.754	301	4	1
29.869	302	1	1
29.984	303	1	1
30.100	304	3	1
30.100	305	2	1
30.215	306	3	1
30.331	307	1	1
30.446	308	1	1
30.561	309	4	1
30.677	310	4	1
30.792	311	1	1
30.907	312	1	1
31.023	313	2	1
31.023	314	3	1
31.138	315	3	1
31.254	316	1	1
31.369	317	1	1
31.484	318	4	2
31.715	319	4	3
31.484	320	2	1
31.715	321	3	1
31.831	322	3	1
31.946	323	2	1
31.946	324	1	2
32.177	325	1	3
32.177	326	2	1
32.292	327	2	1
32.407	328	3	2
32.638	329	3	3
32.407	330	4	2
32.638	331	4	3
32.638	332	1	2
32.869	333	1	3
32.638	334	2	2
32.869	335	2	3
32.869	336	4	2
33.100	337	4	3
32.869	338	3	2
33.100	339	3	3
33.100	340	2	2
33.331	341	2	3
33.100	342	1	2
33.331	343	1	3
33.331	344	3	1
33.331	345	4	1
33.446	346	4	1
33.561	347	1	1
33.677	348	1	1
33.792	349	3	1
33.792	350	2	1
33.907	351	3	1
34.023	352	1	1
34.138	353	1	1
34.254	354	4	1
34.331	355	3	1
34.407	356	2	1
34.484	357	1	1
34.561	358	2	1
34.638	359	3	1
34.715	360	1	1
34.715	361	4	1
34.831	362	1	1
34.946	363	3	1
35.061	364	3	1
35.177	365	2	1
35.177	366	4	1
35.292	367	4	1
35.407	368	1	1
35.523	369	1	1
35.638	370	4	1
35.638	371	2	1
35.754	372	2	1
35.869	373	3	1
35.984	374	3	1
36.100	375	4	1
36.177	376	4	1
36.254	377	4	1
36.331	378	1	1
36.407	379	1	1
36.484	380	1	1
36.561	381	4	1
36.561	382	3	1
36.638	383	3	1
36.715	384	3	1
36.792	385	2	1
36.792	386	1	1
36.869	387	2	1
36.946	388	2	1
37.023	389	4	1
37.023	390	3	1
37.138	391	4	1
37.254	392	1	1
37.369	393	1	1
37.484	394	3	1
37.484	395	4	1
37.600	396	3	1
37.715	397	2	1
37.831	398	2	1
37.946	399	4	1
38.061	400	1	1
38.177	401	4	1
38.292	402	1	1
38.407	403	4	1
38.407	404	3	1
38.523	405	2	1
38.638	406	4	1
38.754	407	3	1
38.869	408	1	1
38.869	409	4	1
38.984	410	4	1
39.100	411	1	1
39.215	412	1	1
39.331	413	3	1
39.331	414	4	1
39.446	415	3	1
39.561	416	2	1
39.677	417	2	1
39.792	418	1	1
39.907	419	4	1
40.023	420	1	1
40.138	421	4	1
40.254	422	2	1
40.254	423	1	1
40.369	424	3	1
40.484	425	1	1
40.600	426	2	1
40.715	427	1	1
40.715	428	4	1
40.831	429	4	1
40.946	430	1	1
41.061	431	1	1
41.177	432	4	1
41.177	433	3	1
41.292	434	3	1
41.407	435	2	1
41.523	436	2	1
41.638	437	1	1
41.754	438	4	1
41.869	439	1	1
41.984	440	4	1
42.100	441	1	1
42.100	442	2	1
42.215	443	3	1
42.331	444	1	1
42.446	445	2	1
42.561	446	1	1
42.561	447	4	1
42.677	448	4	1
42.792	449	1	1
42.907	450	1	1
43.023	451	3	1
43.023	452	2	1
43.138	453	3	1
43.254	454	1	1
43.369	455	1	1
43.484	456	4	1
43.484	457	2	1
43.600	458	4	1
43.715	459	1	1
43.831	460	1	1
43.946	461	2	1
43.946	462	3	1
44.061	463	3	1
44.177	464	1	1
44.292	465	1	1
44.407	466	4	1
44.407	467	3	1
44.523	468	3	1
44.638	469	2	1
44.754	470	2	1
44.869	471	3	1
44.984	472	3	1
45.100	473	2	1
45.215	474	2	1
45.331	475	3	1
45.331	476	4	1
45.446	477	3	1
45.561	478	1	1
45.677	479	1	1
45.792	480	3	1
45.907	481	3	1
46.023	482	1	1
46.138	483	1	1
46.254	484	4	1
46.254	485	3	1
46.369	486	4	1
46.484	487	2	1
46.600	488	2	1
46.715	489	4	1
46.831	490	4	1
46.946	491	2	1
47.061	492	2	1
47.177	493	4	1
47.177	494	3	1
47.292	495	4	1
47.407	496	3	1
47.523	497	3	1
47.638	498	4	1
47.638	499	1	1
47.754	500	4	1
47.869	501	3	1
47.869	502	2	1
47.984	503	3	1
48.100	504	1	1
48.100	505	4	1
48.215	506	4	1
48.331	507	2	1
48.446	508	2	1
48.561	509	4	1
48.677	510	4	1
48.792	511	2	1
48.907	512	2	1
49.023	513	4	1
49.023	514	3	1
49.138	515	3	1
49.254	516	2	1
49.369	517	2	1
49.484	518	3	1
49.600	519	3	1
49.715	520	2	1
49.831	521	2	1
49.946	522	3	1
49.946	523	4	1
50.061	524	3	1
50.177	525	1	1
50.292	526	1	1
50.407	527	2	1
50.523	528	2	1
50.638	529	4	1
50.754	530	4	1
50.869	531	2	1
50.869	532	3	1
50.984	533	1	1
51.100	534	1	1
51.215	535	1	1
51.331	536	2	1
51.331	537	3	1
51.446	538	1	1
51.561	539	1	1
51.677	540	1	1
51.792	541	4	1
51.792	542	3	1
51.907	543	3	1
52.023	544	2	1
52.138	545	2	1
52.254	546	3	1
52.369	547	3	1
52.484	548	2	1
52.600	549	2	1
52.715	550	4	1
52.715	551	3	1
52.831	552	3	1
52.946	553	1	1
53.061	554	1	1
53.177	555	3	1
53.292	556	3	1
53.407	557	1	1
53.523	558	1	1
53.638	559	3	1
53.638	560	4	1
53.754	561	4	1
53.869	562	2	1
53.984	563	2	1
54.100	564	4	1
54.215	565	4	1
54.331	566	2	1
54.446	567	2	1
54.561	568	4	1
54.561	569	3	1
54.677	570	4	1
54.792	571	3	1
54.907	572	3	1
55.023	573	1	1
55.023	574	4	1
55.138	575	4	1
55.254	576	3	1
55.254	577	2	1
55.369	578	3	1
55.484	579	4	1
55.484	580	1	1
55.600	581	4	1
55.715	582	2	1
55.831	583	2	1
55.946	584	4	1
56.061	585	4	1
56.177	586	2	1
56.292	587	2	1
56.407	588	4	1
56.407	589	3	1
56.523	590	3	1
56.638	591	2	1
56.754	592	2	1
56.869	593	3	1
56.984	594	3	1
57.100	595	2	1
57.215	596	2	1
57.331	597	4	1
57.331	598	3	1
57.446	599	3	1
57.561	600	1	1
57.677	601	1	1
57.792	602	2	1
57.907	603	2	1
58.023	604	4	1
58.138	605	4	1
58.138	606	1	1
58.254	607	3	1
58.254	608	2	1
58.369	609	1	1
58.484	610	1	1
58.600	611	1	1
58.715	612	3	1
58.715	613	2	1
58.831	614	1	1
58.946	615	1	1
59.061	616	1	1
59.177	617	3	1
59.177	618	4	1
59.292	619	3	1
59.407	620	2	1
59.523	621	2	1
59.638	622	4	1
59.638	623	3	1
59.754	624	3	1
59.869	625	2	1
59.984	626	2	1
60.100	627	4	1
60.100	628	3	1
60.215	629	3	1
60.331	630	1	1
60.446	631	1	1
60.561	632	4	1
60.561	633	3	1
60.677	634	3	1
60.792	635	1	1
60.907	636	1	1
61.023	637	4	1
61.023	638	3	1
61.138	639	4	1
61.254	640	2	1
61.369	641	2	1
61.484	642	3	1
61.484	643	4	1
61.600	644	4	1
61.715	645	2	1
61.831	646	2	1
61.946	647	4	1
61.946	648	3	1
62.061	649	4	1
62.177	650	3	1
62.292	651	3	1
62.407	652	4	1
62.407	653	1	1
62.523	654	4	1
62.638	655	2	1
62.638	656	3	1
62.754	657	3	1
62.869	658	4	1
62.869	659	1	1
62.984	660	4	1
63.100	661	2	1
63.215	662	2	1
63.331	663	4	1
63.331	664	1	1
63.446	665	4	1
63.561	666	2	1
63.677	667	2	1
63.792	668	3	1
63.792	669	4	1
63.907	670	3	1
64.023	671	2	1
64.138	672	2	1
64.254	673	3	1
64.254	674	4	1
64.369	675	3	1
64.484	676	2	1
64.600	677	2	1
64.715	678	3	1
64.715	679	4	1
64.831	680	3	1
64.946	681	1	1
65.061	682	1	1
65.177	683	4	1
65.177	684	2	1
65.292	685	2	1
65.407	686	4	1
65.523	687	4	1
65.638	688	2	1
65.638	689	3	1
65.754	690	1	1
65.869	691	1	1
65.984	692	1	1
66.100	693	2	1
66.100	694	3	1
66.215	695	1	1
66.331	696	1	1
66.446	697	1	1
66.561	698	3	1
66.561	699	4	1
66.677	700	3	1
66.792	701	2	1
66.907	702	2	1
67.023	703	4	1
67.023	704	3	1
67.138	705	3	1
67.254	706	2	1
67.369	707	2	1
67.484	708	4	1
67.484	709	3	1
67.600	710	3	1
67.715	711	1	1
67.831	712	1	1
67.946	713	4	1
67.946	714	3	1
68.061	715	3	1
68.177	716	1	1
68.292	717	1	1
68.407	718	3	1
68.407	719	4	1
68.523	720	4	1
68.638	721	2	1
68.754	722	2	1
68.869	723	3	1
68.869	724	4	1
68.984	725	4	1
69.100	726	2	1
69.215	727	2	1
69.331	728	4	1
69.331	729	3	1
69.446	730	4	1
69.561	731	3	1
69.677	732	3	1
69.792	733	4	1
69.792	734	1	1
69.907	735	4	1
70.023	736	3	1
70.023	737	2	1
70.138	738	3	1
70.254	739	4	1
70.254	740	1	1
70.369	741	4	1
70.484	742	2	1
70.600	743	2	1
70.715	744	4	1
70.715	745	1	1
70.831	746	4	1
70.946	747	2	1
71.061	748	2	1
71.177	749	1	1
71.177	750	4	1
71.292	751	4	1
71.407	752	3	1
71.523	753	3	1
71.638	754	4	1
71.638	755	1	1
71.754	756	4	1
71.869	757	3	1
71.984	758	3	1
72.100	759	4	1
72.100	760	2	1
72.215	761	2	1
72.331	762	1	1
72.446	763	1	1
72.561	764	2	1
72.561	765	3	1
72.677	766	3	1
72.792	767	4	1
72.907	768	4	1
73.023	769	3	1
73.023	770	2	1
73.138	771	1	1
73.254	772	1	1
73.369	773	1	1
73.484	774	3	1
73.484	775	2	1
73.600	776	1	1
73.715	777	1	1
73.831	778	1	1
73.946	779	3	1
73.946	780	2	1
74.023	781	4	1
74.100	782	2	1
74.177	783	1	1
74.254	784	4	1
74.331	785	1	1
74.407	786	2	1
74.484	787	4	1
74.561	788	2	1
74.638	789	1	1
74.715	790	4	1
74.792	791	1	1
74.869	792	3	1
74.869	793	2	1
74.946	794	4	1
75.023	795	2	1
75.100	796	1	1
75.177	797	4	1
75.254	798	1	1
75.331	799	2	1
75.407	800	4	1
75.484	801	2	1
75.561	802	1	1
75.638	803	4	1
75.715	804	1	1
75.792	805	2	1
75.792	806	4	1
75.869	807	3	1
75.946	808	2	1
76.023	809	1	1
76.100	810	3	1
76.177	811	1	1
76.254	812	2	1
76.331	813	3	1
76.407	814	2	1
76.484	815	4	2
76.715	816	4	3
76.715	817	3	1
76.715	818	1	2
77.638	819	1	3
76.946	820	2	1
77.177	821	3	1
77.407	822	4	1
77.638	823	2	1
77.638	824	3	1
77.715	825	4	1
77.792	826	3	1
77.869	827	2	1
77.946	828	4	1
78.023	829	2	1
78.100	830	3	1
78.177	831	4	1
78.254	832	3	1
78.331	833	1	2
78.561	834	1	3
78.561	835	2	2
79.484	836	2	3
78.561	837	4	1
78.792	838	3	1
79.023	839	1	1
79.254	840	4	1
79.484	841	3	1
79.484	842	1	1
79.561	843	4	1
79.638	844	3	1
79.715	845	1	1
79.792	846	4	1
79.869	847	1	1
79.946	848	3	1
80.023	849	4	1
80.100	850	3	1
80.177	851	1	2
80.407	852	1	3
80.407	853	2	1
80.407	854	4	2
81.331	855	4	3
80.638	856	3	1
80.869	857	2	1
81.100	858	1	1
81.100	859	3	1
81.331	860	2	1
81.331	861	3	1
81.407	862	4	1
81.484	863	2	1
81.561	864	3	1
81.561	865	1	1
81.638	866	4	1
81.715	867	1	1
81.792	868	3	1
81.792	869	2	1
81.869	870	4	1
81.946	871	2	1
82.023	872	3	1
82.023	873	1	1
82.100	874	4	1
82.177	875	1	1
82.254	876	3	1
82.254	877	2	1
82.331	878	4	1
82.407	879	2	1
82.484	880	1	1
82.484	881	3	1
82.561	882	4	1
82.638	883	1	1
82.715	884	2	1
82.715	885	3	1
82.792	886	4	1
82.869	887	2	1
82.946	888	3	1
82.946	889	1	1
83.023	890	4	1
83.100	891	1	1
83.177	892	4	1
83.177	893	2	1
83.254	894	3	1
83.331	895	2	1
83.407	896	4	1
83.407	897	1	1
83.484	898	3	1
83.561	899	1	1
83.638	900	4	1
83.638	901	2	1
83.715	902	3	1
83.792	903	2	1
83.869	904	4	2
84.100	905	4	3
83.869	906	1	1
84.100	907	3	1
84.100	908	1	2
85.023	909	1	3
84.331	910	4	1
84.331	911	2	1
84.561	912	2	1
84.561	913	3	1
84.792	914	3	1
84.792	915	4	1
85.023	916	2	1
85.023	917	3	1
85.100	918	4	1
85.177	919	3	1
85.254	920	2	1
85.254	921	1	1
85.331	922	4	1
85.407	923	2	1
85.484	924	1	1
85.484	925	3	1
85.561	926	4	1
85.638	927	3	1
85.715	928	1	2
85.946	929	1	3
85.715	930	2	1
85.946	931	2	2
86.869	932	2	3
85.946	933	4	1
86.177	934	4	1
86.177	935	3	1
86.407	936	1	1
86.407	937	3	1
86.638	938	1	1
86.638	939	4	1
86.869	940	1	1
86.869	941	3	1
86.946	942	4	1
87.023	943	3	1
87.100	944	1	1
87.100	945	2	1
87.177	946	4	1
87.254	947	1	1
87.331	948	3	1
87.331	949	2	1
87.407	950	4	1
87.484	951	3	1
87.561	952	1	2
87.792	953	1	3
87.561	954	2	1
87.792	955	4	2
88.715	956	4	3
87.792	957	2	1
88.023	958	3	1
88.023	959	1	1
88.254	960	2	1
88.254	961	3	1
88.484	962	3	1
88.484	963	1	1
88.715	964	1	1
88.715	965	3	1
88.831	966	3	1
88.946	967	2	1
89.061	968	2	1
89.177	969	3	1
89.177	970	4	1
89.292	971	3	1
89.407	972	2	1
89.523	973	2	1
89.638	974	3	1
89.754	975	3	1
89.869	976	1	1
89.984	977	1	1
90.100	978	3	1
90.100	979	4	1
90.215	980	3	1
90.331	981	1	1
90.446	982	1	1
90.561	983	4	1
90.561	984	3	1
90.677	985	4	1
90.792	986	2	1
90.907	987	2	1
91.023	988	4	1
91.023	989	3	1
91.138	990	4	1
91.254	991	2	1
91.369	992	2	1
91.484	993	4	1
91.600	994	4	1
91.715	995	3	1
91.831	996	3	1
91.946	997	4	1
91.946	998	1	1
92.061	999	4	1
92.177	1000	3	1
92.292	1001	3	1
92.407	1002	1	1
92.407	1003	4	1
92.523	1004	4	1
92.638	1005	2	1
92.754	1006	2	1
92.869	1007	1	1
92.869	1008	4	1
92.984	1009	4	1
93.100	1010	2	1
93.215	1011	2	1
93.331	1012	3	1
93.446	1013	3	1
93.561	1014	2	1
93.677	1015	2	1
93.792	1016	4	1
93.792	1017	3	1
93.907	1018	3	1
94.023	1019	2	1
94.138	1020	2	1
94.254	1021	3	1
94.254	1022	4	1
94.369	1023	3	1
94.484	1024	1	1
94.600	1025	1	1
94.715	1026	2	1
94.715	1027	4	1
94.831	1028	2	1
94.946	1029	4	1
95.061	1030	4	1
95.177	1031	2	1
95.177	1032	3	1
95.292	1033	1	1
95.407	1034	1	1
95.523	1035	1	1
95.638	1036	2	1
95.638	1037	3	1
95.754	1038	1	1
95.869	1039	1	1
95.984	1040	1	1
96.100	1041	3	1
96.100	1042	4	1
96.215	1043	3	1
96.331	1044	2	1
96.446	1045	2	1
96.561	1046	3	1
96.561	1047	4	1
96.677	1048	3	1
96.792	1049	2	1
96.907	1050	2	1
97.023	1051	3	1
97.138	1052	3	1
97.254	1053	1	1
97.369	1054	1	1
97.484	1055	3	1
97.484	1056	4	1
97.600	1057	3	1
97.715	1058	1	1
97.831	1059	1	1
97.946	1060	4	1
97.946	1061	3	1
98.061	1062	4	1
98.177	1063	2	1
98.292	1064	2	1
98.407	1065	3	1
98.407	1066	4	1
98.523	1067	4	1
98.638	1068	2	1
98.754	1069	2	1
98.869	1070	4	1
98.984	1071	4	1
99.100	1072	3	1
99.215	1073	3	1
99.331	1074	1	1
99.331	1075	4	1
99.446	1076	4	1
99.561	1077	3	1
99.677	1078	3	1
99.792	1079	1	1
99.792	1080	4	1
99.907	1081	4	1
100.023	1082	2	1
100.138	1083	2	1
100.254	1084	4	1
100.254	1085	1	1
100.369	1086	4	1
100.484	1087	2	1
100.600	1088	2	1
100.715	1089	3	1
100.831	1090	3	1
100.946	1091	2	1
101.061	1092	2	1
101.177	1093	3	1
101.177	1094	4	1
101.292	1095	3	1
101.407	1096	2	1
101.523	1097	2	1
101.638	1098	4	1
101.638	1099	3	1
101.754	1100	3	1
101.869	1101	1	1
101.984	1102	1	1
102.100	1103	4	1
102.100	1104	2	1
102.215	1105	2	1
102.331	1106	4	1
102.446	1107	4	1
102.561	1108	2	1
102.561	1109	3	1
102.677	1110	1	1
102.792	1111	1	1
102.907	1112	1	1
103.023	1113	2	1
103.023	1114	3	1
103.138	1115	1	1
103.254	1116	1	1
103.369	1117	1	1
103.484	1118	4	2
103.600	1119	4	3
103.484	1120	2	1
103.715	1121	4	2
103.831	1122	4	3
103.946	1123	2	2
104.061	1124	2	3
104.177	1125	4	2
104.292	1126	4	3
104.407	1127	4	2
104.523	1128	4	3
104.638	1129	2	2
104.754	1130	2	3
104.869	1131	4	2
104.984	1132	4	3
105.100	1133	2	2
105.215	1134	2	3
105.331	1135	4	2
105.446	1136	4	3
105.561	1137	4	2
105.677	1138	4	3
105.792	1139	2	2
105.907	1140	2	3
105.792	1141	3	1
106.023	1142	4	2
106.138	1143	4	3
106.254	1144	4	2
106.369	1145	4	3
106.484	1146	2	2
106.600	1147	2	3
106.715	1148	4	2
106.831	1149	4	3
106.715	1150	1	1
106.946	1151	2	2
107.061	1152	2	3
107.177	1153	2	1
107.177	1154	3	2
107.292	1155	3	3
107.407	1156	3	2
107.523	1157	3	3
107.638	1158	2	2
107.754	1159	2	3
107.638	1160	4	1
107.869	1161	3	2
107.984	1162	3	3
108.100	1163	3	2
108.215	1164	3	3
108.100	1165	1	1
108.331	1166	2	2
108.446	1167	2	3
108.561	1168	4	1
108.561	1169	3	2
108.677	1170	3	3
108.792	1171	2	2
108.907	1172	2	3
109.023	1173	1	1
109.023	1174	3	2
109.138	1175	3	3
109.254	1176	3	2
109.369	1177	3	3
109.484	1178	4	1
109.484	1179	2	2
109.600	1180	2	3
109.715	1181	3	2
109.831	1182	3	3
109.946	1183	3	2
110.061	1184	3	3
110.177	1185	2	2
110.292	1186	2	3
110.407	1187	4	1
110.407	1188	3	2
110.523	1189	3	3
110.638	1190	2	2
110.754	1191	2	3
110.638	1192	1	1
110.869	1193	3	2
110.984	1194	3	3
110.869	1195	1	1
111.100	1196	3	2
111.215	1197	3	3
111.331	1198	1	2
111.446	1199	1	3
111.561	1200	3	2
111.677	1201	3	3
111.792	1202	3	2
111.907	1203	3	3
112.023	1204	1	2
112.138	1205	1	3
112.254	1206	3	2
112.369	1207	3	3
112.484	1208	1	2
112.600	1209	1	3
112.715	1210	3	2
112.831	1211	3	3
112.946	1212	3	2
113.061	1213	3	3
113.177	1214	1	2
113.292	1215	1	3
113.177	1216	2	1
113.407	1217	3	2
113.523	1218	3	3
113.638	1219	3	2
113.754	1220	3	3
113.638	1221	4	1
113.869	1222	1	2
113.984	1223	1	3
114.100	1224	2	1
114.100	1225	3	2
114.215	1226	3	3
114.331	1227	4	1
114.331	1228	1	2
114.446	1229	1	3
114.561	1230	2	1
114.561	1231	3	2
114.677	1232	3	3
114.792	1233	3	2
114.907	1234	3	3
115.023	1235	2	2
115.138	1236	2	3
115.254	1237	3	2
115.369	1238	3	3
115.484	1239	3	2
115.600	1240	3	3
115.715	1241	2	2
115.831	1242	2	3
115.946	1243	3	2
116.061	1244	3	3
116.177	1245	3	2
116.292	1246	3	3
116.407	1247	3	1
116.407	1248	4	2
116.523	1249	4	3
116.638	1250	4	2
116.754	1251	4	3
116.869	1252	1	2
116.984	1253	1	3
117.100	1254	3	2
117.215	1255	3	3
117.331	1256	3	2
117.446	1257	3	3
117.561	1258	1	2
117.677	1259	1	3
117.792	1260	2	2
117.907	1261	2	3
118.023	1262	1	2
118.138	1263	1	3
118.254	1264	2	1
118.254	1265	4	2
118.369	1266	4	3
118.484	1267	4	2
118.600	1268	4	3
118.715	1269	2	2
118.831	1270	2	3
118.946	1271	4	2
119.061	1272	4	3
119.177	1273	4	2
119.292	1274	4	3
119.407	1275	2	2
119.523	1276	2	3
119.638	1277	4	2
119.754	1278	4	3
119.869	1279	2	2
119.984	1280	2	3
120.100	1281	4	2
120.215	1282	4	3
120.331	1283	4	2
120.446	1284	4	3
120.561	1285	2	2
120.677	1286	2	3
120.561	1287	3	1
120.792	1288	4	2
120.907	1289	4	3
121.023	1290	4	2
121.138	1291	4	3
121.254	1292	2	2
121.369	1293	2	3
121.484	1294	4	2
121.600	1295	4	3
121.484	1296	1	1
121.715	1297	2	2
121.831	1298	2	3
121.946	1299	3	2
122.061	1300	3	3
121.946	1301	2	1
122.177	1302	3	2
122.292	1303	3	3
122.407	1304	4	1
122.407	1305	2	2
122.523	1306	2	3
122.638	1307	3	2
122.754	1308	3	3
122.869	1309	3	2
122.984	1310	3	3
122.869	1311	1	1
123.100	1312	2	2
123.215	1313	2	3
123.331	1314	3	2
123.446	1315	3	3
123.331	1316	4	1
123.561	1317	2	2
123.677	1318	2	3
123.792	1319	1	1
123.792	1320	3	2
123.907	1321	3	3
124.023	1322	3	2
124.138	1323	3	3
124.254	1324	2	2
124.369	1325	2	3
124.254	1326	4	1
124.484	1327	3	2
124.600	1328	3	3
124.715	1329	3	2
124.831	1330	3	3
124.715	1331	1	1
124.946	1332	2	2
125.061	1333	2	3
125.177	1334	3	2
125.292	1335	3	3
125.177	1336	4	1
125.407	1337	1	1
125.407	1338	2	2
125.523	1339	2	3
125.638	1340	3	2
125.754	1341	3	3
125.638	1342	1	1
125.869	1343	3	2
125.984	1344	3	3
126.100	1345	1	2
126.215	1346	1	3
126.331	1347	3	2
126.446	1348	3	3
126.561	1349	3	2
126.677	1350	3	3
126.792	1351	1	2
126.907	1352	1	3
127.023	1353	3	2
127.138	1354	3	3
127.254	1355	1	2
127.369	1356	1	3
127.484	1357	3	2
127.600	1358	3	3
127.715	1359	3	2
127.831	1360	3	3
127.946	1361	2	1
127.946	1362	1	2
128.061	1363	1	3
128.177	1364	3	2
128.292	1365	3	3
128.407	1366	3	2
128.523	1367	3	3
128.407	1368	4	1
128.638	1369	1	2
128.754	1370	1	3
128.869	1371	3	2
128.984	1372	3	3
128.869	1373	2	1
129.100	1374	1	2
129.215	1375	1	3
129.100	1376	4	1
129.331	1377	3	2
129.446	1378	3	3
129.331	1379	2	1
129.561	1380	3	2
129.677	1381	3	3
129.792	1382	2	2
129.907	1383	2	3
130.023	1384	3	2
130.138	1385	3	3
130.254	1386	3	2
130.369	1387	3	3
130.484	1388	2	2
130.600	1389	2	3
130.715	1390	3	2
130.831	1391	3	3
130.946	1392	3	2
131.061	1393	3	3
131.177	1394	3	1
131.177	1395	4	2
131.292	1396	4	3
131.407	1397	4	2
131.523	1398	4	3
131.638	1399	1	2
131.754	1400	1	3
131.869	1401	3	2
131.984	1402	3	3
132.100	1403	3	2
132.215	1404	3	3
132.331	1405	1	2
132.446	1406	1	3
132.561	1407	2	2
132.677	1408	2	3
132.792	1409	4	2
132.907	1410	4	3
133.023	1411	1	1
133.023	1412	2	1
133.138	1413	1	1
133.138	1414	2	1
133.254	1415	1	1
133.254	1416	2	1
133.369	1417	2	1
133.369	1418	1	1
133.484	1419	1	2
133.946	1420	1	3
133.484	1421	2	2
133.946	1422	2	3
133.946	1423	3	1
133.946	1424	4	1
134.061	1425	2	1
134.177	1426	3	1
134.292	1427	3	1
134.407	1428	4	1
134.523	1429	2	1
134.638	1430	3	1
134.754	1431	3	1
134.869	1432	1	1
134.869	1433	2	1
134.984	1434	2	1
134.984	1435	1	1
135.100	1436	2	1
135.100	1437	1	1
135.215	1438	2	1
135.215	1439	1	1
135.331	1440	2	2
135.792	1441	2	3
135.331	1442	1	2
135.792	1443	1	3
135.792	1444	3	1
135.792	1445	4	1
135.907	1446	4	1
136.023	1447	2	1
136.138	1448	1	1
136.254	1449	4	1
136.369	1450	2	1
136.484	1451	3	1
136.600	1452	3	1
136.715	1453	2	1
136.715	1454	1	1
136.831	1455	1	1
136.831	1456	2	1
136.946	1457	1	1
136.946	1458	2	1
137.061	1459	2	1
137.061	1460	1	1
137.177	1461	1	2
137.638	1462	1	3
137.177	1463	2	2
137.638	1464	2	3
137.638	1465	4	1
137.638	1466	3	1
137.754	1467	2	1
137.869	1468	3	1
137.984	1469	3	1
138.100	1470	4	1
138.215	1471	2	1
138.331	1472	3	1
138.446	1473	3	1
138.561	1474	1	1
138.561	1475	2	1
138.677	1476	1	1
138.677	1477	2	1
138.792	1478	2	1
138.792	1479	1	1
138.907	1480	2	1
138.907	1481	1	1
139.023	1482	2	2
139.484	1483	2	3
139.023	1484	1	2
139.484	1485	1	3
139.484	1486	3	1
139.484	1487	4	1
139.600	1488	4	1
139.715	1489	2	1
139.831	1490	1	1
139.946	1491	4	1
139.946	1492	3	1
140.061	1493	2	1
140.177	1494	1	1
140.177	1495	3	1
140.292	1496	3	1
140.407	1497	2	1
140.407	1498	1	1
140.523	1499	2	1
140.523	1500	1	1
140.638	1501	1	1
140.638	1502	2	1
140.754	1503	2	1
140.754	1504	1	1
140.869	1505	2	2
141.331	1506	2	3
140.869	1507	1	2
141.331	1508	1	3
141.331	1509	3	1
141.331	1510	4	1
141.446	1511	2	1
141.561	1512	3	1
141.677	1513	3	1
141.792	1514	4	1
141.907	1515	2	1
142.023	1516	3	1
142.138	1517	3	1
142.254	1518	1	1
142.254	1519	2	1
142.369	1520	1	1
142.369	1521	2	1
142.484	1522	2	1
142.484	1523	1	1
142.600	1524	2	1
142.600	1525	1	1
142.715	1526	1	2
143.177	1527	1	3
142.715	1528	2	2
143.177	1529	2	3
143.177	1530	3	1
143.177	1531	4	1
143.292	1532	4	1
143.407	1533	2	1
143.523	1534	1	1
143.638	1535	4	1
143.754	1536	2	1
143.869	1537	3	1
143.984	1538	3	1
144.100	1539	2	1
144.100	1540	1	1
144.215	1541	1	1
144.215	1542	2	1
144.331	1543	2	1
144.331	1544	1	1
144.446	1545	2	1
144.446	1546	1	1
144.561	1547	2	2
145.023	1548	2	3
144.561	1549	1	2
145.023	1550	1	3
145.023	1551	3	1
145.023	1552	4	1
145.138	1553	2	1
145.254	1554	3	1
145.369	1555	3	1
145.484	1556	4	1
145.600	1557	2	1
145.715	1558	3	1
145.831	1559	3	1
145.946	1560	4	1
146.061	1561	2	1
146.177	1562	3	1
146.292	1563	3	1
146.407	1564	4	1
146.523	1565	2	1
146.638	1566	3	1
146.754	1567	3	1
146.869	1568	1	1
146.869	1569	4	1
146.984	1570	2	1
147.100	1571	3	1
147.215	1572	1	1
147.331	1573	2	1
147.331	1574	4	1
147.446	1575	3	1
147.561	1576	2	1
147.677	1577	4	1
147.792	1578	1	1
147.792	1579	3	1
147.907	1580	2	1
148.023	1581	3	1
148.138	1582	2	1
148.254	1583	4	1
148.254	1584	1	1
148.369	1585	3	1
148.484	1586	2	1
148.600	1587	1	1
148.715	1588	4	1
148.831	1589	3	1
148.946	1590	4	1
149.061	1591	2	1
149.177	1592	3	1
149.177	1593	1	1
149.292	1594	2	1
149.407	1595	4	1
149.523	1596	1	1
149.638	1597	2	1
149.638	1598	4	1
149.754	1599	3	1
149.869	1600	4	1
149.984	1601	3	1
150.100	1602	4	1
150.100	1603	1	1
150.215	1604	2	1
150.331	1605	3	1
150.446	1606	4	1
150.561	1607	3	1
150.677	1608	2	1
150.792	1609	1	1
150.907	1610	3	1
151.023	1611	4	1
151.023	1612	1	1
151.138	1613	2	1
151.254	1614	4	1
151.369	1615	1	1
151.484	1616	2	1
151.484	1617	4	1
151.600	1618	3	1
151.715	1619	2	1
151.831	1620	1	1
151.946	1621	3	1
151.946	1622	4	1
152.061	1623	2	1
152.177	1624	1	1
152.292	1625	2	1
152.407	1626	4	1
152.523	1627	3	1
152.638	1628	1	1
152.754	1629	3	1
152.869	1630	1	1
152.869	1631	4	1
152.984	1632	2	1
153.100	1633	1	1
153.215	1634	2	1
153.331	1635	4	1
153.331	1636	1	1
153.446	1637	3	1
153.561	1638	1	1
153.677	1639	4	1
153.792	1640	3	1
153.792	1641	1	1
153.907	1642	2	1
154.023	1643	4	1
154.138	1644	1	1
154.254	1645	4	1
154.254	1646	3	1
154.369	1647	2	1
154.484	1648	1	1
154.600	1649	2	1
154.600	1650	4	1
154.715	1651	3	1
154.831	1652	1	1
154.831	1653	4	1
154.946	1654	2	1
155.061	1655	4	1
155.177	1656	1	1
155.177	1657	3	1
155.292	1658	2	1
155.407	1659	3	1
155.523	1660	2	1
155.638	1661	4	1
155.638	1662	1	1
155.754	1663	3	1
155.869	1664	2	1
155.984	1665	1	1
156.100	1666	4	1
156.215	1667	3	1
156.331	1668	4	1
156.446	1669	2	1
156.561	1670	3	1
156.561	1671	1	1
156.677	1672	2	1
156.792	1673	4	1
156.907	1674	1	1
157.023	1675	2	1
157.023	1676	4	1
157.138	1677	3	1
157.254	1678	4	1
157.369	1679	3	1
157.484	1680	1	1
157.484	1681	4	1
157.600	1682	2	1
157.715	1683	3	1
157.831	1684	4	1
157.946	1685	3	1
158.061	1686	2	1
158.177	1687	1	1
158.292	1688	3	1
158.407	1689	4	1
158.407	1690	1	1
158.523	1691	2	1
158.638	1692	4	1
158.754	1693	1	1
158.869	1694	4	1
158.869	1695	2	1
158.984	1696	3	1
159.100	1697	2	1
159.215	1698	1	1
159.331	1699	4	1
159.331	1700	3	1
159.446	1701	2	1
159.561	1702	1	1
159.677	1703	2	1
159.792	1704	4	1
159.907	1705	3	1
160.023	1706	1	1
160.138	1707	3	1
160.254	1708	1	1
160.254	1709	4	1
160.369	1710	2	1
160.484	1711	1	1
160.600	1712	2	1
160.715	1713	1	1
160.715	1714	4	1
160.831	1715	3	1
160.946	1716	1	1
161.061	1717	4	1
161.177	1718	1	1
161.177	1719	3	1
161.292	1720	2	1
161.407	1721	4	1
161.523	1722	3	1
161.523	1723	1	1
161.638	1724	4	1
161.754	1725	2	1
161.869	1726	1	1
161.869	1727	4	1
161.984	1728	2	1
162.100	1729	3	1
162.215	1730	1	1
162.331	1731	2	1
162.446	1732	3	1
162.561	1733	1	1
162.561	1734	2	1
162.677	1735	1	1
162.677	1736	2	1
162.792	1737	2	1
162.792	1738	1	1
162.907	1739	1	1
162.907	1740	2	1
163.023	1741	1	2
163.484	1742	1	3
163.023	1743	2	2
163.484	1744	2	3
163.484	1745	3	1
163.484	1746	4	1
163.600	1747	2	1
163.715	1748	3	1
163.831	1749	3	1
163.946	1750	1	1
163.946	1751	4	1
164.061	1752	2	1
164.177	1753	3	1
164.292	1754	3	1
164.407	1755	1	1
164.407	1756	2	1
164.523	1757	1	1
164.523	1758	2	1
164.638	1759	2	1
164.638	1760	1	1
164.754	1761	2	1
164.754	1762	1	1
164.869	1763	2	2
165.331	1764	2	3
164.869	1765	1	2
165.331	1766	1	3
165.331	1767	3	1
165.331	1768	4	1
165.446	1769	4	1
165.561	1770	2	1
165.677	1771	1	1
165.792	1772	3	1
165.792	1773	4	1
165.907	1774	2	1
166.023	1775	3	1
166.138	1776	3	1
166.254	1777	2	1
166.254	1778	1	1
166.369	1779	1	1
166.369	1780	2	1
166.484	1781	2	1
166.484	1782	1	1
166.600	1783	2	1
166.600	1784	1	1
166.715	1785	1	2
167.177	1786	1	3
166.715	1787	2	2
167.177	1788	2	3
167.177	1789	3	1
167.177	1790	4	1
167.292	1791	2	1
167.407	1792	3	1
167.523	1793	3	1
167.638	1794	1	1
167.638	1795	4	1
167.754	1796	2	1
167.869	1797	3	1
167.984	1798	3	1
168.100	1799	2	1
168.100	1800	1	1
168.215	1801	1	1
168.215	1802	2	1
168.331	1803	2	1
168.331	1804	1	1
168.446	1805	1	1
168.446	1806	2	1
168.561	1807	1	2
169.023	1808	1	3
168.561	1809	2	2
169.023	1810	2	3
169.023	1811	4	1
169.023	1812	3	1
169.138	1813	4	1
169.254	1814	2	1
169.369	1815	1	1
169.369	1816	3	1
169.484	1817	4	1
169.600	1818	2	1
169.715	1819	4	1
169.715	1820	1	1
169.831	1821	4	1
169.946	1822	3	2
170.177	1823	3	3
170.177	1824	4	1
170.254	1825	4	1
170.331	1826	4	1
170.407	1827	2	2
170.638	1828	2	3
170.638	1829	4	1
170.715	1830	4	1
170.792	1831	4	1
170.869	1832	1	2
171.100	1833	1	3
170.869	1834	3	1
171.100	1835	4	1
171.177	1836	4	1
171.254	1837	4	1
171.331	1838	1	2
172.023	1839	1	3
171.561	1840	3	2
172.023	1841	3	3
171.792	1842	4	2
172.254	1843	4	3
172.023	1844	2	2
172.484	1845	2	3
172.254	1846	1	2
172.484	1847	1	3
172.484	1848	4	2
172.715	1849	4	3
172.715	1850	2	1
172.715	1851	3	1
172.792	1852	1	2
173.638	1853	1	3
173.177	1854	3	1
173.254	1855	2	2
173.638	1856	2	3
173.638	1857	3	2
173.869	1858	3	3
173.869	1859	4	1
173.946	1860	4	1
174.023	1861	4	1
174.100	1862	2	2
174.331	1863	2	3
174.331	1864	4	1
174.407	1865	4	1
174.484	1866	4	1
174.561	1867	1	2
175.484	1868	1	3
174.561	1869	3	1
174.792	1870	4	1
175.023	1871	2	1
175.254	1872	4	1
175.484	1873	3	2
175.715	1874	3	3
175.715	1875	4	1
175.792	1876	4	1
175.869	1877	4	1
175.946	1878	2	2
176.177	1879	2	3
176.177	1880	4	1
176.254	1881	4	1
176.331	1882	4	1
176.407	1883	3	1
176.407	1884	1	2
176.638	1885	1	3
176.638	1886	4	1
176.715	1887	4	1
176.792	1888	4	1
176.869	1889	1	1
176.946	1890	1	1
177.023	1891	1	1
177.100	1892	4	1
177.177	1893	4	1
177.254	1894	4	1
177.331	1895	3	2
177.561	1896	3	3
177.561	1897	4	1
177.638	1898	4	1
177.715	1899	4	1
177.792	1900	2	2
178.023	1901	2	3
178.023	1902	4	1
178.100	1903	4	1
178.177	1904	4	1
178.254	1905	1	2
178.484	1906	1	3
178.254	1907	3	1
178.484	1908	4	1
178.561	1909	4	1
178.638	1910	4	1
178.715	1911	1	2
179.407	1912	1	3
178.946	1913	3	2
179.407	1914	3	3
179.177	1915	4	2
179.638	1916	4	3
179.407	1917	2	2
179.869	1918	2	3
179.638	1919	1	2
179.869	1920	1	3
179.869	1921	4	2
180.100	1922	4	3
180.100	1923	3	1
180.100	1924	2	1
180.177	1925	1	2
181.023	1926	1	3
180.561	1927	3	1
180.638	1928	2	2
181.023	1929	2	3
181.023	1930	3	2
181.254	1931	3	3
181.254	1932	4	1
181.331	1933	4	1
181.407	1934	4	1
181.484	1935	2	2
181.715	1936	2	3
181.715	1937	4	1
181.792	1938	4	1
181.869	1939	4	1
181.946	1940	1	2
182.869	1941	1	3
181.946	1942	3	1
182.177	1943	4	1
182.407	1944	2	1
182.638	1945	4	1
182.869	1946	3	2
183.100	1947	3	3
183.100	1948	4	1
183.177	1949	4	1
183.254	1950	4	1
183.331	1951	2	2
183.561	1952	2	3
183.561	1953	4	1
183.638	1954	4	1
183.715	1955	4	1
183.792	1956	3	1
183.792	1957	1	2
184.023	1958	1	3
184.023	1959	4	1
184.100	1960	4	1
184.177	1961	4	1
184.254	1962	3	1
184.254	1963	1	1
184.331	1964	1	1
184.407	1965	1	1
184.484	1966	4	1
184.484	1967	2	1
184.561	1968	4	1
184.638	1969	4	1
184.715	1970	3	1
184.773	1971	2	1
184.946	1972	4	1
185.061	1973	4	1
185.177	1974	2	1
185.177	1975	3	1
185.234	1976	1	1
185.407	1977	4	1
185.523	1978	4	1
185.638	1979	2	1
185.696	1980	1	1
185.869	1981	4	1
185.984	1982	4	1
186.100	1983	1	1
186.100	1984	3	1
186.157	1985	2	1
186.331	1986	4	1
186.446	1987	4	1
186.561	1988	3	1
186.619	1989	2	1
186.792	1990	4	1
186.907	1991	4	1
187.023	1992	2	1
187.023	1993	3	1
187.081	1994	1	1
187.254	1995	4	1
187.369	1996	4	1
187.484	1997	2	1
187.542	1998	1	1
187.715	1999	1	1
187.773	2000	2	1
187.946	2001	4	1
187.946	2002	1	1
188.004	2003	3	1
188.177	2004	2	1
188.234	2005	3	1
188.407	2006	2	1
188.465	2007	3	1
188.638	2008	4	1
188.715	2009	4	1
188.792	2010	4	1
188.869	2011	3	1
188.869	2012	2	1
189.100	2013	1	1
189.157	2014	3	1
189.331	2015	2	1
189.388	2016	3	1
189.561	2017	4	1
189.677	2018	4	1
189.792	2019	3	1
189.792	2020	1	1
189.850	2021	2	1
190.023	2022	4	1
190.138	2023	4	1
190.254	2024	2	1
190.311	2025	3	1
190.484	2026	4	1
190.600	2027	4	1
190.715	2028	3	1
190.715	2029	2	1
190.773	2030	1	1
190.946	2031	4	1
191.061	2032	4	1
191.177	2033	2	1
191.177	2034	3	1
191.234	2035	1	1
191.407	2036	4	1
191.407	2037	3	1
191.523	2038	4	1
191.638	2039	2	1
191.696	2040	1	1
191.869	2041	4	1
191.984	2042	4	1
192.100	2043	3	1
192.157	2044	2	1
192.331	2045	4	1
192.446	2046	4	1
192.561	2047	2	1
192.561	2048	3	1
192.619	2049	1	1
192.792	2050	4	1
192.907	2051	4	1
193.023	2052	2	1
193.081	2053	1	1
193.254	2054	4	1
193.369	2055	4	1
193.484	2056	1	1
193.484	2057	3	1
193.542	2058	2	1
193.715	2059	4	1
193.831	2060	4	1
193.946	2061	3	1
194.004	2062	2	1
194.177	2063	4	1
194.292	2064	4	1
194.407	2065	2	1
194.407	2066	3	1
194.465	2067	1	1
194.638	2068	4	1
194.754	2069	4	1
194.869	2070	2	1
194.927	2071	1	1
195.100	2072	1	1
195.157	2073	2	1
195.331	2074	4	1
195.331	2075	1	1
195.388	2076	3	1
195.561	2077	2	1
195.619	2078	3	1
195.792	2079	2	1
195.850	2080	3	1
196.023	2081	4	1
196.100	2082	4	1
196.177	2083	4	1
196.254	2084	2	1
196.254	2085	3	1
196.484	2086	1	1
196.542	2087	3	1
196.715	2088	2	1
196.773	2089	3	1
196.946	2090	4	1
197.061	2091	4	1
197.177	2092	1	1
197.177	2093	3	1
197.234	2094	2	1
197.407	2095	4	1
197.523	2096	4	1
197.638	2097	2	1
197.696	2098	3	1
197.869	2099	4	1
197.984	2100	4	1
198.100	2101	2	1
198.100	2102	3	1
198.157	2103	1	1
198.331	2104	4	1
198.446	2105	4	1
198.561	2106	2	1
198.561	2107	3	1
198.619	2108	1	1
198.792	2109	4	1
198.792	2110	3	1
198.907	2111	4	1
199.023	2112	2	1
199.081	2113	1	1
199.254	2114	4	1
199.369	2115	4	1
199.484	2116	3	2
199.715	2117	3	3
199.484	2118	1	1
199.715	2119	4	2
199.946	2120	4	3
199.946	2121	2	2
200.177	2122	2	3
200.177	2123	4	2
200.407	2124	4	3
200.407	2125	1	2
200.638	2126	1	3
200.638	2127	4	2
200.869	2128	4	3
200.869	2129	1	2
201.100	2130	1	3
201.100	2131	3	2
201.331	2132	3	3
201.331	2133	1	2
201.561	2134	1	3
201.561	2135	2	2
201.792	2136	2	3
201.792	2137	3	2
202.023	2138	3	3
202.023	2139	4	2
202.254	2140	4	3
202.254	2141	1	2
202.484	2142	1	3
202.484	2143	4	2
202.715	2144	4	3
202.715	2145	3	2
202.946	2146	3	3
202.946	2147	2	2
203.177	2148	2	3
203.177	2149	1	1
203.177	2150	3	2
203.407	2151	3	3
203.407	2152	4	2
203.638	2153	4	3
203.638	2154	2	2
203.869	2155	2	3
203.869	2156	4	2
204.100	2157	4	3
204.100	2158	1	2
204.331	2159	1	3
204.331	2160	4	2
204.561	2161	4	3
204.561	2162	1	2
204.792	2163	1	3
204.792	2164	3	2
205.023	2165	3	3
205.023	2166	2	2
205.254	2167	2	3
205.254	2168	1	2
205.484	2169	1	3
205.484	2170	3	2
205.715	2171	3	3
205.715	2172	1	2
205.946	2173	1	3
205.946	2174	4	2
206.177	2175	4	3
206.177	2176	1	2
206.407	2177	1	3
206.407	2178	3	1
206.407	2179	4	2
206.638	2180	4	3
206.638	2181	1	1
206.638	2182	2	2
206.869	2183	2	3
206.869	2184	1	1
206.869	2185	3	2
207.100	2186	3	3
207.100	2187	4	2
207.331	2188	4	3
207.331	2189	2	2
207.561	2190	2	3
207.561	2191	4	2
207.792	2192	4	3
207.792	2193	3	1
207.792	2194	1	2
208.023	2195	1	3
208.023	2196	4	2
208.254	2197	4	3
208.254	2198	1	2
208.484	2199	1	3
208.484	2200	3	2
208.715	2201	3	3
208.715	2202	1	2
208.946	2203	1	3
208.946	2204	2	2
209.177	2205	2	3
209.177	2206	3	2
209.407	2207	3	3
209.407	2208	4	2
209.638	2209	4	3
209.638	2210	2	1
209.638	2211	1	2
209.869	2212	1	3
209.869	2213	4	2
210.100	2214	4	3
210.100	2215	3	2
210.331	2216	3	3
210.331	2217	2	2
210.561	2218	2	3
210.561	2219	1	1
210.561	2220	3	2
210.792	2221	3	3
210.792	2222	4	2
211.023	2223	4	3
211.023	2224	2	2
211.254	2225	2	3
211.254	2226	4	2
211.484	2227	4	3
211.484	2228	3	1
211.484	2229	1	2
211.715	2230	1	3
211.715	2231	4	2
211.946	2232	4	3
211.946	2233	1	2
212.177	2234	1	3
212.177	2235	3	2
212.407	2236	3	3
212.407	2237	2	2
212.638	2238	2	3
212.638	2239	1	2
212.869	2240	1	3
212.869	2241	3	2
213.100	2242	3	3
213.100	2243	1	2
213.331	2244	1	3
213.331	2245	2	1
213.331	2246	4	2
213.561	2247	4	3
213.561	2248	1	2
213.792	2249	1	3
213.792	2250	4	2
214.023	2251	4	3
214.023	2252	2	2
214.254	2253	2	3
214.254	2254	1	1
214.254	2255	4	1
214.715	2256	3	1
215.177	2257	2	1
215.638	2258	1	1
216.100	2259	4	1
216.561	2260	3	1
217.023	2261	2	1
217.484	2262	1	1
217.946	2263	3	1
218.407	2264	2	1
218.869	2265	1	1
219.331	2266	1	1
219.792	2267	3	1
220.254	2268	2	1
220.715	2269	1	1
221.177	2270	1	1
221.638	2271	4	1
222.100	2272	3	1
222.561	2273	2	1
223.023	2274	1	1
223.484	2275	4	1
223.946	2276	3	1
224.407	2277	2	1
224.869	2278	1	1
225.331	2279	3	1
225.792	2280	2	1
226.254	2281	1	1
226.715	2282	1	1
227.177	2283	3	1
227.638	2284	2	1
228.100	2285	1	1
228.561	2286	1	1
229.023	2287	4	1
229.254	2288	3	1
229.484	2289	2	1
229.715	2290	1	1
229.946	2291	4	1
230.177	2292	3	1
230.407	2293	2	1
230.638	2294	1	1
230.869	2295	4	1
231.100	2296	3	1
231.331	2297	2	1
231.561	2298	1	1
231.792	2299	3	1
232.023	2300	2	1
232.254	2301	4	1
232.484	2302	3	1
232.715	2303	4	1
232.946	2304	3	1
233.177	2305	2	1
233.407	2306	1	1
233.638	2307	4	1
233.869	2308	3	1
234.100	2309	2	1
234.331	2310	1	1
234.561	2311	4	1
234.792	2312	3	1
235.023	2313	2	1
235.254	2314	1	1
235.484	2315	3	1
235.715	2316	2	1
235.946	2317	4	1
236.177	2318	3	1
236.407	2319	4	1
236.638	2320	3	1
236.869	2321	2	1
237.100	2322	1	1
237.331	2323	4	1
237.561	2324	3	1
237.792	2325	2	1
238.023	2326	1	1
238.254	2327	4	1
238.484	2328	3	1
238.715	2329	2	1
238.946	2330	1	1
239.177	2331	3	1
239.407	2332	2	1
239.638	2333	4	1
239.869	2334	3	1
240.100	2335	4	2
241.946	2336	4	3
241.946	2337	2	2
242.869	2338	2	3
242.984	2339	2	1
243.215	2340	2	1
243.446	2341	2	1
243.561	2342	3	1
243.677	2343	2	1
243.792	2344	4	2
245.523	2345	4	3
243.792	2346	1	2
245.523	2347	1	3
243.792	2348	2	1
243.792	2349	3	1
244.023	2350	3	1
244.023	2351	2	1
244.138	2352	3	1
244.254	2353	3	1
244.254	2354	2	1
244.484	2355	3	1
244.484	2356	2	1
244.600	2357	2	1
244.715	2358	3	1
244.715	2359	2	1
244.946	2360	3	1
244.946	2361	2	1
245.061	2362	3	1
245.177	2363	2	1
245.177	2364	3	1
245.407	2365	2	1
245.407	2366	3	1
245.523	2367	2	1
245.638	2368	2	1
245.638	2369	3	1
245.869	2370	2	1
245.869	2371	3	1
245.984	2372	3	1
246.100	2373	2	1
246.100	2374	3	1
246.331	2375	2	1
246.331	2376	3	1
246.446	2377	2	1
246.561	2378	4	1
246.561	2379	3	1
246.792	2380	4	1
246.792	2381	3	1
246.907	2382	4	1
247.023	2383	1	1
247.023	2384	2	1
247.138	2385	3	1
247.254	2386	1	1
247.254	2387	2	1
247.369	2388	1	1
247.484	2389	2	1
247.484	2390	3	1
247.484	2391	4	2
249.215	2392	4	3
247.715	2393	3	1
247.715	2394	2	1
247.831	2395	3	1
247.946	2396	2	1
247.946	2397	3	1
248.177	2398	3	1
248.177	2399	2	1
248.292	2400	2	1
248.407	2401	3	1
248.407	2402	2	1
248.638	2403	3	1
248.638	2404	2	1
248.754	2405	3	1
248.869	2406	3	1
248.869	2407	2	1
249.100	2408	3	1
249.100	2409	2	1
249.215	2410	2	1
249.331	2411	2	1
249.331	2412	3	1
249.331	2413	1	2
251.061	2414	1	3
249.561	2415	3	1
249.561	2416	2	1
249.677	2417	3	1
249.792	2418	3	1
249.792	2419	2	1
250.023	2420	2	1
250.023	2421	3	1
250.138	2422	2	1
250.254	2423	3	1
250.254	2424	2	1
250.484	2425	2	1
250.484	2426	3	1
250.600	2427	3	1
250.715	2428	3	1
250.715	2429	2	1
250.831	2430	4	1
250.946	2431	2	1
250.946	2432	3	1
251.061	2433	2	1
251.177	2434	4	2
252.907	2435	4	3
251.177	2436	2	1
251.177	2437	3	1
251.177	2438	1	2
252.907	2439	1	3
251.407	2440	2	1
251.407	2441	3	1
251.523	2442	3	1
251.638	2443	2	1
251.638	2444	3	1
251.869	2445	3	1
251.869	2446	2	1
251.984	2447	2	1
252.100	2448	3	1
252.100	2449	2	1
252.331	2450	2	1
252.331	2451	3	1
252.446	2452	3	1
252.561	2453	3	1
252.561	2454	2	1
252.792	2455	3	1
252.792	2456	2	1
252.907	2457	2	1
253.023	2458	3	1
253.023	2459	2	1
253.254	2460	3	1
253.254	2461	2	1
253.369	2462	3	1
253.484	2463	3	1
253.484	2464	2	1
253.715	2465	3	1
253.715	2466	2	1
253.831	2467	2	1
253.946	2468	3	1
253.946	2469	4	1
254.177	2470	3	1
254.177	2471	4	1
254.292	2472	4	1
254.407	2473	1	1
254.407	2474	2	1
254.523	2475	3	1
254.638	2476	1	1
254.638	2477	2	1
254.754	2478	1	1
254.869	2479	3	1
254.869	2480	4	2
256.600	2481	4	3
254.869	2482	2	1
255.100	2483	3	1
255.100	2484	2	1
255.215	2485	3	1
255.331	2486	3	1
255.331	2487	2	1
255.561	2488	2	1
255.561	2489	3	1
255.677	2490	2	1
255.792	2491	3	1
255.792	2492	2	1
256.023	2493	2	1
256.023	2494	3	1
256.138	2495	3	1
256.254	2496	3	1
256.254	2497	2	1
256.484	2498	2	1
256.484	2499	3	1
256.600	2500	2	1
256.715	2501	3	1
256.715	2502	2	1
256.715	2503	1	2
258.446	2504	1	3
256.946	2505	2	1
256.946	2506	3	1
257.061	2507	3	1
257.177	2508	3	1
257.177	2509	2	1
257.407	2510	3	1
257.407	2511	2	1
257.523	2512	2	1
257.638	2513	2	1
257.638	2514	3	1
257.869	2515	3	1
257.869	2516	2	1
257.984	2517	3	1
258.100	2518	3	1
258.100	2519	2	1
258.215	2520	4	1
258.331	2521	2	1
258.331	2522	3	1
258.446	2523	2	1
258.561	2524	1	2
258.869	2525	1	3
258.561	2526	3	1
258.869	2527	4	1
259.023	2528	2	2
259.331	2529	2	3
259.023	2530	3	1
259.331	2531	4	1
259.484	2532	3	2
259.792	2533	3	3
259.792	2534	4	1
259.946	2535	2	1
259.946	2536	3	2
260.254	2537	3	3
260.254	2538	4	1
260.407	2539	1	2
260.561	2540	1	3
260.715	2541	1	1
260.869	2542	1	1
260.869	2543	3	1
261.023	2544	3	1
261.023	2545	1	1
261.177	2546	1	1
261.177	2547	3	1
261.331	2548	2	2
261.484	2549	2	3
261.331	2550	1	2
261.484	2551	1	3
261.331	2552	3	2
261.484	2553	3	3
261.638	2554	1	1
261.638	2555	3	1
261.792	2556	3	2
261.946	2557	3	3
261.792	2558	1	2
261.946	2559	1	3
261.792	2560	2	2
261.946	2561	2	3
262.100	2562	1	1
262.100	2563	3	1
262.254	2564	1	2
262.561	2565	1	3
262.254	2566	3	1
262.561	2567	4	1
262.715	2568	3	1
262.715	2569	2	2
263.023	2570	2	3
263.023	2571	4	1
263.177	2572	3	2
263.484	2573	3	3
263.484	2574	4	1
263.638	2575	3	2
263.946	2576	3	3
263.638	2577	2	1
263.946	2578	4	1
264.100	2579	1	1
264.100	2580	2	1
264.254	2581	2	1
264.254	2582	1	1
264.407	2583	1	1
264.407	2584	3	1
264.561	2585	4	2
264.715	2586	4	3
264.561	2587	1	2
264.715	2588	1	3
264.869	2589	2	1
264.869	2590	3	1
265.023	2591	2	2
265.177	2592	2	3
265.023	2593	1	2
265.177	2594	1	3
265.331	2595	3	1
265.331	2596	1	1
265.484	2597	4	2
265.638	2598	4	3
265.484	2599	1	2
265.638	2600	1	3
265.792	2601	1	1
265.792	2602	3	1
265.946	2603	2	1
265.946	2604	1	2
266.254	2605	1	3
266.254	2606	4	1
266.407	2607	3	1
266.407	2608	2	2
266.715	2609	2	3
266.715	2610	4	1
266.869	2611	3	2
267.177	2612	3	3
267.177	2613	4	1
267.331	2614	3	2
267.638	2615	3	3
267.638	2616	4	1
267.792	2617	1	2
267.946	2618	1	3
267.792	2619	2	1
268.100	2620	1	1
268.254	2621	3	1
268.254	2622	1	1
268.407	2623	3	1
268.407	2624	1	1
268.561	2625	3	1
268.561	2626	1	1
268.715	2627	3	2
268.869	2628	3	3
268.715	2629	1	2
268.869	2630	1	3
268.715	2631	2	2
268.869	2632	2	3
269.023	2633	1	1
269.023	2634	3	1
269.177	2635	3	2
269.331	2636	3	3
269.177	2637	2	2
269.331	2638	2	3
269.177	2639	1	2
269.331	2640	1	3
269.484	2641	1	1
269.484	2642	3	1
269.638	2643	3	1
269.638	2644	1	2
269.946	2645	1	3
269.946	2646	4	1
270.100	2647	2	2
270.407	2648	2	3
270.407	2649	4	1
270.561	2650	3	2
270.869	2651	3	3
270.561	2652	1	1
270.869	2653	4	1
271.023	2654	3	2
271.331	2655	3	3
271.331	2656	4	1
271.484	2657	2	1
271.484	2658	1	1
271.638	2659	2	1
271.638	2660	1	1
271.792	2661	3	1
271.792	2662	1	1
271.946	2663	1	2
272.100	2664	1	3
271.946	2665	4	2
272.100	2666	4	3
272.254	2667	3	1
272.254	2668	2	1
272.407	2669	1	2
272.561	2670	1	3
272.407	2671	2	2
272.561	2672	2	3
272.715	2673	1	1
272.715	2674	3	1
272.869	2675	4	2
273.023	2676	4	3
272.869	2677	1	2
273.023	2678	1	3
273.177	2679	3	1
273.177	2680	1	1
273.331	2681	1	1
273.331	2682	2	1
273.446	2683	3	1
273.446	2684	4	1
273.561	2685	2	1
273.561	2686	1	1
273.677	2687	3	1
273.677	2688	4	1
273.792	2689	1	2
274.138	2690	1	3
273.792	2691	4	1
273.792	2692	2	2
274.138	2693	2	3
274.254	2694	4	1
274.254	2695	2	1
274.369	2696	3	1
274.369	2697	1	1
274.484	2698	2	1
274.484	2699	4	1
274.600	2700	1	1
274.600	2701	3	1
274.715	2702	4	2
275.061	2703	4	3
274.715	2704	2	2
275.061	2705	2	3
274.715	2706	1	1
275.177	2707	2	1
275.177	2708	3	1
275.292	2709	4	1
275.292	2710	1	1
275.407	2711	2	1
275.407	2712	3	1
275.523	2713	4	1
275.523	2714	1	1
275.638	2715	3	2
275.869	2716	3	3
275.638	2717	2	2
276.100	2718	2	3
275.638	2719	1	1
275.869	2720	4	2
276.100	2721	4	3
276.100	2722	1	2
276.446	2723	1	3
276.446	2724	2	1
276.561	2725	3	1
276.561	2726	1	1
276.677	2727	2	1
276.792	2728	4	1
276.907	2729	3	1
277.023	2730	2	2
277.254	2731	2	3
277.023	2732	1	2
277.254	2733	1	3
277.254	2734	4	1
277.254	2735	3	1
277.369	2736	1	1
277.369	2737	2	1
277.484	2738	4	2
277.715	2739	4	3
277.484	2740	3	2
277.715	2741	3	3
277.484	2742	1	1
277.715	2743	2	2
277.946	2744	2	3
277.715	2745	1	2
277.946	2746	1	3
277.946	2747	4	2
278.177	2748	4	3
277.946	2749	3	2
278.177	2750	3	3
278.177	2751	1	1
278.177	2752	2	1
278.292	2753	3	1
278.292	2754	4	1
278.407	2755	1	2
278.638	2756	1	3
278.407	2757	4	1
278.407	2758	2	2
278.638	2759	2	3
278.638	2760	4	2
278.869	2761	4	3
278.638	2762	3	2
278.869	2763	3	3
278.869	2764	1	1
278.869	2765	2	1
278.984	2766	4	1
278.984	2767	3	1
279.100	2768	2	1
279.100	2769	1	1
279.215	2770	4	1
279.215	2771	3	1
279.331	2772	4	1
279.331	2773	1	2
279.561	2774	1	3
279.331	2775	2	2
279.561	2776	2	3
279.561	2777	3	2
279.792	2778	3	3
279.561	2779	4	2
279.792	2780	4	3
279.792	2781	1	1
279.792	2782	2	2
280.023	2783	2	3
279.907	2784	3	1
280.023	2785	1	2
280.254	2786	1	3
280.138	2787	2	1
280.254	2788	3	2
280.484	2789	3	3
280.254	2790	4	1
280.369	2791	2	1
280.484	2792	4	2
280.715	2793	4	3
280.600	2794	3	1
280.715	2795	2	1
280.715	2796	1	1
280.831	2797	4	1
280.831	2798	3	1
280.946	2799	1	1
280.946	2800	2	1
281.061	2801	4	1
281.061	2802	3	1
281.177	2803	4	1
281.177	2804	2	2
281.523	2805	2	3
281.177	2806	1	2
281.523	2807	1	3
281.638	2808	2	1
281.638	2809	4	1
281.754	2810	1	1
281.754	2811	3	1
281.869	2812	2	1
281.869	2813	4	1
281.984	2814	1	1
281.984	2815	3	1
282.100	2816	2	2
282.446	2817	2	3
282.100	2818	1	1
282.100	2819	4	2
282.446	2820	4	3
282.561	2821	2	1
282.561	2822	3	1
282.677	2823	1	1
282.677	2824	4	1
282.792	2825	2	1
282.792	2826	3	1
282.907	2827	1	1
282.907	2828	4	1
283.023	2829	2	2
283.484	2830	2	3
283.023	2831	3	2
283.254	2832	3	3
283.023	2833	1	1
283.254	2834	4	2
283.484	2835	4	3
283.484	2836	1	2
283.831	2837	1	3
283.831	2838	2	1
283.946	2839	3	1
283.946	2840	1	1
284.061	2841	2	1
284.177	2842	4	1
284.177	2843	1	1
284.292	2844	3	1
284.407	2845	2	2
284.638	2846	2	3
284.407	2847	1	2
284.638	2848	1	3
284.638	2849	4	1
284.638	2850	3	1
284.754	2851	1	1
284.754	2852	2	1
284.869	2853	3	2
285.100	2854	3	3
284.869	2855	4	2
285.100	2856	4	3
284.869	2857	1	1
285.100	2858	1	2
285.331	2859	1	3
285.100	2860	2	2
285.331	2861	2	3
285.331	2862	4	2
285.561	2863	4	3
285.331	2864	3	2
285.561	2865	3	3
285.561	2866	1	1
285.561	2867	2	1
285.677	2868	3	1
285.677	2869	4	1
285.792	2870	4	1
285.792	2871	1	2
286.023	2872	1	3
285.792	2873	2	2
286.023	2874	2	3
286.023	2875	4	2
286.254	2876	4	3
286.023	2877	3	2
286.254	2878	3	3
286.254	2879	2	1
286.254	2880	1	1
286.369	2881	4	1
286.369	2882	3	1
286.484	2883	1	1
286.484	2884	2	1
286.600	2885	3	1
286.600	2886	4	1
286.715	2887	2	2
286.946	2888	2	3
286.715	2889	1	2
286.946	2890	1	3
286.715	2891	4	1
286.946	2892	3	2
287.177	2893	3	3
286.946	2894	4	2
287.177	2895	4	3
287.177	2896	2	2
287.407	2897	2	3
287.177	2898	1	1
287.292	2899	3	1
287.407	2900	1	2
287.638	2901	1	3
287.523	2902	2	1
287.638	2903	3	2
287.869	2904	3	3
287.638	2905	4	1
287.754	2906	2	1
287.869	2907	4	2
288.100	2908	4	3
287.984	2909	1	1
288.100	2910	3	2
288.331	2911	3	3
288.100	2912	2	1
288.331	2913	4	1
288.446	2914	2	1
288.561	2915	3	1
288.561	2916	4	1
288.677	2917	2	1
288.792	2918	1	2
289.023	2919	1	3
289.023	2920	4	2
289.138	2921	4	3
289.023	2922	2	1
289.254	2923	4	1
289.369	2924	4	2
289.484	2925	4	3
289.484	2926	2	1
289.484	2927	3	1
289.600	2928	4	1
289.715	2929	4	2
289.831	2930	4	3
289.946	2931	3	2
290.177	2932	3	3
289.946	2933	2	1
290.177	2934	4	1
290.292	2935	3	1
290.407	2936	4	1
290.407	2937	2	1
290.523	2938	3	1
290.638	2939	1	2
290.869	2940	1	3
290.869	2941	2	1
290.869	2942	3	2
290.984	2943	3	3
291.100	2944	3	1
291.215	2945	3	2
291.331	2946	3	3
291.331	2947	1	1
291.331	2948	2	1
291.446	2949	3	1
291.561	2950	3	2
291.677	2951	3	3
291.561	2952	1	1
291.792	2953	2	1
291.792	2954	4	2
292.023	2955	4	3
292.023	2956	3	1
292.138	2957	4	1
292.254	2958	3	1
292.254	2959	1	1
292.369	2960	2	1
292.484	2961	1	2
292.715	2962	1	3
292.715	2963	4	2
292.946	2964	4	3
292.715	2965	2	1
292.946	2966	3	1
293.061	2967	4	1
293.177	2968	1	1
293.177	2969	3	1
293.292	2970	2	1
293.407	2971	1	2
293.638	2972	1	3
293.638	2973	2	1
293.638	2974	3	2
293.869	2975	3	3
293.869	2976	4	1
293.984	2977	2	1
294.100	2978	3	1
294.100	2979	4	1
294.215	2980	2	1
294.331	2981	1	2
294.561	2982	1	3
294.561	2983	2	1
294.561	2984	3	2
294.677	2985	3	3
294.792	2986	3	1
294.907	2987	3	2
295.023	2988	3	3
294.907	2989	2	1
295.138	2990	3	1
295.254	2991	2	1
295.254	2992	3	2
295.369	2993	3	3
295.484	2994	2	1
295.484	2995	1	2
295.715	2996	1	3
295.715	2997	4	1
295.831	2998	2	1
295.946	2999	3	1
295.946	3000	4	1
296.061	3001	2	1
296.177	3002	1	2
296.407	3003	1	3
296.407	3004	2	1
296.407	3005	4	2
296.523	3006	4	3
296.638	3007	4	1
296.754	3008	4	2
296.869	3009	4	3
296.869	3010	3	1
296.869	3011	2	1
296.984	3012	4	1
297.100	3013	4	2
297.215	3014	4	3
297.331	3015	2	1
297.331	3016	3	2
297.561	3017	3	3
297.561	3018	4	1
297.677	3019	3	1
297.792	3020	4	1
297.792	3021	2	1
297.907	3022	3	1
298.023	3023	1	2
298.254	3024	1	3
298.254	3025	2	1
298.254	3026	3	2
298.369	3027	3	3
298.484	3028	3	1
298.600	3029	3	2
298.715	3030	3	3
298.715	3031	1	1
298.715	3032	2	1
298.831	3033	3	1
298.946	3034	1	1
298.946	3035	3	2
299.061	3036	3	3
299.177	3037	4	2
299.407	3038	4	3
299.177	3039	2	1
299.407	3040	3	1
299.523	3041	4	1
299.638	3042	1	1
299.638	3043	3	1
299.754	3044	2	1
299.869	3045	1	2
300.100	3046	1	3
300.100	3047	4	2
300.331	3048	4	3
300.100	3049	2	1
300.331	3050	3	1
300.446	3051	4	1
300.561	3052	3	1
300.561	3053	1	1
300.677	3054	2	1
300.792	3055	1	2
301.023	3056	1	3
301.023	3057	3	2
301.254	3058	3	3
301.023	3059	2	1
301.254	3060	4	1
301.369	3061	2	1
301.484	3062	4	1
301.484	3063	3	1
301.600	3064	2	1
301.715	3065	1	2
301.946	3066	1	3
301.946	3067	2	1
301.946	3068	3	2
302.061	3069	3	3
302.177	3070	3	1
302.292	3071	2	1
302.292	3072	3	2
302.407	3073	3	3
302.523	3074	3	1
302.638	3075	3	2
302.754	3076	3	3
302.638	3077	2	1
302.869	3078	1	1
302.869	3079	4	1
302.927	3080	3	1
302.984	3081	2	1
303.100	3082	4	1
303.100	3083	1	1
303.157	3084	3	1
303.215	3085	2	1
303.331	3086	4	1
303.388	3087	3	1
303.446	3088	2	1
303.561	3089	4	1
303.561	3090	1	1
303.619	3091	3	1
303.677	3092	2	1
303.792	3093	1	2
304.023	3094	1	3
304.023	3095	4	1
304.023	3096	2	2
304.254	3097	2	3
304.254	3098	3	2
304.484	3099	3	3
304.484	3100	4	2
304.715	3101	4	3
304.484	3102	1	1
304.715	3103	3	1
304.773	3104	2	1
304.831	3105	1	1
304.946	3106	3	1
304.946	3107	4	1
305.004	3108	2	1
305.061	3109	1	1
305.177	3110	3	1
305.234	3111	2	1
305.292	3112	1	1
305.407	3113	3	1
305.407	3114	4	1
305.465	3115	2	1
305.523	3116	1	1
305.638	3117	4	2
305.869	3118	4	3
305.869	3119	3	2
306.100	3120	3	3
305.869	3121	1	1
306.100	3122	2	2
306.331	3123	2	3
306.331	3124	4	1
306.331	3125	1	2
306.561	3126	1	3
306.561	3127	4	1
306.619	3128	3	1
306.677	3129	2	1
306.792	3130	4	1
306.792	3131	1	1
306.850	3132	3	1
306.907	3133	2	1
307.023	3134	4	1
307.081	3135	3	1
307.138	3136	2	1
307.254	3137	4	1
307.254	3138	1	1
307.311	3139	3	1
307.369	3140	2	1
307.484	3141	1	2
307.715	3142	1	3
307.715	3143	2	2
307.946	3144	2	3
307.715	3145	4	1
307.946	3146	3	2
308.177	3147	3	3
308.177	3148	4	2
308.407	3149	4	3
308.177	3150	1	1
308.407	3151	3	1
308.465	3152	2	1
308.523	3153	1	1
308.638	3154	4	1
308.638	3155	3	1
308.696	3156	2	1
308.754	3157	1	1
308.869	3158	3	1
308.927	3159	2	1
308.984	3160	1	1
309.100	3161	3	1
309.100	3162	4	1
309.157	3163	2	1
309.215	3164	1	1
309.331	3165	4	1
309.388	3166	3	1
309.446	3167	1	1
309.561	3168	4	1
309.619	3169	3	1
309.677	3170	1	1
309.792	3171	4	1
309.850	3172	2	1
309.907	3173	1	1
310.023	3174	4	1
310.081	3175	2	1
310.138	3176	1	1
310.254	3177	4	1
310.311	3178	3	1
310.369	3179	2	1
310.484	3180	1	1
310.484	3181	4	1
310.542	3182	3	1
310.600	3183	2	1
310.715	3184	4	1
310.773	3185	3	1
310.831	3186	2	1
310.946	3187	1	1
310.946	3188	4	1
311.004	3189	3	1
311.061	3190	2	1
311.177	3191	1	2
311.407	3192	1	3
311.407	3193	4	1
311.407	3194	2	2
311.638	3195	2	3
311.638	3196	3	2
311.869	3197	3	3
311.869	3198	1	1
311.869	3199	4	2
312.100	3200	4	3
312.100	3201	3	1
312.157	3202	2	1
312.215	3203	1	1
312.331	3204	3	1
312.331	3205	4	1
312.388	3206	2	1
312.446	3207	1	1
312.561	3208	3	1
312.619	3209	2	1
312.677	3210	1	1
312.792	3211	3	1
312.792	3212	4	1
312.850	3213	2	1
312.907	3214	1	1
313.023	3215	4	2
313.254	3216	4	3
313.254	3217	1	1
313.254	3218	3	2
313.484	3219	3	3
313.484	3220	2	2
313.715	3221	2	3
313.715	3222	4	1
313.715	3223	1	2
313.946	3224	1	3
313.946	3225	4	1
314.004	3226	3	1
314.061	3227	2	1
314.177	3228	4	1
314.177	3229	1	1
314.234	3230	3	1
314.292	3231	2	1
314.407	3232	4	1
314.465	3233	3	1
314.523	3234	2	1
314.638	3235	4	1
314.638	3236	1	1
314.696	3237	3	1
314.754	3238	2	1
314.869	3239	1	2
315.100	3240	1	3
315.100	3241	4	1
315.100	3242	2	2
315.331	3243	2	3
315.331	3244	3	2
315.561	3245	3	3
315.561	3246	1	1
315.561	3247	4	2
315.792	3248	4	3
315.792	3249	3	1
315.850	3250	2	1
315.907	3251	1	1
316.023	3252	4	1
316.023	3253	3	1
316.081	3254	2	1
316.138	3255	1	1
316.254	3256	3	1
316.311	3257	2	1
316.369	3258	1	1
316.484	3259	4	1
316.484	3260	3	1
316.542	3261	2	1
316.600	3262	1	1
316.715	3263	4	1
316.773	3264	3	1
316.831	3265	1	1
316.946	3266	4	1
317.004	3267	3	1
317.061	3268	1	1
317.177	3269	4	1
317.234	3270	2	1
317.292	3271	1	1
317.407	3272	4	1
317.465	3273	2	1
317.523	3274	1	1
317.638	3275	4	2
317.869	3276	4	3
317.638	3277	3	1
317.869	3278	1	1
318.100	3279	3	2
318.331	3280	3	3
318.331	3281	1	1
318.561	3282	4	2
318.792	3283	4	3
318.561	3284	2	1
318.792	3285	1	1
319.023	3286	3	2
319.254	3287	3	3
319.254	3288	1	1
319.484	3289	4	2
319.715	3290	4	3
319.715	3291	1	1
319.946	3292	3	2
320.177	3293	3	3
320.177	3294	1	1
320.407	3295	2	1
320.407	3296	4	2
320.638	3297	4	3
320.638	3298	1	1
320.869	3299	2	2
321.100	3300	2	3
321.100	3301	3	2
321.331	3302	3	3
321.331	3303	2	1
321.331	3304	4	2
321.561	3305	4	3
321.561	3306	1	1
321.792	3307	3	2
322.023	3308	3	3
322.023	3309	1	1
322.254	3310	2	1
322.254	3311	4	2
322.484	3312	4	3
322.484	3313	1	1
322.715	3314	3	2
322.946	3315	3	3
322.946	3316	1	1
323.177	3317	4	2
323.407	3318	4	3
323.407	3319	1	1
323.638	3320	3	2
323.869	3321	3	3
323.869	3322	1	1
324.100	3323	2	1
324.100	3324	4	2
324.331	3325	4	3
324.331	3326	3	2
324.561	3327	3	3
324.561	3328	2	2
324.792	3329	2	3
324.792	3330	1	2
325.023	3331	1	3
325.023	3332	2	2
325.254	3333	2	3
325.023	3334	3	1
325.254	3335	4	1
325.484	3336	1	2
325.715	3337	1	3
325.715	3338	4	1
325.946	3339	3	1
325.946	3340	2	2
326.177	3341	2	3
326.177	3342	4	1
326.407	3343	1	2
326.638	3344	1	3
326.638	3345	4	1
326.869	3346	2	2
327.100	3347	2	3
327.100	3348	4	1
327.331	3349	1	2
327.561	3350	1	3
327.561	3351	4	1
327.792	3352	2	2
328.023	3353	2	3
327.792	3354	1	1
328.023	3355	3	2
328.254	3356	3	3
328.254	3357	1	2
328.484	3358	1	3
328.484	3359	2	2
328.715	3360	2	3
328.715	3361	4	2
328.946	3362	4	3
328.715	3363	3	1
328.946	3364	1	1
329.177	3365	3	2
329.407	3366	3	3
329.407	3367	1	1
329.638	3368	4	2
329.869	3369	4	3
329.638	3370	2	1
329.869	3371	1	1
330.100	3372	3	2
330.331	3373	3	3
330.331	3374	1	1
330.561	3375	4	2
330.792	3376	4	3
330.792	3377	1	1
331.023	3378	3	2
331.254	3379	3	3
331.254	3380	1	1
331.484	3381	4	2
331.715	3382	4	3
331.484	3383	2	1
331.715	3384	3	2
331.946	3385	3	3
331.946	3386	2	2
332.177	3387	2	3
332.177	3388	1	2
332.407	3389	1	3
332.407	3390	4	2
332.638	3391	4	3
332.407	3392	3	1
332.638	3393	1	1
332.869	3394	3	2
333.100	3395	3	3
333.100	3396	1	1
333.331	3397	2	1
333.331	3398	4	2
333.561	3399	4	3
333.561	3400	1	1
333.792	3401	3	2
334.023	3402	3	3
334.023	3403	1	1
334.254	3404	4	2
334.484	3405	4	3
334.484	3406	1	1
334.715	3407	3	2
334.946	3408	3	3
334.946	3409	1	1
335.177	3410	2	1
335.177	3411	4	2
335.407	3412	4	3
335.407	3413	1	1
335.638	3414	2	2
335.869	3415	2	3
335.869	3416	3	2
336.100	3417	3	3
336.100	3418	4	2
336.331	3419	4	3
336.100	3420	2	1
336.331	3421	1	1
336.561	3422	3	2
336.792	3423	3	3
336.792	3424	1	1
337.023	3425	4	2
337.254	3426	4	3
337.023	3427	2	1
337.254	3428	1	1
337.484	3429	3	2
337.715	3430	3	3
337.715	3431	1	1
337.946	3432	4	2
338.177	3433	4	3
338.177	3434	1	1
338.407	3435	3	2
338.638	3436	3	3
338.638	3437	1	1
338.869	3438	4	2
339.100	3439	4	3
338.869	3440	2	1
339.100	3441	3	2
339.331	3442	3	3
339.331	3443	2	2
339.561	3444	2	3
339.561	3445	1	2
339.792	3446	1	3
339.792	3447	2	2
340.023	3448	2	3
339.792	3449	3	1
340.023	3450	4	1
340.254	3451	1	2
340.484	3452	1	3
340.484	3453	4	1
340.715	3454	3	1
340.715	3455	2	2
340.946	3456	2	3
340.946	3457	4	1
341.177	3458	1	2
341.407	3459	1	3
341.407	3460	4	1
341.638	3461	2	2
341.869	3462	2	3
341.869	3463	4	1
342.100	3464	1	2
342.331	3465	1	3
342.331	3466	4	1
342.561	3467	2	2
342.792	3468	2	3
342.561	3469	1	1
342.792	3470	3	2
343.023	3471	3	3
343.023	3472	1	2
343.254	3473	1	3
343.254	3474	2	2
343.484	3475	2	3
343.484	3476	4	2
343.715	3477	4	3
343.484	3478	3	1
343.715	3479	1	1
343.946	3480	3	2
344.177	3481	3	3
344.177	3482	1	1
344.407	3483	4	2
344.638	3484	4	3
344.407	3485	2	1
344.638	3486	1	1
344.869	3487	3	2
345.100	3488	3	3
345.100	3489	1	1
345.331	3490	4	2
345.561	3491	4	3
345.561	3492	1	1
345.792	3493	3	2
346.023	3494	3	3
346.023	3495	1	1
346.254	3496	4	2
346.484	3497	4	3
346.254	3498	2	1
346.484	3499	3	2
346.715	3500	3	3
346.715	3501	2	2
346.946	3502	2	3
346.946	3503	3	2
347.177	3504	3	3
347.177	3505	4	2
347.407	3506	4	3
347.177	3507	1	2
347.638	3508	1	3
347.407	3509	3	2
348.100	3510	3	3
347.638	3511	2	2
347.869	3512	2	3
347.869	3513	1	2
348.561	3514	1	3
348.100	3515	4	2
348.331	3516	4	3
348.100	3517	2	1
348.331	3518	3	2
349.023	3519	3	3
348.561	3520	2	2
348.792	3521	2	3
348.792	3522	1	2
349.484	3523	1	3
349.023	3524	4	2
349.254	3525	4	3
349.254	3526	3	2
349.946	3527	3	3
349.484	3528	2	2
349.715	3529	2	3
349.715	3530	1	2
350.407	3531	1	3
349.946	3532	4	2
350.177	3533	4	3
349.946	3534	2	1
350.177	3535	3	2
350.869	3536	3	3
350.407	3537	2	2
350.638	3538	2	3
350.638	3539	1	2
350.869	3540	1	3
350.869	3541	2	2
351.331	3542	2	3
350.869	3543	4	2
351.100	3544	4	3
351.100	3545	3	2
351.792	3546	3	3
351.331	3547	1	2
351.561	3548	1	3
351.561	3549	2	2
352.254	3550	2	3
351.792	3551	4	2
352.023	3552	4	3
351.792	3553	1	1
352.023	3554	3	2
352.715	3555	3	3
352.254	3556	1	2
352.484	3557	1	3
352.484	3558	2	2
353.177	3559	2	3
352.715	3560	4	2
352.946	3561	4	3
352.946	3562	3	2
353.638	3563	3	3
353.177	3564	1	2
353.407	3565	1	3
353.407	3566	2	2
354.100	3567	2	3
353.638	3568	4	2
353.869	3569	4	3
353.638	3570	1	1
353.869	3571	3	2
354.561	3572	3	3
354.100	3573	1	2
354.331	3574	1	3
354.331	3575	2	2
354.561	3576	2	3
354.561	3577	1	2
354.792	3578	1	3
354.561	3579	4	2
355.023	3580	4	3
354.792	3581	2	2
355.484	3582	2	3
355.023	3583	3	2
355.254	3584	3	3
355.254	3585	4	2
355.946	3586	4	3
355.484	3587	1	2
355.715	3588	1	3
355.484	3589	3	1
355.715	3590	2	2
356.407	3591	2	3
355.946	3592	3	2
356.177	3593	3	3
356.177	3594	4	2
356.869	3595	4	3
356.407	3596	1	2
356.638	3597	1	3
356.638	3598	2	2
357.331	3599	2	3
356.869	3600	3	2
357.100	3601	3	3
357.100	3602	4	2
357.792	3603	4	3
357.331	3604	1	2
357.561	3605	1	3
357.331	3606	3	1
357.561	3607	2	2
358.254	3608	2	3
357.792	3609	3	2
358.023	3610	3	3
357.792	3611	1	1
358.023	3612	4	2
358.254	3613	4	3
358.023	3614	1	1
358.254	3615	1	2
358.484	3616	1	3
358.254	3617	3	2
358.715	3618	3	3
358.484	3619	2	2
359.177	3620	2	3
358.715	3621	4	2
358.946	3622	4	3
358.946	3623	3	2
359.638	3624	3	3
359.177	3625	1	2
359.407	3626	1	3
359.177	3627	4	1
359.407	3628	2	2
360.100	3629	2	3
359.638	3630	4	2
359.869	3631	4	3
359.869	3632	3	2
360.561	3633	3	3
360.100	3634	1	2
360.331	3635	1	3
360.331	3636	2	2
361.023	3637	2	3
360.561	3638	4	2
360.792	3639	4	3
360.792	3640	3	2
361.484	3641	3	3
361.023	3642	1	2
361.254	3643	1	3
361.023	3644	4	1
361.254	3645	2	2
361.946	3646	2	3
361.484	3647	4	2
361.715	3648	4	3
361.715	3649	3	2
361.946	3650	3	3
361.946	3651	1	2
362.407	3652	1	3
361.946	3653	4	2
362.177	3654	4	3
362.177	3655	3	2
362.869	3656	3	3
362.407	3657	2	2
362.638	3658	2	3
362.638	3659	1	2
363.331	3660	1	3
362.869	3661	4	2
363.100	3662	4	3
362.869	3663	2	1
363.100	3664	3	2
363.792	3665	3	3
363.331	3666	2	2
363.561	3667	2	3
363.561	3668	1	2
364.254	3669	1	3
363.792	3670	4	2
364.023	3671	4	3
364.023	3672	3	2
364.715	3673	3	3
364.254	3674	2	2
364.484	3675	2	3
364.484	3676	1	2
365.177	3677	1	3
364.715	3678	4	2
364.946	3679	4	3
364.715	3680	2	1
364.946	3681	3	2
365.638	3682	3	3
365.177	3683	2	2
365.407	3684	2	3
365.407	3685	1	2
365.638	3686	1	3
365.638	3687	4	2
365.869	3688	4	3
365.638	3689	2	2
366.100	3690	2	3
365.869	3691	3	2
366.561	3692	3	3
366.100	3693	1	2
366.331	3694	1	3
366.331	3695	2	2
367.023	3696	2	3
366.561	3697	4	2
366.792	3698	4	3
366.561	3699	1	1
366.792	3700	3	2
367.484	3701	3	3
367.023	3702	1	2
367.254	3703	1	3
367.254	3704	2	2
367.946	3705	2	3
367.484	3706	4	2
367.715	3707	4	3
367.715	3708	3	2
368.407	3709	3	3
367.946	3710	1	2
368.177	3711	1	3
368.177	3712	2	2
368.869	3713	2	3
368.407	3714	1	1
368.407	3715	4	2
368.638	3716	4	3
368.638	3717	3	2
369.331	3718	3	3
368.869	3719	1	2
369.100	3720	1	3
369.100	3721	2	2
369.331	3722	2	3
369.331	3723	4	2
369.792	3724	4	3
369.331	3725	1	2
369.561	3726	1	3
369.561	3727	2	2
370.254	3728	2	3
369.792	3729	3	2
370.023	3730	3	3
370.023	3731	4	2
370.715	3732	4	3
370.254	3733	1	2
370.484	3734	1	3
370.254	3735	3	1
370.484	3736	2	2
371.177	3737	2	3
370.715	3738	3	2
370.946	3739	3	3
370.946	3740	4	2
371.638	3741	4	3
371.177	3742	1	2
371.407	3743	1	3
371.407	3744	2	2
372.100	3745	2	3
371.638	3746	3	2
371.869	3747	3	3
371.869	3748	4	2
372.561	3749	4	3
372.100	3750	1	2
372.331	3751	1	3
372.100	3752	3	1
372.331	3753	2	2
373.023	3754	2	3
372.561	3755	3	2
372.792	3756	3	3
372.561	3757	1	1
372.792	3758	4	2
373.023	3759	4	3
372.792	3760	1	1
373.023	3761	1	2
373.254	3762	1	3
373.023	3763	3	2
373.484	3764	3	3
373.254	3765	2	2
373.946	3766	2	3
373.484	3767	4	2
373.715	3768	4	3
373.715	3769	3	2
374.407	3770	3	3
373.946	3771	1	2
374.177	3772	1	3
373.946	3773	4	1
374.177	3774	2	2
374.869	3775	2	3
374.407	3776	4	2
374.638	3777	4	3
374.638	3778	3	2
375.331	3779	3	3
374.869	3780	1	2
375.100	3781	1	3
375.100	3782	2	2
375.792	3783	2	3
375.331	3784	4	2
375.561	3785	4	3
375.561	3786	3	2
376.254	3787	3	3
375.792	3788	1	2
376.023	3789	1	3
375.792	3790	4	1
376.023	3791	2	2
376.715	3792	2	3
376.254	3793	4	2
376.484	3794	4	3
376.484	3795	3	2
376.715	3796	3	3
376.715	3797	4	1
376.715	3798	1	1