Song Name	SPEEDCORE BOMB by oatsig & got1butter (Original song by naruto2413)
Title	SPEEDCORE BOMB
Artist	oatsig & got1butter (Original song by naruto2413)
Description	A speedcore remix of naruto2413's classic track 'Artificial Intelligence Bomb'. Map by AmyKawashima.
Difficulty	21
Primary Color	Beat
Secondary Color	Flow
Cover Image ID	7723574548
Audio Asset ID	rbxassetid://9061167934
Audio File	9061167934.ogg
Last Note Time	195.213
Total Notes	1657
Fever Fill	549
Fever Time	29.281950
Long Notes	9
BPM	150
Song Length	196.213000000

Timing Points
3.213	400.000000
54.413	400.000000
80.013	400.000000


Song Data
1.613	1	4	2
3.213	2	4	3
3.213	3	1	1
3.513	4	3	1
3.813	5	4	1
4.013	6	3	1
4.213	7	2	1
4.413	8	3	1
4.613	9	2	1
4.813	10	1	1
5.113	11	3	1
5.413	12	4	1
5.613	13	3	1
5.813	14	2	1
6.013	15	1	1
6.213	16	2	1
6.413	17	1	1
6.713	18	3	1
7.013	19	4	1
7.213	20	3	1
7.413	21	2	1
7.613	22	3	1
7.813	23	2	1
8.013	24	1	1
8.213	25	2	1
8.413	26	3	1
8.613	27	2	1
8.813	28	3	1
9.013	29	2	1
9.213	30	1	1
9.413	31	4	1
9.613	32	1	1
9.913	33	3	1
10.213	34	4	1
10.413	35	3	1
10.613	36	2	1
10.813	37	3	1
11.013	38	2	1
11.213	39	1	1
11.513	40	3	1
11.813	41	4	1
12.013	42	3	1
12.213	43	2	1
12.413	44	1	1
12.613	45	2	1
12.813	46	1	1
13.113	47	3	1
13.413	48	4	1
13.613	49	3	1
13.813	50	2	1
14.013	51	3	1
14.213	52	2	1
14.413	53	1	1
14.613	54	2	1
14.813	55	3	1
15.013	56	2	1
15.213	57	3	1
15.413	58	2	1
15.613	59	1	1
15.813	60	4	1
16.013	61	1	1
16.313	62	3	1
16.613	63	4	1
16.813	64	3	1
17.013	65	2	1
17.213	66	3	1
17.413	67	2	1
17.613	68	1	1
17.913	69	3	1
18.213	70	4	1
18.413	71	3	1
18.613	72	2	1
18.813	73	1	1
19.013	74	2	1
19.213	75	1	1
19.513	76	3	1
19.813	77	4	1
20.013	78	3	1
20.213	79	2	1
20.413	80	3	1
20.613	81	2	1
20.813	82	1	1
21.013	83	2	1
21.213	84	3	1
21.413	85	2	1
21.613	86	3	1
21.813	87	2	1
22.013	88	1	1
22.213	89	4	1
22.413	90	1	1
22.713	91	3	1
23.013	92	4	1
23.213	93	3	1
23.413	94	2	1
23.613	95	3	1
23.813	96	2	1
24.013	97	1	1
24.313	98	3	1
24.613	99	4	1
24.813	100	3	1
25.013	101	2	1
25.213	102	1	1
25.413	103	2	1
25.613	104	4	1
25.613	105	1	1
25.913	106	3	1
26.213	107	2	1
26.213	108	4	1
26.413	109	3	1
26.613	110	2	1
26.813	111	1	1
26.813	112	3	1
27.013	113	2	1
27.213	114	1	2
28.813	115	1	3
27.413	116	2	1
27.613	117	3	1
27.813	118	2	1
28.013	119	3	1
28.213	120	2	1
28.413	121	3	1
28.613	122	4	1
28.813	123	3	1
28.813	124	2	1
29.013	125	1	1
29.113	126	3	1
29.313	127	2	1
29.413	128	4	1
29.513	129	1	1
29.613	130	3	1
29.813	131	2	1
30.013	132	3	1
30.213	133	2	1
30.413	134	1	1
30.613	135	2	1
30.713	136	3	1
30.913	137	1	1
31.013	138	4	1
31.113	139	2	1
31.213	140	3	1
31.413	141	2	1
31.613	142	1	1
31.813	143	2	1
32.013	144	1	1
32.213	145	2	1
32.313	146	3	1
32.513	147	1	1
32.613	148	4	1
32.713	149	2	1
32.813	150	3	1
33.013	151	2	1
33.213	152	3	1
33.413	153	2	1
33.613	154	1	1
33.813	155	2	1
34.013	156	3	1
34.213	157	2	1
34.313	158	4	1
34.413	159	3	1
34.613	160	2	1
34.813	161	1	1
35.013	162	4	1
35.213	163	1	1
35.413	164	2	1
35.513	165	3	1
35.713	166	1	1
35.813	167	4	1
35.913	168	2	1
36.013	169	3	1
36.213	170	2	1
36.413	171	3	1
36.613	172	2	1
36.813	173	1	1
37.013	174	2	1
37.113	175	3	1
37.313	176	1	1
37.413	177	4	1
37.513	178	2	1
37.613	179	3	1
37.813	180	2	1
38.013	181	1	1
38.213	182	2	1
38.413	183	1	1
38.613	184	2	1
38.713	185	3	1
38.913	186	1	1
39.013	187	4	1
39.113	188	2	1
39.213	189	3	1
39.413	190	2	1
39.613	191	3	1
39.813	192	2	1
40.013	193	1	1
40.013	194	4	1
40.213	195	2	1
40.413	196	4	1
40.413	197	1	1
40.613	198	2	1
40.713	199	3	1
40.813	200	4	1
40.813	201	1	1
41.013	202	2	1
41.213	203	4	1
41.213	204	1	1
41.313	205	3	1
41.413	206	1	1
41.513	207	3	1
41.613	208	4	1
41.613	209	1	1
41.813	210	2	1
41.913	211	3	1
42.113	212	2	1
42.213	213	1	1
42.313	214	4	1
42.413	215	2	1
42.613	216	4	1
42.713	217	3	1
42.813	218	1	1
43.013	219	3	1
43.013	220	2	1
43.213	221	4	1
43.213	222	1	1
43.413	223	2	1
43.513	224	3	1
43.713	225	2	1
43.813	226	1	1
43.913	227	4	1
44.013	228	2	1
44.213	229	4	1
44.313	230	3	1
44.413	231	1	1
44.413	232	2	1
44.513	233	4	1
44.613	234	2	1
44.713	235	4	1
44.813	236	2	1
44.813	237	1	1
45.013	238	3	1
45.113	239	4	1
45.313	240	1	1
45.413	241	2	1
45.513	242	4	1
45.613	243	3	1
45.813	244	4	1
45.913	245	3	1
46.013	246	2	1
46.213	247	1	1
46.213	248	4	1
46.313	249	3	1
46.313	250	2	1
46.413	251	4	1
46.413	252	1	1
46.613	253	2	1
46.713	254	4	1
46.913	255	1	1
47.013	256	2	1
47.113	257	4	1
47.213	258	1	1
47.213	259	3	1
47.413	260	2	1
47.513	261	4	1
47.513	262	1	1
47.813	263	3	1
47.813	264	2	1
48.013	265	1	1
48.013	266	4	1
48.113	267	3	1
48.213	268	2	1
48.313	269	1	1
48.413	270	3	1
48.413	271	2	1
48.613	272	4	1
48.713	273	2	1
48.813	274	1	1
48.813	275	4	1
48.913	276	3	1
49.013	277	2	1
49.113	278	1	1
49.213	279	3	1
49.213	280	2	1
49.413	281	4	1
49.613	282	4	1
49.613	283	1	1
49.713	284	2	1
49.813	285	3	1
49.913	286	4	1
50.013	287	3	1
50.013	288	2	1
50.213	289	2	1
50.313	290	3	1
50.413	291	4	1
50.413	292	1	1
50.513	293	2	1
50.613	294	3	1
50.713	295	4	1
50.813	296	3	1
50.813	297	2	1
51.013	298	4	1
51.213	299	2	1
51.213	300	1	1
51.313	301	3	1
51.413	302	4	1
51.613	303	1	1
51.613	304	3	1
51.713	305	2	1
51.813	306	3	1
52.013	307	4	1
52.013	308	2	1
52.113	309	3	1
52.213	310	4	1
52.413	311	4	1
52.413	312	3	1
52.513	313	1	1
52.613	314	2	1
52.713	315	3	1
52.813	316	4	1
52.913	317	1	1
53.013	318	4	1
53.113	319	1	1
53.213	320	4	1
53.313	321	2	1
53.413	322	4	1
53.513	323	2	1
53.613	324	3	1
53.713	325	1	1
53.813	326	3	1
53.913	327	1	1
54.013	328	3	1
54.113	329	1	1
54.213	330	3	1
54.313	331	1	1
54.413	332	3	1
54.413	333	4	1
54.613	334	4	1
54.613	335	3	1
54.813	336	4	1
54.813	337	3	1
55.013	338	4	1
55.013	339	3	1
55.213	340	4	1
55.213	341	3	1
55.413	342	4	1
55.413	343	3	1
55.613	344	4	1
55.613	345	3	1
55.813	346	1	1
55.813	347	2	1
55.913	348	4	1
55.913	349	3	1
56.013	350	1	1
56.013	351	2	1
56.213	352	1	1
56.213	353	2	1
56.413	354	1	1
56.413	355	2	1
56.613	356	1	1
56.613	357	2	1
56.813	358	1	1
56.813	359	2	1
57.013	360	1	1
57.013	361	2	1
57.213	362	1	1
57.213	363	2	1
57.413	364	2	1
57.413	365	3	1
57.513	366	1	1
57.513	367	4	1
57.613	368	3	1
57.613	369	2	1
57.813	370	3	1
57.813	371	2	1
58.013	372	3	1
58.013	373	2	1
58.213	374	3	1
58.213	375	2	1
58.413	376	3	1
58.413	377	2	1
58.613	378	3	1
58.613	379	2	1
58.813	380	3	1
58.813	381	2	1
59.013	382	4	1
59.013	383	1	1
59.113	384	3	1
59.113	385	2	1
59.213	386	4	1
59.213	387	1	1
59.313	388	2	1
59.413	389	3	1
59.513	390	4	1
59.613	391	1	1
59.713	392	3	1
59.813	393	1	1
59.913	394	3	1
60.013	395	1	1
60.013	396	4	1
60.113	397	2	1
60.213	398	4	1
60.313	399	2	1
60.413	400	3	1
60.413	401	1	1
60.513	402	4	1
60.613	403	3	1
60.613	404	2	1
60.713	405	1	1
60.813	406	4	1
60.813	407	3	1
61.013	408	4	1
61.013	409	3	1
61.213	410	4	1
61.213	411	3	1
61.413	412	4	1
61.413	413	3	1
61.613	414	4	1
61.613	415	3	1
61.813	416	4	1
61.813	417	3	1
62.013	418	4	1
62.013	419	3	1
62.213	420	1	1
62.213	421	2	1
62.313	422	4	1
62.313	423	3	1
62.413	424	2	1
62.413	425	1	1
62.613	426	2	1
62.613	427	1	1
62.813	428	2	1
62.813	429	1	1
63.013	430	2	1
63.013	431	1	1
63.213	432	2	1
63.213	433	1	1
63.313	434	4	1
63.413	435	3	1
63.513	436	2	1
63.613	437	1	1
63.613	438	4	1
63.713	439	2	1
63.813	440	1	1
63.813	441	4	1
63.913	442	2	1
64.013	443	4	1
64.013	444	3	1
64.213	445	4	1
64.213	446	3	1
64.413	447	4	1
64.413	448	3	1
64.613	449	4	1
64.613	450	3	1
64.813	451	4	1
64.813	452	3	1
65.013	453	4	1
65.013	454	3	1
65.213	455	4	1
65.213	456	3	1
65.413	457	4	1
65.413	458	3	1
65.513	459	2	1
65.513	460	1	1
65.613	461	4	1
65.613	462	3	1
65.713	463	1	1
65.813	464	3	1
65.913	465	1	1
66.013	466	4	1
66.113	467	2	1
66.213	468	4	1
66.313	469	2	1
66.413	470	4	1
66.413	471	1	1
66.613	472	3	1
66.613	473	2	1
66.813	474	4	1
66.813	475	1	1
66.913	476	2	1
67.013	477	1	1
67.013	478	4	1
67.113	479	2	1
67.213	480	4	1
67.213	481	3	1
67.413	482	4	1
67.413	483	3	1
67.513	484	2	1
67.513	485	1	1
67.613	486	4	1
67.613	487	3	1
67.813	488	4	1
67.813	489	3	1
68.013	490	4	1
68.013	491	3	1
68.213	492	4	1
68.213	493	3	1
68.413	494	4	1
68.413	495	3	1
68.613	496	2	1
68.613	497	1	1
68.713	498	4	1
68.713	499	3	1
68.813	500	2	1
68.813	501	1	1
69.013	502	4	1
69.013	503	3	1
69.113	504	2	1
69.113	505	1	1
69.213	506	4	1
69.213	507	3	1
69.413	508	2	1
69.413	509	1	1
69.613	510	2	1
69.613	511	1	1
69.713	512	3	1
69.813	513	1	1
69.813	514	4	1
69.913	515	2	1
70.013	516	3	1
70.013	517	4	1
70.113	518	1	1
70.213	519	4	1
70.313	520	1	1
70.413	521	2	1
70.413	522	3	1
70.613	523	4	1
70.613	524	1	1
70.713	525	3	1
70.713	526	2	1
70.813	527	4	1
70.813	528	1	1
71.013	529	3	1
71.013	530	2	1
71.213	531	3	1
71.213	532	2	1
71.413	533	3	1
71.413	534	2	1
71.613	535	3	1
71.613	536	2	1
71.813	537	3	1
71.813	538	4	1
71.913	539	1	1
71.913	540	2	1
72.013	541	4	1
72.013	542	3	1
72.213	543	3	1
72.213	544	4	1
72.313	545	2	1
72.313	546	1	1
72.413	547	4	1
72.413	548	3	1
72.613	549	4	1
72.613	550	3	1
72.813	551	4	1
72.813	552	3	1
72.913	553	2	1
72.913	554	1	1
73.013	555	4	1
73.013	556	3	1
73.113	557	2	1
73.113	558	1	1
73.213	559	4	1
73.313	560	1	1
73.413	561	4	1
73.513	562	1	1
73.613	563	4	1
73.613	564	3	1
73.813	565	4	1
73.813	566	3	1
73.913	567	2	1
73.913	568	1	1
74.013	569	4	1
74.013	570	3	1
74.213	571	4	1
74.213	572	3	1
74.413	573	4	1
74.413	574	3	1
74.613	575	4	1
74.613	576	3	1
74.813	577	4	1
74.813	578	3	1
75.013	579	1	1
75.013	580	2	1
75.113	581	4	1
75.113	582	3	1
75.213	583	2	1
75.213	584	1	1
75.413	585	2	1
75.413	586	1	1
75.513	587	4	1
75.513	588	3	1
75.613	589	2	1
75.613	590	1	1
75.813	591	2	1
75.813	592	1	1
76.013	593	4	1
76.013	594	3	1
76.113	595	2	1
76.113	596	1	1
76.213	597	4	1
76.313	598	2	1
76.413	599	4	1
76.413	600	1	1
76.513	601	3	1
76.613	602	4	1
76.613	603	1	1
76.713	604	2	1
76.813	605	3	1
76.813	606	4	1
77.013	607	4	1
77.013	608	3	1
77.113	609	2	1
77.113	610	1	1
77.213	611	4	1
77.213	612	3	1
77.413	613	4	1
77.413	614	3	1
77.613	615	4	1
77.613	616	3	1
77.713	617	1	1
77.813	618	4	1
77.913	619	1	1
78.013	620	4	1
78.113	621	3	1
78.213	622	2	1
78.213	623	1	1
78.313	624	4	1
78.413	625	3	1
78.413	626	2	1
78.613	627	4	1
78.613	628	1	1
78.713	629	3	1
78.713	630	2	1
78.813	631	4	1
78.813	632	1	1
79.013	633	3	1
79.013	634	2	1
79.113	635	4	1
79.113	636	1	1
79.213	637	3	1
79.213	638	2	1
79.413	639	1	1
79.413	640	4	1
79.513	641	3	1
79.513	642	2	1
79.613	643	4	1
79.613	644	1	1
79.713	645	3	1
79.813	646	2	1
79.813	647	4	1
79.913	648	1	1
80.013	649	2	2
83.213	650	2	3
80.013	651	3	2
81.613	652	3	3
86.413	653	4	1
87.013	654	4	1
87.213	655	3	1
87.813	656	3	1
88.013	657	1	1
88.613	658	1	1
88.813	659	4	1
89.413	660	4	1
89.613	661	1	1
89.813	662	3	1
89.913	663	4	1
90.113	664	1	1
90.213	665	4	1
90.313	666	3	1
90.413	667	2	1
90.613	668	4	1
90.813	669	1	1
91.013	670	3	1
91.213	671	4	1
91.513	672	3	1
91.813	673	2	1
92.013	674	4	1
92.113	675	3	1
92.213	676	2	1
92.313	677	1	1
92.413	678	2	1
92.613	679	4	1
92.813	680	3	1
92.813	681	1	1
93.113	682	2	1
93.413	683	3	1
93.613	684	1	1
93.813	685	4	1
94.013	686	3	1
94.113	687	2	1
94.413	688	1	1
94.613	689	2	1
94.813	690	3	1
95.013	691	1	1
95.213	692	4	1
95.513	693	3	1
95.813	694	2	1
96.013	695	3	1
96.313	696	1	1
96.613	697	2	1
96.813	698	4	1
97.113	699	1	1
97.413	700	4	1
97.613	701	1	1
97.813	702	2	1
97.913	703	3	1
98.113	704	1	1
98.213	705	4	1
98.413	706	2	1
98.613	707	3	1
98.713	708	1	1
98.913	709	2	1
99.013	710	3	1
99.213	711	4	1
99.513	712	3	1
99.813	713	1	1
99.913	714	2	1
100.013	715	3	1
100.313	716	2	1
100.613	717	4	1
100.813	718	3	1
101.013	719	2	1
101.213	720	1	1
101.313	721	2	1
101.513	722	3	1
102.013	723	1	1
102.213	724	2	1
102.413	725	3	1
102.813	726	4	1
103.213	727	3	1
103.613	728	2	1
104.013	729	1	1
104.213	730	2	1
104.413	731	4	1
104.613	732	3	1
104.713	733	1	1
104.813	734	3	2
105.613	735	3	3
105.613	736	4	1
105.613	737	1	1
105.913	738	1	1
105.913	739	2	1
106.213	740	4	1
106.213	741	3	1
106.413	742	2	1
106.413	743	1	1
106.613	744	1	1
106.613	745	4	1
106.813	746	4	1
106.813	747	3	1
106.913	748	2	1
107.213	749	3	1
107.213	750	1	1
107.413	751	4	1
107.413	752	2	1
107.613	753	1	1
107.613	754	3	1
107.813	755	2	1
107.813	756	1	1
108.013	757	3	1
108.013	758	4	1
108.313	759	2	1
108.313	760	3	1
108.613	761	1	1
108.613	762	2	1
108.813	763	4	1
108.813	764	3	1
109.113	765	3	1
109.113	766	1	1
109.413	767	3	1
109.413	768	2	1
109.613	769	4	1
109.913	770	1	1
110.213	771	4	1
110.413	772	3	1
110.413	773	1	1
110.613	774	4	1
110.613	775	2	1
110.713	776	3	1
110.913	777	2	1
110.913	778	1	1
111.013	779	4	1
111.213	780	1	1
111.213	781	2	1
111.413	782	4	1
111.413	783	3	1
111.513	784	1	1
111.713	785	4	1
111.713	786	2	1
111.813	787	3	1
112.013	788	1	1
112.013	789	4	1
112.313	790	2	1
112.313	791	3	1
112.613	792	4	1
112.613	793	1	1
112.713	794	2	1
112.813	795	3	1
113.113	796	3	1
113.113	797	2	1
113.413	798	1	1
113.413	799	4	1
113.613	800	3	1
113.813	801	4	1
113.813	802	2	1
114.013	803	3	1
114.013	804	1	1
114.113	805	2	1
114.313	806	4	1
114.313	807	3	1
114.813	808	3	1
114.813	809	1	1
115.013	810	4	1
115.013	811	2	1
115.213	812	1	1
115.213	813	3	1
115.613	814	2	1
115.613	815	4	1
116.013	816	1	1
116.013	817	3	1
116.413	818	4	1
116.413	819	2	1
116.813	820	3	1
116.813	821	1	1
117.013	822	2	1
117.113	823	4	1
117.213	824	2	1
117.413	825	4	1
117.413	826	3	1
117.513	827	1	1
117.613	828	4	1
117.713	829	2	1
117.813	830	4	1
117.913	831	2	1
118.013	832	1	1
118.113	833	3	1
118.213	834	1	1
118.313	835	3	1
118.413	836	2	1
118.413	837	1	1
118.613	838	3	1
118.713	839	2	1
118.813	840	4	1
118.913	841	1	1
119.013	842	2	1
119.113	843	3	1
119.213	844	1	1
119.213	845	4	1
119.413	846	2	1
119.513	847	3	1
119.613	848	4	1
119.713	849	3	1
119.813	850	2	1
119.913	851	3	1
120.013	852	4	1
120.113	853	1	1
120.213	854	4	1
120.313	855	3	1
120.413	856	1	1
120.513	857	4	1
120.613	858	3	1
120.713	859	4	1
120.813	860	1	1
120.913	861	2	1
121.013	862	3	1
121.113	863	2	1
121.213	864	1	1
121.313	865	4	1
121.413	866	3	1
121.513	867	2	1
121.613	868	4	1
121.613	869	3	1
121.813	870	2	1
121.913	871	1	1
122.013	872	3	1
122.113	873	4	1
122.213	874	2	1
122.313	875	3	1
122.413	876	1	1
122.513	877	4	1
122.613	878	2	1
122.713	879	3	1
122.813	880	1	1
122.913	881	4	1
123.013	882	2	1
123.113	883	4	1
123.213	884	1	1
123.313	885	2	1
123.413	886	3	1
123.513	887	4	1
123.613	888	3	1
123.713	889	1	1
123.813	890	2	1
123.913	891	4	1
124.013	892	3	1
124.113	893	2	1
124.213	894	4	1
124.313	895	3	1
124.413	896	1	1
124.513	897	2	1
124.613	898	1	1
124.713	899	3	1
124.813	900	2	1
124.913	901	4	1
125.013	902	3	1
125.113	903	2	1
125.213	904	1	1
125.313	905	3	1
125.413	906	2	1
125.513	907	4	1
125.613	908	2	1
125.713	909	4	1
125.813	910	3	1
125.913	911	2	1
126.013	912	4	1
126.113	913	3	1
126.213	914	2	1
126.313	915	1	1
126.413	916	3	1
126.513	917	1	1
126.613	918	2	1
126.713	919	4	1
126.813	920	1	1
126.913	921	3	1
127.013	922	4	1
127.113	923	3	1
127.213	924	1	1
127.313	925	2	1
127.413	926	3	1
127.513	927	4	1
127.613	928	1	1
127.713	929	2	1
127.813	930	4	1
127.913	931	3	1
128.013	932	1	1
128.113	933	2	1
128.213	934	4	1
128.313	935	3	1
128.413	936	1	1
128.513	937	4	1
128.613	938	3	1
128.713	939	2	1
128.813	940	1	1
128.913	941	2	1
129.013	942	4	1
129.113	943	3	1
129.213	944	1	1
129.313	945	2	1
129.413	946	3	1
129.513	947	4	1
129.613	948	1	1
129.713	949	2	1
129.813	950	4	1
129.913	951	3	1
130.013	952	1	1
130.113	953	2	1
130.213	954	4	1
130.313	955	3	1
130.413	956	1	1
130.413	957	4	1
130.613	958	2	1
130.613	959	3	1
130.813	960	4	1
130.813	961	1	1
130.913	962	3	1
131.013	963	1	1
131.113	964	3	1
131.213	965	1	1
131.213	966	2	1
131.413	967	2	1
131.413	968	3	1
131.513	969	4	1
131.713	970	1	1
131.713	971	2	1
131.913	972	3	1
131.913	973	4	1
132.213	974	2	1
132.213	975	3	1
132.413	976	1	1
132.413	977	4	1
132.613	978	1	1
132.613	979	2	1
132.813	980	4	1
132.813	981	2	1
133.113	982	1	1
133.113	983	3	1
133.413	984	1	1
133.413	985	2	1
133.813	986	2	1
133.813	987	1	1
134.013	988	3	1
134.013	989	2	1
134.213	990	3	1
134.213	991	1	1
134.413	992	4	1
134.413	993	2	1
134.713	994	4	1
134.713	995	3	1
135.013	996	2	1
135.013	997	3	1
135.413	998	1	1
135.413	999	4	1
135.613	1000	1	1
135.613	1001	3	1
135.813	1002	3	1
135.813	1003	2	1
135.913	1004	4	1
136.013	1005	1	1
136.013	1006	2	2
136.413	1007	2	3
136.413	1008	1	1
136.413	1009	3	2
136.713	1010	3	3
136.713	1011	4	1
136.813	1012	3	1
136.813	1013	2	2
137.213	1014	2	3
137.213	1015	4	1
137.213	1016	1	2
137.613	1017	1	3
137.613	1018	3	1
137.613	1019	2	1
137.913	1020	1	1
137.913	1021	4	1
138.213	1022	1	1
138.213	1023	2	1
138.613	1024	3	1
138.613	1025	4	1
138.813	1026	1	1
138.813	1027	3	1
139.013	1028	3	1
139.013	1029	2	1
139.213	1030	4	1
139.213	1031	1	1
139.513	1032	3	1
139.513	1033	2	1
139.813	1034	1	1
139.813	1035	2	1
140.213	1036	1	1
140.213	1037	2	1
140.413	1038	3	1
140.413	1039	2	1
140.613	1040	1	1
140.613	1041	4	1
140.813	1042	4	1
140.813	1043	3	1
140.913	1044	2	1
141.113	1045	1	1
141.113	1046	4	1
141.213	1047	2	1
141.413	1048	3	1
141.413	1049	1	1
141.513	1050	2	1
141.613	1051	3	1
141.713	1052	4	1
141.813	1053	1	1
141.913	1054	2	1
142.013	1055	1	1
142.013	1056	4	1
142.213	1057	2	1
142.313	1058	3	1
142.413	1059	1	1
142.413	1060	4	1
142.613	1061	1	1
142.613	1062	2	1
142.813	1063	3	1
142.813	1064	2	1
142.913	1065	1	1
143.013	1066	4	1
143.113	1067	3	1
143.213	1068	2	1
143.313	1069	1	1
143.413	1070	4	1
143.513	1071	3	1
143.613	1072	4	1
143.613	1073	1	1
143.713	1074	2	1
143.813	1075	4	1
143.913	1076	2	1
144.013	1077	1	1
144.013	1078	4	1
144.213	1079	2	1
144.313	1080	3	1
144.513	1081	2	1
144.613	1082	1	1
144.713	1083	4	1
144.813	1084	2	1
145.013	1085	4	1
145.113	1086	3	1
145.213	1087	1	1
145.413	1088	3	1
145.613	1089	1	1
145.613	1090	4	1
145.813	1091	2	1
145.913	1092	3	1
146.113	1093	2	1
146.213	1094	1	1
146.313	1095	4	1
146.413	1096	2	1
146.613	1097	4	1
146.713	1098	3	1
146.813	1099	2	1
146.813	1100	1	1
146.913	1101	4	1
147.013	1102	2	1
147.113	1103	4	1
147.213	1104	1	1
147.213	1105	2	1
147.413	1106	3	1
147.513	1107	4	1
147.713	1108	1	1
147.813	1109	2	1
147.913	1110	4	1
148.013	1111	3	1
148.213	1112	4	1
148.313	1113	3	1
148.413	1114	2	1
148.613	1115	4	1
148.713	1116	2	1
148.713	1117	3	1
148.813	1118	1	1
148.813	1119	4	1
149.013	1120	2	1
149.113	1121	4	1
149.313	1122	1	1
149.413	1123	2	1
149.513	1124	4	1
149.613	1125	3	1
149.613	1126	1	1
149.813	1127	2	1
149.913	1128	1	1
149.913	1129	4	1
150.013	1130	3	1
150.213	1131	2	1
150.213	1132	3	1
150.413	1133	4	1
150.413	1134	1	1
150.513	1135	3	1
150.613	1136	2	1
150.713	1137	1	1
150.813	1138	2	1
150.813	1139	3	1
151.013	1140	4	1
151.113	1141	2	1
151.213	1142	4	1
151.213	1143	1	1
151.313	1144	3	1
151.413	1145	2	1
151.513	1146	1	1
151.613	1147	2	1
151.613	1148	3	1
151.813	1149	4	1
152.013	1150	1	1
152.013	1151	4	1
152.113	1152	2	1
152.213	1153	3	1
152.313	1154	4	1
152.413	1155	2	1
152.413	1156	3	1
152.613	1157	2	1
152.713	1158	3	1
152.813	1159	1	1
152.813	1160	4	1
152.913	1161	2	1
153.013	1162	3	1
153.113	1163	4	1
153.213	1164	2	1
153.213	1165	3	1
153.413	1166	4	1
153.613	1167	1	1
153.613	1168	2	1
153.713	1169	3	1
153.813	1170	4	1
154.013	1171	3	1
154.013	1172	1	1
154.113	1173	2	1
154.213	1174	3	1
154.413	1175	2	1
154.413	1176	4	1
154.513	1177	3	1
154.613	1178	4	1
154.813	1179	3	1
154.813	1180	4	1
154.913	1181	1	1
155.013	1182	2	1
155.113	1183	3	1
155.213	1184	4	1
155.313	1185	1	1
155.413	1186	4	1
155.513	1187	1	1
155.613	1188	4	1
155.713	1189	2	1
155.813	1190	4	1
155.913	1191	2	1
156.013	1192	3	1
156.113	1193	1	1
156.213	1194	3	1
156.313	1195	1	1
156.413	1196	3	1
156.513	1197	1	1
156.613	1198	3	1
156.713	1199	1	1
156.813	1200	3	1
156.813	1201	4	1
157.013	1202	3	1
157.013	1203	4	1
157.213	1204	3	1
157.213	1205	4	1
157.413	1206	3	1
157.413	1207	4	1
157.613	1208	3	1
157.613	1209	4	1
157.813	1210	3	1
157.813	1211	4	1
158.013	1212	3	1
158.013	1213	4	1
158.213	1214	2	1
158.213	1215	1	1
158.313	1216	3	1
158.313	1217	4	1
158.413	1218	2	1
158.413	1219	1	1
158.613	1220	2	1
158.613	1221	1	1
158.813	1222	2	1
158.813	1223	1	1
159.013	1224	2	1
159.013	1225	1	1
159.213	1226	2	1
159.213	1227	1	1
159.413	1228	2	1
159.413	1229	1	1
159.613	1230	2	1
159.613	1231	1	1
159.813	1232	3	1
159.813	1233	2	1
159.913	1234	4	1
159.913	1235	1	1
160.013	1236	2	1
160.013	1237	3	1
160.213	1238	2	1
160.213	1239	3	1
160.413	1240	2	1
160.413	1241	3	1
160.613	1242	2	1
160.613	1243	3	1
160.813	1244	2	1
160.813	1245	3	1
161.013	1246	2	1
161.013	1247	3	1
161.213	1248	2	1
161.213	1249	3	1
161.413	1250	1	1
161.413	1251	4	1
161.513	1252	2	1
161.513	1253	3	1
161.613	1254	1	1
161.613	1255	4	1
161.713	1256	2	1
161.813	1257	3	1
161.913	1258	4	1
162.013	1259	1	1
162.113	1260	3	1
162.213	1261	1	1
162.313	1262	3	1
162.413	1263	4	1
162.413	1264	1	1
162.513	1265	2	1
162.613	1266	4	1
162.713	1267	2	1
162.813	1268	1	1
162.813	1269	3	1
162.913	1270	4	1
163.013	1271	2	1
163.013	1272	3	1
163.113	1273	1	1
163.213	1274	3	1
163.213	1275	4	1
163.413	1276	3	1
163.413	1277	4	1
163.613	1278	3	1
163.613	1279	4	1
163.813	1280	3	1
163.813	1281	4	1
164.013	1282	3	1
164.013	1283	4	1
164.213	1284	3	1
164.213	1285	4	1
164.413	1286	3	1
164.413	1287	4	1
164.613	1288	2	1
164.613	1289	1	1
164.713	1290	3	1
164.713	1291	4	1
164.813	1292	1	1
164.813	1293	2	1
165.013	1294	1	1
165.013	1295	2	1
165.213	1296	1	1
165.213	1297	2	1
165.413	1298	1	1
165.413	1299	2	1
165.613	1300	1	1
165.613	1301	2	1
165.713	1302	4	1
165.813	1303	3	1
165.913	1304	2	1
166.013	1305	4	1
166.013	1306	1	1
166.113	1307	2	1
166.213	1308	4	1
166.213	1309	1	1
166.313	1310	2	1
166.413	1311	3	1
166.413	1312	4	1
166.613	1313	3	1
166.613	1314	4	1
166.813	1315	3	1
166.813	1316	4	1
167.013	1317	3	1
167.013	1318	4	1
167.213	1319	3	1
167.213	1320	4	1
167.413	1321	3	1
167.413	1322	4	1
167.613	1323	3	1
167.613	1324	4	1
167.813	1325	3	1
167.813	1326	4	1
167.913	1327	1	1
167.913	1328	2	1
168.013	1329	3	1
168.013	1330	4	1
168.113	1331	1	1
168.213	1332	3	1
168.313	1333	1	1
168.413	1334	4	1
168.513	1335	2	1
168.613	1336	4	1
168.713	1337	2	1
168.813	1338	1	1
168.813	1339	4	1
169.013	1340	2	1
169.013	1341	3	1
169.213	1342	1	1
169.213	1343	4	1
169.313	1344	2	1
169.413	1345	4	1
169.413	1346	1	1
169.513	1347	2	1
169.613	1348	3	1
169.613	1349	4	1
169.813	1350	3	1
169.813	1351	4	1
169.913	1352	1	1
169.913	1353	2	1
170.013	1354	3	1
170.013	1355	4	1
170.213	1356	3	1
170.213	1357	4	1
170.413	1358	3	1
170.413	1359	4	1
170.613	1360	3	1
170.613	1361	4	1
170.813	1362	3	1
170.813	1363	4	1
171.013	1364	1	1
171.013	1365	2	1
171.113	1366	3	1
171.113	1367	4	1
171.213	1368	1	1
171.213	1369	2	1
171.413	1370	3	1
171.413	1371	4	1
171.513	1372	1	1
171.513	1373	2	1
171.613	1374	3	1
171.613	1375	4	1
171.813	1376	1	1
171.813	1377	2	1
172.013	1378	1	1
172.013	1379	2	1
172.113	1380	3	1
172.213	1381	4	1
172.213	1382	1	1
172.313	1383	2	1
172.413	1384	4	1
172.413	1385	3	1
172.513	1386	1	1
172.613	1387	4	1
172.713	1388	1	1
172.813	1389	3	1
172.813	1390	2	1
173.013	1391	1	1
173.013	1392	4	1
173.113	1393	2	1
173.113	1394	3	1
173.213	1395	1	1
173.213	1396	4	1
173.413	1397	2	1
173.413	1398	3	1
173.613	1399	2	1
173.613	1400	3	1
173.813	1401	2	1
173.813	1402	3	1
174.013	1403	2	1
174.013	1404	3	1
174.213	1405	4	1
174.213	1406	3	1
174.313	1407	2	1
174.313	1408	1	1
174.413	1409	3	1
174.413	1410	4	1
174.613	1411	4	1
174.613	1412	3	1
174.713	1413	1	1
174.713	1414	2	1
174.813	1415	3	1
174.813	1416	4	1
175.013	1417	3	1
175.013	1418	4	1
175.213	1419	3	1
175.213	1420	4	1
175.313	1421	1	1
175.313	1422	2	1
175.413	1423	3	1
175.413	1424	4	1
175.513	1425	1	1
175.513	1426	2	1
175.613	1427	4	1
175.713	1428	1	1
175.813	1429	4	1
175.913	1430	1	1
176.013	1431	3	1
176.013	1432	4	1
176.213	1433	3	1
176.213	1434	4	1
176.313	1435	1	1
176.313	1436	2	1
176.413	1437	3	1
176.413	1438	4	1
176.613	1439	3	1
176.613	1440	4	1
176.813	1441	3	1
176.813	1442	4	1
177.013	1443	3	1
177.013	1444	4	1
177.213	1445	3	1
177.213	1446	4	1
177.413	1447	2	1
177.413	1448	1	1
177.513	1449	3	1
177.513	1450	4	1
177.613	1451	1	1
177.613	1452	2	1
177.813	1453	1	1
177.813	1454	2	1
177.913	1455	3	1
177.913	1456	4	1
178.013	1457	1	1
178.013	1458	2	1
178.213	1459	1	1
178.213	1460	2	1
178.413	1461	3	1
178.413	1462	4	1
178.513	1463	1	1
178.513	1464	2	1
178.613	1465	4	1
178.713	1466	2	1
178.813	1467	1	1
178.813	1468	4	1
178.913	1469	3	1
179.013	1470	1	1
179.013	1471	4	1
179.113	1472	2	1
179.213	1473	4	1
179.213	1474	3	1
179.413	1475	3	1
179.413	1476	4	1
179.513	1477	1	1
179.513	1478	2	1
179.613	1479	3	1
179.613	1480	4	1
179.813	1481	3	1
179.813	1482	4	1
180.013	1483	3	1
180.013	1484	4	1
180.113	1485	1	1
180.213	1486	4	1
180.313	1487	1	1
180.413	1488	4	1
180.513	1489	3	1
180.613	1490	1	1
180.613	1491	2	1
180.713	1492	4	1
180.813	1493	2	1
180.813	1494	3	1
181.013	1495	1	1
181.013	1496	4	1
181.113	1497	2	1
181.113	1498	3	1
181.213	1499	1	1
181.213	1500	4	1
181.413	1501	2	1
181.413	1502	3	1
181.513	1503	1	1
181.513	1504	4	1
181.613	1505	2	1
181.613	1506	3	1
181.813	1507	4	1
181.813	1508	1	1
181.913	1509	2	1
181.913	1510	3	1
182.013	1511	1	1
182.013	1512	4	1
182.113	1513	3	1
182.213	1514	4	1
182.213	1515	2	1
182.313	1516	1	1
182.413	1517	4	1
182.413	1518	3	1
182.513	1519	1	1
182.613	1520	4	1
182.713	1521	1	1
182.813	1522	4	1
182.913	1523	1	1
183.013	1524	4	1
183.113	1525	1	1
183.213	1526	3	1
183.313	1527	1	1
183.413	1528	3	1
183.513	1529	1	1
183.613	1530	3	1
183.713	1531	1	1
183.813	1532	3	1
183.913	1533	1	1
184.013	1534	2	1
184.113	1535	4	1
184.213	1536	2	1
184.313	1537	4	1
184.413	1538	2	1
184.513	1539	4	1
184.613	1540	2	1
184.713	1541	4	1
184.813	1542	2	1
184.913	1543	3	1
185.013	1544	1	1
185.113	1545	3	1
185.213	1546	1	1
185.313	1547	3	1
185.413	1548	4	1
185.413	1549	1	1
185.513	1550	2	1
185.613	1551	4	1
185.613	1552	3	1
185.713	1553	2	1
185.813	1554	3	1
185.913	1555	2	1
186.013	1556	3	1
186.113	1557	2	1
186.213	1558	3	1
186.313	1559	2	1
186.413	1560	4	1
186.513	1561	3	1
186.613	1562	4	1
186.713	1563	3	1
186.813	1564	1	1
186.913	1565	2	1
187.013	1566	1	1
187.113	1567	2	1
187.213	1568	3	1
187.313	1569	1	1
187.413	1570	3	1
187.513	1571	1	1
187.613	1572	4	1
187.713	1573	2	1
187.813	1574	4	1
187.913	1575	2	1
188.013	1576	4	1
188.113	1577	1	1
188.213	1578	4	1
188.313	1579	1	1
188.413	1580	4	1
188.513	1581	1	1
188.613	1582	2	1
188.613	1583	3	1
188.713	1584	4	1
188.813	1585	2	1
188.813	1586	3	1
188.913	1587	1	1
189.013	1588	4	1
189.113	1589	1	1
189.213	1590	4	1
189.313	1591	1	1
189.413	1592	4	1
189.513	1593	1	1
189.613	1594	3	1
189.713	1595	1	1
189.813	1596	3	1
189.913	1597	1	1
190.013	1598	3	1
190.113	1599	1	1
190.213	1600	3	1
190.313	1601	1	1
190.413	1602	2	1
190.513	1603	4	1
190.613	1604	2	1
190.713	1605	4	1
190.813	1606	2	1
190.913	1607	4	1
191.013	1608	2	1
191.113	1609	4	1
191.213	1610	2	1
191.313	1611	3	1
191.413	1612	1	1
191.513	1613	3	1
191.613	1614	1	1
191.713	1615	3	1
191.813	1616	1	1
191.913	1617	2	1
192.013	1618	4	1
192.013	1619	3	1
192.113	1620	2	1
192.213	1621	3	1
192.313	1622	2	1
192.413	1623	3	1
192.513	1624	2	1
192.613	1625	3	1
192.713	1626	2	1
192.813	1627	4	1
192.913	1628	3	1
193.013	1629	4	1
193.113	1630	3	1
193.213	1631	1	1
193.313	1632	2	1
193.413	1633	1	1
193.513	1634	2	1
193.613	1635	4	1
193.613	1636	3	1
193.713	1637	1	1
193.813	1638	3	1
193.913	1639	1	1
194.013	1640	3	1
194.013	1641	4	1
194.113	1642	2	1
194.213	1643	4	1
194.313	1644	2	1
194.413	1645	3	1
194.413	1646	4	1
194.513	1647	1	1
194.613	1648	4	1
194.713	1649	1	1
194.813	1650	2	1
194.813	1651	4	1
194.913	1652	1	1
195.013	1653	2	1
195.013	1654	3	1
195.113	1655	4	1
195.213	1656	2	1
195.213	1657	1	1