Song Name	Speedrun by AmyKawashima
Difficulty	24
Primary Color	Chill
Secondary Color	Chill
Last Note Time	128.161
Total Notes	1205
Fever Fill	402
Fever Time	19.224150
Long Notes	0
BPM	210
Song Length	130.583333333

Timing Points
0.779	284.4950
18.986	284.4950
37.194	284.4950


Song Data
0.779	1	1	1
0.921	2	3	1
1.063	3	2	1
1.205	4	4	1
1.347	5	1	1
1.490	6	2	1
1.632	7	4	1
1.774	8	3	1
1.916	9	2	1
2.059	10	1	1
2.201	11	3	1
2.343	12	2	1
2.485	13	4	1
2.628	14	1	1
2.770	15	3	1
2.912	16	2	1
3.054	17	1	1
3.197	18	3	1
3.339	19	2	1
3.481	20	4	1
3.623	21	1	1
3.766	22	2	1
3.908	23	4	1
4.050	24	3	1
4.192	25	2	1
4.335	26	1	1
4.477	27	4	1
4.619	28	3	1
4.761	29	1	1
4.904	30	2	1
5.046	31	3	1
5.188	32	4	1
5.330	33	1	1
5.473	34	3	1
5.615	35	2	1
5.757	36	4	1
5.899	37	1	1
6.042	38	2	1
6.184	39	4	1
6.326	40	3	1
6.468	41	2	1
6.611	42	1	1
6.753	43	3	1
6.895	44	2	1
7.037	45	4	1
7.180	46	1	1
7.322	47	3	1
7.464	48	2	1
7.606	49	1	1
7.749	50	3	1
7.891	51	2	1
8.033	52	4	1
8.175	53	1	1
8.318	54	2	1
8.460	55	4	1
8.602	56	3	1
8.744	57	2	1
8.887	58	1	1
9.029	59	4	1
9.171	60	3	1
9.313	61	2	1
9.456	62	2	1
9.598	63	1	1
9.740	64	4	1
9.882	65	1	1
10.025	66	3	1
10.167	67	2	1
10.309	68	4	1
10.451	69	1	1
10.594	70	2	1
10.736	71	4	1
10.878	72	3	1
11.020	73	2	1
11.163	74	1	1
11.305	75	3	1
11.447	76	2	1
11.589	77	4	1
11.732	78	1	1
11.874	79	3	1
12.016	80	2	1
12.158	81	1	1
12.301	82	3	1
12.443	83	2	1
12.585	84	4	1
12.727	85	1	1
12.870	86	2	1
13.012	87	4	1
13.154	88	3	1
13.296	89	2	1
13.439	90	1	1
13.581	91	4	1
13.723	92	3	1
13.865	93	1	1
14.008	94	2	1
14.150	95	3	1
14.292	96	4	1
14.434	97	1	1
14.577	98	3	1
14.719	99	2	1
14.861	100	4	1
15.003	101	1	1
15.145	102	2	1
15.288	103	4	1
15.430	104	3	1
15.572	105	2	1
15.714	106	1	1
15.857	107	3	1
15.999	108	2	1
16.141	109	4	1
16.283	110	1	1
16.426	111	3	1
16.568	112	2	1
16.710	113	1	1
16.852	114	3	1
16.995	115	2	1
17.137	116	4	1
17.279	117	1	1
17.421	118	2	1
17.564	119	4	1
17.706	120	3	1
17.848	121	2	1
17.990	122	1	1
18.133	123	4	1
18.275	124	3	1
18.417	125	1	1
18.559	126	2	1
18.702	127	4	1
18.773	128	2	1
18.844	129	3	1
18.915	130	1	1
18.986	131	2	1
18.986	132	4	1
19.057	133	3	1
19.128	134	1	1
19.200	135	2	1
19.271	136	4	1
19.342	137	3	1
19.413	138	2	1
19.484	139	1	1
19.555	140	3	1
19.626	141	2	1
19.697	142	4	1
19.769	143	3	1
19.840	144	1	1
19.911	145	2	1
19.982	146	4	1
20.053	147	3	1
20.124	148	2	1
20.195	149	4	1
20.266	150	1	1
20.338	151	2	1
20.409	152	4	1
20.480	153	3	1
20.551	154	1	1
20.622	155	2	1
20.693	156	4	1
20.764	157	3	1
20.835	158	2	1
20.907	159	1	1
20.978	160	3	1
21.049	161	4	1
21.120	162	2	1
21.191	163	1	1
21.262	164	3	1
21.333	165	4	1
21.404	166	2	1
21.476	167	3	1
21.547	168	1	1
21.618	169	4	1
21.689	170	2	1
21.760	171	3	1
21.831	172	4	1
21.902	173	1	1
21.973	174	2	1
22.045	175	3	1
22.116	176	1	1
22.187	177	4	1
22.258	178	3	1
22.329	179	2	1
22.400	180	4	1
22.471	181	3	1
22.542	182	2	1
22.613	183	1	1
22.685	184	4	1
22.756	185	3	1
22.827	186	2	1
22.898	187	1	1
22.969	188	4	1
23.040	189	3	1
23.111	190	2	1
23.182	191	1	1
23.254	192	4	1
23.325	193	3	1
23.396	194	2	1
23.467	195	1	1
23.538	196	4	1
23.609	197	3	1
23.680	198	1	1
23.751	199	2	1
23.823	200	4	1
23.894	201	1	1
23.965	202	3	1
24.036	203	2	1
24.107	204	1	1
24.178	205	4	1
24.249	206	3	1
24.320	207	2	1
24.392	208	4	1
24.463	209	3	1
24.534	210	1	1
24.605	211	2	1
24.676	212	4	1
24.747	213	3	1
24.818	214	2	1
24.889	215	4	1
24.961	216	3	1
25.032	217	2	1
25.103	218	4	1
25.174	219	3	1
25.245	220	2	1
25.316	221	4	1
25.387	222	3	1
25.458	223	2	1
25.530	224	4	1
25.601	225	3	1
25.672	226	2	1
25.743	227	4	1
25.814	228	3	1
25.885	229	2	1
25.956	230	1	1
26.027	231	3	1
26.099	232	2	1
26.170	233	1	1
26.241	234	3	1
26.312	235	2	1
26.383	236	1	1
26.454	237	3	1
26.525	238	2	1
26.596	239	1	1
26.668	240	3	1
26.739	241	2	1
26.810	242	1	1
26.881	243	4	1
26.952	244	3	1
27.023	245	2	1
27.094	246	1	1
27.165	247	4	1
27.237	248	3	1
27.308	249	1	1
27.379	250	4	1
27.450	251	3	1
27.521	252	1	1
27.663	253	2	1
27.806	254	4	1
27.877	255	2	1
27.948	256	3	1
28.019	257	1	1
28.090	258	2	1
28.090	259	4	1
28.161	260	3	1
28.232	261	1	1
28.303	262	2	1
28.375	263	4	1
28.446	264	3	1
28.517	265	2	1
28.588	266	1	1
28.659	267	3	1
28.730	268	2	1
28.801	269	4	1
28.872	270	3	1
28.944	271	1	1
29.015	272	2	1
29.086	273	4	1
29.157	274	3	1
29.228	275	2	1
29.299	276	4	1
29.370	277	1	1
29.441	278	2	1
29.512	279	4	1
29.584	280	3	1
29.655	281	1	1
29.726	282	2	1
29.797	283	4	1
29.868	284	3	1
29.939	285	2	1
30.010	286	1	1
30.081	287	3	1
30.153	288	4	1
30.224	289	2	1
30.295	290	1	1
30.366	291	3	1
30.437	292	4	1
30.508	293	2	1
30.579	294	3	1
30.650	295	1	1
30.722	296	4	1
30.793	297	2	1
30.864	298	3	1
30.935	299	4	1
31.006	300	1	1
31.077	301	2	1
31.148	302	3	1
31.219	303	1	1
31.291	304	4	1
31.362	305	3	1
31.433	306	2	1
31.504	307	4	1
31.575	308	3	1
31.646	309	2	1
31.717	310	1	1
31.788	311	4	1
31.860	312	3	1
31.931	313	2	1
32.002	314	1	1
32.073	315	4	1
32.144	316	3	1
32.215	317	2	1
32.286	318	1	1
32.357	319	4	1
32.429	320	3	1
32.500	321	2	1
32.571	322	1	1
32.642	323	4	1
32.713	324	3	1
32.784	325	1	1
32.855	326	2	1
32.926	327	4	1
32.998	328	1	1
33.069	329	3	1
33.140	330	2	1
33.211	331	1	1
33.282	332	4	1
33.353	333	3	1
33.424	334	2	1
33.495	335	4	1
33.567	336	3	1
33.638	337	1	1
33.709	338	2	1
33.780	339	4	1
33.851	340	3	1
33.922	341	2	1
33.993	342	4	1
34.064	343	3	1
34.136	344	2	1
34.207	345	4	1
34.278	346	3	1
34.349	347	2	1
34.420	348	4	1
34.491	349	3	1
34.562	350	2	1
34.633	351	4	1
34.705	352	3	1
34.776	353	2	1
34.847	354	4	1
34.918	355	3	1
34.989	356	2	1
35.060	357	1	1
35.131	358	3	1
35.202	359	2	1
35.274	360	1	1
35.345	361	3	1
35.416	362	2	1
35.487	363	1	1
35.558	364	3	1
35.629	365	2	1
35.700	366	1	1
35.771	367	3	1
35.843	368	2	1
35.914	369	1	1
35.985	370	4	1
36.056	371	3	1
36.127	372	2	1
36.198	373	1	1
36.269	374	4	1
36.340	375	3	1
36.412	376	2	1
36.483	377	4	1
36.554	378	1	1
36.625	379	2	1
36.696	380	4	1
36.767	381	3	1
36.838	382	1	1
36.909	383	4	1
36.980	384	3	1
37.052	385	2	1
37.123	386	1	1
37.194	387	3	1
37.194	388	4	1
39.470	389	3	1
39.470	390	4	1
41.177	391	1	1
41.319	392	2	1
41.461	393	4	1
41.532	394	1	1
41.604	395	3	1
41.675	396	2	1
41.746	397	1	1
41.746	398	4	1
41.888	399	3	1
42.030	400	2	1
42.173	401	4	1
42.315	402	1	1
42.457	403	2	1
42.599	404	4	1
42.742	405	3	1
42.884	406	2	1
43.026	407	1	1
43.168	408	3	1
43.311	409	2	1
43.453	410	4	1
43.595	411	1	1
43.737	412	3	1
43.879	413	2	1
44.022	414	1	1
44.164	415	3	1
44.306	416	2	1
44.448	417	4	1
44.591	418	1	1
44.733	419	2	1
44.875	420	4	1
45.017	421	3	1
45.160	422	2	1
45.302	423	1	1
45.444	424	4	1
45.586	425	3	1
45.729	426	2	1
45.871	427	2	1
46.013	428	1	1
46.155	429	4	1
46.298	430	2	1
46.298	431	3	1
46.582	432	1	1
46.582	433	2	1
46.867	434	4	1
47.009	435	2	1
47.151	436	3	1
47.293	437	1	1
47.436	438	3	1
47.436	439	4	1
47.720	440	1	1
47.720	441	4	1
48.005	442	1	1
48.005	443	2	1
48.289	444	4	1
48.431	445	1	1
48.574	446	2	1
48.858	447	3	1
48.858	448	4	1
49.143	449	1	1
49.143	450	2	1
49.427	451	3	1
49.569	452	4	1
49.712	453	1	1
49.712	454	2	1
49.854	455	3	1
49.996	456	1	1
50.067	457	2	1
50.138	458	3	1
50.210	459	4	1
50.281	460	2	1
50.352	461	3	1
50.423	462	1	1
50.494	463	2	1
50.565	464	4	1
50.707	465	2	1
50.850	466	1	1
50.850	467	4	1
50.992	468	2	1
51.134	469	1	1
51.276	470	2	1
51.419	471	1	1
51.561	472	2	1
51.703	473	1	1
51.845	474	2	1
51.988	475	1	1
51.988	476	4	1
52.059	477	3	1
52.130	478	2	1
52.201	479	4	1
52.272	480	1	1
52.343	481	2	1
52.414	482	4	1
52.485	483	3	1
52.557	484	1	1
52.628	485	2	1
52.699	486	3	1
52.770	487	4	1
52.841	488	1	1
52.912	489	2	1
52.983	490	4	1
53.054	491	3	1
53.126	492	1	1
53.126	493	2	1
53.268	494	4	1
53.410	495	2	1
53.552	496	1	1
53.695	497	4	1
53.837	498	3	1
53.979	499	2	1
54.121	500	1	1
54.264	501	2	1
54.264	502	3	1
54.406	503	4	1
54.548	504	2	1
54.690	505	1	1
54.833	506	3	1
54.975	507	4	1
55.117	508	1	1
55.259	509	2	1
55.402	510	3	1
55.402	511	4	1
55.686	512	1	1
55.686	513	2	1
55.971	514	4	1
56.113	515	2	1
56.255	516	3	1
56.397	517	1	1
56.540	518	3	1
56.540	519	4	1
56.824	520	1	1
56.824	521	4	1
57.109	522	1	1
57.109	523	2	1
57.393	524	4	1
57.535	525	1	1
57.678	526	2	1
57.962	527	3	1
57.962	528	4	1
58.246	529	1	1
58.246	530	2	1
58.531	531	3	1
58.673	532	4	1
58.815	533	1	1
58.815	534	2	1
58.958	535	3	1
59.100	536	1	1
59.171	537	2	1
59.242	538	3	1
59.313	539	4	1
59.384	540	2	1
59.456	541	3	1
59.527	542	1	1
59.598	543	2	1
59.669	544	4	1
59.811	545	2	1
59.953	546	1	1
59.953	547	4	1
60.096	548	2	1
60.238	549	1	1
60.380	550	2	1
60.522	551	1	1
60.665	552	2	1
60.807	553	1	1
60.949	554	2	1
61.091	555	1	1
61.163	556	3	1
61.234	557	2	1
61.305	558	4	1
61.376	559	1	1
61.447	560	2	1
61.518	561	4	1
61.589	562	3	1
61.660	563	1	1
61.732	564	2	1
61.803	565	3	1
61.874	566	4	1
61.945	567	1	1
62.016	568	2	1
62.087	569	4	1
62.158	570	3	1
62.229	571	1	1
62.372	572	4	1
62.514	573	2	1
62.656	574	1	1
62.798	575	4	1
62.941	576	3	1
63.083	577	2	1
63.225	578	1	1
63.367	579	4	1
63.439	580	2	1
63.510	581	3	1
63.581	582	1	1
63.652	583	4	1
63.723	584	2	1
63.794	585	1	1
63.865	586	3	1
63.936	587	2	1
64.008	588	1	1
64.079	589	4	1
64.150	590	3	1
64.221	591	1	1
64.292	592	2	1
64.363	593	4	1
64.434	594	3	1
64.505	595	1	1
64.505	596	2	1
65.074	597	4	1
65.643	598	1	1
66.212	599	4	1
66.781	600	2	1
66.781	601	3	1
67.350	602	4	1
67.919	603	1	1
68.488	604	1	1
68.631	605	2	1
68.773	606	4	1
68.844	607	2	1
68.915	608	3	1
68.986	609	1	1
69.057	610	2	1
69.057	611	4	1
69.342	612	3	1
69.626	613	1	1
69.911	614	2	1
70.195	615	1	1
70.195	616	3	1
70.480	617	4	1
70.764	618	1	1
71.049	619	3	1
71.333	620	1	1
71.333	621	2	1
71.476	622	4	1
71.618	623	1	1
71.760	624	2	1
71.902	625	3	1
71.902	626	4	1
72.045	627	1	1
72.187	628	2	1
72.329	629	4	1
72.471	630	1	1
72.471	631	2	1
72.542	632	4	1
72.613	633	3	1
72.685	634	2	1
72.756	635	1	1
72.756	636	4	1
72.827	637	3	1
72.898	638	2	1
72.969	639	1	1
73.040	640	3	1
73.040	641	4	1
73.111	642	2	1
73.182	643	1	1
73.254	644	4	1
73.325	645	2	1
73.325	646	3	1
73.396	647	1	1
73.467	648	3	1
73.538	649	4	1
73.609	650	1	1
73.609	651	2	1
73.751	652	3	1
73.894	653	2	1
74.036	654	3	1
74.036	655	4	1
74.178	656	1	1
74.320	657	2	1
74.320	658	3	1
74.463	659	4	1
74.605	660	3	1
74.747	661	2	1
74.747	662	4	1
74.889	663	1	1
75.032	664	3	1
75.174	665	2	1
75.316	666	4	1
75.458	667	1	1
75.601	668	3	1
75.743	669	2	1
75.885	670	1	1
75.885	671	4	1
76.027	672	3	1
76.170	673	2	1
76.312	674	3	1
76.312	675	4	1
76.454	676	1	1
76.596	677	2	1
76.596	678	3	1
76.739	679	4	1
76.881	680	3	1
77.023	681	2	1
77.023	682	4	1
77.165	683	1	1
77.308	684	4	1
77.450	685	3	1
77.592	686	1	1
77.734	687	2	1
77.877	688	3	1
78.019	689	4	1
78.161	690	1	1
78.161	691	2	1
78.303	692	3	1
78.446	693	2	1
78.588	694	3	1
78.588	695	4	1
78.730	696	1	1
78.872	697	2	1
78.872	698	3	1
79.015	699	4	1
79.157	700	3	1
79.299	701	2	1
79.299	702	4	1
79.441	703	1	1
79.584	704	3	1
79.726	705	2	1
79.868	706	4	1
80.010	707	1	1
80.153	708	3	1
80.295	709	2	1
80.437	710	1	1
80.437	711	4	1
80.579	712	3	1
80.722	713	2	1
80.864	714	3	1
80.864	715	4	1
81.006	716	1	1
81.148	717	2	1
81.148	718	3	1
81.291	719	4	1
81.433	720	3	1
81.575	721	1	1
81.575	722	2	1
81.646	723	4	1
81.717	724	2	1
81.788	725	3	1
81.860	726	1	1
81.931	727	2	1
82.002	728	4	1
82.073	729	3	1
82.144	730	2	1
82.215	731	1	1
82.286	732	3	1
82.357	733	2	1
82.429	734	1	1
82.500	735	4	1
82.571	736	3	1
82.642	737	2	1
82.713	738	1	1
82.713	739	4	1
82.855	740	3	1
82.998	741	2	1
83.140	742	3	1
83.140	743	4	1
83.282	744	1	1
83.424	745	2	1
83.424	746	3	1
83.567	747	4	1
83.709	748	3	1
83.851	749	2	1
83.851	750	4	1
83.993	751	1	1
84.136	752	3	1
84.278	753	2	1
84.420	754	4	1
84.562	755	1	1
84.705	756	3	1
84.847	757	2	1
84.989	758	1	1
84.989	759	4	1
85.131	760	3	1
85.274	761	2	1
85.416	762	3	1
85.416	763	4	1
85.558	764	1	1
85.700	765	2	1
85.700	766	3	1
85.843	767	4	1
85.985	768	3	1
86.127	769	2	1
86.127	770	4	1
86.269	771	1	1
86.412	772	4	1
86.554	773	3	1
86.696	774	1	1
86.838	775	2	1
86.980	776	3	1
87.123	777	4	1
87.265	778	1	1
87.265	779	2	1
87.407	780	3	1
87.549	781	2	1
87.692	782	3	1
87.692	783	4	1
87.834	784	1	1
87.976	785	2	1
87.976	786	3	1
88.118	787	4	1
88.261	788	3	1
88.403	789	2	1
88.403	790	4	1
88.545	791	1	1
88.687	792	3	1
88.830	793	2	1
88.972	794	4	1
89.114	795	1	1
89.256	796	3	1
89.399	797	2	1
89.541	798	1	1
89.541	799	4	1
89.683	800	3	1
89.825	801	2	1
89.968	802	3	1
89.968	803	4	1
90.110	804	1	1
90.252	805	2	1
90.252	806	3	1
90.394	807	4	1
90.537	808	3	1
90.679	809	1	1
90.679	810	2	1
90.750	811	4	1
90.821	812	2	1
90.892	813	3	1
90.963	814	1	1
91.035	815	2	1
91.106	816	4	1
91.177	817	3	1
91.248	818	2	1
91.319	819	1	1
91.390	820	3	1
91.461	821	2	1
91.532	822	1	1
91.604	823	4	1
91.675	824	3	1
91.746	825	2	1
91.817	826	1	1
91.817	827	4	1
91.959	828	3	1
92.101	829	2	1
92.244	830	3	1
92.244	831	4	1
92.386	832	1	1
92.528	833	2	1
92.528	834	3	1
92.670	835	4	1
92.813	836	3	1
92.955	837	1	1
92.955	838	2	1
93.026	839	4	1
93.097	840	1	1
93.168	841	2	1
93.239	842	4	1
93.311	843	3	1
93.382	844	1	1
93.453	845	2	1
93.524	846	4	1
93.595	847	3	1
93.666	848	2	1
93.737	849	1	1
93.808	850	2	1
93.879	851	4	1
93.951	852	3	1
94.022	853	2	1
94.093	854	1	1
94.093	855	4	1
94.235	856	3	1
94.377	857	2	1
94.520	858	3	1
94.520	859	4	1
94.662	860	1	1
94.804	861	2	1
94.804	862	3	1
94.946	863	4	1
95.089	864	3	1
95.231	865	1	1
95.231	866	4	1
95.302	867	3	1
95.373	868	2	1
95.444	869	1	1
95.515	870	4	1
95.586	871	3	1
95.658	872	2	1
95.729	873	1	1
95.800	874	4	1
95.871	875	3	1
95.942	876	2	1
96.013	877	1	1
96.084	878	4	1
96.155	879	3	1
96.227	880	2	1
96.298	881	1	1
96.369	882	3	1
96.369	883	4	1
96.511	884	1	1
96.653	885	2	1
96.796	886	3	1
96.796	887	4	1
96.938	888	1	1
97.080	889	2	1
97.080	890	3	1
97.222	891	4	1
97.365	892	3	1
97.507	893	1	1
97.507	894	4	1
97.578	895	3	1
97.649	896	2	1
97.720	897	4	1
97.791	898	3	1
97.862	899	2	1
97.934	900	4	1
98.005	901	3	1
98.076	902	2	1
98.147	903	4	1
98.218	904	3	1
98.289	905	2	1
98.360	906	4	1
98.431	907	3	1
98.503	908	2	1
98.574	909	4	1
98.645	910	2	1
98.645	911	3	1
98.787	912	1	1
98.929	913	2	1
99.072	914	3	1
99.072	915	4	1
99.214	916	1	1
99.356	917	2	1
99.356	918	3	1
99.498	919	4	1
99.641	920	3	1
99.783	921	1	1
99.783	922	2	1
99.854	923	4	1
99.925	924	2	1
99.996	925	3	1
100.067	926	1	1
100.138	927	2	1
100.210	928	4	1
100.281	929	3	1
100.352	930	2	1
100.423	931	1	1
100.494	932	3	1
100.565	933	2	1
100.636	934	1	1
100.707	935	4	1
100.779	936	3	1
100.850	937	1	1
100.921	938	2	1
100.921	939	3	1
101.205	940	1	1
101.205	941	2	1
101.490	942	4	1
101.632	943	2	1
101.774	944	3	1
101.916	945	1	1
102.059	946	3	1
102.059	947	4	1
102.343	948	1	1
102.343	949	4	1
102.628	950	1	1
102.628	951	2	1
102.912	952	3	1
103.054	953	1	1
103.197	954	2	1
103.481	955	3	1
103.481	956	4	1
103.766	957	1	1
103.766	958	2	1
104.050	959	3	1
104.192	960	4	1
104.335	961	1	1
104.335	962	2	1
104.477	963	3	1
104.619	964	1	1
104.690	965	2	1
104.761	966	3	1
104.833	967	4	1
104.904	968	2	1
104.975	969	3	1
105.046	970	1	1
105.117	971	2	1
105.188	972	4	1
105.330	973	2	1
105.473	974	1	1
105.473	975	4	1
105.615	976	2	1
105.757	977	1	1
105.899	978	2	1
106.042	979	1	1
106.184	980	2	1
106.326	981	1	1
106.468	982	2	1
106.611	983	1	1
106.611	984	4	1
106.682	985	3	1
106.753	986	2	1
106.824	987	4	1
106.895	988	1	1
106.966	989	2	1
107.037	990	4	1
107.109	991	3	1
107.180	992	1	1
107.251	993	2	1
107.322	994	3	1
107.393	995	4	1
107.464	996	1	1
107.535	997	2	1
107.606	998	4	1
107.678	999	3	1
107.749	1000	1	1
107.891	1001	4	1
108.033	1002	2	1
108.175	1003	1	1
108.318	1004	4	1
108.460	1005	3	1
108.602	1006	2	1
108.744	1007	1	1
108.887	1008	3	1
109.029	1009	4	1
109.171	1010	2	1
109.313	1011	1	1
109.456	1012	3	1
109.598	1013	4	1
109.740	1014	1	1
109.882	1015	4	1
110.025	1016	2	1
110.025	1017	3	1
110.309	1018	1	1
110.309	1019	2	1
110.594	1020	4	1
110.736	1021	2	1
110.878	1022	3	1
111.020	1023	1	1
111.163	1024	3	1
111.163	1025	4	1
111.447	1026	1	1
111.447	1027	4	1
111.732	1028	1	1
111.732	1029	2	1
112.016	1030	3	1
112.158	1031	1	1
112.301	1032	2	1
112.585	1033	3	1
112.585	1034	4	1
112.870	1035	1	1
112.870	1036	2	1
113.154	1037	1	1
113.296	1038	2	1
113.439	1039	4	1
113.510	1040	3	1
113.581	1041	2	1
113.652	1042	1	1
113.723	1043	4	1
113.794	1044	3	1
113.865	1045	2	1
113.936	1046	1	1
114.008	1047	4	1
114.079	1048	3	1
114.150	1049	2	1
114.221	1050	1	1
114.292	1051	4	1
114.363	1052	3	1
114.434	1053	2	1
114.505	1054	1	1
114.577	1055	3	1
114.577	1056	4	1
114.719	1057	2	1
114.861	1058	1	1
115.003	1059	2	1
115.145	1060	4	1
115.288	1061	2	1
115.430	1062	3	1
115.572	1063	1	1
115.714	1064	3	1
115.714	1065	4	1
115.999	1066	1	1
115.999	1067	4	1
116.283	1068	1	1
116.283	1069	2	1
116.568	1070	3	1
116.710	1071	1	1
116.852	1072	2	1
117.137	1073	3	1
117.137	1074	4	1
117.421	1075	1	1
117.421	1076	2	1
117.706	1077	3	1
117.848	1078	4	1
117.990	1079	1	1
117.990	1080	2	1
118.133	1081	3	1
118.275	1082	1	1
118.346	1083	2	1
118.417	1084	3	1
118.488	1085	4	1
118.559	1086	2	1
118.631	1087	3	1
118.702	1088	1	1
118.773	1089	2	1
118.844	1090	4	1
118.986	1091	2	1
119.128	1092	1	1
119.128	1093	4	1
119.200	1094	3	1
119.271	1095	2	1
119.342	1096	1	1
119.413	1097	3	1
119.484	1098	4	1
119.555	1099	2	1
119.626	1100	1	1
119.697	1101	3	1
119.769	1102	2	1
119.840	1103	4	1
119.911	1104	3	1
119.982	1105	1	1
120.053	1106	4	1
120.124	1107	2	1
120.195	1108	3	1
120.266	1109	1	1
120.409	1110	4	1
120.551	1111	2	1
120.693	1112	3	1
120.835	1113	4	1
120.978	1114	1	1
121.120	1115	3	1
121.262	1116	2	1
121.404	1117	1	1
121.404	1118	4	1
121.476	1119	3	1
121.547	1120	2	1
121.618	1121	1	1
121.689	1122	3	1
121.760	1123	4	1
121.831	1124	2	1
121.902	1125	1	1
121.973	1126	3	1
122.045	1127	2	1
122.116	1128	4	1
122.187	1129	3	1
122.258	1130	1	1
122.329	1131	4	1
122.400	1132	2	1
122.471	1133	3	1
122.542	1134	1	1
122.685	1135	4	1
122.827	1136	2	1
122.969	1137	3	1
123.111	1138	4	1
123.254	1139	1	1
123.396	1140	3	1
123.538	1141	2	1
123.680	1142	1	1
123.680	1143	4	1
123.751	1144	3	1
123.823	1145	2	1
123.894	1146	1	1
123.965	1147	3	1
124.036	1148	4	1
124.107	1149	2	1
124.178	1150	1	1
124.249	1151	3	1
124.320	1152	2	1
124.392	1153	4	1
124.463	1154	3	1
124.534	1155	1	1
124.605	1156	4	1
124.676	1157	2	1
124.747	1158	3	1
124.818	1159	1	1
124.818	1160	2	1
124.961	1161	4	1
125.103	1162	2	1
125.245	1163	3	1
125.387	1164	4	1
125.530	1165	1	1
125.672	1166	3	1
125.814	1167	2	1
125.956	1168	1	1
125.956	1169	4	1
126.027	1170	3	1
126.099	1171	2	1
126.170	1172	1	1
126.241	1173	3	1
126.312	1174	4	1
126.383	1175	2	1
126.454	1176	1	1
126.525	1177	3	1
126.525	1178	4	1
126.596	1179	2	1
126.668	1180	4	1
126.739	1181	3	1
126.810	1182	1	1
126.881	1183	4	1
126.952	1184	2	1
127.023	1185	3	1
127.094	1186	1	1
127.094	1187	4	1
127.165	1188	2	1
127.237	1189	4	1
127.308	1190	1	1
127.379	1191	2	1
127.379	1192	3	1
127.450	1193	4	1
127.521	1194	3	1
127.592	1195	1	1
127.663	1196	2	1
127.663	1197	4	1
127.734	1198	3	1
127.806	1199	1	1
127.877	1200	2	1
127.948	1201	1	1
127.948	1202	3	1
128.019	1203	4	1
128.090	1204	2	1
128.161	1205	1	1