Song Name	statemachine by keisei (feat. Hatsune Miku)
Difficulty	14
Primary Color	Chill
Secondary Color	Chill
Last Note Time	147.705
Total Notes	875
Fever Fill	238
Fever Time	22.155750
Long Notes	161
BPM	176
Song Length	148.188004535

Timing Points
0.774	340.9091


Song Data
0.774	1	1	1
0.774	2	4	1
1.114	3	4	1
1.455	4	4	1
1.796	5	4	1
1.967	6	2	1
1.967	7	3	1
2.137	8	1	1
2.478	9	1	1
2.819	10	1	1
3.160	11	1	1
3.501	12	3	1
3.501	13	4	1
3.842	14	3	1
4.183	15	3	1
4.524	16	3	1
4.694	17	1	1
4.694	18	4	1
4.864	19	2	1
5.205	20	2	1
5.546	21	2	1
5.887	22	2	1
6.228	23	1	1
6.228	24	4	1
6.569	25	1	1
6.910	26	1	1
7.251	27	1	1
7.421	28	2	1
7.421	29	3	1
7.592	30	4	1
7.933	31	4	1
8.274	32	4	1
8.614	33	4	1
8.955	34	1	1
8.955	35	2	1
9.296	36	2	1
9.637	37	2	1
9.978	38	2	1
10.149	39	1	1
10.149	40	4	1
10.319	41	3	1
10.660	42	3	1
11.001	43	3	1
11.342	44	1	1
11.342	45	4	1
11.683	46	3	1
11.683	47	4	1
12.024	48	1	1
12.024	49	4	1
12.364	50	4	1
12.535	51	1	1
12.535	52	2	1
12.705	53	3	1
12.705	54	4	1
13.046	55	1	1
13.046	56	4	1
13.387	57	1	1
13.387	58	3	1
13.728	59	1	1
13.899	60	3	1
13.899	61	4	1
14.069	62	1	1
14.069	63	2	1
14.410	64	2	1
14.410	65	3	1
14.751	66	3	1
14.751	67	4	1
15.092	68	3	1
15.262	69	1	1
15.262	70	4	1
15.433	71	2	1
15.433	72	3	1
15.774	73	1	1
15.944	74	3	1
16.114	75	1	1
16.114	76	2	1
16.285	77	4	1
16.455	78	3	2
16.796	79	1	1
16.796	80	2	2
17.137	81	1	1
17.137	82	4	1
17.137	83	2	3
17.137	84	3	3
17.478	85	3	1
17.649	86	2	1
17.819	87	3	2
18.160	88	4	1
18.160	89	3	3
18.330	90	1	2
18.671	91	4	1
18.671	92	1	3
18.842	93	3	1
19.012	94	1	1
19.183	95	2	1
19.353	96	3	1
19.524	97	1	1
19.524	98	4	2
19.864	99	1	1
19.864	100	4	3
20.205	101	4	1
20.376	102	2	1
20.546	103	4	2
20.887	104	2	1
20.887	105	4	3
21.058	106	1	1
21.228	107	3	1
21.399	108	4	1
21.569	109	2	1
21.739	110	3	1
21.910	111	1	1
22.080	112	4	1
22.251	113	1	2
22.251	114	2	1
22.592	115	4	1
22.592	116	1	3
22.933	117	2	1
23.103	118	3	1
23.274	119	1	2
23.614	120	4	1
23.614	121	1	3
23.785	122	2	1
23.955	123	3	1
24.126	124	4	1
24.296	125	2	1
24.467	126	1	1
24.637	127	4	1
24.808	128	3	1
24.978	129	2	1
25.149	130	3	1
25.319	131	1	1
25.319	132	4	1
25.660	133	1	1
25.660	134	4	2
26.171	135	3	1
26.342	136	1	1
26.342	137	2	1
26.342	138	4	3
26.683	139	3	1
26.853	140	2	1
27.024	141	3	1
27.024	142	4	1
27.535	143	3	1
27.705	144	1	1
27.705	145	2	1
28.046	146	1	1
28.046	147	4	1
28.387	148	2	1
28.558	149	3	1
28.728	150	2	2
29.069	151	1	1
29.069	152	2	3
29.239	153	4	2
29.580	154	1	1
29.580	155	4	3
29.751	156	2	1
29.921	157	4	1
30.092	158	3	1
30.262	159	2	1
30.433	160	1	2
30.433	161	4	1
30.774	162	4	1
30.774	163	1	3
31.114	164	1	1
31.285	165	3	1
31.455	166	1	2
31.796	167	4	2
31.796	168	1	3
32.137	169	2	1
32.137	170	4	3
32.308	171	1	1
32.478	172	3	1
32.649	173	2	1
32.819	174	4	2
33.160	175	2	2
33.160	176	3	1
33.160	177	4	3
33.501	178	1	1
33.501	179	2	3
33.842	180	3	1
34.012	181	2	1
34.183	182	4	2
34.524	183	1	1
34.524	184	4	3
34.694	185	3	2
35.035	186	1	1
35.035	187	3	3
35.205	188	4	1
35.376	189	3	1
35.546	190	1	1
35.717	191	2	1
35.887	192	3	1
36.058	193	2	1
36.228	194	1	1
36.228	195	4	1
36.569	196	1	2
36.569	197	4	1
37.080	198	2	1
37.251	199	3	1
37.251	200	4	1
37.251	201	1	3
37.592	202	2	1
37.762	203	3	1
37.933	204	1	1
37.933	205	2	1
38.103	206	4	1
38.444	207	2	1
38.614	208	3	1
38.614	209	4	1
38.955	210	1	1
38.955	211	2	1
39.296	212	1	1
39.296	213	4	1
39.637	214	1	1
39.808	215	3	1
39.808	216	4	1
39.978	217	1	1
39.978	218	2	1
40.319	219	1	1
40.319	220	4	1
40.660	221	2	1
40.660	222	4	1
41.001	223	4	1
41.171	224	1	1
41.171	225	2	1
41.342	226	3	1
41.342	227	4	1
41.683	228	2	1
41.683	229	3	1
42.024	230	1	1
42.024	231	2	1
42.364	232	2	1
42.535	233	3	1
42.535	234	4	1
42.705	235	1	1
42.705	236	2	1
43.046	237	3	1
43.217	238	2	1
43.387	239	3	1
43.387	240	4	1
43.728	241	3	1
43.899	242	1	1
43.899	243	4	1
44.069	244	2	1
44.069	245	3	1
44.410	246	2	1
44.410	247	4	1
44.751	248	1	1
44.751	249	4	1
45.092	250	4	1
45.262	251	1	1
45.262	252	2	1
45.433	253	3	1
45.433	254	4	1
45.774	255	1	1
45.774	256	4	1
46.114	257	1	1
46.114	258	3	1
46.455	259	1	1
46.626	260	3	1
46.626	261	4	1
46.796	262	1	1
46.796	263	2	1
47.137	264	2	1
47.137	265	3	1
47.478	266	3	1
47.478	267	4	1
47.819	268	3	1
47.989	269	1	1
47.989	270	2	1
48.160	271	3	1
48.160	272	4	1
48.501	273	2	2
48.671	274	3	1
48.671	275	2	3
48.842	276	1	1
48.842	277	2	2
49.012	278	4	1
49.012	279	2	3
49.183	280	1	2
49.524	281	3	1
49.524	282	4	2
49.864	283	2	1
49.864	284	3	1
49.864	285	1	3
49.864	286	4	3
50.205	287	2	1
50.376	288	2	1
50.546	289	3	2
50.887	290	1	1
50.887	291	3	3
51.058	292	4	1
51.228	293	4	1
51.399	294	1	1
51.569	295	2	1
51.739	296	4	1
51.910	297	3	1
52.080	298	2	1
52.251	299	1	2
52.251	300	4	1
52.592	301	4	1
52.592	302	1	3
52.933	303	2	1
53.103	304	2	1
53.274	305	1	2
53.614	306	3	1
53.614	307	1	3
53.785	308	4	1
53.955	309	4	1
54.126	310	1	1
54.296	311	3	1
54.467	312	2	1
54.637	313	4	1
54.808	314	1	1
54.978	315	3	1
54.978	316	4	2
55.319	317	1	1
55.319	318	4	3
55.660	319	3	1
55.830	320	3	1
56.001	321	4	2
56.342	322	1	1
56.342	323	4	3
56.512	324	1	1
56.683	325	4	1
56.853	326	2	1
57.024	327	3	1
57.194	328	4	1
57.364	329	1	1
57.535	330	2	1
57.705	331	3	1
57.876	332	2	1
58.046	333	1	1
58.046	334	4	1
58.387	335	1	2
58.387	336	4	1
58.899	337	2	1
59.069	338	3	1
59.069	339	4	1
59.069	340	1	3
59.410	341	2	1
59.580	342	3	1
59.751	343	1	1
59.751	344	2	1
60.262	345	2	1
60.433	346	3	1
60.433	347	4	1
60.774	348	1	1
60.774	349	4	1
61.114	350	3	1
61.285	351	3	1
61.455	352	2	2
61.796	353	4	1
61.796	354	2	3
61.967	355	1	1
62.137	356	1	1
62.308	357	4	1
62.478	358	3	1
62.649	359	1	1
62.819	360	2	1
62.989	361	3	1
63.160	362	1	1
63.160	363	4	2
63.501	364	1	1
63.501	365	4	3
63.842	366	3	1
64.012	367	3	1
64.183	368	4	2
64.524	369	2	1
64.524	370	4	3
64.694	371	1	1
64.864	372	1	1
65.035	373	4	1
65.205	374	2	1
65.376	375	3	1
65.546	376	1	1
65.717	377	4	1
65.887	378	1	2
65.887	379	2	1
66.228	380	4	1
66.228	381	1	3
66.569	382	2	1
66.739	383	2	1
66.910	384	1	2
67.251	385	4	1
67.251	386	1	3
67.421	387	4	1
67.592	388	1	1
67.762	389	3	1
67.933	390	2	1
68.103	391	3	2
68.444	392	4	2
68.444	393	3	3
68.614	394	2	1
68.614	395	4	3
68.785	396	3	1
68.955	397	1	1
68.955	398	4	1
69.296	399	1	1
69.296	400	4	2
69.808	401	3	1
69.978	402	1	1
69.978	403	2	1
69.978	404	4	3
70.319	405	3	2
70.489	406	2	1
70.489	407	3	3
70.660	408	3	2
70.660	409	4	1
70.830	410	1	1
70.830	411	3	3
71.001	412	4	2
71.342	413	1	2
71.342	414	2	1
71.683	415	2	2
71.683	416	3	1
71.683	417	1	3
71.683	418	4	3
72.024	419	1	1
72.024	420	2	3
72.194	421	4	2
72.535	422	3	1
72.535	423	4	3
72.705	424	1	2
72.705	425	4	1
73.046	426	2	1
73.387	427	4	1
73.387	428	1	3
73.558	429	4	1
73.728	430	2	1
73.899	431	3	1
74.069	432	1	1
74.069	433	2	1
74.410	434	3	2
74.751	435	4	1
74.751	436	3	3
74.921	437	1	2
75.262	438	2	1
75.262	439	1	3
75.433	440	1	1
75.433	441	4	2
75.774	442	2	1
75.944	443	3	1
76.114	444	1	1
76.114	445	2	1
76.114	446	4	3
76.626	447	3	1
76.796	448	1	1
76.796	449	4	1
77.137	450	2	2
77.478	451	1	1
77.478	452	2	3
77.649	453	4	2
77.989	454	2	1
77.989	455	4	3
78.160	456	1	2
78.160	457	4	1
78.501	458	2	1
78.842	459	4	1
78.842	460	1	3
79.012	461	2	2
79.353	462	3	1
79.353	463	2	3
79.524	464	1	1
79.694	465	4	1
79.864	466	3	2
80.205	467	1	1
80.717	468	4	1
80.887	469	1	1
80.887	470	2	1
80.887	471	3	3
81.228	472	3	1
81.399	473	2	1
81.569	474	3	1
81.569	475	4	1
82.080	476	4	1
82.251	477	1	1
82.251	478	2	1
82.592	479	2	1
82.592	480	3	2
82.933	481	4	1
82.933	482	3	3
83.103	483	1	2
83.444	484	2	1
83.444	485	1	3
83.614	486	1	1
83.614	487	4	2
83.955	488	3	1
84.296	489	1	1
84.296	490	4	3
84.467	491	1	1
84.637	492	3	1
84.808	493	2	1
84.978	494	3	1
84.978	495	4	1
85.319	496	2	2
85.660	497	1	1
85.660	498	2	3
85.830	499	4	2
86.171	500	3	1
86.171	501	4	3
86.342	502	1	2
86.342	503	4	1
86.683	504	3	1
86.853	505	2	1
87.024	506	3	1
87.024	507	4	1
87.024	508	1	3
87.535	509	2	1
87.705	510	1	1
87.705	511	4	1
88.046	512	3	2
88.387	513	4	1
88.387	514	3	3
88.558	515	1	2
88.899	516	3	1
88.899	517	1	3
89.069	518	1	1
89.069	519	4	2
89.410	520	3	1
89.751	521	1	1
89.751	522	4	3
89.921	523	3	2
90.262	524	2	1
90.262	525	3	3
90.433	526	4	1
90.603	527	1	1
90.774	528	2	2
91.114	529	4	1
91.626	530	1	1
91.796	531	3	1
91.796	532	4	1
91.796	533	2	3
92.137	534	4	2
92.308	535	1	1
92.308	536	4	3
92.478	537	3	1
92.478	538	4	2
92.649	539	2	1
92.649	540	4	3
92.819	541	3	2
93.160	542	1	1
93.160	543	2	2
93.501	544	1	1
93.501	545	4	2
93.501	546	2	3
93.501	547	3	3
93.842	548	3	1
93.842	549	4	3
94.183	550	1	1
94.353	551	2	2
94.694	552	3	1
94.694	553	2	3
94.864	554	1	1
95.035	555	4	1
95.205	556	4	1
95.376	557	2	1
95.546	558	3	2
95.887	559	2	1
95.887	560	3	3
96.228	561	1	1
96.228	562	4	2
96.569	563	3	1
96.739	564	2	2
96.739	565	4	3
97.080	566	3	1
97.251	567	1	2
97.251	568	4	1
97.251	569	2	3
97.592	570	3	1
97.762	571	2	1
97.933	572	3	1
97.933	573	4	1
97.933	574	1	3
98.444	575	2	1
98.614	576	1	1
98.614	577	4	1
98.785	578	3	1
98.955	579	1	2
99.296	580	4	1
99.296	581	1	3
99.637	582	2	1
99.808	583	3	2
100.149	584	2	1
100.149	585	3	3
100.319	586	4	1
100.489	587	1	1
100.660	588	1	1
100.830	589	3	1
101.001	590	2	2
101.342	591	4	1
101.342	592	2	3
101.683	593	1	2
102.024	594	3	1
102.194	595	4	2
102.194	596	1	3
102.535	597	2	1
102.705	598	1	1
103.046	599	1	2
103.046	600	4	3
103.217	601	3	1
103.217	602	1	3
103.387	603	1	2
103.387	604	2	1
103.558	605	4	1
103.558	606	1	3
103.728	607	2	2
104.069	608	3	2
104.069	609	4	1
104.410	610	1	2
104.410	611	4	1
104.410	612	2	3
104.410	613	3	3
104.751	614	2	1
104.751	615	1	3
105.092	616	4	1
105.262	617	3	2
105.603	618	2	1
105.603	619	3	3
105.774	620	4	1
105.944	621	1	1
106.114	622	1	1
106.285	623	3	1
106.455	624	2	2
106.796	625	3	1
106.796	626	2	3
107.137	627	1	2
107.137	628	4	1
107.478	629	2	1
107.649	630	3	2
107.649	631	1	3
107.989	632	2	1
108.160	633	1	1
108.160	634	4	2
108.160	635	3	3
108.501	636	2	1
108.671	637	3	1
108.842	638	1	1
108.842	639	2	1
108.842	640	4	3
109.353	641	3	1
109.524	642	1	1
109.524	643	4	1
109.694	644	2	1
109.864	645	4	2
110.205	646	1	1
110.205	647	4	3
110.546	648	3	1
110.717	649	2	2
111.058	650	3	1
111.058	651	2	3
111.228	652	1	1
111.399	653	4	1
111.569	654	4	1
111.739	655	2	1
111.910	656	3	2
112.251	657	1	1
112.251	658	3	3
112.592	659	4	2
112.933	660	2	1
113.103	661	1	2
113.103	662	4	3
113.444	663	3	1
113.614	664	4	1
113.955	665	4	2
113.955	666	1	3
114.126	667	2	1
114.126	668	4	3
114.296	669	3	1
114.296	670	4	2
114.467	671	1	1
114.467	672	4	3
114.637	673	3	2
114.978	674	2	2
115.319	675	1	1
115.319	676	4	1
115.319	677	2	3
115.319	678	3	3
115.489	679	1	2
115.660	680	3	1
115.660	681	1	3
115.830	682	4	2
116.171	683	1	1
116.171	684	4	3
116.342	685	3	1
116.512	686	2	2
116.853	687	4	1
116.853	688	2	3
117.024	689	1	1
117.194	690	2	1
117.364	691	3	2
117.705	692	1	1
117.705	693	4	1
117.705	694	3	3
117.876	695	2	1
118.046	696	4	1
118.217	697	4	2
118.558	698	1	2
118.558	699	4	3
118.899	700	3	1
118.899	701	1	3
119.069	702	1	1
119.239	703	2	2
119.580	704	4	1
119.580	705	2	3
119.751	706	2	1
119.921	707	3	1
120.092	708	4	2
120.433	709	1	1
120.433	710	2	1
120.433	711	4	3
120.603	712	3	1
120.774	713	1	2
121.114	714	3	1
121.114	715	4	1
121.114	716	1	3
121.455	717	4	2
121.796	718	1	2
121.796	719	2	1
121.796	720	4	3
122.137	721	3	2
122.137	722	1	3
122.478	723	2	2
122.478	724	4	1
122.478	725	3	3
122.819	726	1	2
122.819	727	2	3
123.160	728	3	1
123.160	729	4	2
123.160	730	1	3
123.501	731	1	2
123.501	732	4	3
123.842	733	2	2
123.842	734	4	1
123.842	735	1	3
124.183	736	3	2
124.183	737	2	3
124.524	738	1	1
124.524	739	4	1
124.524	740	3	3
124.694	741	2	1
124.864	742	4	2
125.035	743	3	1
125.035	744	4	3
125.205	745	1	2
125.205	746	2	1
125.376	747	3	1
125.376	748	1	3
125.546	749	4	2
125.887	750	1	2
125.887	751	2	1
126.228	752	2	1
126.228	753	3	2
126.228	754	1	3
126.228	755	4	3
126.569	756	4	1
126.569	757	3	3
126.739	758	1	2
127.080	759	4	1
127.080	760	1	3
127.251	761	2	1
127.421	762	3	2
127.762	763	1	1
127.762	764	3	3
127.933	765	4	1
128.103	766	3	1
128.274	767	2	2
128.614	768	1	1
128.614	769	4	1
128.614	770	2	3
128.785	771	3	1
128.955	772	1	1
129.126	773	1	2
129.467	774	4	2
129.467	775	1	3
129.808	776	2	1
129.808	777	4	3
129.978	778	4	1
130.149	779	3	2
130.489	780	1	1
130.489	781	3	3
130.660	782	3	1
130.830	783	2	1
131.001	784	1	2
131.342	785	3	1
131.342	786	4	1
131.342	787	1	3
131.512	788	2	1
131.683	789	4	2
132.024	790	4	3
132.364	791	1	2
132.705	792	4	1
132.705	793	1	3
133.046	794	2	2
133.387	795	3	1
133.387	796	2	3
133.728	797	4	2
134.069	798	1	2
134.069	799	4	3
134.410	800	4	2
134.410	801	1	3
134.751	802	3	1
134.751	803	4	3
135.092	804	2	2
135.433	805	1	1
135.433	806	2	3
135.774	807	1	2
136.455	808	4	2
136.796	809	3	2
137.137	810	2	2
137.137	811	1	3
137.137	812	3	3
137.137	813	4	3
137.478	814	2	3
137.649	815	3	2
137.989	816	3	3
138.160	817	2	2
138.330	818	3	2
138.501	819	1	1
138.501	820	2	3
138.501	821	3	3
138.671	822	4	2
139.012	823	1	2
139.012	824	4	3
139.353	825	3	1
139.524	826	4	1
139.524	827	1	3
139.694	828	1	1
139.864	829	3	2
140.205	830	3	3
140.376	831	2	2
140.717	832	2	3
140.887	833	3	2
141.058	834	2	2
141.228	835	4	1
141.228	836	2	3
141.228	837	3	3
141.399	838	1	2
141.739	839	4	2
142.080	840	3	1
142.251	841	2	1
142.251	842	1	3
142.251	843	4	3
142.421	844	3	1
142.592	845	4	2
142.933	846	4	3
143.103	847	1	2
143.444	848	1	3
143.614	849	4	2
143.785	850	3	2
143.955	851	1	1
143.955	852	3	3
143.955	853	4	3
144.126	854	2	2
144.467	855	3	2
144.467	856	2	3
144.808	857	1	1
144.978	858	4	1
144.978	859	3	3
145.149	860	2	1
145.319	861	1	2
145.660	862	1	3
145.830	863	4	2
146.171	864	4	3
146.342	865	1	2
146.512	866	2	2
146.683	867	4	1
146.683	868	1	3
146.683	869	2	3
146.853	870	3	2
147.194	871	2	2
147.705	872	1	1
147.705	873	4	1
147.705	874	2	3
147.705	875	3	3