Song Name	The Silentroom Collection [EXTENDED CUT] by Silentroom (Arranged by radioactive_am0 and poscle)
Difficulty	26
Primary Color	Rush
Secondary Color	Rush
Last Note Time	271.172
Total Notes	2495
Fever Fill	706
Fever Time	40.675800
Long Notes	377
BPM	185
Song Length	272.305532880

Timing Points
0.725	300.0000
0.725	300.0000
39.125	300.0000
39.125	344.8276
60.849	343.3476
60.849	343.3476
71.913	346.8208
71.913	346.8208
93.607	346.8208
93.607	344.8276
94.247	343.3476
94.247	343.3476
116.238	343.3476
116.238	342.8571
132.695	348.8372
132.695	348.8372
155.020	342.8571
155.020	342.8571
165.991	348.8372
165.991	348.8372
188.292	343.3476
188.292	343.3476
217.458	285.7143
217.458	285.7143


Song Data
0.725	1	1	1
0.725	2	3	1
0.725	3	4	1
1.025	4	1	1
1.325	5	3	1
1.325	6	4	1
1.475	7	2	1
3.125	8	1	1
3.125	9	2	1
3.125	10	4	1
3.425	11	4	1
3.725	12	1	1
3.725	13	2	1
3.875	14	3	1
4.325	15	4	1
4.775	16	1	1
5.075	17	2	1
5.525	18	1	1
5.525	19	3	1
5.525	20	4	1
5.825	21	1	1
6.125	22	3	1
6.125	23	4	1
6.275	24	2	1
6.725	25	4	1
7.175	26	1	1
7.475	27	3	1
7.925	28	1	1
7.925	29	2	1
7.925	30	4	1
8.225	31	4	1
8.525	32	1	1
8.525	33	2	1
8.675	34	3	1
9.125	35	4	1
9.275	36	3	1
9.425	37	1	1
9.575	38	2	1
9.725	39	4	1
9.875	40	3	1
10.025	41	1	1
10.175	42	2	1
10.325	43	1	1
10.325	44	3	1
10.325	45	4	1
10.625	46	1	1
10.925	47	3	1
10.925	48	4	1
11.075	49	2	1
11.225	50	1	1
11.225	51	4	1
11.525	52	1	1
11.525	53	4	1
11.975	54	1	1
11.975	55	2	1
12.275	56	3	1
12.425	57	2	1
12.425	58	4	1
12.725	59	1	1
12.725	60	2	1
12.725	61	4	1
13.025	62	4	1
13.325	63	1	1
13.325	64	2	1
13.475	65	3	1
13.625	66	1	1
13.625	67	4	1
13.925	68	1	1
13.925	69	4	1
14.375	70	3	1
14.375	71	4	1
14.675	72	1	1
14.825	73	2	1
14.825	74	3	1
15.125	75	1	1
15.125	76	3	1
15.125	77	4	1
15.425	78	1	1
15.725	79	3	1
15.725	80	4	1
15.875	81	2	1
16.025	82	1	1
16.025	83	4	1
16.325	84	1	1
16.325	85	4	1
16.775	86	1	1
16.775	87	2	1
17.075	88	3	1
17.225	89	2	1
17.225	90	4	1
17.525	91	1	1
17.525	92	2	1
17.525	93	4	1
17.825	94	3	1
17.975	95	2	1
18.125	96	1	1
18.125	97	4	1
18.275	98	3	1
18.425	99	1	1
18.425	100	2	1
18.725	101	4	2
18.875	102	4	3
19.025	103	1	2
19.175	104	2	2
19.175	105	1	3
19.325	106	4	2
19.325	107	2	3
19.475	108	3	2
19.475	109	4	3
19.625	110	2	2
19.625	111	3	3
19.775	112	1	2
19.775	113	2	3
19.925	114	2	2
19.925	115	3	1
19.925	116	4	2
19.925	117	1	3
20.225	118	3	1
20.225	119	2	3
20.225	120	4	3
20.525	121	1	1
20.525	122	3	1
20.825	123	2	2
20.825	124	3	1
20.825	125	4	2
21.125	126	1	1
21.125	127	2	3
21.125	128	4	3
21.425	129	1	1
21.725	130	4	1
22.025	131	1	1
22.175	132	2	1
22.325	133	4	1
22.475	134	3	1
22.625	135	2	1
22.925	136	1	1
22.925	137	3	1
23.225	138	2	2
23.225	139	3	1
23.225	140	4	2
23.525	141	1	1
23.525	142	2	3
23.525	143	4	3
23.825	144	2	1
24.125	145	4	1
24.275	146	3	1
24.425	147	1	1
24.425	148	2	1
24.575	149	3	1
24.575	150	4	1
24.725	151	2	2
24.725	152	3	1
24.725	153	4	2
25.025	154	3	1
25.025	155	2	3
25.025	156	4	3
25.325	157	1	1
25.325	158	3	1
25.625	159	2	2
25.625	160	3	1
25.625	161	4	2
25.925	162	1	1
25.925	163	2	3
25.925	164	4	3
26.225	165	1	1
26.525	166	4	1
26.825	167	1	1
26.975	168	2	1
27.125	169	4	1
27.275	170	3	1
27.425	171	2	1
27.725	172	1	1
28.025	173	4	1
28.175	174	3	1
28.325	175	2	1
28.625	176	1	1
28.925	177	3	1
29.075	178	2	1
29.225	179	1	1
29.225	180	4	1
29.525	181	1	1
29.525	182	2	1
29.825	183	4	1
30.125	184	2	1
30.125	185	3	1
30.425	186	1	1
30.575	187	4	1
30.725	188	1	1
30.725	189	2	1
31.025	190	4	1
31.325	191	2	1
31.325	192	3	1
31.625	193	4	1
31.925	194	1	1
31.925	195	2	1
32.075	196	3	1
32.225	197	2	1
32.375	198	1	1
32.525	199	3	1
32.525	200	4	1
32.825	201	3	1
33.125	202	1	1
33.125	203	2	1
33.275	204	3	1
33.425	205	1	1
33.725	206	1	1
33.725	207	4	1
33.875	208	3	1
34.025	209	2	1
34.175	210	1	1
34.325	211	3	1
34.325	212	4	1
34.400	213	1	1
34.475	214	2	1
34.550	215	3	1
34.625	216	4	1
34.700	217	1	1
34.775	218	2	1
34.850	219	3	1
34.925	220	4	1
35.000	221	2	1
35.075	222	1	1
35.150	223	3	1
35.225	224	4	1
35.300	225	2	1
35.375	226	1	1
35.450	227	3	1
35.525	228	4	1
35.600	229	1	1
35.675	230	2	1
35.750	231	4	1
35.825	232	3	1
35.900	233	2	1
35.975	234	1	1
36.050	235	4	1
36.125	236	3	1
36.200	237	2	1
36.275	238	1	1
36.350	239	4	1
36.425	240	3	1
36.500	241	1	1
36.575	242	2	1
36.650	243	3	1
36.725	244	4	1
36.875	245	1	1
37.025	246	4	1
37.175	247	1	1
37.325	248	4	1
37.625	249	1	1
37.775	250	2	1
37.925	251	3	1
38.225	252	1	1
38.525	253	3	1
38.525	254	4	1
38.825	255	1	1
38.825	256	2	1
39.125	257	1	1
39.125	258	2	1
39.125	259	4	2
39.412	260	3	2
39.814	261	1	2
39.814	262	2	2
39.814	263	3	3
39.814	264	4	3
40.159	265	3	1
40.159	266	4	1
40.159	267	1	3
40.159	268	2	3
40.504	269	1	2
40.504	270	3	1
40.504	271	4	1
40.791	272	2	2
40.964	273	3	1
41.193	274	3	2
41.193	275	4	2
41.193	276	1	3
41.193	277	2	3
41.538	278	1	1
41.538	279	2	1
41.538	280	3	3
41.538	281	4	3
41.883	282	1	2
41.883	283	2	1
41.883	284	3	1
42.170	285	4	2
42.573	286	2	2
42.573	287	3	2
42.573	288	1	3
42.573	289	4	3
42.918	290	1	1
42.918	291	4	1
42.918	292	2	3
42.918	293	3	3
43.262	294	2	1
43.262	295	3	1
43.262	296	4	2
43.550	297	1	2
43.722	298	2	1
43.952	299	2	2
43.952	300	3	2
43.952	301	1	3
43.952	302	4	3
44.297	303	1	1
44.297	304	4	1
44.297	305	2	3
44.297	306	3	3
44.642	307	1	1
44.642	308	2	2
44.642	309	4	1
44.929	310	4	2
45.331	311	1	2
45.331	312	3	2
45.331	313	2	3
45.331	314	4	3
45.676	315	2	1
45.676	316	4	1
45.676	317	1	3
45.676	318	3	3
46.021	319	1	1
46.021	320	3	2
46.021	321	4	1
46.308	322	1	2
46.481	323	4	1
46.711	324	2	2
46.711	325	4	2
46.711	326	1	3
46.711	327	3	3
47.056	328	1	1
47.056	329	3	1
47.056	330	2	3
47.056	331	4	3
47.400	332	1	1
47.400	333	2	1
47.400	334	3	2
47.688	335	4	2
48.090	336	1	2
48.090	337	2	2
48.090	338	3	3
48.090	339	4	3
48.435	340	3	1
48.435	341	4	1
48.435	342	1	3
48.435	343	2	3
48.780	344	2	2
48.780	345	3	1
48.780	346	4	1
49.067	347	1	2
49.239	348	4	1
49.469	349	3	2
49.469	350	4	2
49.469	351	1	3
49.469	352	2	3
49.728	353	3	3
49.728	354	4	3
49.814	355	1	2
49.814	356	3	1
49.814	357	4	1
49.900	358	2	1
49.987	359	4	1
50.159	360	2	1
50.159	361	3	2
50.159	362	1	3
50.331	363	1	2
50.331	364	3	3
50.504	365	4	2
50.504	366	1	3
50.676	367	2	1
50.849	368	1	1
50.849	369	3	2
50.849	370	4	3
51.021	371	1	2
51.021	372	3	3
51.193	373	2	2
51.193	374	1	3
51.366	375	3	1
51.538	376	1	1
51.538	377	4	2
51.538	378	2	3
51.711	379	1	2
51.711	380	4	3
51.883	381	3	2
51.883	382	1	3
52.056	383	2	1
52.228	384	2	2
52.228	385	4	1
52.228	386	3	3
52.400	387	1	2
52.400	388	2	3
52.573	389	4	2
52.573	390	1	3
52.745	391	1	1
52.918	392	2	2
52.918	393	3	1
52.918	394	4	3
53.090	395	3	2
53.090	396	2	3
53.262	397	1	2
53.262	398	3	3
53.435	399	3	1
53.607	400	2	2
53.607	401	4	1
53.607	402	1	3
53.780	403	3	2
53.780	404	2	3
53.952	405	4	2
53.952	406	3	3
54.124	407	1	1
54.297	408	2	2
54.297	409	3	1
54.297	410	4	3
54.469	411	1	2
54.469	412	2	3
54.642	413	3	2
54.642	414	1	3
54.814	415	4	1
54.987	416	1	1
54.987	417	2	2
54.987	418	3	3
55.159	419	4	2
55.159	420	2	3
55.331	421	1	2
55.331	422	4	3
55.418	423	1	3
55.504	424	1	2
55.590	425	1	3
55.676	426	2	2
55.676	427	4	1
55.762	428	2	3
55.849	429	2	2
55.935	430	2	3
56.021	431	3	2
56.107	432	3	3
56.193	433	3	2
56.280	434	3	3
56.366	435	1	1
56.366	436	4	2
56.452	437	4	3
56.538	438	4	2
56.624	439	4	3
56.711	440	2	2
56.797	441	2	3
56.883	442	2	2
56.969	443	2	3
57.056	444	1	1
57.056	445	3	2
57.142	446	3	3
57.228	447	3	2
57.314	448	3	3
57.400	449	1	2
57.487	450	1	3
57.573	451	1	2
57.659	452	1	3
57.745	453	2	1
57.745	454	4	2
57.831	455	4	3
57.918	456	4	2
58.004	457	4	3
58.090	458	1	1
58.176	459	2	1
58.262	460	4	1
58.349	461	3	1
58.435	462	1	1
58.435	463	2	1
58.521	464	4	1
58.607	465	3	1
58.693	466	2	1
58.780	467	1	1
58.866	468	3	1
58.952	469	4	1
59.038	470	1	1
59.124	471	2	1
59.124	472	3	1
59.211	473	4	1
59.297	474	1	1
59.383	475	2	1
59.469	476	4	2
59.814	477	3	2
60.159	478	2	2
60.504	479	1	2
60.504	480	2	3
60.504	481	3	3
60.504	482	4	3
60.590	483	4	2
60.762	484	1	3
60.762	485	4	3
60.849	486	1	1
60.849	487	2	1
60.934	488	3	1
61.020	489	4	1
61.106	490	2	1
61.192	491	1	1
61.192	492	4	1
61.364	493	2	1
61.535	494	4	1
61.621	495	3	1
61.707	496	2	1
61.793	497	1	1
61.879	498	3	1
61.879	499	4	1
62.050	500	2	1
62.222	501	1	1
62.308	502	3	1
62.394	503	2	1
62.479	504	4	1
62.565	505	2	1
62.565	506	3	1
62.737	507	1	1
62.909	508	3	1
62.994	509	2	1
63.080	510	1	1
63.166	511	4	1
63.252	512	1	1
63.252	513	3	1
63.424	514	2	1
63.595	515	4	1
63.681	516	1	1
63.767	517	2	1
63.853	518	3	1
63.939	519	1	1
63.939	520	4	1
64.110	521	2	1
64.282	522	4	1
64.368	523	2	1
64.454	524	4	1
64.539	525	1	1
64.625	526	2	1
64.625	527	3	1
64.797	528	4	1
64.969	529	1	1
65.055	530	2	1
65.140	531	4	1
65.226	532	3	1
65.312	533	1	1
65.312	534	2	1
65.484	535	4	1
65.655	536	1	1
65.741	537	2	1
65.827	538	3	1
65.913	539	1	1
65.999	540	2	1
65.999	541	4	1
66.170	542	1	1
66.256	543	4	1
66.342	544	1	1
66.342	545	2	1
66.514	546	1	1
66.514	547	2	1
66.685	548	1	1
66.685	549	2	1
66.857	550	1	1
66.857	551	2	1
67.029	552	3	1
67.029	553	4	1
67.200	554	3	1
67.200	555	4	1
67.372	556	3	1
67.372	557	4	1
67.544	558	3	1
67.544	559	4	1
67.715	560	1	1
67.715	561	4	1
67.887	562	1	1
67.887	563	4	1
68.059	564	1	1
68.059	565	4	1
68.230	566	1	1
68.230	567	4	1
68.402	568	2	1
68.402	569	3	1
68.574	570	2	1
68.574	571	3	1
68.745	572	2	1
68.745	573	3	1
68.917	574	2	1
68.917	575	3	1
69.089	576	1	1
69.089	577	4	1
69.175	578	2	1
69.261	579	3	1
69.346	580	4	1
69.432	581	1	1
69.518	582	2	1
69.604	583	3	1
69.690	584	4	1
69.776	585	1	1
69.861	586	2	1
69.947	587	3	1
70.033	588	4	1
70.119	589	1	1
70.205	590	2	1
70.291	591	3	1
70.376	592	4	1
70.462	593	1	2
70.634	594	2	1
70.806	595	3	1
70.977	596	4	2
71.149	597	2	2
71.149	598	3	2
71.149	599	1	3
71.492	600	1	2
71.750	601	1	3
71.750	602	2	3
71.913	603	1	1
71.913	604	2	1
71.913	605	3	3
71.913	606	4	3
72.086	607	3	1
72.259	608	1	1
72.259	609	4	1
72.433	610	3	1
72.519	611	1	2
72.519	612	2	1
72.693	613	3	1
72.693	614	4	1
72.693	615	1	3
72.780	616	2	2
72.953	617	1	1
72.953	618	4	1
72.953	619	2	3
73.126	620	3	1
73.213	621	1	1
73.213	622	2	1
73.300	623	3	2
73.300	624	4	1
73.473	625	2	2
73.647	626	1	1
73.647	627	4	1
73.647	628	2	3
73.647	629	3	3
73.820	630	3	1
73.907	631	1	1
73.907	632	2	1
74.080	633	2	1
74.080	634	3	1
74.167	635	1	1
74.254	636	4	1
74.340	637	1	1
74.340	638	2	2
74.514	639	3	2
74.514	640	2	3
74.600	641	1	1
74.687	642	2	1
74.687	643	4	1
74.687	644	3	3
74.860	645	1	1
75.034	646	2	1
75.034	647	4	1
75.207	648	3	1
75.294	649	1	2
75.294	650	2	1
75.467	651	3	1
75.467	652	4	1
75.467	653	1	3
75.554	654	2	2
75.728	655	1	1
75.728	656	4	1
75.728	657	2	3
75.901	658	3	1
75.988	659	1	1
75.988	660	2	1
76.074	661	3	2
76.074	662	4	1
76.248	663	2	2
76.421	664	1	1
76.421	665	4	1
76.421	666	2	3
76.421	667	3	3
76.595	668	3	1
76.681	669	1	1
76.681	670	2	1
76.855	671	3	1
76.855	672	4	1
77.028	673	2	1
77.115	674	1	1
77.115	675	4	1
77.202	676	3	1
77.288	677	4	1
77.375	678	1	1
77.375	679	2	1
77.462	680	3	2
77.462	681	4	1
77.635	682	2	2
77.808	683	1	1
77.808	684	4	1
77.808	685	2	3
77.808	686	3	3
77.982	687	3	1
78.069	688	1	1
78.069	689	2	2
78.242	690	3	1
78.242	691	4	1
78.242	692	2	3
78.329	693	1	2
78.502	694	2	1
78.502	695	4	1
78.502	696	1	3
78.676	697	1	1
78.762	698	3	1
78.762	699	4	1
78.849	700	1	1
78.849	701	2	2
79.022	702	3	2
79.196	703	1	2
79.196	704	4	1
79.196	705	2	3
79.196	706	3	3
79.369	707	2	1
79.369	708	1	3
79.456	709	3	1
79.456	710	4	1
79.543	711	1	1
79.629	712	2	1
79.629	713	3	1
79.716	714	4	2
79.889	715	1	1
79.889	716	2	2
79.889	717	4	3
80.063	718	3	2
80.063	719	2	3
80.149	720	1	1
80.236	721	2	2
80.236	722	4	1
80.236	723	3	3
80.410	724	3	2
80.583	725	1	1
80.583	726	4	1
80.583	727	2	3
80.583	728	3	3
80.756	729	3	1
80.843	730	1	2
80.843	731	2	1
81.017	732	3	1
81.017	733	4	1
81.017	734	1	3
81.103	735	2	2
81.277	736	1	1
81.277	737	4	1
81.277	738	2	3
81.450	739	3	1
81.537	740	1	1
81.537	741	2	1
81.623	742	3	2
81.623	743	4	1
81.797	744	2	2
81.970	745	1	1
81.970	746	4	1
81.970	747	2	3
81.970	748	3	3
82.144	749	3	1
82.230	750	1	1
82.230	751	2	1
82.404	752	3	1
82.404	753	4	1
82.491	754	1	2
82.664	755	2	2
82.664	756	4	1
82.837	757	3	2
82.837	758	1	3
83.011	759	1	1
83.011	760	4	1
83.011	761	2	3
83.011	762	3	3
83.184	763	2	1
83.184	764	3	1
83.358	765	1	1
83.358	766	4	1
83.531	767	3	1
83.618	768	1	2
83.618	769	2	1
83.791	770	3	1
83.791	771	4	1
83.791	772	1	3
83.878	773	2	2
84.051	774	1	1
84.051	775	4	1
84.051	776	2	3
84.225	777	3	1
84.311	778	1	1
84.311	779	2	1
84.398	780	3	2
84.398	781	4	1
84.571	782	2	2
84.745	783	1	1
84.745	784	4	1
84.745	785	2	3
84.745	786	3	3
84.918	787	3	1
85.005	788	1	1
85.005	789	2	1
85.178	790	2	1
85.178	791	3	1
85.265	792	1	1
85.352	793	4	1
85.439	794	1	1
85.439	795	2	2
85.612	796	3	2
85.612	797	2	3
85.699	798	1	1
85.785	799	2	1
85.785	800	4	1
85.785	801	3	3
85.959	802	1	1
86.132	803	2	1
86.132	804	4	1
86.306	805	3	1
86.392	806	1	2
86.392	807	2	1
86.566	808	3	1
86.566	809	4	1
86.566	810	1	3
86.652	811	2	2
86.826	812	1	1
86.826	813	4	1
86.826	814	2	3
86.999	815	3	1
87.086	816	1	1
87.086	817	2	1
87.173	818	3	2
87.173	819	4	1
87.346	820	2	2
87.519	821	1	1
87.519	822	4	1
87.519	823	2	3
87.519	824	3	3
87.693	825	3	1
87.780	826	1	1
87.780	827	2	1
87.953	828	3	1
87.953	829	4	1
88.126	830	2	1
88.213	831	1	1
88.213	832	4	1
88.300	833	3	1
88.386	834	4	1
88.473	835	1	1
88.473	836	2	1
88.560	837	3	2
88.560	838	4	1
88.733	839	2	2
88.907	840	1	1
88.907	841	4	2
88.907	842	2	3
88.907	843	3	3
89.080	844	3	1
89.080	845	4	3
89.167	846	1	1
89.167	847	2	2
89.340	848	3	1
89.340	849	4	1
89.340	850	2	3
89.427	851	1	2
89.600	852	2	1
89.600	853	4	1
89.600	854	1	3
89.774	855	1	1
89.860	856	3	1
89.860	857	4	1
89.947	858	1	1
89.947	859	2	2
90.121	860	3	2
90.294	861	1	2
90.294	862	4	1
90.294	863	2	3
90.294	864	3	3
90.467	865	2	1
90.467	866	1	3
90.554	867	3	1
90.554	868	4	1
90.641	869	1	1
90.728	870	2	1
90.728	871	3	1
90.814	872	4	2
90.901	873	3	1
90.988	874	1	1
90.988	875	2	2
90.988	876	4	3
91.161	877	3	2
91.161	878	2	3
91.248	879	1	1
91.334	880	2	2
91.334	881	4	1
91.334	882	3	3
91.508	883	3	2
91.681	884	1	1
91.681	885	4	1
91.681	886	2	3
91.681	887	3	3
91.855	888	2	1
91.941	889	1	1
91.941	890	3	2
92.028	891	2	2
92.115	892	4	1
92.115	893	2	3
92.115	894	3	3
92.202	895	1	2
92.288	896	2	2
92.375	897	3	1
92.375	898	4	2
92.375	899	1	3
92.375	900	2	3
92.462	901	2	2
92.548	902	1	2
92.548	903	4	3
92.635	904	3	1
92.635	905	2	3
92.722	906	2	1
92.722	907	4	1
92.722	908	1	3
92.895	909	2	2
92.982	910	3	2
93.069	911	1	1
93.069	912	4	1
93.069	913	2	3
93.069	914	3	3
93.242	915	3	1
93.329	916	1	1
93.329	917	2	1
93.415	918	4	1
93.502	919	2	1
93.607	920	3	1
93.693	921	2	1
93.779	922	1	1
93.865	923	3	1
93.951	924	4	1
94.038	925	2	1
94.124	926	3	1
94.247	927	1	1
94.247	928	2	1
94.247	929	4	1
94.590	930	2	1
94.590	931	3	1
94.847	932	1	1
94.847	933	3	1
95.019	934	1	1
95.019	935	3	1
95.277	936	2	1
95.277	937	4	1
95.448	938	3	1
95.534	939	2	1
95.620	940	1	1
95.620	941	4	1
95.792	942	1	1
95.792	943	2	1
95.877	944	3	1
95.963	945	2	1
95.963	946	4	1
96.135	947	1	1
96.221	948	3	1
96.221	949	4	1
96.478	950	1	1
96.478	951	4	1
96.650	952	2	1
96.650	953	3	1
96.822	954	1	1
96.822	955	4	1
96.907	956	2	1
96.907	957	3	1
96.993	958	1	1
96.993	959	4	1
97.251	960	2	1
97.337	961	3	1
97.337	962	4	1
97.508	963	1	1
97.594	964	2	1
97.594	965	4	1
97.680	966	3	1
97.766	967	1	1
97.766	968	2	1
98.023	969	1	1
98.023	970	4	1
98.281	971	2	1
98.367	972	1	1
98.367	973	3	1
98.538	974	2	1
98.624	975	3	1
98.710	976	1	1
98.710	977	4	1
98.882	978	2	1
98.968	979	3	1
98.968	980	4	1
99.053	981	1	1
99.139	982	2	1
99.139	983	4	1
99.311	984	1	1
99.311	985	3	1
99.397	986	2	1
99.397	987	4	1
99.568	988	1	1
99.568	989	2	1
99.654	990	3	1
99.654	991	4	1
99.740	992	1	1
99.740	993	2	1
100.083	994	1	1
100.083	995	4	1
100.341	996	2	1
100.341	997	3	1
100.427	998	1	1
100.513	999	2	1
100.513	1000	3	1
100.770	1001	3	1
100.770	1002	4	1
101.028	1003	2	1
101.113	1004	1	1
101.113	1005	3	1
101.285	1006	4	1
101.371	1007	3	1
101.457	1008	1	1
101.457	1009	2	1
101.628	1010	1	1
101.714	1011	2	1
101.714	1012	4	1
101.972	1013	1	1
101.972	1014	2	1
102.143	1015	1	1
102.143	1016	3	1
102.315	1017	2	1
102.315	1018	4	1
102.401	1019	1	1
102.401	1020	3	1
102.487	1021	2	1
102.487	1022	4	1
102.744	1023	1	1
102.830	1024	3	1
102.830	1025	4	1
103.002	1026	2	1
103.088	1027	1	1
103.088	1028	4	1
103.174	1029	3	1
103.259	1030	1	1
103.259	1031	2	1
103.517	1032	2	1
103.517	1033	4	1
103.774	1034	3	1
103.860	1035	1	1
103.860	1036	2	1
104.032	1037	4	1
104.118	1038	2	1
104.204	1039	1	1
104.204	1040	4	2
104.289	1041	3	1
104.375	1042	2	1
104.461	1043	1	1
104.547	1044	3	1
104.547	1045	4	3
104.633	1046	2	1
104.719	1047	1	1
104.804	1048	4	1
104.890	1049	3	1
104.976	1050	1	1
105.062	1051	2	1
105.148	1052	3	1
105.234	1053	1	1
105.234	1054	2	1
105.234	1055	4	1
105.577	1056	1	1
105.577	1057	4	1
105.834	1058	2	1
105.834	1059	3	1
105.920	1060	4	1
106.006	1061	2	1
106.006	1062	3	1
106.264	1063	1	1
106.264	1064	2	1
106.521	1065	3	1
106.607	1066	1	1
106.607	1067	4	1
106.779	1068	2	1
106.865	1069	3	1
106.950	1070	2	1
106.950	1071	4	1
107.122	1072	2	1
107.122	1073	3	1
107.208	1074	1	1
107.380	1075	4	1
107.465	1076	1	1
107.465	1077	3	1
107.637	1078	2	1
107.637	1079	4	1
107.809	1080	1	1
107.809	1081	2	1
107.895	1082	3	1
107.895	1083	4	1
107.980	1084	1	1
107.980	1085	2	1
108.238	1086	3	1
108.324	1087	2	1
108.324	1088	4	1
108.495	1089	1	1
108.495	1090	3	1
108.581	1091	2	1
108.667	1092	4	1
108.753	1093	1	1
108.753	1094	3	1
109.010	1095	1	1
109.010	1096	2	1
109.268	1097	3	1
109.354	1098	2	1
109.354	1099	4	1
109.525	1100	3	1
109.611	1101	2	1
109.697	1102	1	1
109.697	1103	3	1
109.869	1104	2	1
109.869	1105	3	1
109.955	1106	4	1
110.126	1107	1	1
110.126	1108	2	1
110.298	1109	3	1
110.384	1110	1	1
110.384	1111	4	1
110.556	1112	2	1
110.556	1113	3	1
110.641	1114	1	1
110.641	1115	4	1
110.727	1116	2	1
110.727	1117	3	1
111.071	1118	1	1
111.071	1119	4	1
111.328	1120	2	1
111.328	1121	3	1
111.414	1122	1	1
111.500	1123	2	1
111.500	1124	3	1
111.757	1125	2	1
111.757	1126	4	1
112.015	1127	3	1
112.101	1128	1	1
112.101	1129	2	1
112.272	1130	1	1
112.358	1131	2	1
112.444	1132	3	1
112.444	1133	4	1
112.616	1134	1	1
112.616	1135	2	1
112.701	1136	4	1
112.873	1137	3	1
112.959	1138	1	1
112.959	1139	4	1
113.131	1140	2	1
113.131	1141	3	1
113.302	1142	1	1
113.302	1143	2	1
113.388	1144	3	1
113.388	1145	4	1
113.474	1146	1	1
113.474	1147	2	1
113.731	1148	3	1
113.817	1149	2	1
113.817	1150	4	1
113.989	1151	1	1
113.989	1152	3	1
114.075	1153	2	1
114.161	1154	4	1
114.247	1155	1	1
114.247	1156	2	1
114.504	1157	3	1
114.504	1158	4	1
114.762	1159	2	1
114.847	1160	1	1
114.847	1161	4	1
114.933	1162	3	1
115.019	1163	1	1
115.105	1164	2	1
115.191	1165	4	1
115.277	1166	3	1
115.362	1167	1	1
115.448	1168	2	1
115.534	1169	4	1
115.620	1170	3	1
115.706	1171	2	1
115.792	1172	1	1
115.877	1173	4	1
115.963	1174	3	1
116.049	1175	2	1
116.135	1176	1	1
116.238	1177	3	1
116.238	1178	4	1
116.323	1179	1	1
116.409	1180	2	1
116.495	1181	1	1
116.580	1182	3	1
116.666	1183	2	1
116.752	1184	4	1
116.838	1185	3	1
116.923	1186	1	1
116.923	1187	2	1
117.009	1188	4	1
117.095	1189	3	1
117.180	1190	4	1
117.266	1191	1	1
117.266	1192	2	1
117.352	1193	3	1
117.438	1194	1	1
117.523	1195	2	1
117.609	1196	1	1
117.695	1197	3	1
117.780	1198	2	1
117.866	1199	4	1
117.952	1200	1	1
117.952	1201	3	1
118.038	1202	4	1
118.123	1203	2	1
118.209	1204	3	1
118.295	1205	1	1
118.295	1206	4	1
118.380	1207	3	1
118.466	1208	2	1
118.552	1209	1	1
118.638	1210	3	1
118.723	1211	2	1
118.809	1212	4	1
118.895	1213	3	1
118.980	1214	1	1
118.980	1215	2	1
119.066	1216	4	1
119.152	1217	3	1
119.238	1218	4	1
119.323	1219	1	1
119.323	1220	2	1
119.409	1221	3	1
119.495	1222	1	1
119.580	1223	2	1
119.666	1224	1	1
119.752	1225	3	1
119.838	1226	2	1
119.923	1227	4	1
120.009	1228	1	1
120.009	1229	3	1
120.095	1230	4	1
120.180	1231	2	1
120.266	1232	3	1
120.352	1233	1	1
120.352	1234	4	1
120.438	1235	3	1
120.523	1236	4	1
120.609	1237	2	1
120.695	1238	3	1
120.780	1239	1	1
120.866	1240	2	1
120.952	1241	1	1
121.038	1242	3	1
121.038	1243	4	1
121.123	1244	2	1
121.209	1245	4	1
121.295	1246	3	1
121.380	1247	1	1
121.380	1248	2	1
121.466	1249	4	1
121.552	1250	3	1
121.638	1251	4	1
121.723	1252	2	1
121.809	1253	3	1
121.895	1254	1	1
121.980	1255	2	1
122.066	1256	3	1
122.066	1257	4	1
122.152	1258	1	1
122.238	1259	2	1
122.323	1260	4	1
122.409	1261	1	1
122.409	1262	2	1
122.495	1263	4	1
122.580	1264	3	1
122.666	1265	4	1
122.752	1266	1	1
122.838	1267	2	1
122.923	1268	1	1
123.009	1269	3	1
123.095	1270	1	1
123.095	1271	2	1
123.180	1272	4	1
123.266	1273	3	1
123.352	1274	2	1
123.438	1275	1	1
123.438	1276	4	2
123.523	1277	3	2
123.523	1278	4	3
123.609	1279	2	2
123.609	1280	3	3
123.695	1281	1	2
123.695	1282	2	3
123.780	1283	3	1
123.780	1284	4	1
123.780	1285	1	3
123.866	1286	2	1
123.952	1287	1	1
124.038	1288	4	1
124.123	1289	3	1
124.209	1290	1	1
124.209	1291	2	1
124.295	1292	4	1
124.380	1293	2	1
124.466	1294	3	1
124.466	1295	4	1
124.552	1296	1	1
124.638	1297	2	1
124.723	1298	1	1
124.809	1299	3	1
124.895	1300	2	1
124.980	1301	4	1
125.066	1302	3	1
125.152	1303	1	1
125.152	1304	2	1
125.238	1305	4	1
125.323	1306	3	1
125.409	1307	4	1
125.495	1308	1	1
125.495	1309	2	1
125.580	1310	3	1
125.666	1311	1	1
125.752	1312	2	1
125.838	1313	1	1
125.923	1314	3	1
126.009	1315	2	1
126.095	1316	4	1
126.180	1317	1	1
126.180	1318	2	1
126.266	1319	4	1
126.352	1320	2	1
126.438	1321	3	1
126.523	1322	1	1
126.523	1323	4	1
126.609	1324	2	1
126.695	1325	3	1
126.780	1326	4	1
126.866	1327	2	1
126.952	1328	1	1
127.038	1329	3	1
127.123	1330	2	1
127.209	1331	3	1
127.209	1332	4	1
127.295	1333	1	1
127.380	1334	4	1
127.466	1335	3	1
127.552	1336	1	1
127.552	1337	2	1
127.638	1338	3	1
127.723	1339	1	1
127.809	1340	2	1
127.895	1341	1	1
127.980	1342	3	1
128.066	1343	2	1
128.152	1344	4	1
128.238	1345	1	1
128.238	1346	3	1
128.323	1347	4	1
128.409	1348	2	1
128.495	1349	3	1
128.580	1350	1	1
128.580	1351	4	1
128.666	1352	3	1
128.752	1353	4	1
128.838	1354	2	1
128.923	1355	3	1
129.009	1356	1	1
129.095	1357	2	1
129.180	1358	1	1
129.266	1359	3	1
129.266	1360	4	1
129.352	1361	2	1
129.438	1362	4	1
129.523	1363	3	1
129.609	1364	1	1
129.609	1365	2	1
129.695	1366	4	1
129.780	1367	3	1
129.866	1368	4	1
129.952	1369	2	1
130.038	1370	3	1
130.123	1371	1	1
130.209	1372	2	1
130.295	1373	3	1
130.295	1374	4	1
130.380	1375	1	1
130.466	1376	2	1
130.552	1377	3	1
130.638	1378	1	1
130.638	1379	4	1
130.723	1380	3	1
130.809	1381	4	1
130.895	1382	2	1
130.980	1383	3	1
131.066	1384	1	1
131.152	1385	2	1
131.238	1386	1	1
131.323	1387	3	1
131.323	1388	4	1
131.409	1389	2	1
131.495	1390	4	1
131.580	1391	3	1
131.666	1392	1	1
131.666	1393	4	1
131.752	1394	2	1
131.838	1395	3	1
131.923	1396	1	1
132.009	1397	2	1
132.095	1398	1	1
132.180	1399	3	1
132.266	1400	2	1
132.352	1401	1	1
132.352	1402	4	2
132.438	1403	3	2
132.438	1404	4	3
132.523	1405	2	2
132.523	1406	3	3
132.609	1407	1	2
132.609	1408	2	3
132.695	1409	3	1
132.695	1410	4	2
132.695	1411	1	3
133.043	1412	2	1
133.392	1413	3	1
133.567	1414	1	1
133.741	1415	2	1
133.915	1416	3	1
134.090	1417	1	1
134.439	1418	2	1
134.613	1419	1	1
134.788	1420	3	1
135.136	1421	2	1
135.311	1422	1	1
135.485	1423	2	2
135.485	1424	3	1
135.485	1425	4	3
135.834	1426	4	1
136.008	1427	1	1
136.183	1428	3	1
136.532	1429	1	1
136.881	1430	3	1
137.229	1431	4	1
137.578	1432	3	1
137.927	1433	4	1
138.276	1434	1	2
138.276	1435	3	1
138.276	1436	2	3
138.450	1437	4	1
138.625	1438	2	1
138.799	1439	3	1
138.974	1440	4	1
139.322	1441	2	1
139.497	1442	3	1
139.671	1443	4	1
140.020	1444	2	1
140.195	1445	3	1
140.369	1446	4	1
140.718	1447	2	1
140.892	1448	4	1
141.067	1449	2	1
141.067	1450	3	2
141.067	1451	1	3
141.415	1452	1	1
141.764	1453	4	1
142.113	1454	2	1
142.462	1455	1	2
142.462	1456	4	1
142.462	1457	3	3
142.985	1458	2	2
142.985	1459	3	1
142.985	1460	1	3
143.508	1461	4	2
143.857	1462	1	1
143.857	1463	3	1
143.857	1464	2	3
143.857	1465	4	3
144.206	1466	2	1
144.381	1467	1	2
144.555	1468	3	1
144.729	1469	2	2
144.729	1470	1	3
144.904	1471	4	1
145.253	1472	1	1
145.253	1473	3	2
145.253	1474	2	3
145.601	1475	2	1
145.776	1476	4	2
145.776	1477	3	3
145.950	1478	1	1
146.299	1479	2	1
146.299	1480	4	3
146.648	1481	1	1
146.648	1482	3	2
146.997	1483	2	1
147.171	1484	4	2
147.171	1485	3	3
147.346	1486	1	1
147.695	1487	2	2
147.695	1488	4	3
148.043	1489	1	1
148.043	1490	3	2
148.043	1491	2	3
148.392	1492	2	1
148.567	1493	1	2
148.567	1494	3	3
148.741	1495	4	1
149.090	1496	2	2
149.090	1497	1	3
149.439	1498	1	1
149.439	1499	4	2
149.439	1500	2	3
149.788	1501	3	1
149.962	1502	1	2
149.962	1503	2	1
149.962	1504	4	3
150.136	1505	4	1
150.485	1506	3	1
150.834	1507	2	2
150.834	1508	3	1
150.834	1509	1	3
151.008	1510	1	1
151.183	1511	4	1
151.357	1512	3	2
151.357	1513	4	1
151.357	1514	2	3
151.532	1515	1	1
151.706	1516	2	1
151.881	1517	4	1
152.055	1518	1	1
152.229	1519	1	2
152.229	1520	4	1
152.229	1521	3	3
152.404	1522	2	1
152.578	1523	3	1
152.753	1524	2	1
152.753	1525	4	2
152.753	1526	1	3
152.927	1527	3	1
153.101	1528	1	1
153.276	1529	2	1
153.450	1530	3	1
153.625	1531	1	1
153.625	1532	2	1
153.625	1533	4	3
153.799	1534	3	1
153.974	1535	1	1
153.974	1536	2	1
154.061	1537	3	1
154.148	1538	1	1
154.148	1539	2	1
154.235	1540	3	1
154.322	1541	1	1
154.322	1542	4	1
154.410	1543	2	1
154.497	1544	3	1
154.497	1545	4	1
154.584	1546	2	1
154.671	1547	1	1
154.671	1548	3	1
154.671	1549	4	1
155.020	1550	1	1
155.020	1551	4	1
155.105	1552	3	1
155.191	1553	1	1
155.277	1554	2	1
155.362	1555	3	1
155.362	1556	4	1
155.448	1557	1	1
155.534	1558	2	1
155.620	1559	4	1
155.705	1560	1	1
155.705	1561	3	1
155.791	1562	2	1
155.877	1563	3	1
155.962	1564	1	1
156.048	1565	3	1
156.048	1566	4	1
156.134	1567	2	1
156.220	1568	1	1
156.305	1569	2	1
156.391	1570	3	1
156.391	1571	4	1
156.477	1572	2	1
156.562	1573	3	1
156.648	1574	1	1
156.734	1575	3	1
156.734	1576	4	1
156.820	1577	2	1
156.905	1578	3	1
156.991	1579	2	1
157.077	1580	1	1
157.077	1581	4	1
157.162	1582	2	1
157.248	1583	3	1
157.334	1584	4	1
157.420	1585	1	1
157.420	1586	2	1
157.505	1587	4	1
157.591	1588	3	1
157.677	1589	2	1
157.762	1590	3	1
157.762	1591	4	1
157.934	1592	2	1
157.934	1593	4	1
158.105	1594	1	1
158.105	1595	4	1
158.277	1596	2	1
158.277	1597	3	1
158.448	1598	1	1
158.448	1599	3	1
158.562	1600	4	1
158.677	1601	1	1
158.791	1602	2	1
158.905	1603	3	1
159.020	1604	4	1
159.134	1605	1	1
159.134	1606	2	1
159.477	1607	3	2
159.477	1608	4	2
160.162	1609	3	3
160.162	1610	4	3
160.505	1611	1	1
160.505	1612	4	1
160.677	1613	4	1
160.762	1614	3	1
160.848	1615	1	1
160.848	1616	4	1
160.934	1617	2	1
161.105	1618	1	1
161.191	1619	3	1
161.191	1620	4	1
161.534	1621	1	1
161.534	1622	4	1
161.877	1623	3	1
161.877	1624	4	1
162.220	1625	1	2
162.220	1626	4	1
162.562	1627	2	1
162.562	1628	3	2
162.562	1629	1	3
162.905	1630	1	1
162.905	1631	4	2
162.905	1632	3	3
163.077	1633	3	1
163.248	1634	1	1
163.248	1635	2	1
163.248	1636	4	3
163.420	1637	3	1
163.420	1638	4	1
163.591	1639	1	1
163.591	1640	2	1
163.762	1641	4	1
163.848	1642	1	1
163.934	1643	3	1
164.020	1644	2	1
164.105	1645	3	1
164.191	1646	2	1
164.277	1647	3	1
164.320	1648	2	1
164.448	1649	3	1
164.534	1650	2	1
164.620	1651	1	1
164.620	1652	4	1
164.705	1653	3	1
164.791	1654	2	1
164.877	1655	1	1
164.962	1656	3	2
165.305	1657	1	1
165.305	1658	2	1
165.305	1659	3	3
165.648	1660	3	1
165.648	1661	4	1
165.991	1662	1	1
165.991	1663	2	1
165.991	1664	4	2
166.339	1665	1	2
166.339	1666	2	2
166.339	1667	4	3
166.601	1668	3	1
166.601	1669	1	3
166.601	1670	2	3
166.775	1671	2	1
166.863	1672	3	1
167.037	1673	2	2
167.037	1674	4	2
167.211	1675	2	3
167.211	1676	4	3
167.386	1677	1	2
167.386	1678	3	1
167.386	1679	4	1
167.735	1680	3	2
167.735	1681	4	2
167.735	1682	1	3
167.996	1683	2	1
167.996	1684	3	3
167.996	1685	4	3
168.171	1686	3	1
168.258	1687	2	1
168.432	1688	3	2
168.432	1689	4	2
168.607	1690	3	3
168.607	1691	4	3
168.781	1692	1	1
168.781	1693	2	1
168.781	1694	4	2
169.130	1695	1	2
169.130	1696	2	2
169.130	1697	4	3
169.392	1698	3	1
169.392	1699	1	3
169.392	1700	2	3
169.566	1701	2	1
169.653	1702	3	1
169.828	1703	2	2
169.828	1704	4	2
170.002	1705	2	3
170.002	1706	4	3
170.089	1707	1	1
170.089	1708	3	1
170.264	1709	2	1
170.264	1710	4	1
170.525	1711	3	1
170.525	1712	4	1
170.787	1713	2	1
170.787	1714	3	1
171.049	1715	1	1
171.049	1716	2	1
171.223	1717	3	1
171.223	1718	4	1
171.572	1719	1	1
171.572	1720	2	1
171.572	1721	4	2
171.921	1722	1	2
171.921	1723	2	2
171.921	1724	4	3
172.182	1725	3	1
172.182	1726	1	3
172.182	1727	2	3
172.357	1728	2	1
172.444	1729	3	1
172.618	1730	2	2
172.618	1731	4	2
172.793	1732	2	3
172.793	1733	4	3
172.967	1734	1	2
172.967	1735	3	1
172.967	1736	4	1
173.316	1737	3	2
173.316	1738	4	2
173.316	1739	1	3
173.578	1740	2	1
173.578	1741	3	3
173.578	1742	4	3
173.752	1743	3	1
173.839	1744	2	1
174.014	1745	3	2
174.014	1746	4	2
174.188	1747	3	3
174.188	1748	4	3
174.363	1749	1	1
174.363	1750	2	1
174.363	1751	4	2
174.711	1752	1	2
174.711	1753	2	2
174.711	1754	4	3
174.973	1755	3	1
174.973	1756	1	3
174.973	1757	2	3
175.147	1758	2	1
175.235	1759	3	1
175.409	1760	2	2
175.409	1761	4	2
175.584	1762	2	3
175.584	1763	4	3
175.671	1764	1	1
175.671	1765	3	1
175.845	1766	2	1
175.845	1767	4	1
176.107	1768	3	1
176.107	1769	4	1
176.368	1770	2	1
176.368	1771	3	1
176.456	1772	1	1
176.456	1773	4	1
176.630	1774	3	1
176.717	1775	2	1
176.804	1776	1	1
176.804	1777	4	1
177.153	1778	1	1
177.153	1779	2	1
177.153	1780	4	2
177.502	1781	1	2
177.502	1782	2	2
177.502	1783	4	3
177.764	1784	3	1
177.764	1785	1	3
177.764	1786	2	3
177.938	1787	2	1
178.025	1788	3	1
178.200	1789	2	2
178.200	1790	4	2
178.374	1791	2	3
178.374	1792	4	3
178.549	1793	1	2
178.549	1794	3	1
178.549	1795	4	1
178.897	1796	3	2
178.897	1797	4	2
178.897	1798	1	3
179.159	1799	2	1
179.159	1800	3	3
179.159	1801	4	3
179.334	1802	3	1
179.421	1803	2	1
179.595	1804	1	1
179.595	1805	4	1
179.711	1806	2	1
179.828	1807	3	1
179.944	1808	1	1
179.944	1809	2	1
179.944	1810	4	2
180.293	1811	1	2
180.293	1812	2	2
180.293	1813	4	3
180.554	1814	3	1
180.554	1815	1	3
180.554	1816	2	3
180.729	1817	2	1
180.816	1818	3	1
180.991	1819	2	2
180.991	1820	4	2
181.165	1821	2	3
181.165	1822	4	3
181.252	1823	1	1
181.252	1824	3	1
181.427	1825	2	1
181.427	1826	4	1
181.688	1827	3	1
181.688	1828	4	1
181.950	1829	2	1
181.950	1830	3	1
182.211	1831	1	1
182.211	1832	2	1
182.386	1833	3	1
182.386	1834	4	1
182.735	1835	1	1
182.735	1836	2	1
182.735	1837	4	2
183.084	1838	1	2
183.084	1839	2	2
183.084	1840	4	3
183.345	1841	3	1
183.345	1842	1	3
183.345	1843	2	3
183.520	1844	2	1
183.607	1845	3	1
183.781	1846	2	2
183.781	1847	4	2
183.956	1848	2	3
183.956	1849	4	3
184.130	1850	1	2
184.130	1851	3	1
184.130	1852	4	1
184.479	1853	3	2
184.479	1854	4	2
184.479	1855	1	3
184.741	1856	2	1
184.741	1857	3	3
184.741	1858	4	3
184.915	1859	3	1
185.002	1860	2	1
185.177	1861	1	1
185.177	1862	4	1
185.293	1863	2	1
185.409	1864	3	1
185.525	1865	1	1
185.525	1866	2	1
185.525	1867	4	2
185.874	1868	1	2
185.874	1869	2	2
185.874	1870	4	3
186.136	1871	3	1
186.136	1872	1	3
186.136	1873	2	3
186.310	1874	2	1
186.397	1875	3	1
186.572	1876	2	2
186.572	1877	4	2
186.746	1878	2	3
186.746	1879	4	3
186.834	1880	1	1
186.834	1881	3	1
187.008	1882	2	1
187.008	1883	4	1
187.270	1884	3	1
187.270	1885	4	1
187.531	1886	2	1
187.531	1887	3	1
187.618	1888	1	1
187.618	1889	4	2
187.735	1890	3	2
187.851	1891	2	2
187.967	1892	1	2
188.200	1893	1	3
188.200	1894	2	3
188.200	1895	3	3
188.200	1896	4	3
188.292	1897	1	1
188.292	1898	2	1
188.292	1899	4	2
190.352	1900	1	1
190.523	1901	2	1
190.523	1902	3	1
190.523	1903	4	3
190.695	1904	1	1
190.695	1905	2	1
190.781	1906	3	1
190.867	1907	1	1
190.867	1908	4	1
190.952	1909	2	1
191.038	1910	3	1
191.038	1911	4	1
191.124	1912	1	1
191.210	1913	3	1
191.296	1914	1	1
191.296	1915	2	1
191.382	1916	3	1
191.382	1917	4	1
191.467	1918	2	1
191.553	1919	1	1
191.553	1920	4	1
191.639	1921	3	1
191.725	1922	2	1
191.811	1923	3	1
191.811	1924	4	1
191.897	1925	1	1
191.982	1926	2	1
192.068	1927	3	1
192.068	1928	4	1
192.154	1929	1	1
192.240	1930	2	1
192.326	1931	1	1
192.326	1932	3	1
192.412	1933	2	1
192.412	1934	4	1
192.583	1935	2	1
192.583	1936	4	1
192.669	1937	1	1
192.755	1938	3	1
192.755	1939	4	2
192.927	1940	2	1
192.927	1941	4	3
193.013	1942	1	2
193.013	1943	3	1
193.098	1944	4	1
193.184	1945	2	1
193.184	1946	3	1
193.184	1947	1	3
193.270	1948	4	1
193.356	1949	2	1
193.442	1950	1	1
193.442	1951	3	1
193.613	1952	1	1
193.613	1953	2	1
193.699	1954	3	1
193.785	1955	1	1
193.785	1956	4	2
194.472	1957	1	2
194.472	1958	2	1
194.472	1959	4	3
194.987	1960	3	1
194.987	1961	4	1
195.759	1962	2	1
195.759	1963	1	3
195.845	1964	3	2
196.017	1965	2	1
196.188	1966	1	1
196.188	1967	4	1
196.360	1968	2	1
196.532	1969	1	1
196.532	1970	4	1
196.532	1971	3	3
196.618	1972	2	1
196.789	1973	4	1
196.875	1974	1	1
196.875	1975	2	1
197.047	1976	3	1
197.133	1977	4	1
197.219	1978	2	1
197.304	1979	1	1
197.304	1980	3	1
197.390	1981	4	1
197.476	1982	2	1
197.562	1983	3	1
197.562	1984	4	1
197.648	1985	2	1
197.734	1986	1	1
197.819	1987	3	1
197.819	1988	4	1
197.905	1989	1	1
197.905	1990	2	1
197.991	1991	3	1
198.077	1992	4	1
198.163	1993	1	1
198.163	1994	2	1
198.249	1995	3	1
198.249	1996	4	1
198.334	1997	2	1
198.420	1998	1	1
198.420	1999	3	1
198.506	2000	2	1
198.506	2001	4	1
198.592	2002	3	1
198.678	2003	1	1
198.678	2004	4	1
198.764	2005	3	1
198.849	2006	2	1
198.935	2007	3	1
198.935	2008	4	1
199.021	2009	1	1
199.107	2010	3	1
199.193	2011	2	1
199.279	2012	1	1
199.279	2013	4	1
199.364	2014	2	1
199.450	2015	3	1
199.536	2016	1	1
199.622	2017	2	1
199.622	2018	4	1
199.708	2019	3	1
199.794	2020	1	1
199.879	2021	3	1
199.965	2022	4	1
200.051	2023	1	1
200.051	2024	2	1
200.137	2025	3	1
200.223	2026	1	1
200.309	2027	2	1
200.309	2028	4	1
200.395	2029	3	1
200.480	2030	1	1
200.566	2031	3	1
200.652	2032	2	1
200.652	2033	4	1
200.824	2034	1	1
200.824	2035	2	1
200.910	2036	3	1
200.995	2037	1	1
200.995	2038	2	1
201.167	2039	3	1
201.167	2040	4	1
201.253	2041	2	1
201.339	2042	1	1
201.425	2043	3	1
201.510	2044	1	1
201.510	2045	2	1
201.596	2046	4	1
201.682	2047	2	1
201.682	2048	3	1
201.854	2049	1	1
201.854	2050	2	1
201.940	2051	3	1
202.025	2052	1	1
202.025	2053	4	1
202.111	2054	2	1
202.197	2055	3	1
202.283	2056	1	1
202.369	2057	2	1
202.369	2058	4	1
202.455	2059	3	1
202.540	2060	1	1
202.626	2061	3	1
202.712	2062	4	1
202.798	2063	1	1
202.798	2064	2	1
202.884	2065	3	1
202.970	2066	1	1
203.055	2067	2	1
203.055	2068	4	1
203.141	2069	3	1
203.227	2070	1	1
203.313	2071	3	1
203.399	2072	2	1
203.399	2073	4	1
203.485	2074	3	1
203.570	2075	1	1
203.570	2076	4	1
203.656	2077	2	1
203.742	2078	1	1
203.742	2079	3	1
203.914	2080	3	1
203.914	2081	4	1
204.000	2082	2	1
204.085	2083	4	1
204.171	2084	1	1
204.171	2085	2	1
204.257	2086	3	1
204.343	2087	2	1
204.429	2088	1	1
204.429	2089	4	1
204.515	2090	3	1
204.601	2091	2	1
204.686	2092	3	1
204.686	2093	4	1
204.772	2094	1	1
204.772	2095	2	1
204.858	2096	4	1
204.944	2097	3	1
205.030	2098	2	1
205.116	2099	1	1
205.116	2100	3	1
205.116	2101	4	1
205.459	2102	1	1
205.459	2103	2	1
205.459	2104	3	1
205.459	2105	4	1
205.802	2106	1	1
205.802	2107	2	1
205.802	2108	4	1
206.146	2109	3	1
206.146	2110	4	1
206.231	2111	1	1
206.317	2112	2	1
206.403	2113	3	1
206.489	2114	1	1
206.489	2115	2	1
206.489	2116	4	1
206.832	2117	1	1
206.832	2118	2	1
206.832	2119	3	1
206.832	2120	4	1
207.176	2121	1	1
207.176	2122	3	1
207.176	2123	4	1
207.519	2124	1	2
207.519	2125	2	2
207.691	2126	1	3
207.691	2127	2	3
207.776	2128	1	2
207.776	2129	2	2
207.776	2130	4	1
207.948	2131	1	3
207.948	2132	2	3
208.034	2133	3	2
208.034	2134	4	2
208.206	2135	3	3
208.206	2136	4	3
208.292	2137	1	1
208.292	2138	3	2
208.292	2139	4	2
208.463	2140	3	3
208.463	2141	4	3
208.549	2142	3	2
208.549	2143	4	2
208.721	2144	3	3
208.721	2145	4	3
208.807	2146	1	1
208.807	2147	2	1
208.978	2148	3	1
208.978	2149	4	1
209.064	2150	2	1
209.150	2151	1	1
209.150	2152	4	1
209.236	2153	3	1
209.322	2154	1	1
209.322	2155	2	1
209.407	2156	4	1
209.493	2157	2	1
209.493	2158	3	1
209.579	2159	1	1
209.665	2160	2	1
209.665	2161	4	1
209.751	2162	1	1
209.751	2163	3	1
209.837	2164	2	1
209.837	2165	4	1
209.922	2166	3	1
210.008	2167	1	1
210.008	2168	2	1
210.094	2169	3	1
210.094	2170	4	1
210.180	2171	1	1
210.180	2172	2	1
210.266	2173	3	1
210.266	2174	4	1
217.458	2175	1	1
217.458	2176	4	2
218.600	2177	4	3
218.886	2178	1	2
219.172	2179	2	2
219.172	2180	1	3
219.458	2181	3	2
219.458	2182	2	3
219.743	2183	1	1
219.743	2184	4	1
220.315	2185	4	2
220.315	2186	3	3
220.600	2187	2	2
220.600	2188	4	3
220.886	2189	3	1
220.886	2190	4	1
221.172	2191	1	2
221.172	2192	2	3
221.458	2193	3	2
221.458	2194	1	3
221.743	2195	4	2
221.743	2196	3	3
222.029	2197	1	1
222.029	2198	2	2
223.172	2199	1	1
223.172	2200	3	1
223.172	2201	2	3
223.172	2202	4	3
223.458	2203	1	2
223.743	2204	2	2
223.743	2205	1	3
224.029	2206	3	2
224.029	2207	2	3
224.315	2208	1	1
224.315	2209	2	1
224.743	2210	3	3
224.886	2211	4	2
225.172	2212	2	2
225.172	2213	4	3
225.458	2214	1	1
225.458	2215	3	2
225.458	2216	2	3
225.743	2217	2	2
226.600	2218	1	1
226.600	2219	4	1
226.600	2220	2	3
226.600	2221	3	3
226.886	2222	2	1
227.172	2223	1	2
227.172	2224	3	1
227.458	2225	4	1
227.743	2226	2	2
227.743	2227	3	1
227.743	2228	1	3
228.029	2229	1	1
228.219	2230	3	1
228.315	2231	1	1
228.315	2232	4	2
228.315	2233	2	3
228.600	2234	3	1
228.886	2235	1	1
228.886	2236	2	2
228.886	2237	4	3
229.172	2238	4	1
229.458	2239	1	2
229.458	2240	3	1
229.458	2241	2	3
229.648	2242	2	1
229.743	2243	3	2
229.743	2244	4	1
229.743	2245	1	3
229.934	2246	2	1
230.029	2247	3	3
230.219	2248	1	1
230.315	2249	2	2
230.505	2250	4	1
230.600	2251	1	1
230.600	2252	3	2
230.600	2253	2	3
230.886	2254	2	1
230.886	2255	4	2
230.886	2256	3	3
231.172	2257	1	1
231.458	2258	3	2
231.458	2259	4	3
231.743	2260	1	1
231.743	2261	2	2
231.743	2262	3	3
232.029	2263	1	2
232.029	2264	4	1
232.029	2265	2	3
232.315	2266	3	1
232.315	2267	1	3
232.600	2268	2	2
232.791	2269	3	1
232.886	2270	1	1
232.886	2271	4	2
232.886	2272	2	3
233.077	2273	3	1
233.172	2274	1	2
233.172	2275	2	1
233.172	2276	4	3
233.362	2277	4	1
233.458	2278	3	1
233.743	2279	4	2
233.743	2280	1	3
233.934	2281	2	1
234.029	2282	3	2
234.315	2283	1	2
234.315	2284	2	1
234.315	2285	4	3
234.505	2286	4	1
234.600	2287	1	3
234.600	2288	3	3
234.791	2289	2	1
234.886	2290	1	2
234.886	2291	3	1
235.077	2292	4	1
235.172	2293	2	2
235.172	2294	3	1
235.172	2295	1	3
235.458	2296	1	1
235.458	2297	3	2
235.458	2298	2	3
235.743	2299	2	1
235.743	2300	4	2
236.315	2301	1	1
236.315	2302	2	2
236.315	2303	4	3
236.600	2304	4	1
236.600	2305	2	3
236.600	2306	3	3
236.791	2307	1	1
236.886	2308	2	1
236.886	2309	3	2
237.172	2310	1	2
237.172	2311	3	3
237.362	2312	2	1
237.458	2313	3	2
237.458	2314	4	1
237.458	2315	1	3
237.743	2316	1	1
237.743	2317	4	2
237.743	2318	3	3
238.029	2319	1	1
238.029	2320	2	2
238.315	2321	3	1
238.600	2322	1	1
238.600	2323	3	2
238.600	2324	2	3
238.886	2325	2	1
238.886	2326	3	3
238.886	2327	4	3
239.077	2328	1	2
239.077	2329	4	1
239.362	2330	3	1
239.458	2331	2	2
239.458	2332	4	1
239.458	2333	1	3
239.743	2334	1	1
239.743	2335	3	2
239.743	2336	2	3
240.029	2337	2	1
240.029	2338	4	2
240.315	2339	1	2
240.315	2340	2	1
240.315	2341	3	3
240.791	2342	1	3
240.886	2343	1	1
240.886	2344	2	2
241.172	2345	3	1
241.172	2346	2	3
241.172	2347	4	3
241.362	2348	1	1
241.458	2349	2	2
241.458	2350	3	1
241.743	2351	1	2
241.743	2352	2	3
241.934	2353	4	1
242.029	2354	2	2
242.029	2355	3	1
242.029	2356	1	3
242.315	2357	1	1
242.315	2358	3	2
242.315	2359	2	3
242.600	2360	2	1
242.600	2361	4	2
242.886	2362	3	3
243.172	2363	1	2
243.172	2364	2	2
243.172	2365	4	3
243.458	2366	3	1
243.458	2367	1	3
243.458	2368	2	3
243.648	2369	2	2
243.648	2370	4	2
243.934	2371	3	1
243.934	2372	2	3
243.934	2373	4	3
244.029	2374	1	2
244.029	2375	2	1
244.315	2376	3	1
244.315	2377	4	2
244.600	2378	2	1
244.886	2379	2	1
244.886	2380	3	1
244.886	2381	1	3
244.886	2382	4	3
245.458	2383	1	2
245.458	2384	2	1
245.934	2385	1	3
246.029	2386	1	2
246.029	2387	3	2
246.505	2388	1	3
246.505	2389	3	3
246.600	2390	1	2
246.600	2391	3	2
246.600	2392	4	2
246.886	2393	2	1
247.077	2394	1	3
247.172	2395	1	2
247.172	2396	3	3
247.172	2397	4	3
247.458	2398	2	2
247.458	2399	3	1
247.458	2400	1	3
247.743	2401	1	1
247.743	2402	3	2
247.743	2403	2	3
248.029	2404	2	1
248.029	2405	4	2
248.219	2406	1	1
248.219	2407	2	1
248.315	2408	3	3
248.315	2409	4	3
248.505	2410	2	1
248.600	2411	1	2
248.600	2412	3	1
248.886	2413	3	2
248.886	2414	4	1
248.886	2415	1	3
249.172	2416	2	1
249.172	2417	4	2
249.458	2418	1	1
249.458	2419	2	1
250.029	2420	1	1
250.029	2421	2	2
250.505	2422	2	3
250.600	2423	1	1
250.600	2424	2	1
250.600	2425	3	3
250.886	2426	1	1
250.886	2427	2	1
251.172	2428	1	1
251.172	2429	3	2
251.458	2430	1	1
251.458	2431	2	1
251.743	2432	1	1
251.743	2433	2	1
251.743	2434	3	3
251.743	2435	4	3
252.029	2436	2	2
252.315	2437	4	2
252.315	2438	2	3
252.600	2439	3	2
252.600	2440	4	3
252.886	2441	1	1
252.886	2442	2	2
252.886	2443	3	3
253.172	2444	3	2
253.172	2445	2	3
253.458	2446	1	2
253.458	2447	3	3
253.743	2448	4	2
253.743	2449	1	3
254.029	2450	1	1
254.029	2451	2	1
254.315	2452	1	2
254.886	2453	2	2
254.886	2454	3	1
254.886	2455	4	3
256.315	2456	3	2
256.315	2457	4	1
256.315	2458	2	3
257.172	2459	2	1
257.172	2460	4	2
257.172	2461	3	3
258.600	2462	2	2
258.600	2463	3	1
258.600	2464	1	3
258.600	2465	4	3
259.458	2466	1	1
259.458	2467	3	2
259.458	2468	2	3
260.886	2469	1	1
260.886	2470	4	2
260.886	2471	3	3
261.743	2472	1	2
261.743	2473	2	1
262.600	2474	1	3
262.600	2475	4	3
263.172	2476	3	2
264.029	2477	1	2
264.029	2478	3	3
264.600	2479	4	2
264.600	2480	1	3
264.886	2481	3	2
264.886	2482	4	3
265.172	2483	2	2
265.172	2484	3	3
265.458	2485	1	2
265.458	2486	2	3
266.315	2487	4	2
266.315	2488	1	3
267.743	2489	3	2
268.600	2490	2	2
268.600	2491	3	3
269.458	2492	1	2
269.458	2493	2	3
271.172	2494	1	3
271.172	2495	4	3