Song Name	%UnDeciphered-CryptoGraph in the Edifice% by seatrus
Difficulty	26
Primary Color	Rush
Secondary Color	Flow
Audio Asset ID	rbxassetid://10939897759
Audio File	10939897759.ogg
Last Note Time	121.183
Total Notes	1359
Fever Fill	398
Fever Time	18.177450
Long Notes	164
BPM	200
Song Length	122.183000000

Timing Points
1.183	300.000000


Song Data
1.183	1	1	1
1.183	2	4	1
1.183	3	2	1
1.333	4	3	1
1.483	5	1	1
1.633	6	2	1
1.708	7	4	1
1.933	8	3	1
2.083	9	1	1
2.233	10	2	1
2.308	11	4	1
2.533	12	3	1
2.683	13	1	1
2.833	14	2	1
2.908	15	4	1
3.058	16	1	1
3.133	17	3	1
3.283	18	4	1
3.358	19	3	1
3.433	20	2	1
3.508	21	1	1
3.583	22	3	1
3.733	23	2	1
3.883	24	4	1
4.033	25	3	1
4.108	26	1	1
4.333	27	2	1
4.483	28	4	1
4.633	29	3	1
4.708	30	1	1
4.933	31	2	1
5.083	32	4	1
5.233	33	3	1
5.308	34	1	1
5.458	35	4	1
5.533	36	2	1
5.683	37	1	1
5.758	38	2	1
5.833	39	3	1
5.908	40	4	1
5.983	41	2	1
5.983	42	1	1
6.133	43	3	1
6.283	44	4	1
6.283	45	1	1
6.433	46	2	1
6.508	47	4	1
6.583	48	3	1
6.733	49	2	1
6.883	50	1	1
6.883	51	4	1
7.033	52	3	1
7.108	53	1	1
7.183	54	2	1
7.333	55	3	1
7.483	56	1	1
7.483	57	4	1
7.633	58	2	1
7.708	59	4	1
7.858	60	1	1
7.933	61	3	1
8.083	62	4	1
8.158	63	3	1
8.233	64	2	1
8.308	65	1	1
8.383	66	3	1
8.383	67	4	1
8.533	68	2	1
8.683	69	1	1
8.683	70	4	1
8.833	71	3	1
8.908	72	1	1
8.983	73	2	1
9.133	74	3	1
9.283	75	4	1
9.283	76	1	1
9.433	77	2	1
9.508	78	4	1
9.583	79	3	1
9.733	80	2	1
9.883	81	4	1
9.883	82	1	1
10.033	83	3	1
10.108	84	1	1
10.183	85	2	2
10.333	86	2	3
10.333	87	4	2
10.483	88	4	3
10.483	89	1	2
10.633	90	1	3
10.633	91	3	2
10.783	92	3	3
10.783	93	2	1
10.783	94	4	1
10.783	95	1	1
10.933	96	3	1
11.083	97	1	1
11.083	98	2	1
11.233	99	4	1
11.308	100	1	1
11.383	101	3	1
11.458	102	1	1
11.533	103	4	1
11.683	104	1	1
11.683	105	2	1
11.833	106	3	1
11.983	107	2	1
11.983	108	4	1
12.133	109	1	1
12.283	110	4	1
12.283	111	3	1
12.433	112	1	1
12.508	113	4	1
12.583	114	2	1
12.658	115	4	1
12.733	116	1	1
12.883	117	4	1
12.883	118	3	1
13.033	119	2	1
13.108	120	3	1
13.183	121	1	1
13.183	122	4	1
13.333	123	3	1
13.483	124	2	2
13.633	125	2	3
13.483	126	1	1
13.633	127	3	1
13.708	128	2	1
13.783	129	4	1
13.783	130	1	1
13.933	131	2	1
14.083	132	4	1
14.083	133	3	2
14.233	134	3	3
14.233	135	2	1
14.308	136	3	1
14.383	137	1	1
14.383	138	4	1
14.533	139	3	1
14.683	140	2	2
14.833	141	2	3
14.683	142	1	1
14.833	143	3	1
14.908	144	4	1
14.983	145	1	1
15.058	146	3	1
15.133	147	2	1
15.283	148	4	1
15.358	149	1	1
15.433	150	3	1
15.508	151	2	1
15.583	152	4	1
15.583	153	1	1
15.733	154	2	1
15.883	155	3	1
15.883	156	4	1
16.033	157	1	1
16.108	158	4	1
16.183	159	2	1
16.258	160	4	1
16.333	161	1	1
16.483	162	4	1
16.483	163	3	1
16.633	164	2	1
16.783	165	1	1
16.783	166	3	1
16.933	167	4	1
17.083	168	2	1
17.083	169	1	1
17.233	170	4	1
17.308	171	1	1
17.383	172	3	1
17.458	173	1	1
17.533	174	4	1
17.683	175	1	1
17.683	176	2	1
17.833	177	3	1
17.908	178	2	1
17.983	179	4	1
17.983	180	1	1
18.133	181	2	1
18.283	182	4	1
18.283	183	3	2
18.433	184	3	3
18.433	185	2	1
18.508	186	3	1
18.583	187	4	1
18.583	188	1	1
18.733	189	3	1
18.883	190	1	1
18.883	191	2	2
19.033	192	2	3
19.033	193	3	1
19.108	194	2	1
19.183	195	1	1
19.183	196	4	1
19.333	197	2	1
19.483	198	3	2
19.633	199	3	3
19.483	200	4	1
19.633	201	2	1
19.708	202	1	1
19.783	203	4	1
19.858	204	2	1
19.933	205	3	1
20.083	206	1	1
20.158	207	4	1
20.233	208	2	1
20.308	209	3	1
20.383	210	1	2
20.533	211	1	3
20.533	212	3	1
20.608	213	2	1
20.683	214	1	1
20.683	215	4	1
20.833	216	2	1
20.908	217	3	1
20.983	218	1	1
21.058	219	3	1
21.133	220	2	1
21.283	221	4	1
21.283	222	1	1
21.433	223	3	1
21.583	224	1	1
21.583	225	2	1
21.733	226	3	1
21.883	227	1	1
21.883	228	4	1
22.033	229	3	1
22.108	230	2	1
22.183	231	4	1
22.258	232	2	1
22.333	233	3	1
22.483	234	4	1
22.483	235	1	1
22.633	236	2	1
22.708	237	1	1
22.783	238	4	1
22.783	239	3	1
22.933	240	2	1
23.083	241	1	2
23.233	242	1	3
23.083	243	4	1
23.233	244	3	1
23.308	245	4	1
23.383	246	2	1
23.383	247	1	1
23.533	248	3	1
23.683	249	1	1
23.683	250	4	2
23.833	251	4	3
23.833	252	2	1
23.908	253	1	1
23.983	254	4	1
23.983	255	3	1
24.133	256	2	1
24.283	257	4	2
24.433	258	4	3
24.283	259	1	1
24.433	260	2	1
24.508	261	3	1
24.583	262	1	1
24.658	263	4	1
24.733	264	3	1
24.883	265	4	1
24.958	266	1	1
25.033	267	3	1
25.108	268	2	1
25.183	269	1	1
25.183	270	3	1
25.183	271	4	1
25.333	272	4	1
25.333	273	2	1
25.483	274	1	1
25.483	275	2	1
25.633	276	4	1
25.708	277	3	1
25.783	278	2	1
25.783	279	1	1
25.858	280	3	1
25.933	281	4	1
26.083	282	2	1
26.083	283	1	1
26.233	284	3	1
26.233	285	4	1
26.383	286	2	1
26.383	287	1	1
26.533	288	3	1
26.533	289	1	1
26.683	290	4	1
26.683	291	3	1
26.833	292	1	1
26.908	293	2	1
26.983	294	3	1
26.983	295	4	1
27.058	296	2	1
27.133	297	1	1
27.283	298	4	1
27.283	299	3	1
27.433	300	1	1
27.433	301	2	1
27.583	302	4	1
27.583	303	1	1
27.583	304	3	1
27.658	305	2	1
27.733	306	3	1
27.808	307	4	1
27.883	308	1	1
27.958	309	3	1
28.033	310	2	1
28.108	311	1	1
28.183	312	4	1
28.258	313	3	1
28.333	314	2	1
28.408	315	1	1
28.483	316	4	1
28.558	317	2	1
28.633	318	3	1
28.708	319	4	1
28.783	320	2	1
28.783	321	1	1
28.858	322	3	1
28.933	323	2	1
29.083	324	1	1
29.083	325	4	1
29.233	326	3	1
29.383	327	3	1
29.533	328	1	1
29.608	329	2	1
29.683	330	3	1
29.758	331	4	1
29.833	332	1	1
29.908	333	2	1
29.983	334	4	1
29.983	335	3	1
29.983	336	1	1
30.133	337	3	1
30.208	338	2	1
30.283	339	4	2
30.433	340	4	3
30.283	341	1	1
30.433	342	3	2
30.583	343	3	3
30.583	344	2	2
30.883	345	2	3
30.583	346	1	2
30.883	347	1	3
30.883	348	3	1
30.883	349	4	2
31.033	350	4	3
31.183	351	3	2
31.333	352	3	3
31.183	353	4	1
31.333	354	2	1
31.483	355	3	1
31.483	356	4	1
31.633	357	4	1
31.708	358	3	1
31.783	359	2	2
31.933	360	2	3
31.783	361	1	2
31.933	362	1	3
31.933	363	4	1
32.083	364	3	2
32.233	365	3	3
32.083	366	4	2
32.233	367	4	3
32.233	368	1	1
32.308	369	4	1
32.383	370	2	2
32.533	371	2	3
32.383	372	1	2
32.533	373	1	3
32.683	374	4	2
32.833	375	4	3
32.683	376	3	2
32.833	377	3	3
32.833	378	2	2
32.983	379	2	3
32.983	380	4	2
33.133	381	4	3
32.983	382	1	2
33.133	383	1	3
33.133	384	3	2
33.283	385	3	3
33.283	386	2	2
33.583	387	2	3
33.283	388	1	1
33.433	389	1	2
33.583	390	1	3
33.583	391	3	1
33.583	392	4	1
33.733	393	2	1
33.883	394	4	1
33.883	395	2	1
34.033	396	2	1
34.183	397	3	2
34.333	398	3	3
34.183	399	4	2
34.333	400	4	3
34.333	401	2	1
34.483	402	1	2
34.633	403	1	3
34.483	404	2	2
34.633	405	2	3
34.633	406	3	1
34.783	407	4	2
34.933	408	4	3
34.783	409	1	1
34.783	410	2	2
34.933	411	2	3
35.083	412	3	2
35.233	413	3	3
35.083	414	4	1
35.233	415	1	1
35.308	416	2	1
35.383	417	3	2
35.683	418	3	3
35.383	419	4	2
35.683	420	4	3
35.683	421	1	1
35.683	422	2	1
35.983	423	4	1
35.983	424	3	1
36.133	425	2	2
36.283	426	2	3
36.283	427	4	2
36.583	428	4	3
36.283	429	1	2
36.433	430	1	3
36.583	431	1	2
36.733	432	1	3
36.583	433	2	2
36.733	434	2	3
36.733	435	4	1
36.883	436	3	2
37.033	437	3	3
36.883	438	4	2
37.033	439	4	3
37.033	440	1	1
37.108	441	4	1
37.183	442	2	1
37.183	443	1	1
37.333	444	2	1
37.483	445	4	1
37.483	446	3	1
37.633	447	1	1
37.708	448	2	1
37.783	449	4	1
37.783	450	3	1
37.933	451	3	1
38.083	452	1	1
38.083	453	2	1
38.233	454	3	1
38.308	455	2	1
38.383	456	4	1
38.383	457	1	1
38.458	458	3	1
38.533	459	2	1
38.683	460	3	1
38.683	461	4	1
38.758	462	2	1
38.908	463	2	1
38.983	464	4	1
38.983	465	1	1
39.058	466	3	1
39.133	467	2	1
39.208	468	3	1
39.283	469	1	1
39.358	470	4	1
39.433	471	2	1
39.508	472	3	1
39.583	473	2	1
39.583	474	4	2
39.883	475	4	3
39.583	476	1	2
39.733	477	1	3
39.883	478	1	2
40.183	479	1	3
39.883	480	2	2
40.183	481	2	3
40.183	482	4	1
40.183	483	3	1
40.258	484	1	1
40.333	485	4	1
40.408	486	1	1
40.483	487	3	1
40.633	488	3	1
40.783	489	2	2
40.933	490	2	3
40.933	491	4	1
40.933	492	1	1
41.083	493	3	2
41.233	494	3	3
41.233	495	4	1
41.233	496	1	1
41.383	497	1	1
41.383	498	2	1
41.458	499	4	1
41.533	500	1	1
41.608	501	4	1
41.683	502	2	1
41.833	503	2	1
41.983	504	3	1
41.983	505	1	2
42.283	506	1	3
41.983	507	4	2
42.133	508	4	3
42.283	509	3	2
42.583	510	3	3
42.283	511	4	2
42.583	512	4	3
42.583	513	1	1
42.583	514	2	1
42.658	515	4	1
42.733	516	1	1
42.808	517	4	1
42.883	518	2	1
43.033	519	2	1
43.183	520	3	2
43.333	521	3	3
43.333	522	4	1
43.333	523	1	1
43.483	524	2	2
43.633	525	2	3
43.633	526	1	1
43.633	527	4	1
43.783	528	4	1
43.783	529	3	1
43.858	530	2	1
43.933	531	3	1
44.083	532	2	1
44.083	533	1	1
44.233	534	2	1
44.383	535	4	1
44.383	536	1	2
44.533	537	1	3
44.383	538	3	1
44.683	539	3	1
44.683	540	4	2
44.833	541	4	3
44.833	542	1	1
44.908	543	2	1
44.983	544	4	2
45.283	545	4	3
44.983	546	3	2
45.283	547	3	3
45.283	548	1	1
45.283	549	2	1
45.583	550	4	1
45.583	551	3	1
45.583	552	1	1
45.733	553	2	2
45.883	554	2	3
45.883	555	4	2
46.183	556	4	3
45.883	557	1	2
46.033	558	1	3
46.183	559	1	2
46.483	560	1	3
46.183	561	2	2
46.483	562	2	3
46.483	563	4	1
46.483	564	3	1
46.558	565	1	1
46.633	566	4	1
46.708	567	3	1
46.783	568	1	1
46.783	569	2	1
46.933	570	2	1
46.933	571	1	1
47.083	572	3	1
47.083	573	4	1
47.233	574	3	1
47.233	575	4	1
47.383	576	1	1
47.383	577	4	1
47.458	578	2	1
47.533	579	3	1
47.608	580	4	1
47.683	581	2	1
47.758	582	1	1
47.833	583	4	1
47.908	584	3	1
47.983	585	2	1
47.983	586	1	1
47.983	587	4	1
48.283	588	2	2
48.433	589	2	3
48.433	590	1	2
48.583	591	1	3
48.583	592	3	2
48.733	593	3	3
48.733	594	2	2
48.883	595	2	3
48.883	596	4	2
49.033	597	4	3
49.033	598	3	2
49.183	599	3	3
49.183	600	1	2
49.483	601	1	3
49.183	602	4	1
49.183	603	2	1
49.483	604	3	2
49.633	605	3	3
49.633	606	2	2
49.933	607	2	3
49.933	608	4	2
50.233	609	4	3
50.083	610	1	1
50.233	611	3	2
50.383	612	3	3
50.383	613	2	1
50.383	614	1	2
50.983	615	1	3
50.983	616	2	2
51.133	617	2	3
51.133	618	4	2
51.283	619	4	3
51.283	620	3	2
51.433	621	3	3
51.433	622	2	2
51.583	623	2	3
51.583	624	1	2
52.183	625	1	3
51.583	626	4	1
52.183	627	3	2
52.783	628	3	3
52.483	629	1	1
52.783	630	1	1
52.783	631	2	2
53.083	632	2	3
53.083	633	4	2
53.383	634	4	3
53.383	635	1	2
53.983	636	1	3
53.983	637	3	2
54.883	638	3	3
53.983	639	4	1
54.883	640	4	2
55.183	641	4	3
55.183	642	2	2
55.783	643	2	3
55.183	644	1	1
55.783	645	3	2
56.383	646	3	3
55.783	647	4	1
56.383	648	2	2
56.833	649	2	3
56.383	650	1	1
56.833	651	4	2
57.283	652	4	3
56.983	653	1	1
57.283	654	3	2
57.583	655	3	3
57.583	656	2	2
58.183	657	2	3
57.583	658	1	1
58.183	659	1	2
58.783	660	1	3
58.183	661	4	1
58.783	662	3	1
58.783	663	4	1
58.783	664	2	2
59.833	665	2	3
59.833	666	3	2
59.983	667	3	3
59.983	668	1	2
60.433	669	1	3
59.983	670	4	1
60.433	671	4	2
60.583	672	4	3
60.583	673	2	2
60.808	674	2	3
60.808	675	3	2
61.033	676	3	3
61.033	677	4	2
61.183	678	4	3
61.183	679	1	1
61.183	680	2	2
62.233	681	2	3
62.233	682	4	1
62.308	683	1	1
62.383	684	3	2
62.833	685	3	3
62.383	686	4	1
62.833	687	2	1
62.908	688	3	1
62.983	689	1	2
63.133	690	1	3
62.983	691	2	1
63.133	692	4	2
63.283	693	4	3
63.283	694	2	2
63.433	695	2	3
63.433	696	3	2
63.583	697	3	3
63.583	698	4	2
64.783	699	4	3
63.583	700	2	1
63.583	701	1	1
64.783	702	2	2
65.383	703	2	3
64.783	704	1	1
64.783	705	3	1
65.383	706	3	2
65.983	707	3	3
65.983	708	4	1
65.983	709	1	2
67.033	710	1	3
65.983	711	2	1
66.583	712	2	1
66.583	713	4	1
66.583	714	3	1
67.183	715	1	1
67.183	716	3	1
67.183	717	4	1
67.333	718	2	1
67.408	719	3	1
67.483	720	1	1
67.483	721	4	1
67.633	722	3	1
67.783	723	3	1
67.933	724	1	1
68.008	725	2	1
68.083	726	3	1
68.158	727	4	1
68.233	728	1	1
68.308	729	2	1
68.383	730	4	1
68.383	731	1	1
68.383	732	3	1
68.483	733	2	1
68.583	734	4	1
68.683	735	1	1
68.783	736	3	1
68.883	737	1	1
68.983	738	4	1
69.083	739	2	1
69.183	740	4	1
69.283	741	1	1
69.383	742	4	1
69.483	743	2	1
69.583	744	4	1
69.583	745	3	1
69.683	746	1	1
69.783	747	3	1
69.883	748	2	1
69.983	749	4	1
70.083	750	2	1
70.183	751	3	1
70.283	752	1	1
70.383	753	4	1
70.483	754	2	1
70.483	755	1	1
70.783	756	4	1
70.783	757	1	1
70.883	758	3	1
70.983	759	1	1
71.083	760	4	1
71.183	761	2	1
71.283	762	4	1
71.383	763	1	1
71.483	764	3	1
71.583	765	1	1
71.683	766	4	1
71.783	767	1	1
71.883	768	3	1
71.983	769	1	1
71.983	770	2	1
72.083	771	4	1
72.183	772	2	1
72.283	773	3	1
72.383	774	1	1
72.483	775	3	1
72.583	776	4	1
72.583	777	2	1
72.783	778	3	1
72.783	779	1	1
72.983	780	4	1
72.983	781	2	1
73.183	782	4	1
73.183	783	3	1
73.183	784	1	1
73.283	785	2	1
73.383	786	4	1
73.483	787	1	1
73.583	788	3	1
73.683	789	1	1
73.783	790	4	1
73.883	791	2	1
73.983	792	3	1
74.083	793	1	1
74.183	794	3	1
74.283	795	2	1
74.383	796	3	1
74.383	797	1	1
74.383	798	4	1
74.483	799	2	1
74.583	800	4	1
74.683	801	1	1
74.783	802	3	1
74.883	803	1	1
74.983	804	4	1
75.083	805	2	1
75.183	806	3	1
75.283	807	1	1
75.383	808	2	1
75.483	809	3	1
75.583	810	2	1
75.583	811	1	1
75.583	812	4	1
75.733	813	1	1
75.733	814	2	1
75.883	815	3	1
75.883	816	4	1
76.033	817	4	1
76.033	818	3	1
76.183	819	4	1
76.183	820	1	1
76.258	821	2	1
76.333	822	3	1
76.408	823	4	1
76.483	824	2	1
76.558	825	1	1
76.633	826	4	1
76.708	827	3	1
76.783	828	4	1
76.783	829	2	1
76.783	830	1	1
77.083	831	3	2
77.233	832	3	3
77.233	833	4	2
77.383	834	4	3
77.383	835	2	2
77.533	836	2	3
77.533	837	3	2
77.683	838	3	3
77.683	839	1	1
77.758	840	4	1
77.833	841	2	1
77.908	842	3	1
77.983	843	4	2
78.133	844	4	3
77.983	845	1	1
78.133	846	2	1
78.208	847	3	1
78.283	848	1	1
78.283	849	2	1
78.433	850	1	2
78.583	851	1	3
78.583	852	4	1
78.583	853	3	1
78.658	854	2	1
78.883	855	2	1
78.883	856	1	1
78.958	857	4	1
79.033	858	2	1
79.108	859	3	1
79.183	860	4	2
79.333	861	4	3
79.183	862	1	1
79.333	863	2	1
79.408	864	3	1
79.483	865	1	1
79.483	866	2	1
79.633	867	3	2
79.783	868	3	3
79.783	869	1	1
79.783	870	4	1
79.858	871	2	1
80.083	872	4	1
80.083	873	1	1
80.158	874	3	1
80.233	875	2	1
80.308	876	1	1
80.383	877	4	1
80.383	878	3	2
80.533	879	3	3
80.533	880	2	1
80.608	881	4	1
80.683	882	1	1
80.683	883	3	1
80.833	884	2	2
80.983	885	2	3
80.983	886	3	1
80.983	887	4	1
81.058	888	1	1
81.283	889	2	1
81.283	890	1	1
81.358	891	4	1
81.433	892	2	1
81.508	893	3	1
81.583	894	4	2
81.733	895	4	3
81.583	896	1	1
81.733	897	2	1
81.808	898	3	2
81.958	899	3	3
81.883	900	1	1
81.958	901	4	1
82.033	902	2	2
82.333	903	2	3
82.183	904	3	1
82.183	905	4	1
82.333	906	3	2
82.483	907	3	3
82.483	908	2	1
82.483	909	1	1
82.558	910	4	1
82.633	911	2	1
82.708	912	3	1
82.783	913	1	1
82.783	914	4	2
82.933	915	4	3
82.933	916	2	1
83.008	917	3	1
83.083	918	2	1
83.083	919	1	1
83.233	920	1	2
83.383	921	1	3
83.383	922	4	1
83.383	923	3	1
83.458	924	2	1
83.683	925	1	1
83.683	926	2	1
83.758	927	4	1
83.833	928	2	1
83.908	929	3	1
83.983	930	1	2
84.133	931	1	3
83.983	932	4	1
84.133	933	3	1
84.208	934	2	1
84.283	935	1	1
84.283	936	4	1
84.433	937	4	2
84.583	938	4	3
84.583	939	2	1
84.583	940	1	1
84.658	941	3	1
84.883	942	1	1
84.883	943	2	1
84.958	944	4	1
85.033	945	2	1
85.108	946	3	1
85.183	947	4	1
85.183	948	1	1
85.258	949	3	1
85.333	950	2	1
85.408	951	1	1
85.483	952	3	1
85.558	953	4	1
85.633	954	1	1
85.708	955	2	1
85.783	956	3	1
85.858	957	4	1
85.933	958	1	1
86.008	959	2	1
86.083	960	4	1
86.158	961	3	1
86.233	962	2	1
86.308	963	1	1
86.383	964	3	1
86.383	965	4	1
86.608	966	2	1
86.608	967	4	1
86.833	968	1	1
86.833	969	2	1
87.058	970	3	1
87.058	971	1	1
87.283	972	3	1
87.283	973	4	1
87.358	974	2	1
87.433	975	3	1
87.508	976	2	1
87.583	977	4	2
87.733	978	4	3
87.733	979	2	1
87.808	980	3	1
87.883	981	1	1
87.883	982	4	1
87.883	983	2	1
88.033	984	1	2
88.183	985	1	3
88.183	986	3	1
88.183	987	4	1
88.258	988	2	1
88.483	989	1	1
88.483	990	2	1
88.558	991	3	1
88.633	992	1	1
88.708	993	2	1
88.783	994	3	2
88.933	995	3	3
88.783	996	4	1
88.933	997	2	1
89.008	998	1	1
89.083	999	4	1
89.083	1000	3	1
89.233	1001	2	2
89.383	1002	2	3
89.383	1003	3	1
89.383	1004	1	1
89.458	1005	4	1
89.683	1006	1	1
89.683	1007	2	1
89.758	1008	4	1
89.833	1009	2	1
89.908	1010	3	1
89.983	1011	4	2
90.133	1012	4	3
89.983	1013	1	1
90.133	1014	3	1
90.208	1015	2	1
90.283	1016	1	1
90.283	1017	4	1
90.433	1018	1	2
90.583	1019	1	3
90.583	1020	4	1
90.583	1021	2	1
90.658	1022	3	1
90.883	1023	2	1
90.883	1024	1	1
90.958	1025	3	1
91.033	1026	2	2
91.183	1027	2	3
91.183	1028	3	1
91.183	1029	4	1
91.183	1030	1	1
91.333	1031	2	1
91.408	1032	4	1
91.408	1033	1	1
91.558	1034	3	1
91.633	1035	1	2
91.933	1036	1	3
91.633	1037	2	2
91.783	1038	2	3
92.083	1039	4	1
92.083	1040	3	2
92.383	1041	3	3
92.383	1042	4	1
92.383	1043	1	1
92.383	1044	2	2
92.533	1045	2	3
92.533	1046	3	1
92.608	1047	1	1
92.683	1048	4	1
92.683	1049	2	1
92.833	1050	3	2
92.983	1051	3	3
92.983	1052	1	1
92.983	1053	2	1
93.058	1054	4	1
93.283	1055	3	2
93.433	1056	3	3
93.433	1057	2	2
93.583	1058	2	3
93.583	1059	4	1
93.583	1060	3	1
93.583	1061	1	2
93.733	1062	1	3
93.733	1063	2	1
93.808	1064	3	1
93.883	1065	1	1
93.883	1066	4	1
94.033	1067	4	2
94.183	1068	4	3
94.183	1069	1	1
94.183	1070	3	1
94.258	1071	2	1
94.483	1072	3	1
94.483	1073	4	2
94.633	1074	4	3
94.633	1075	1	2
94.783	1076	1	3
94.783	1077	4	1
94.783	1078	2	1
94.783	1079	3	1
94.933	1080	4	1
94.933	1081	3	1
95.083	1082	2	1
95.083	1083	1	1
95.233	1084	3	1
95.233	1085	4	1
95.383	1086	4	1
95.383	1087	1	1
95.533	1088	1	1
95.533	1089	2	1
95.683	1090	4	1
95.683	1091	3	1
95.833	1092	1	1
95.833	1093	2	1
95.983	1094	4	1
95.983	1095	1	1
96.058	1096	3	1
96.133	1097	2	1
96.208	1098	1	1
96.283	1099	3	1
96.358	1100	4	1
96.433	1101	1	1
96.508	1102	2	1
96.583	1103	4	1
96.658	1104	3	1
96.733	1105	2	1
96.808	1106	1	1
96.883	1107	3	1
96.958	1108	4	1
97.033	1109	1	1
97.108	1110	2	1
97.183	1111	3	1
97.483	1112	4	1
97.483	1113	3	1
97.483	1114	1	1
97.783	1115	1	1
97.783	1116	2	1
97.858	1117	3	1
98.008	1118	2	1
98.083	1119	3	1
98.083	1120	4	1
98.233	1121	2	1
98.308	1122	3	1
98.383	1123	1	1
98.383	1124	4	1
98.458	1125	2	1
98.608	1126	2	1
98.683	1127	3	1
98.758	1128	4	1
98.833	1129	2	1
98.908	1130	1	1
98.983	1131	4	1
99.133	1132	3	1
99.208	1133	2	1
99.283	1134	4	1
99.358	1135	3	1
99.433	1136	1	1
99.508	1137	2	1
99.583	1138	4	1
99.658	1139	1	1
99.808	1140	4	1
99.883	1141	1	1
99.958	1142	2	1
100.033	1143	3	1
100.108	1144	4	1
100.258	1145	4	1
100.333	1146	1	1
100.483	1147	4	1
100.558	1148	1	1
100.633	1149	3	1
100.708	1150	2	1
100.783	1151	1	1
100.783	1152	4	2
100.933	1153	4	3
100.933	1154	2	1
101.008	1155	3	2
101.158	1156	3	3
101.158	1157	1	1
101.233	1158	4	2
101.683	1159	4	3
101.383	1160	2	1
101.383	1161	1	1
101.533	1162	2	1
101.683	1163	1	1
101.683	1164	3	2
101.833	1165	3	3
101.833	1166	2	2
101.983	1167	2	3
101.983	1168	4	1
101.983	1169	3	1
101.983	1170	1	1
102.058	1171	2	1
102.133	1172	3	1
102.208	1173	4	1
102.283	1174	2	1
102.358	1175	1	1
102.433	1176	4	1
102.508	1177	3	1
102.583	1178	1	1
102.583	1179	2	1
102.733	1180	1	1
102.883	1181	4	1
102.883	1182	3	1
103.033	1183	4	1
103.183	1184	1	1
103.183	1185	2	1
103.258	1186	3	1
103.333	1187	2	1
103.408	1188	1	1
103.483	1189	3	1
103.558	1190	4	1
103.633	1191	1	1
103.708	1192	2	1
103.783	1193	3	1
103.783	1194	4	1
103.933	1195	3	1
104.083	1196	1	1
104.083	1197	2	1
104.233	1198	2	1
104.383	1199	1	1
104.383	1200	4	1
104.458	1201	3	1
104.608	1202	3	1
104.683	1203	4	1
104.683	1204	1	1
104.833	1205	2	1
104.908	1206	3	1
104.983	1207	4	1
104.983	1208	1	1
105.058	1209	2	1
105.208	1210	2	1
105.283	1211	1	1
105.283	1212	4	1
105.433	1213	3	1
105.508	1214	2	1
105.583	1215	4	1
105.583	1216	1	1
105.658	1217	3	1
105.733	1218	2	1
105.808	1219	4	1
105.883	1220	1	1
106.033	1221	1	1
106.108	1222	2	1
106.183	1223	4	1
106.258	1224	1	1
106.333	1225	3	1
106.408	1226	2	1
106.483	1227	4	1
106.558	1228	3	1
106.633	1229	1	1
106.708	1230	2	1
106.933	1231	3	1
107.008	1232	2	1
107.083	1233	4	2
107.383	1234	4	3
107.083	1235	1	1
107.083	1236	3	1
107.383	1237	1	1
107.458	1238	2	1
107.533	1239	3	1
107.608	1240	4	1
107.683	1241	2	1
107.758	1242	1	1
107.833	1243	3	1
107.908	1244	4	1
107.983	1245	1	1
108.058	1246	3	1
108.133	1247	1	1
108.283	1248	2	1
108.358	1249	4	1
108.433	1250	2	1
108.583	1251	3	1
108.658	1252	1	1
108.733	1253	3	1
108.883	1254	4	1
108.958	1255	2	1
109.033	1256	4	1
109.108	1257	3	1
109.183	1258	1	1
109.258	1259	4	1
109.333	1260	1	1
109.408	1261	4	1
109.483	1262	1	1
109.558	1263	4	1
109.633	1264	1	1
109.708	1265	4	1
109.858	1266	2	1
109.933	1267	3	1
110.008	1268	2	1
110.083	1269	1	1
110.158	1270	4	1
110.233	1271	2	1
110.308	1272	3	1
110.383	1273	4	1
110.458	1274	2	1
110.533	1275	3	1
110.608	1276	1	1
110.683	1277	4	1
110.758	1278	3	1
110.833	1279	2	1
110.908	1280	1	1
110.983	1281	3	1
111.058	1282	4	1
111.133	1283	1	1
111.208	1284	2	1
111.283	1285	4	1
111.358	1286	1	1
111.433	1287	3	1
111.508	1288	2	1
111.583	1289	4	1
111.583	1290	1	1
111.733	1291	2	1
111.733	1292	3	1
111.883	1293	1	1
111.883	1294	2	1
112.033	1295	1	1
112.033	1296	4	1
112.183	1297	2	1
112.183	1298	3	1
112.333	1299	3	1
112.333	1300	4	1
112.483	1301	1	1
112.558	1302	2	1
112.633	1303	4	1
112.708	1304	3	1
112.783	1305	2	1
112.783	1306	1	1
112.933	1307	3	1
112.933	1308	2	1
113.083	1309	4	1
113.083	1310	3	1
113.233	1311	1	1
113.233	1312	2	1
113.383	1313	2	1
113.383	1314	3	1
113.533	1315	1	1
113.533	1316	4	1
113.683	1317	3	1
113.758	1318	4	1
113.833	1319	1	1
113.908	1320	2	1
113.983	1321	3	1
113.983	1322	4	1
114.058	1323	1	1
114.133	1324	2	1
114.208	1325	3	1
114.283	1326	4	1
114.358	1327	1	1
114.433	1328	3	1
114.508	1329	2	1
114.583	1330	1	1
114.658	1331	4	1
114.733	1332	3	1
114.808	1333	2	1
114.883	1334	1	1
114.958	1335	4	1
115.033	1336	2	1
115.108	1337	3	1
115.183	1338	1	1
115.183	1339	4	1
115.283	1340	3	1
115.383	1341	1	1
115.483	1342	3	1
115.483	1343	4	1
115.583	1344	2	1
115.683	1345	4	1
115.783	1346	1	1
115.783	1347	3	2
116.383	1348	3	3
116.083	1349	4	1
116.083	1350	2	2
116.383	1351	2	3
116.383	1352	1	1
116.383	1353	4	1
116.683	1354	3	1
116.683	1355	2	1
116.683	1356	1	2
121.183	1357	1	3
119.983	1358	4	2
121.183	1359	4	3