Song Name	Yayey by Shandy Kubota (USAO)
Title	Yayey
Artist	Shandy Kubota (USAO)
Description	Track 4 from the 2012 album 'Shandy Bass'. Masaharu Kubota, also known as USAO, has multiple aliases. 'Shandy Kubota' is used for his dubstep tracks. Map by Fritzy.
Difficulty	11
Primary Color	Flow
Secondary Color	Chill
Cover Image ID	18940365475
Audio Asset ID	rbxassetid://17714817692
Audio File	17714817692.ogg
Last Note Time	181.488
Total Notes	684
Fever Fill	205
Fever Time	27.223200
Long Notes	69
BPM	160
Song Length	182.488000000

Timing Points
-0.012	375.000000


Song Data
1.488	1	2	1
1.488	2	1	1
2.988	3	3	1
2.988	4	4	1
4.488	5	4	1
4.488	6	2	1
5.988	7	4	1
5.988	8	1	1
7.488	9	2	1
7.488	10	1	1
8.988	11	4	1
8.988	12	3	1
10.488	13	4	1
10.488	14	2	1
11.988	15	4	1
11.988	16	1	1
13.488	17	2	1
13.488	18	1	1
13.863	19	3	1
14.050	20	4	1
14.425	21	1	1
14.613	22	4	1
14.800	23	2	1
14.988	24	3	1
15.175	25	1	1
15.363	26	2	1
15.550	27	3	1
15.925	28	2	1
16.113	29	4	1
16.300	30	3	1
16.488	31	1	1
16.675	32	2	1
16.863	33	3	1
17.050	34	4	1
17.425	35	2	1
17.613	36	4	1
17.800	37	1	1
17.988	38	3	1
18.175	39	2	1
18.363	40	3	1
18.550	41	4	1
18.925	42	1	1
19.113	43	4	1
19.300	44	2	1
19.488	45	1	1
19.675	46	2	1
19.863	47	3	1
20.050	48	4	1
20.425	49	1	1
20.613	50	4	1
20.800	51	2	1
20.988	52	3	1
21.175	53	1	1
21.363	54	2	1
21.550	55	3	1
21.925	56	2	1
22.113	57	4	1
22.300	58	3	1
22.488	59	1	1
22.675	60	2	1
22.863	61	3	1
23.050	62	4	1
23.425	63	2	1
23.613	64	4	1
23.800	65	1	1
23.988	66	3	1
24.175	67	2	1
24.363	68	3	1
24.550	69	4	1
24.925	70	1	1
25.113	71	4	1
25.300	72	2	1
25.488	73	1	1
25.675	74	2	1
25.863	75	3	1
26.050	76	4	1
26.425	77	1	1
26.613	78	4	1
26.800	79	2	1
26.988	80	3	1
27.175	81	1	1
27.363	82	2	1
27.550	83	3	1
27.925	84	2	1
28.113	85	4	1
28.300	86	3	1
28.488	87	4	1
28.488	88	1	1
29.238	89	2	1
29.238	90	4	1
29.988	91	4	1
29.988	92	1	1
31.488	93	1	1
31.675	94	2	1
31.863	95	3	1
32.050	96	2	1
32.238	97	4	1
32.238	98	3	1
32.988	99	2	1
32.988	100	4	1
33.738	101	4	1
33.738	102	1	1
34.488	103	1	1
34.488	104	2	1
35.988	105	3	1
35.988	106	2	1
36.738	107	3	2
37.488	108	3	3
37.488	109	2	1
37.488	110	1	1
38.050	111	2	1
38.238	112	4	1
38.613	113	2	1
38.988	114	1	1
39.269	115	3	1
39.550	116	1	1
39.644	117	2	1
39.738	118	4	1
40.488	119	2	1
41.050	120	2	1
41.238	121	4	1
41.613	122	2	1
41.988	123	1	1
42.269	124	3	1
42.550	125	1	1
42.644	126	2	1
42.738	127	3	1
43.488	128	2	1
44.050	129	2	1
44.238	130	4	1
44.613	131	2	1
44.988	132	1	1
45.269	133	3	1
45.550	134	1	1
45.644	135	2	1
45.738	136	3	1
46.488	137	2	1
47.050	138	2	1
47.238	139	4	1
47.613	140	2	1
47.988	141	1	1
48.269	142	3	1
48.550	143	1	1
48.644	144	2	1
48.738	145	3	1
49.488	146	2	1
49.675	147	2	1
49.863	148	4	1
50.050	149	1	1
50.238	150	4	1
50.425	151	3	1
50.613	152	2	1
50.800	153	4	1
50.988	154	1	1
51.269	155	3	1
51.550	156	1	1
51.644	157	2	1
51.738	158	3	1
51.925	159	1	1
52.113	160	3	1
52.300	161	4	1
52.488	162	2	1
52.863	163	3	1
53.050	164	1	1
53.238	165	4	1
53.425	166	2	1
53.613	167	1	1
53.800	168	3	1
53.988	169	1	1
54.269	170	3	1
54.550	171	1	1
54.644	172	2	1
54.738	173	3	1
54.925	174	1	1
55.113	175	4	1
55.300	176	3	1
55.488	177	2	1
55.675	178	2	1
55.863	179	4	1
56.050	180	1	1
56.238	181	4	1
56.425	182	3	1
56.613	183	2	1
56.800	184	4	1
56.988	185	1	1
57.269	186	3	1
57.550	187	1	1
57.644	188	2	1
57.738	189	3	1
57.925	190	1	1
58.113	191	3	1
58.300	192	4	1
58.488	193	2	1
58.863	194	3	1
59.050	195	1	1
59.238	196	4	1
59.425	197	2	1
59.613	198	1	1
59.800	199	3	1
59.988	200	1	1
60.269	201	3	1
60.550	202	1	1
60.644	203	2	1
60.738	204	3	1
60.925	205	1	1
61.113	206	4	1
61.300	207	2	1
61.488	208	4	1
61.488	209	3	1
61.863	210	2	1
62.050	211	4	1
62.613	212	1	1
62.988	213	4	1
62.988	214	1	1
63.363	215	3	1
63.550	216	4	1
64.113	217	2	1
64.488	218	3	1
64.488	219	1	1
64.863	220	1	1
65.050	221	4	1
65.613	222	3	1
65.988	223	4	1
65.988	224	3	1
66.363	225	2	1
66.550	226	4	1
67.113	227	3	1
67.488	228	1	1
67.488	229	2	1
67.863	230	2	1
68.050	231	4	1
68.613	232	1	1
68.988	233	4	1
68.988	234	1	1
69.363	235	3	1
69.550	236	4	1
70.113	237	2	1
70.488	238	3	1
70.488	239	1	1
70.863	240	1	1
71.050	241	4	1
71.613	242	3	1
71.988	243	4	1
71.988	244	3	1
72.363	245	2	1
72.550	246	4	1
73.113	247	3	1
73.488	248	1	1
73.488	249	2	1
73.863	250	1	1
74.050	251	2	1
74.238	252	4	1
74.238	253	3	1
74.988	254	4	1
74.988	255	2	1
76.488	256	4	1
76.488	257	1	1
77.238	258	3	1
77.238	259	1	1
77.988	260	4	1
77.988	261	2	1
79.488	262	1	1
80.238	263	4	1
80.238	264	3	1
80.988	265	4	1
80.988	266	2	1
81.738	267	4	1
81.738	268	1	1
82.488	269	1	1
82.488	270	2	1
83.988	271	3	1
83.988	272	2	1
85.488	273	1	1
86.238	274	4	1
86.238	275	3	1
86.988	276	4	1
86.988	277	2	1
88.488	278	4	1
88.488	279	1	1
89.238	280	3	1
89.238	281	1	1
89.988	282	4	1
89.988	283	2	1
91.488	284	1	1
92.238	285	4	1
92.425	286	3	1
92.613	287	4	1
92.800	288	3	1
92.988	289	4	1
93.175	290	2	1
93.363	291	4	1
93.550	292	2	1
93.738	293	4	1
93.925	294	1	1
94.113	295	4	1
94.300	296	1	1
94.488	297	3	2
97.113	298	3	3
95.988	299	2	2
97.113	300	2	3
97.113	301	4	1
97.113	302	1	1
97.488	303	1	2
97.769	304	1	3
97.769	305	3	2
98.050	306	3	3
98.050	307	1	1
98.144	308	2	1
98.238	309	3	1
98.425	310	4	1
98.613	311	2	2
98.800	312	2	3
98.800	313	3	1
98.988	314	1	1
99.081	315	2	1
99.175	316	3	1
99.363	317	2	2
99.550	318	2	3
99.550	319	3	1
99.738	320	4	2
100.113	321	4	3
100.113	322	3	2
100.488	323	3	3
100.488	324	2	2
101.238	325	2	3
100.488	326	1	2
101.238	327	1	3
101.238	328	4	1
101.238	329	3	1
101.519	330	2	1
101.800	331	4	1
101.988	332	2	1
101.988	333	1	1
102.269	334	3	1
102.550	335	1	1
102.738	336	3	2
103.113	337	3	3
103.113	338	2	2
103.488	339	2	3
103.488	340	4	2
103.769	341	4	3
103.488	342	1	1
103.769	343	2	2
104.050	344	2	3
104.050	345	4	1
104.144	346	3	1
104.238	347	2	1
104.425	348	1	1
104.613	349	3	2
104.800	350	3	3
104.800	351	2	1
104.988	352	4	1
105.081	353	3	1
105.175	354	2	1
105.363	355	1	1
105.550	356	3	2
105.738	357	3	3
105.738	358	1	2
106.113	359	1	3
106.113	360	2	2
106.488	361	2	3
106.488	362	4	1
106.488	363	3	1
106.769	364	4	1
107.050	365	2	1
107.238	366	4	1
107.519	367	4	1
107.800	368	2	1
107.988	369	1	1
108.269	370	1	1
108.550	371	3	1
108.738	372	4	2
109.488	373	4	3
108.738	374	3	2
109.488	375	3	3
109.488	376	1	2
109.769	377	1	3
109.769	378	3	2
110.050	379	3	3
110.050	380	1	1
110.144	381	2	1
110.238	382	3	1
110.425	383	4	1
110.613	384	2	2
110.800	385	2	3
110.800	386	3	1
110.988	387	1	1
111.081	388	2	1
111.175	389	3	1
111.363	390	2	2
111.550	391	2	3
111.550	392	3	1
111.738	393	4	2
112.113	394	4	3
112.113	395	3	2
112.488	396	3	3
112.488	397	2	2
113.238	398	2	3
112.488	399	1	2
113.238	400	1	3
113.238	401	4	1
113.238	402	3	1
113.519	403	2	1
113.800	404	4	1
113.988	405	2	1
113.988	406	1	1
114.269	407	3	1
114.550	408	1	1
114.738	409	3	2
115.113	410	3	3
115.113	411	2	2
115.488	412	2	3
115.488	413	4	2
115.769	414	4	3
115.488	415	1	1
115.769	416	2	2
116.050	417	2	3
116.050	418	4	1
116.144	419	3	1
116.238	420	2	1
116.425	421	1	1
116.613	422	3	2
116.800	423	3	3
116.800	424	2	1
116.988	425	4	1
117.081	426	3	1
117.175	427	2	1
117.363	428	1	1
117.550	429	3	2
117.738	430	3	3
117.738	431	1	2
118.113	432	1	3
118.113	433	2	2
118.488	434	2	3
118.488	435	4	1
118.488	436	3	1
118.769	437	4	1
119.050	438	2	1
119.238	439	4	1
119.519	440	4	1
119.800	441	2	1
119.988	442	1	1
120.269	443	1	1
120.550	444	3	1
120.738	445	1	2
121.488	446	1	3
120.738	447	4	2
121.488	448	4	3
121.488	449	2	1
121.488	450	3	1
121.769	451	1	1
121.863	452	4	1
121.863	453	3	1
122.050	454	2	1
122.238	455	4	1
122.331	456	3	1
122.425	457	2	1
122.613	458	1	1
122.706	459	3	1
122.800	460	1	1
122.988	461	4	1
123.081	462	3	1
123.175	463	2	1
123.363	464	1	1
123.456	465	3	1
123.550	466	1	1
123.738	467	4	2
124.113	468	4	3
124.113	469	1	2
124.488	470	1	3
124.488	471	3	2
125.238	472	3	3
124.863	473	2	2
125.238	474	2	3
125.238	475	4	1
125.238	476	1	1
125.519	477	4	1
125.800	478	3	1
125.988	479	2	1
126.269	480	2	1
126.550	481	3	1
126.738	482	1	2
127.113	483	1	3
127.113	484	3	2
127.488	485	3	3
127.488	486	4	2
127.769	487	4	3
127.769	488	1	2
128.238	489	1	3
128.238	490	3	2
128.425	491	3	3
128.425	492	4	1
128.613	493	1	1
128.706	494	2	1
128.800	495	3	1
128.988	496	4	1
129.081	497	2	1
129.175	498	4	1
129.363	499	1	1
129.456	500	2	1
129.550	501	3	1
129.738	502	4	2
130.113	503	4	3
130.113	504	1	2
130.488	505	1	3
130.488	506	4	1
130.488	507	3	1
130.769	508	4	1
131.050	509	2	1
131.238	510	4	1
131.519	511	4	1
131.800	512	2	1
131.988	513	1	1
132.269	514	1	1
132.550	515	3	1
132.738	516	4	2
133.488	517	4	3
132.738	518	1	2
133.488	519	1	3
133.488	520	3	2
133.769	521	3	3
133.769	522	2	2
134.050	523	2	3
134.050	524	3	1
134.238	525	4	1
134.331	526	3	1
134.425	527	2	1
134.613	528	1	1
134.706	529	3	1
134.800	530	1	1
134.988	531	4	1
135.081	532	3	1
135.175	533	2	1
135.363	534	1	1
135.456	535	3	1
135.550	536	1	1
135.738	537	4	2
136.113	538	4	3
136.113	539	1	2
136.488	540	1	3
136.488	541	3	2
137.238	542	3	3
136.863	543	2	2
137.238	544	2	3
137.238	545	4	1
137.238	546	1	1
137.519	547	4	1
137.800	548	3	1
137.988	549	2	1
138.269	550	2	1
138.550	551	3	1
138.738	552	1	2
139.113	553	1	3
139.113	554	3	2
139.488	555	3	3
139.488	556	4	2
139.769	557	4	3
139.769	558	1	2
140.238	559	1	3
140.238	560	3	2
140.425	561	3	3
140.425	562	4	1
140.613	563	1	1
140.706	564	2	1
140.800	565	3	1
140.988	566	4	1
141.081	567	2	1
141.175	568	4	1
141.363	569	1	1
141.456	570	2	1
141.550	571	3	1
141.738	572	4	2
142.113	573	4	3
142.113	574	1	2
142.488	575	1	3
142.488	576	4	1
142.488	577	3	1
142.769	578	4	1
143.050	579	2	1
143.238	580	4	1
143.519	581	4	1
143.800	582	2	1
143.988	583	1	1
144.269	584	1	1
144.550	585	3	1
144.738	586	1	1
145.019	587	1	1
145.300	588	3	1
145.488	589	4	1
145.488	590	1	1
146.613	591	2	2
146.988	592	2	3
146.988	593	4	1
148.488	594	3	1
149.613	595	2	2
149.988	596	2	3
149.988	597	4	1
150.738	598	3	1
151.488	599	1	1
152.613	600	2	2
152.988	601	2	3
152.988	602	4	1
154.488	603	3	1
155.613	604	2	2
155.988	605	2	3
155.988	606	3	1
156.363	607	4	1
156.925	608	2	1
157.488	609	3	1
157.488	610	1	1
157.675	611	2	1
157.863	612	3	1
158.050	613	4	1
158.425	614	1	1
158.613	615	4	1
158.800	616	2	1
158.988	617	3	1
159.175	618	2	1
159.363	619	1	1
159.550	620	3	1
159.925	621	2	1
160.113	622	4	1
160.300	623	3	1
160.488	624	1	1
160.675	625	2	1
160.863	626	3	1
161.050	627	4	1
161.425	628	2	1
161.613	629	4	1
161.800	630	1	1
161.988	631	4	1
162.175	632	1	1
162.363	633	2	1
162.550	634	3	1
162.925	635	2	1
163.113	636	4	1
163.300	637	3	1
163.488	638	1	1
163.675	639	2	1
163.863	640	3	1
164.050	641	4	1
164.425	642	1	1
164.613	643	4	1
164.800	644	2	1
164.988	645	3	1
165.175	646	2	1
165.363	647	1	1
165.550	648	3	1
165.925	649	2	1
166.113	650	4	1
166.300	651	3	1
166.488	652	1	1
166.675	653	2	1
166.863	654	3	1
167.050	655	4	1
167.425	656	2	1
167.613	657	4	1
167.800	658	1	1
167.988	659	4	1
168.175	660	1	1
168.363	661	2	1
168.550	662	3	1
168.925	663	2	1
169.113	664	4	1
169.300	665	3	1
169.488	666	2	1
169.488	667	1	1
170.988	668	4	1
170.988	669	3	1
172.488	670	4	1
172.488	671	2	1
173.988	672	1	1
173.988	673	4	1
175.488	674	2	1
175.488	675	1	1
176.988	676	4	1
176.988	677	3	1
178.488	678	4	1
178.488	679	2	1
179.988	680	4	1
179.988	681	1	1
180.363	682	4	1
180.925	683	3	1
181.488	684	2	1